4665
20712
10503
16532
17628
5927
784
22120
6354
22319
6778
26596
17013
4161
23701
11236
24771
23220
24680
32038
17422
25567
768
21840
3316
24889
7688
31029
14226
16063
3226
14932
26357
3222
29269
29089
1233
28658
30896
6025
2422
6966
30349
7472
32767
4445
13842
27389
6861
14488
19636
10328
27700
56
14740
12466
6003
7631
15887
22982
3562
9618
9360
28447
11399
514
27049
1755
19842
3788
31587
5038
8778
23277
722
22570
27071
22041
27628
7997
22177
27998
8091
24059
14920
23301
9232
8861
18326
11705
5979
29898
555
19179
14392
2838
11735
28788
28972
31177
