13508
5028
19639
20699
25866
31386
26567
27157
19290
24045
30267
9135
17648
32322
27962
14591
3928
5186
3793
24495
22052
30600
1349
17857
18656
11453
18600
12497
19784
7937
683
8858
8632
2189
25779
9916
995
20119
9263
11709
12232
21622
4392
6477
19170
2567
31513
24014
3999
14671
22530
23827
19732
22370
25016
24168
3823
23683
7551
18387
429
26508
474
31898
26381
12433
11938
1285
11972
3776
27478
25445
1906
5515
24498
14933
31701
3338
14979
10304
28732
18842
15033
31780
5183
9931
20158
10133
7342
10617
15878
4612
22983
3384
4328
12609
32172
16630
10924
2879
