20824
23218
10676
2541
5689
27740
13066
5424
22495
29019
27005
14276
23449
27662
3841
4255
22034
18886
31157
820
11138
29223
30136
25076
37
26066
31038
8725
11501
12353
24291
31890
27764
12529
6719
8307
21556
32711
6842
23118
28154
28845
20641
21774
1432
31356
2170
22515
32474
1310
4245
9690
18364
25332
23780
25023
15066
31093
7436
7296
1576
23832
30908
28643
27107
25716
26174
19163
25544
30374
20300
21255
6787
6388
30756
32636
7530
32688
23775
20676
19563
9822
30974
18982
31811
13081
11590
4136
10993
10546
14286
20563
22635
12059
29270
22070
22415
27523
19162
29102
