27304
11246
30460
5537
29941
13600
27229
30942
21599
14267
19262
14945
2206
16618
3375
28241
18633
4276
47
13434
17937
8665
18698
8012
1711
26876
13286
3111
27931
3847
5400
20694
16255
10956
11324
25177
17259
15848
15748
22759
16842
30957
21840
30003
1813
2752
27135
2799
13254
32575
20485
29838
28944
28967
13374
29775
24013
4917
4227
9847
18360
21644
20090
26845
1244
9303
3250
23468
332
6319
14831
24421
21781
31935
31426
13347
30321
2598
3421
7715
23613
20892
8102
13187
9389
5849
19338
14154
5183
9139
11668
9641
237
22150
18878
21889
32167
28632
12935
21284
