737
6483
13596
20177
23346
1922
13415
26026
443
22251
28768
22883
15593
14999
31998
9956
11155
21839
13301
15073
23087
18945
5003
9564
14406
11109
32680
9836
549
3807
6445
30780
29398
18088
8071
31318
21070
1833
4228
8738
13288
31655
31333
21673
30994
3621
13364
3487
27718
26246
28760
30625
2109
25843
23910
22971
16223
7036
18746
32301
22397
2818
31303
30319
11714
10068
13099
24690
30439
26264
5254
4393
20391
24557
20749
18504
12659
15694
26586
20812
8038
1209
22790
13755
8059
31889
2170
25773
21502
12098
17154
29579
18752
21027
6564
23575
19343
5024
1839
23468
