32178
4524
4782
24393
14142
12286
22035
15432
9210
29412
13658
23755
25774
12879
14783
12779
16289
3776
26572
15324
19140
17073
23338
1650
1582
9009
21688
20196
31432
5070
28378
14033
12618
29111
27668
10368
5478
14882
21463
20588
6466
28652
20890
20480
11564
1151
2605
3487
24458
18425
23370
17895
14607
9355
14702
16951
10549
10526
8166
22638
5863
10045
18221
6134
27005
26671
5493
18434
7662
15715
32132
6931
15425
28690
16321
15297
16709
21535
16783
5816
20610
578
28377
1537
17007
32101
23022
16771
25318
18254
3472
14537
29652
10367
17735
14853
18485
12122
32764
2645
