9777
14967
29554
25995
31957
24619
9403
3270
28451
1409
9017
7177
7775
26876
3189
28558
5993
16209
28768
3405
26348
18122
10030
29562
15833
10728
14696
12367
14868
30028
3645
9995
10093
9431
21530
9787
19665
3089
22394
13112
6593
7623
15358
12017
18436
22265
19392
14314
17817
20723
20709
28037
31472
16057
11633
30849
16730
22952
9567
31936
7613
347
3826
22605
5004
4812
23878
21405
9206
15035
14634
10005
19806
18260
7218
31181
7948
15628
8711
15764
13602
13004
1026
3124
12497
14673
29433
27127
204
20947
17241
4457
3581
14308
8053
11360
8312
668
13342
7738
