9334
30926
4094
49
30465
16967
32644
8209
21837
20958
9356
15316
20150
14289
21356
1864
30048
29952
9110
11750
12656
20815
31852
31832
21628
29004
25686
17208
319
28434
17938
22299
15250
31341
8268
20942
13464
17470
21359
30943
10040
14625
442
27999
22736
20302
13718
2279
4647
27581
16935
3033
9380
8846
4641
232
20414
22183
22749
31195
6836
31903
22956
2445
30334
1243
14699
7993
15363
12534
3671
9972
23180
22630
8739
4987
19065
24669
6728
13615
6195
27374
31389
606
7009
369
13863
13508
11871
15912
16946
24658
31211
14627
24480
26414
10530
15456
3714
28410
