445
7973
25461
12124
30167
1479
17924
9875
3265
16280
16418
22473
22452
2879
32488
16509
4034
26838
16415
11561
32269
12617
7181
11207
13367
15615
8591
1940
10521
23997
30824
12820
3512
12231
32217
15702
28276
1608
3954
19321
29827
30451
30759
5999
23454
18667
13222
31489
28666
19168
31720
5651
10362
21627
21766
31530
12579
30461
2895
1323
31184
8483
22423
14950
7463
14924
7633
24786
13259
30941
31201
10138
26579
30693
3755
2521
23676
20477
19312
20130
15898
14195
7002
19012
3669
28071
13141
17612
145
30132
29217
10699
31406
25683
1701
25945
3570
17661
20615
4697
