23328
12015
3646
5774
10128
24741
29509
15160
30620
2728
10757
28383
29235
636
4862
11474
3838
25720
3903
28600
17554
22822
16436
16921
26345
18924
31168
14369
18963
18667
6795
13985
32041
12327
16030
11095
12675
15336
45
6767
8746
9313
15027
9545
3984
31376
1093
28285
9087
19557
20767
32541
20816
21542
30084
4410
1629
14098
31173
25513
16057
5957
29855
31494
21022
31963
24521
29690
3366
23128
6862
19130
27326
12360
4121
15312
472
5154
12366
8734
31585
7794
14305
30240
9331
1079
29409
21105
28875
24458
29460
8593
381
27521
27721
22757
998
14163
10986
25855
