4323
24943
3684
5677
21382
23367
2770
21820
8846
19925
1918
2170
6735
2663
23944
32086
2056
18576
18509
7052
10009
16005
11321
24743
15984
6343
16348
13508
12869
5378
19263
31898
24071
17461
29048
3255
19094
14356
14460
25100
5298
8107
17205
17324
6068
5955
29140
12753
12411
12169
23657
17952
11434
28653
23472
26926
14865
22601
5166
322
27240
9667
14205
32349
8003
24308
28645
26487
29250
27466
10796
19724
28040
14762
12718
17623
10351
14938
21168
21214
7290
12319
30449
25518
18060
7330
28802
15336
26711
19480
26328
252
32278
17442
6688
16181
15487
6642
28882
4342
