11255
8680
20571
7323
22462
4766
31058
10923
9205
5896
19500
16409
12023
13409
22596
4517
29202
30735
18810
24452
8507
10374
25987
19808
13055
32106
29571
31649
9405
8947
16861
17899
20243
3222
15945
19175
24214
23266
21544
8519
17606
22696
1301
24068
13633
21342
28605
20458
822
21189
14576
5207
29469
29642
2808
26944
21669
27306
7977
24692
30958
28762
1465
22565
22777
7974
8146
23716
93
664
32742
22380
4155
24219
9283
12130
28275
29152
16359
15963
29976
14209
1429
16351
13858
27621
10536
7469
10083
22755
2856
14974
19133
11562
17051
10638
9873
25312
31005
25945
