21284
7670
10357
19587
18532
17558
18609
14777
30796
10878
8534
20218
8247
11249
8356
30809
6014
12335
2287
18090
25652
15187
19187
12426
2067
22396
23144
25760
6581
6443
12502
4386
32264
17132
29355
17562
22012
19513
27275
19434
29822
20379
20199
12685
28842
9234
1489
16929
10300
9655
23310
14882
17992
29088
23661
249
8748
6404
20568
5429
2754
3999
31401
3608
20954
22872
9151
22101
11239
15138
5584
1048
14328
29472
1152
29255
17386
15372
4787
32519
8412
8153
27296
4995
7140
23959
7208
22761
28416
26264
13669
16052
15952
14033
18821
13873
30082
3202
23001
18236
