30402
16446
31534
1183
30782
29056
15755
21859
28576
14991
4092
9076
19070
6907
23270
16502
13185
29722
5712
12318
7191
15347
16700
4665
3687
22362
25399
28144
23434
24413
19503
16970
31224
21983
1669
32754
10304
3459
12131
20539
10237
18636
10576
19809
9477
21634
23809
4114
7395
8535
31858
13868
23176
8394
31798
18121
23101
26956
14092
6009
10716
26017
28594
5838
6464
5002
9470
8222
20218
5537
27690
15492
5445
7300
17776
29992
29501
27445
7894
6848
26187
31425
31052
9815
20452
288
25588
5965
27507
24413
16833
29344
24723
15095
3395
18281
17794
18054
3777
23722
