21603
21519
23199
12963
12846
31928
25035
17390
2849
18345
2777
2395
24142
13307
9107
30816
28396
19807
18677
14803
772
16385
15239
31986
31342
25523
19946
31654
20988
583
8624
5129
26357
23868
9841
6949
3781
13982
3866
19711
22258
24871
12681
32212
338
7082
1111
28834
4220
15282
12021
30442
30844
27494
24571
15796
18379
32431
23996
27605
23678
9117
1310
30061
31165
29191
10921
18611
20855
7794
4573
14325
22100
21556
28361
17626
27115
31450
9689
12523
15158
27334
15856
30545
26946
21789
14518
5088
15915
25312
17716
15189
5704
20312
158
26844
18339
440
14703
25814
