3271
27730
30214
14945
31138
17622
32387
7440
18007
17579
104
31094
22575
12871
1382
23365
20895
5534
26543
7614
9079
21643
3268
2863
15965
28274
17031
5562
30842
6948
29336
3415
31603
20738
8158
30492
20123
30310
25188
27069
20839
16958
21863
4943
14882
4090
11181
19537
27873
10921
24088
23532
16058
21342
10362
20858
31025
1753
18603
5958
12787
18019
13273
8850
19143
26618
13856
25823
11713
12718
12378
25192
6584
17483
26681
4592
4859
6456
7827
27069
19520
6047
24572
15845
7133
1230
17306
21448
20795
21470
3125
20190
32391
6290
24462
23219
2730
8577
2034
13871
