26584
27125
2336
13189
29525
13019
921
32478
12864
8057
7398
965
26216
6832
17269
10685
207
6857
30841
255
21854
22108
16701
15994
14040
16497
17080
14616
3853
4070
15203
19523
18256
22033
20295
17320
5418
26789
23130
13370
32592
8922
15627
26234
11987
16840
22300
13814
24727
24596
9392
2576
2822
21711
12709
19457
3077
31131
22307
32286
29479
7184
30581
22617
15393
7774
11288
3594
3455
2867
6674
8432
20373
8415
24709
25970
12215
6070
21892
7211
25517
10165
1317
17574
16737
4457
9944
3430
32475
11789
31991
1322
11887
19187
21150
29039
19253
21541
3004
28213
