21839
9062
24786
999
20808
11060
25975
29705
4079
9819
8687
15132
12935
3937
19383
2423
30109
2028
14314
29083
11325
14123
20498
22968
31589
26482
18750
9843
27066
10020
20821
742
6010
28886
9897
27112
12978
7857
19919
21647
31665
11544
22959
12788
28092
4235
31191
3126
24579
8908
17173
32450
13012
27456
26180
25041
23823
18071
18790
20274
28122
12720
14067
25673
22165
15286
6001
25944
4369
25488
26949
9725
30204
25720
27337
23292
22432
13801
10910
14655
13518
17087
29252
1563
6164
7066
16103
31957
30518
10371
15484
11621
9948
7634
30477
14457
13961
14414
13905
3261
