31537
10173
2380
9082
31508
6598
17758
762
17070
11499
31066
7429
22475
13333
16276
10609
15996
24679
3251
29206
25029
22305
32263
14293
29846
24260
25117
26842
24316
26487
12176
3101
2969
29353
24097
1583
10578
7672
22026
6963
13639
21841
27024
21034
24840
28761
3288
7541
10502
16140
16379
27796
12103
18852
24412
2868
11870
18365
20026
29033
6299
4790
12161
26936
14207
5978
8422
11608
24434
2752
11314
25913
3000
26223
25310
8774
30370
28614
22497
17000
513
20124
27590
23499
992
30499
7937
5604
19315
27410
24195
5043
29258
5635
32396
21317
19914
18713
22465
9854
