12566
31848
10819
23984
1821
4010
14257
18950
17787
1707
1952
22944
15798
14630
28143
16308
2486
32431
13296
28701
7805
18073
24764
5725
30482
26391
23497
32226
27582
26529
7614
20360
2427
19098
25477
18528
32170
6703
6050
19888
27140
15490
26052
570
13523
21256
11418
16577
10594
10543
16872
8138
31922
30277
15578
25248
2670
30357
15000
31642
24097
8147
20762
928
23719
29882
9278
19180
8674
15347
20760
26382
26286
7737
9097
25139
790
28603
18963
28582
24776
10433
31723
18839
29126
20883
17744
7196
32607
26007
28188
8565
25950
29113
11929
21396
3457
29199
9877
22237
