29544
2674
26399
16425
10887
742
2962
29607
20168
30261
15534
15733
24383
27507
6221
27343
16324
5224
12577
2935
10660
19327
9472
32438
5270
10463
28030
20894
11248
29399
7873
21139
9242
28031
2193
32266
1091
19868
28079
10383
14420
21189
17768
2573
32546
19652
15209
3658
2280
4159
25045
3761
23028
7832
18837
22868
17824
1297
29936
10545
5508
14132
22619
29620
12522
26738
23954
12158
22658
10506
7399
30821
19032
18988
16602
13500
25090
19806
18411
8148
2334
25376
6316
24002
3068
15563
7194
31843
9879
13759
21037
1438
24010
6077
5294
1769
30912
32402
31817
12815
