14382
24279
1610
23
15085
26534
2045
14560
8239
11595
27147
16385
12333
1392
24709
6677
15014
10273
3419
17186
26141
4653
26921
17435
32577
26319
11860
16809
23725
5261
31318
26666
10961
16737
6486
22779
13360
16919
12284
31986
31181
8438
14211
24623
12255
30626
16
31509
29388
8257
11586
3219
18517
477
24842
27048
16654
31753
2237
26150
19986
13768
103
15030
7924
21418
99
3100
7161
22840
2344
30652
20612
14738
16742
18781
22993
23383
31314
15918
11750
5061
20029
30982
20167
23842
3436
3056
15850
19546
27940
15079
17386
2537
11524
23518
24703
20987
9880
30724
