17305
2422
14158
5100
24146
26188
16651
8251
7697
21842
21619
723
25878
25622
27629
9040
14372
4512
8820
10382
31540
26707
30188
432
26219
28437
950
103
18250
13744
29570
26737
25125
119
1124
6239
2006
22316
28715
12188
13234
31521
6382
21931
17852
2206
13543
1712
11545
18307
27780
2354
5828
28462
7868
28959
29827
24991
16288
21520
28698
8666
1330
4815
7870
2445
22137
23575
2252
499
12501
19610
22971
17400
30609
20552
19536
25502
25015
10447
10000
10911
31272
15710
23803
1620
26091
6063
9847
3285
25798
12868
9867
23906
16395
31729
28749
24578
7093
13466
