16425
3436
8065
23577
27768
19668
2954
13176
17706
4756
1544
12035
9916
12675
7559
19940
21312
25792
23735
31707
9226
2713
10689
17211
941
1708
12251
24629
17446
3916
1819
6488
9558
27175
3720
345
8118
23589
11383
1552
18246
20627
26901
28868
23238
31616
5952
15272
21289
31591
32667
24741
1863
15887
16865
1370
14290
11440
24697
10338
6027
25431
10827
13269
9141
30603
30419
6417
24778
4657
26739
22970
20334
24749
10510
8703
11681
8522
21714
22559
22584
20188
1877
17708
24718
12196
16100
15120
10871
19315
2584
23501
9845
3346
13225
26121
31791
4834
24711
10953
