25667
23121
11828
27863
11451
14738
11702
16575
15096
27975
667
20552
18163
27086
15060
28782
5451
22178
16391
1041
24051
10807
5089
5879
2856
15653
9900
10769
25767
6281
31780
5375
31516
936
4742
8405
26589
5334
16363
16416
13528
18839
31188
2084
203
27139
15110
20328
13235
15215
31640
5493
22406
17993
28490
6106
26916
13124
32280
14451
13707
949
11023
6379
5963
10557
23904
3968
10299
16553
16307
22790
15209
29718
10685
11311
13143
18521
18453
4617
2148
22942
30275
10184
5000
19278
32538
11718
28996
28471
14153
1992
4313
26599
9772
4739
17337
19032
12520
29279
