25495
28678
23174
9745
13052
19338
23071
8974
12775
12636
13360
22672
5003
7734
28563
31442
8386
18134
33
14364
28999
15455
27010
8261
17701
12284
1092
9590
4719
6598
6443
6704
6962
18152
18120
20625
8104
4864
25933
16083
174
20681
23712
19733
26232
9720
8366
12382
16260
24163
18434
30431
11212
31336
28822
10616
10304
31885
26345
9854
3699
14948
17233
6588
15509
13490
29075
13751
31137
15055
22193
4663
27095
23888
2307
21506
10093
29668
20105
491
21378
14972
21888
11019
13139
18863
23347
16975
11697
28252
13588
21299
15539
9361
28683
29644
10152
14763
31246
6156
