24765
22688
403
2903
31966
26053
29904
9184
5581
18336
19591
6944
21016
21718
26074
30342
2825
1245
4214
25817
6870
21857
28265
28354
23320
7911
1589
4235
26494
7345
15138
8486
30915
11233
8152
10865
27613
1505
22316
5816
18808
31233
30523
22395
24994
27234
8885
26994
20424
4116
19580
22991
31457
19067
22894
12483
26089
32247
5246
25923
25745
17859
10506
15884
2101
32030
5993
17381
22798
25513
22467
10532
12201
24849
7973
19059
17047
11245
31444
11476
15463
22506
13794
7395
28113
3877
15616
21339
28724
31448
29843
17116
19523
7993
13578
29420
30970
11935
24942
3131
