10396
20064
4284
793
16991
14694
3577
6842
28343
30450
14560
28069
86
4917
8174
30518
20662
24347
30833
24400
20674
3627
21729
10074
4563
27568
5491
10375
23261
27414
18156
18267
7659
6038
25523
107
25032
10006
11051
12900
29695
13386
831
18766
30470
25632
6207
12050
8375
31323
12010
9530
15615
8573
23756
27641
18650
27115
6858
23147
14719
17484
26107
19485
17367
31538
25273
2000
14388
28668
13816
890
17984
7931
2263
10638
15668
11987
27253
893
7242
3876
1030
28029
1908
27242
21286
14217
29774
28450
24172
22441
9041
13359
6211
4467
14666
15483
25589
14034
