2018
25594
7978
11681
30428
24379
13340
15599
14271
17504
12413
23194
25493
31393
1976
28975
11327
22437
14053
20282
5293
18155
24218
10692
31061
106
12036
10265
31965
4724
23094
23759
11547
17120
192
20483
29760
2920
19588
32486
10832
13648
11717
29817
23254
22601
28289
24468
4821
16532
4097
18989
19201
106
9902
21975
16943
12444
10278
8585
23563
9335
24463
15521
22537
5354
31788
19240
29854
1771
28205
16216
21167
28950
1484
19547
11594
25751
2197
30294
14740
15691
12549
25510
17154
7458
19543
21354
22476
14024
27291
23873
6559
11140
21768
24149
1683
96
16019
14232
