18178
20309
9189
2062
30394
22320
30346
17336
21039
7606
2958
28974
4486
24773
13921
12016
20175
12672
26032
2760
4920
7341
14902
3411
17536
12890
32725
7869
1711
12487
15589
10444
26117
22144
19404
6688
23856
8138
13006
11961
3010
29504
11815
8633
12513
446
8279
11371
15936
23934
23742
30341
5967
3201
104
23466
20655
6705
19754
10803
1001
27716
15086
16175
2911
24291
13131
9128
14979
27660
11097
3881
26182
25141
4035
29564
20948
28210
14109
30136
21374
31832
20088
30844
17911
13539
29748
7029
6596
6037
29974
21542
6894
31392
24474
1000
16122
28870
24971
12079
