26645
8774
19096
28513
122
1219
28514
11908
974
23760
21592
32397
17459
607
18099
14496
13264
26181
24073
6090
23567
31896
19745
5767
21768
9820
13574
17799
20797
24159
11866
32689
4487
11618
31981
8041
21840
10617
8590
6414
6915
1205
15905
7879
17601
28415
32754
12672
30038
20295
1097
17199
14699
6111
27455
20060
20732
14881
3279
1760
11533
32088
1072
2029
30105
15582
1378
9038
11212
20865
12552
13808
15474
10795
23157
9634
5806
22467
29705
27673
6895
4174
5566
21303
30240
27994
20990
18061
15647
27036
19640
24094
23665
25048
18610
1637
12340
7425
7969
27034
