13481
20983
31810
5426
26525
10905
15647
5265
15585
25837
17155
14978
8561
15438
5357
1754
5987
26056
8649
17063
16925
15229
20034
9909
710
14151
5336
19287
14586
159
27698
17763
31682
4542
26549
5247
24259
14337
18005
18075
6069
29586
25515
29887
6167
31301
16200
32007
28449
25024
3658
7660
2043
13535
2861
22212
6188
30807
30691
12684
21077
25241
1574
23014
12575
19193
6669
9566
28274
5135
6877
28913
31464
5469
17954
30672
2433
18483
14591
1889
920
15312
9155
13447
30997
5322
23484
30243
24805
7088
16208
18651
15783
7917
8265
16410
31400
11247
10353
10327
