8249
31390
14276
23489
23595
22972
22730
22475
31740
10942
4005
991
6931
9152
24841
7344
25319
27052
14927
1540
25783
21269
14536
17593
15227
21091
31569
23046
2586
19249
12839
25604
10717
22259
24829
10093
7460
15580
1868
26275
6744
8447
8939
10740
17184
11956
16607
23836
23512
16957
4212
26123
5951
21929
11405
6377
19055
13561
3896
11608
7443
15746
25477
6393
2516
11410
10649
29489
17172
16726
24830
17965
20447
13819
11581
28963
29982
21524
10415
32731
16142
10300
22928
7023
16113
6396
32085
30799
20740
25839
7743
25991
32432
19491
10033
24901
20740
26819
27071
22165
