10940
23780
28676
26699
7989
15655
30064
18346
2918
19940
26250
8364
14519
25906
27164
17342
10090
28059
16028
15180
9936
28027
13316
11838
15805
7593
30686
19395
30521
21337
26526
9293
26488
16705
23861
5085
32013
21499
10723
8576
29274
11691
13133
30745
29515
1249
26319
23650
19268
27329
30483
17454
12119
15457
6115
29425
30907
17266
11323
16257
25465
18979
6819
26398
9577
9794
15291
4529
29021
32676
5912
27473
15004
21960
25166
30475
19602
2231
30286
32483
2757
26926
12019
17686
27915
5119
26839
23202
3067
7349
4459
16136
20897
19319
32071
11601
8822
29231
30910
14927
