5488
18078
6744
974
2607
7348
27228
20265
24353
15633
24297
22231
25951
27322
19456
1948
23598
5939
3875
29384
21039
3816
6690
32184
9942
17611
8242
10911
16413
317
6463
24199
18554
30770
3971
18578
2318
2704
27480
20102
13343
14041
12618
8840
13256
32010
26225
26152
20719
14787
3838
32414
18040
15527
31507
32339
5304
7686
21976
18340
10541
6074
10955
19682
11884
25934
21847
4509
6234
28518
3753
20770
16543
18010
3519
28226
10072
12325
28097
4181
11276
19838
20117
4479
21218
6724
25518
8754
27153
19743
25892
17908
9111
23141
5898
3427
30510
7738
23292
12662
