20315
13672
31059
25034
2160
15953
357
9074
28447
23434
14626
17473
20960
3073
9428
29739
10850
1523
30671
22274
5061
9301
23625
31988
28938
17267
28012
17494
22472
20695
6058
2208
4896
4716
21329
17080
21234
26851
27999
32371
23377
4438
21143
18777
18485
10795
4308
32424
14704
32572
670
5276
31460
24884
22779
20206
31986
3132
30599
31386
12598
25048
22215
5862
8049
31243
24763
4000
18118
20418
31666
27815
7978
3184
14178
6829
20246
14069
20536
12602
27006
18884
31981
23028
18439
29765
14938
15647
21877
2936
2445
5984
23650
28124
21532
23750
11830
24207
27321
3338
