31087
28360
32478
12966
3556
28763
9365
3192
16585
13021
30392
18257
443
3018
18408
12825
20377
31700
24095
25271
28984
21707
4348
11035
9816
30400
8795
24450
25815
26730
1321
20981
30245
20169
1655
10003
2296
2056
3276
26641
2881
28072
25024
30207
24670
475
14790
16973
18321
3118
28234
28813
1713
26987
7676
17786
11551
4798
10091
1850
764
8214
12757
13024
30873
18894
14397
11061
10799
11661
19135
17592
19409
23147
31265
21219
4510
26709
8618
6832
26683
7858
823
20060
4481
28230
27019
30315
31090
16983
17639
27628
22386
27919
30170
18430
28596
13090
14939
27795
