32155
20675
30189
15611
19681
5101
10433
464
28589
15332
21256
8884
6931
18366
23697
30988
20593
19124
1478
5482
10401
23170
11393
16655
24435
15629
21281
14511
13146
6472
7644
1140
28005
12120
14935
4421
9585
23543
25971
28487
5790
27414
874
22948
6143
32198
32284
27532
3478
1880
23971
9850
25983
9667
20269
11705
30059
22855
3595
23334
19536
24400
25349
4407
19551
13469
11761
28220
8503
673
11652
17637
26200
31786
31079
32261
4570
27968
25229
18325
30559
592
11717
13564
30534
2698
23691
13454
11809
14727
30756
32338
14441
11311
4842
24584
24177
13530
29668
2666
