13087
10528
17439
1681
9625
29525
12247
22177
9469
10926
23679
32460
12119
23380
21167
7704
32032
23344
21178
27994
13933
31312
21382
4788
2150
4748
25499
20061
12026
14953
8313
25760
18129
7997
14383
26920
31618
19092
10537
20346
26119
22227
13386
25795
12142
22299
13627
5844
19408
30320
21762
11371
24967
4635
19158
21172
12444
21324
7985
9231
3711
3076
9512
3092
18939
23346
7672
11476
2920
23581
15073
10594
1315
25857
28983
31123
2107
6397
21686
11009
20845
20780
27670
13142
8787
8467
13279
14279
31448
31291
17279
28126
1775
13086
18585
31101
5253
30024
19617
27680
