12293
3387
2153
25824
4642
31835
31204
22046
26272
6777
4098
30874
11753
8358
12449
10125
28642
27268
12009
30539
1567
26538
1829
20937
22099
15434
3282
15452
4362
21777
16118
10947
18586
29263
14004
872
29782
28248
25628
14563
13318
17194
3400
7360
26516
4944
17316
20354
28424
14854
17293
29159
9910
9885
29214
31598
29622
1825
27974
23063
29845
1594
25118
16234
10826
8272
7546
16058
11628
21490
2751
8363
17314
12665
5364
4082
26970
3560
7707
860
9150
23831
193
2322
12003
30481
20436
22299
23620
19642
18613
17698
13680
20405
11150
4986
14079
4484
28134
9055
