7616
8390
4113
32133
21979
12981
21188
22069
19125
13225
7330
20653
6238
17345
28770
31637
3690
16787
2641
23003
15520
29715
29346
31667
14327
2999
2565
10460
11198
16088
17532
37
2842
1372
1642
12337
30389
14226
22509
11639
10933
5213
25198
2444
2283
29333
27767
20389
4941
8618
18372
2648
27303
15754
26012
22178
9613
31173
1378
10286
5012
10223
12647
8916
16578
32071
32258
11617
19778
23445
16099
8598
27996
8537
9892
15731
9637
17697
1185
14773
6003
16443
5386
10653
29076
3212
5942
2035
22848
14784
7738
5451
24395
23972
20411
27527
21919
25551
1280
27293
