30962
25045
13817
11670
18775
4666
14155
3162
13848
7436
24275
3079
27011
11186
30572
14040
17528
23772
8472
30875
24605
3942
79
24757
22482
21631
30615
17765
28520
19722
8021
11341
27021
30276
28643
7214
8843
10664
20962
15347
17203
21520
2258
25329
8211
10268
11232
32365
6384
20439
8446
28766
3184
24984
20025
19317
13334
7207
30023
4187
31859
11809
28000
20538
11675
3230
12112
22654
30679
7440
26569
19421
14489
13935
1021
19604
2997
15763
27756
7156
31949
24801
25083
21278
27917
14121
12615
6411
281
17871
12344
31183
11076
12841
14809
17182
9731
8745
7271
2575
