17489
2587
26490
15768
16698
29267
315
11105
12291
16844
29330
7755
20397
4563
11438
19363
9700
8374
18102
14272
2097
1573
28835
11656
17776
1758
2128
20278
901
19338
1236
9306
9547
32481
11279
18720
19661
5909
18051
8918
19897
20078
17765
15785
9233
3889
3828
14255
17188
22215
25866
23851
20669
21531
6641
23052
8346
17732
1911
9398
1055
22628
31813
1541
16972
5072
4972
25231
19437
2417
10817
10538
16
22890
26731
2735
5308
18426
3642
24317
30688
27300
32059
23360
15498
12430
12041
32115
26713
18984
3685
20771
13621
13325
26249
29046
6973
26926
23738
27757
