31464
8988
14886
28801
7095
11570
1438
17205
11665
24071
13106
8313
28924
23133
25012
17584
9830
16435
22831
12676
31582
12081
447
6511
22532
12359
15526
9344
8382
16530
21405
29276
16429
895
29288
32131
3424
24626
24237
17364
25159
3625
25094
22612
30314
21788
6741
16939
20954
1064
9304
19695
27752
25645
21629
11813
19734
10613
29175
9221
15819
10390
10257
29054
26443
21145
8642
23418
26981
15451
898
2915
17263
13620
14173
31462
8431
12503
16198
19703
24219
2169
429
14357
23428
22326
17492
26063
27278
30128
18782
27527
30755
22777
17065
16502
14376
22707
3933
21744
