29755
24197
1228
16632
9247
1430
2715
24766
19052
13838
29267
5236
27631
9176
6467
6398
5004
10640
15780
2425
11899
1000
23668
5571
30897
23627
8578
573
3483
26304
7621
21711
28946
5904
14321
21293
9356
12587
2892
13913
7311
14536
10430
14186
10860
1100
28200
22923
11817
30445
26615
5446
9407
9751
28921
18691
26246
28174
1135
4811
10733
14806
30307
30546
7790
592
1596
31285
13249
18597
32655
2944
24912
4071
23864
28275
492
6646
8874
32134
6078
27553
24451
28586
3200
23566
4452
722
16877
13148
22527
12210
1653
7302
12145
19142
16950
28299
9427
13975
