4668
21629
29678
15727
6687
1638
28858
16822
1679
6540
24877
22764
21620
3458
9118
4327
8162
32093
22746
28933
21835
23576
16132
14773
755
20535
11936
15673
24229
29355
28138
13738
21413
29942
20076
15420
11493
29327
18639
17859
12155
29064
2802
18550
14675
22126
11321
28403
14369
20337
31784
31876
3226
31428
7984
18081
11748
19527
28104
26550
8523
30308
18880
3878
6709
23094
24018
4751
22104
17137
31611
9296
2602
28798
2825
21320
29081
13669
16884
14305
22781
11248
4977
29261
12875
18062
3909
24080
2699
16245
8919
7871
29580
11147
28810
27143
13782
13447
12617
13040
