10865
8553
19846
27798
25054
5256
26418
2222
2943
29230
16875
5065
13722
14805
8266
17133
2736
20302
27891
21499
6063
30747
21100
5681
17001
18457
1327
23538
1093
16738
29693
14794
15669
11121
21110
13997
13032
25991
12775
20863
4160
14414
7267
32730
30982
27324
26133
2571
1501
7739
10452
26717
15476
13831
7672
1435
22528
19927
19052
2768
30186
959
12549
6225
31428
6485
32530
4093
17282
12307
26421
21700
30439
9468
7793
9062
2877
20354
12163
26749
21577
10152
6262
14270
11646
5988
26226
18556
5233
31559
17365
7021
18317
5727
11396
11697
15624
32093
15492
23824
