3409
1256
22325
10630
14744
3139
977
9705
24328
26724
13657
15826
5902
12628
14016
5940
7002
30550
24399
21515
20111
30922
245
5973
15679
28497
4318
23390
11030
14386
15942
32065
85
23548
27536
8620
11138
14701
15762
22243
19294
22419
13620
6152
13592
9009
1849
5529
10944
7012
9820
26426
22014
12678
13215
2741
23300
24659
18656
21567
6081
15946
20909
13309
25432
3926
26201
29894
25040
6574
23887
22571
16397
16890
1703
13236
27647
12983
17911
29549
7449
4828
32364
9633
16645
4030
1305
29670
8342
15921
3470
11609
20734
5872
17581
17963
17729
4671
3513
28765
