11389
9999
23353
8585
31455
11254
23447
21876
6481
5713
28342
15301
17554
16944
2425
6821
31676
32146
8174
15285
12410
18380
30501
18072
18293
8239
18755
9395
32015
10213
28626
21040
596
6940
2139
16457
26157
25959
18231
11459
7895
21856
27810
4792
18324
13203
4113
6298
26273
16535
13766
8053
20327
24190
25249
22388
29941
26992
8761
32167
16558
914
13099
9987
16703
22572
19890
15531
17877
6668
14456
3438
14732
16677
8108
6288
21290
19324
25173
30157
27917
1349
18918
32411
6498
7240
24594
7344
18072
650
22241
25028
2068
25642
14084
19608
22311
13449
18534
24375
