1246
30871
28445
745
23578
25276
26725
23091
19999
24905
14896
6841
4114
8474
14589
30164
16765
26851
24765
18302
7936
20759
15658
11609
19780
13065
11355
3828
20529
4946
12181
31561
609
2930
15973
32650
8404
30394
20459
23325
16101
26217
3705
13541
13948
8469
26973
13763
26758
12620
30970
11356
24994
18300
26910
7709
14109
29456
23951
27005
12321
30428
1255
23938
3881
15547
19874
27271
4024
11382
29046
20540
27723
27112
19171
27886
140
15968
10506
4617
23496
12615
5570
475
22435
5123
16873
31386
1803
1306
3064
29353
4458
11931
21722
27159
20000
17338
5887
30057
