31486
15089
9318
11917
13621
2006
6742
18716
14754
8827
26084
23103
22556
18858
32704
6318
18948
30863
16505
23695
8571
26905
26957
21752
14546
5539
12096
13999
13890
32212
31851
18484
30686
12995
23447
28417
31685
28255
16906
8720
6300
14863
11169
26014
6716
26773
15647
13359
5799
26424
24773
30930
3905
10786
4387
32422
12861
14343
17965
31133
20565
6407
14481
3200
23230
11478
28488
28723
32091
11290
19307
8251
10545
22804
1609
12413
8987
9091
21942
12360
27326
17349
10918
16022
3520
4416
15866
13199
15157
6144
24473
847
11098
12705
15299
15849
12166
9584
2722
20652
