2609
6211
27818
12814
7878
21476
27883
14880
1360
22598
6917
21585
18051
28061
14191
13323
10671
22860
24588
30069
14575
8526
22015
7157
21924
7892
21952
23028
28961
9263
13679
1505
15784
14833
15721
24696
27542
14159
28442
4164
18138
14794
11794
30306
18603
16399
32602
16521
29051
27675
21256
23623
32550
12450
3089
12173
21360
28082
14943
14958
7854
16532
15139
1572
8899
2803
13165
1364
8782
30015
6394
18835
20514
28756
15692
12840
21239
31319
3840
30739
12639
10977
1373
15183
14843
19040
27177
30037
15342
30906
30144
29921
9106
10035
29031
18168
20330
27024
21469
12586
