7263
1618
11317
28614
9242
28149
28688
20016
15403
30745
5601
24128
7342
25782
25813
30016
1364
30220
21053
16144
3859
19335
225
4131
17948
25574
19095
6346
8206
2716
2068
23989
8809
13430
2817
6582
19781
3967
32338
27849
7748
18977
8403
31826
16325
21900
3587
26789
14426
10076
2342
15307
11901
15989
32406
13700
5246
28466
12122
6280
20672
15040
15097
23826
13861
13764
31632
27807
24775
16964
26659
19187
19177
8388
28977
20574
11821
7343
2955
22845
1287
22521
23910
3779
16497
31235
16814
11514
1504
17855
5533
27140
2423
23316
1165
25255
22651
10116
17930
12297
