8496
16324
29107
27987
22237
4847
2778
7208
17603
7760
7353
12475
30131
22469
17102
8552
27689
18217
30608
2199
31614
19136
22343
11327
16735
31445
1312
7849
21374
28833
26241
23671
30087
29807
10394
3044
27478
22270
17469
16717
15207
31271
29679
27889
30094
19647
20543
22005
20968
15807
1622
18091
15377
27298
23760
19987
7831
3343
31434
15010
687
27576
9532
12867
22567
21122
26250
2972
31132
21990
21589
19602
16621
26007
26519
29199
16367
29285
6895
25858
29027
11105
17209
16552
30245
5698
22114
19979
12966
1799
5242
22728
24731
15070
18187
16660
26871
6725
2730
28417
