24984
13664
12128
4038
14355
1183
10456
20484
19113
18220
5504
856
515
30047
13669
11889
16803
20480
17470
25592
16411
10156
13120
26393
12156
13178
13626
22336
18962
15071
20701
18720
5966
5839
27995
28922
32004
20005
3381
16924
28887
20805
11085
10152
24049
6400
28227
14998
4855
11448
9726
6396
19515
21444
18313
17037
11828
30229
23329
7776
17452
28698
4236
3572
22329
24034
28076
12656
12654
8577
19283
16687
8530
10420
5209
8315
20881
13768
31468
3481
18674
12215
6184
4871
9865
15765
10727
7681
28206
12586
25307
24137
31022
1249
218
21288
24384
28897
7544
10672
