19114
17435
7904
442
26204
7376
26777
9027
5865
6136
27640
26848
19484
1662
5449
12419
17331
26745
30810
17040
22802
19979
15825
23009
32057
16264
31426
27917
27380
28891
9857
7402
27473
17446
8885
27728
15959
24489
2478
9504
31733
23269
14073
3717
313
18177
15921
22650
15811
5740
17431
24717
30072
10180
28133
13282
19067
30711
23264
29306
9049
16296
23597
30645
16771
32724
24293
27670
7170
16821
15468
9287
21094
3558
25854
29021
19455
24265
6282
18012
22352
4646
8644
22270
24001
7700
18294
5040
32660
3357
26646
9950
11290
1437
29598
22384
2599
24683
14232
29845
