20401
30441
2632
22408
12893
4111
19093
1443
9288
27100
16843
22636
12272
13089
14468
14051
7646
22931
20407
16376
19420
21544
12681
2054
1123
27844
17510
20381
27219
19733
5201
6020
19686
21179
26232
13822
30695
28333
11020
20813
21535
5080
16719
25461
27665
30985
16879
11074
10471
12812
17298
11916
23467
25622
19890
12730
26298
6496
28075
18565
7030
30741
8722
25599
8252
24686
4169
467
29334
13851
14416
24782
22961
22758
6878
24222
23825
4243
1457
25306
4995
28682
31266
31555
24147
29624
25084
3402
25792
24370
1678
16594
25517
7707
32255
2102
9625
11337
738
27022
