18696
13300
6135
8203
17446
22726
13887
12596
5605
30739
11765
3967
22534
4845
20721
1581
9810
7495
11627
27755
13777
2136
32457
8919
27709
19525
8373
2625
2998
13562
14451
22446
18103
30296
2161
27043
20553
19350
8736
672
15479
9697
27139
3306
17665
11846
8710
19341
18005
7890
28176
7330
2234
14072
1755
12494
10703
20274
3844
23563
14900
20459
15966
25515
25479
3997
22412
28058
10898
23607
7119
29923
8642
13249
12572
26485
8155
28738
11890
20776
20203
27362
17002
14331
10109
23116
10256
3487
11278
28758
24049
23098
30917
31460
21365
1125
31582
3081
111
23158
