18161
16807
22938
6130
12037
1383
14748
6240
26012
28227
15464
11802
18257
26806
21916
4885
10202
13549
21188
29823
32316
12840
2346
14660
8511
31074
5616
4567
10272
2868
25691
13615
17287
5367
28274
28432
8888
4393
27592
25483
14605
18193
25238
11208
30628
28070
20236
12291
20309
30126
21737
25301
3815
16163
12106
16821
29059
15834
21183
16062
29032
20839
30116
30643
13025
21563
29359
24128
7028
9743
14789
13698
26973
13702
17170
2250
24379
19725
14424
32670
22536
9990
18567
13057
22350
3367
22927
26613
27032
1820
3186
21309
26919
23668
18333
19047
31463
28090
15224
1546
