32587
29349
20729
18752
12628
9809
8156
18727
27953
15428
3236
21800
14179
25416
5642
4072
2961
15803
21756
28268
2869
9597
16624
15140
1172
26381
3704
18984
26099
14318
23574
17089
28936
27728
8530
8747
17071
12268
5131
23449
734
17968
30731
14714
20699
5532
3294
25595
16300
620
3555
12493
30416
23671
30883
8232
19244
25687
3426
11024
25672
11210
15860
18135
16827
21848
32466
16867
13540
30518
11885
23985
8923
9579
1730
18970
8871
26417
19759
26069
19378
7070
13445
26686
18554
4483
9566
22613
392
22165
24753
29962
29862
458
12451
29368
3149
32006
7072
12783
