13958
10295
32632
11563
8286
19916
31907
9773
13583
7384
17253
9331
30680
31724
3868
26802
3627
1026
14572
15186
25441
25952
6414
6257
13485
5055
4715
23851
6478
32173
31850
23065
23305
21296
24326
28439
13015
8108
13603
5195
15835
15110
10530
29795
16022
22026
32691
31773
32350
9738
9450
781
25356
29640
3990
29083
3318
4503
28366
2123
4381
31932
21964
11329
9127
11802
23039
23812
18063
24079
22363
14210
20635
16281
20212
10836
24718
30397
5067
16196
4255
20009
14823
7692
32299
28696
31656
11361
31143
9846
2393
28464
29400
26180
30468
4392
30022
10815
15498
12920
