15020
32253
8188
3223
19377
18836
132
25438
6020
18917
22392
19718
11321
16126
26052
17315
9506
31293
3418
24359
16638
27572
14610
28129
10349
7890
30389
30275
30887
27200
30548
1512
26222
22282
27103
29142
3393
767
25587
27648
16083
602
19698
4623
26299
1186
32601
22881
22125
16590
5198
31826
3433
27821
3449
19643
20914
17285
20757
4025
11394
24571
11335
18096
7996
27954
20398
2447
9378
29495
31291
22101
21064
17053
17987
31188
11848
17252
19666
30132
3384
11040
4931
1980
3161
24150
30477
13901
31761
298
3040
1583
20124
31543
8177
15761
24318
29375
23186
22602
