8353
25659
26094
3518
6207
6362
1248
19643
4374
28977
1671
11776
10201
13686
30546
7443
10117
7168
11850
26278
29846
22444
12779
23066
14458
25983
24370
9283
24902
23949
1783
18283
18856
19225
30077
21657
7452
20477
6216
18963
19555
5965
13870
15137
9778
23351
28081
9492
26663
557
28044
5511
23552
5959
7052
1509
21775
8674
7585
4139
8681
8334
31029
24815
18015
11047
15548
2722
4527
65
26509
7698
25851
457
1008
11314
15865
25834
10104
5406
23021
6446
19859
18522
1236
10982
16479
23130
26850
9419
959
4936
29231
13541
30383
23297
6830
6316
7892
9825
