17390
22332
14386
20257
32144
30327
9560
6505
4815
24257
26543
1796
14677
30049
31856
22812
17213
17249
2703
5283
29754
17903
401
30172
14102
7683
6813
15646
18271
25410
28629
14549
9053
7715
7655
12489
23110
11600
9182
5795
2741
6735
30015
8109
9561
8545
29265
11225
18410
28842
15036
7685
17506
25235
3669
2429
10345
14189
12345
22721
22801
4695
25
20873
5827
15713
15828
6663
32122
30961
11083
9068
21806
23142
113
7597
18068
32252
26017
22663
18436
4079
26677
13761
22202
28900
7508
4273
20546
31108
26379
16129
46
8554
3999
3763
13834
3391
12066
25955
