13212
15195
13402
6933
10863
18348
3145
12009
25937
22577
10870
11116
6122
16453
2531
104
4201
31908
15982
5140
30400
17869
19877
2196
3089
8619
2523
31424
32355
14453
9084
7718
9370
28883
25757
23122
13990
5954
19159
19789
22010
5305
29526
22371
31296
30861
3373
5161
5707
22930
17900
25791
2381
21123
25717
28499
12362
7587
1547
14310
11212
5029
12716
13907
11737
4553
13729
3469
25634
2889
851
18472
21117
18931
32096
15899
12693
8727
27630
1988
9696
7587
2880
8748
25298
25229
26759
10381
3665
22641
250
18193
30824
20860
22312
19165
31551
14984
29325
29518
