19577
29871
32154
23714
5854
21535
17070
1404
19793
20997
18556
19409
28759
3877
1482
29
12302
22130
18381
28821
16483
28791
18423
30641
15748
17909
21520
21480
13465
5582
15496
11450
9391
16929
32012
26868
3060
30903
21335
14896
21802
15006
14411
411
14678
1811
28480
29179
27064
11686
8092
4848
5632
2968
11427
2425
8895
14472
16273
18875
9244
26190
14310
5630
28872
30760
30210
28409
24884
5396
13297
22863
3841
14716
24712
7257
10424
3096
12465
24102
11707
31249
23299
16576
9851
24162
12694
25777
11500
14468
3605
29894
22838
13898
17428
7955
26286
5386
3492
7991
