14960
19172
4661
29354
3265
12291
17880
18682
26465
29625
15156
30124
20541
11406
30147
22812
9684
79
38
7992
16622
3835
15223
8581
24202
1249
14555
10851
26136
6146
20822
32145
24552
29884
28644
18931
12259
23978
16837
26771
26745
710
16664
3303
18906
21456
19883
19026
16745
20980
18450
4844
32109
9383
25334
4998
26890
30162
7856
4329
9329
22834
8982
10847
19795
17150
27541
9589
11163
20939
31105
9982
5724
28590
168
32091
9480
3744
16941
24570
228
1062
2452
18461
27320
18481
25
18141
18635
6978
19014
31854
20750
22483
9156
5284
9112
29427
28018
27830
