8175
7667
18012
9776
31285
26520
22353
17391
24679
25333
5784
16446
21070
6409
4166
16816
15295
26525
1813
11243
11866
9252
7092
31149
25464
26086
32353
30733
6750
15197
24250
18180
9911
20191
3536
17195
17217
15998
1662
15558
31942
11053
20473
8194
18766
17188
28327
29307
8083
19333
22325
18945
8885
27967
6116
8348
13871
18738
11299
10701
3594
6037
11875
3351
3920
22165
23591
10686
5316
19519
8282
18383
27600
24480
6118
23136
7615
3371
17538
14105
22828
31323
25035
26356
4026
27801
4247
29760
7174
10079
19590
23020
986
30110
24538
30722
10916
25181
18824
12658
