27575
1919
13713
7562
27584
6313
3454
13761
31843
12073
29704
31304
25502
850
24898
24506
27944
30027
10952
17169
10410
8817
21399
18980
22572
27127
3618
11631
8909
9423
9378
20243
24504
5326
15277
17181
3411
20235
8970
11531
18618
9608
10436
5773
22891
21524
8829
9096
9539
29807
8453
18272
8361
32176
555
24439
3849
21220
21715
22257
10116
9464
17225
14267
29157
11225
30677
19659
28631
31449
12176
14761
26198
29781
28533
11054
23396
8340
4027
1419
7165
27635
4451
13198
24140
4159
29197
31521
21535
11619
29199
31508
16793
21827
200
13852
27686
3815
17202
20251
