21801
25073
9185
5031
6212
28815
20347
27837
21139
25904
10792
18757
13456
8380
31298
23295
23179
31115
31440
30374
29927
4810
25946
18034
16518
17185
19963
1505
25474
20114
1463
10935
542
30629
30479
8003
8188
11202
12499
29157
8592
20190
4920
7629
468
27226
21290
20741
4157
17191
18403
21426
19182
6959
14013
29847
10541
8688
4420
7898
27155
22634
22928
32011
15239
27708
8402
19810
19821
19978
21548
19272
9498
1825
19398
21017
17675
4702
20510
7465
31959
15436
2463
18693
30051
20108
3702
31227
19797
2682
673
19420
22987
14093
32328
28416
24396
17919
11857
5771
