12483
18575
7236
23628
1390
15941
26422
24948
1336
19811
22958
18645
14333
2717
28833
10845
27009
6143
30201
22560
21529
29906
8423
19799
25512
1219
4219
3753
9421
4674
21618
24490
13403
20521
30799
29090
17162
7838
17581
28559
364
5946
10963
2925
2082
9323
3721
28852
4175
10262
25130
16419
4173
30081
18683
30908
4255
8817
13243
29200
19751
29583
11131
19388
30361
26640
16048
30260
10288
10389
17543
14527
26016
23888
27256
22723
13643
12137
16414
17987
10935
31136
13638
29094
30016
27699
15942
11962
18186
10242
4752
18680
10298
5361
14726
11530
2662
30606
22928
19338
