10304
19191
1767
16717
30764
20295
3328
10283
16726
16061
4355
2867
6216
21004
17893
31321
4789
14188
4886
10524
6319
28405
3925
19979
22041
17996
7624
7048
24672
14210
24908
13772
25702
12089
31242
18987
28863
32265
16715
11161
12320
31010
30605
6254
10260
3634
6357
3430
20465
20105
19272
18924
5131
13691
7157
27032
6439
11781
32246
14070
21555
7092
16311
7049
18996
27331
27285
20751
3199
27523
16555
14343
17708
32000
19688
30577
26568
19170
14693
18901
23114
8849
24566
7046
10824
9117
18688
24104
8811
20316
3210
13680
21537
15317
18838
24875
27025
28124
10161
2178
