12125
5749
14962
15136
18900
10095
32174
18736
27036
30325
24770
7616
10181
26792
25436
27799
4242
8850
31728
26155
5930
32009
18695
29612
29073
16726
27866
29764
28887
28823
18207
24478
10639
6754
291
29093
131
1707
8217
17294
28582
14056
4529
30232
5962
626
26349
20754
28563
21039
12593
31774
11820
16238
13721
13494
13368
6674
27278
9580
6284
6643
29596
17014
8731
16257
3966
20329
18097
10155
11387
29253
485
22271
5878
30642
6217
16402
30272
11401
6883
2338
2992
28822
16097
21754
26614
26269
23944
4886
2732
26010
12398
6920
8238
3917
7657
5914
20908
12278
