19806
10587
2569
18050
62
9602
7800
6338
23566
5790
18633
32554
24079
16692
18035
24603
13991
10600
2854
8285
14354
5845
17687
26143
7508
4029
31640
3384
15730
3938
31723
12467
32481
31667
2136
28043
7999
7723
32125
17075
9025
9207
25062
12889
749
26967
5085
2156
26121
5190
2435
27228
1235
16989
22304
5153
242
19957
28600
26238
19117
28300
21471
10887
26203
14442
8909
11873
9754
16259
16821
8009
11204
24992
3411
17623
18207
31674
18885
388
1108
3750
17563
15467
32419
5880
23857
6220
19284
7201
26429
7126
4337
15066
7076
12070
7858
11974
2962
4747
