13824
24162
28718
3682
7084
21519
596
18600
15347
8748
13927
20334
17377
9698
2045
14024
8903
20116
12539
30927
13034
29634
14322
6821
23160
16942
14511
8883
14528
1085
6925
17461
13217
18847
11278
25593
31043
12850
19754
23139
18950
24612
11751
5813
7864
21849
17322
1933
32523
16396
29645
27824
7238
31416
9201
30213
1082
17209
9366
21477
120
27950
10729
7314
30145
5027
18140
11012
22462
3565
7804
23276
1265
11220
16256
17907
7916
31992
24093
26178
12993
10093
24610
16968
17849
4521
28480
1463
6729
25504
1449
11216
16705
9005
10462
7905
19271
28596
18113
28940
