2187
4520
33
25016
5794
2247
26078
16763
28077
9448
8429
2094
16171
6117
2263
10252
2561
9303
22496
11285
16311
32252
6620
15262
18916
2397
32068
30476
999
16045
14985
4573
31960
13299
1448
19944
5567
4716
15871
15333
20483
31530
20575
25903
24613
7938
32610
17097
22701
3493
1535
9631
357
13
18523
29711
11974
8731
1762
24744
11696
8062
18327
32306
5982
30678
27048
21742
8600
24089
5958
23839
16170
10038
2483
712
9366
3065
21405
5816
1286
16943
9642
20676
7044
12554
16724
18260
21613
17607
3575
33
11043
9613
1064
32316
4099
21913
25417
29011
