1548
14639
756
24712
10702
12264
8197
4061
27002
25639
5316
15216
3728
11704
31961
26395
18707
2530
30847
10747
11325
30025
11995
30579
25457
7443
19084
31092
13169
11082
9347
24572
7121
12929
4373
18909
11436
31931
846
10944
25749
16776
31369
21097
10960
1905
28221
31037
14787
13462
11290
30209
3495
4758
23637
228
11139
18863
8256
10176
21595
5927
32541
22429
30884
17130
5428
8055
32764
6260
14627
4161
14616
26353
2934
24105
1534
19619
9335
10014
6260
20869
21575
655
21176
5422
10542
15990
8305
5111
12336
28054
23526
18272
9185
11008
4974
9648
32122
14044
