26205
23898
12178
21970
1293
26453
11968
4905
26021
8187
2253
16204
24475
12084
31498
17175
5618
21325
5287
21197
1642
853
24449
17317
6388
4295
2875
23173
17256
3178
20112
30733
5498
29302
29415
17879
16619
25080
15912
18685
29180
25463
11983
32220
3112
728
15935
24856
7954
16511
7512
2529
10173
7607
8011
14708
29179
18516
18093
996
11816
10647
10443
30234
3863
23633
6974
23834
1101
20043
24511
4745
25709
4326
16956
29292
7156
7423
23851
24115
13350
3605
30750
28918
17993
6318
13463
18686
12048
16374
32030
2695
5722
3754
27282
32708
7965
22324
5053
31268
