14821
24495
13006
10858
30042
12590
20981
13387
15095
27352
26807
31493
17167
17921
25642
11298
26257
21293
210
2026
17210
23924
12403
32737
28681
7467
4644
7824
22004
32192
12453
7304
217
31462
31474
18085
31927
22770
11032
6544
4894
15493
3912
13959
31972
25964
26922
5473
23578
4292
22387
6092
4670
18018
32186
25050
18098
5490
24200
7100
12653
1117
7086
205
32241
14321
4315
24530
23165
5564
31853
28799
1923
26040
10888
8766
31580
14126
22117
18477
28219
3284
13805
18021
25184
5176
25479
9346
31886
27746
6702
10592
16574
16309
30662
25634
1813
13591
14768
18041
