14302
20758
8358
3772
25305
11603
21411
233
17442
22088
5524
6886
5121
21869
29474
31618
26520
22186
26278
31111
10520
4029
12791
26175
24628
14043
2687
22838
24278
19610
19349
26946
9745
15630
8967
30401
5976
7218
27637
27426
17901
394
11238
4519
31899
18183
26133
28008
19368
12075
14604
12444
13062
13933
31348
14612
15561
5087
17708
13832
7134
11534
11672
23318
8953
298
4156
17544
10191
20327
11913
28886
9862
31906
3574
29547
14697
31816
19795
17580
14561
16500
25690
21303
6048
30039
392
14952
20256
3037
31275
16930
28748
22413
187
3020
11389
17330
5485
4249
