8593
9223
5430
4192
18799
6792
32414
10156
23107
28716
16537
1864
10
4420
1349
9128
17656
26761
12421
9462
29989
1027
341
21263
27268
298
23898
719
21780
1100
31421
26766
21338
16174
23610
29674
28430
19190
21364
6343
21013
22856
32140
10645
18351
176
28145
9938
24050
10304
31610
10191
15223
22138
25522
16566
32083
26480
14451
2508
12616
28201
19382
11252
16445
17735
3497
5749
23788
4839
4354
16892
19163
17353
10643
9445
4493
16817
22815
15542
28665
26892
32365
20716
9275
471
31386
21243
23434
16317
16563
32656
24170
3455
900
9497
19746
10137
30122
13191
