1299
3766
7304
3917
19710
20957
18843
20164
15307
31263
32277
1998
29317
174
31096
15030
29655
4818
21498
32428
6855
32208
19160
27846
27041
4625
9964
15428
17712
16768
29058
29720
28724
32052
27496
21926
23313
5711
31300
25800
7109
9766
42
12565
8732
16802
20846
17507
31783
31718
15543
23178
16106
31793
22869
18027
26453
11014
4053
10289
18294
14987
4306
22743
21484
3632
11790
12011
26015
17808
18881
145
17326
28316
20528
1738
2473
8950
28546
1526
15873
5275
463
24472
11452
19909
23931
29018
23149
10256
32706
25937
9060
16091
17811
22401
23330
24817
9890
29860
16
17769
9913
30247
22384
1994
29006
8054
1427
12147
21339
8313
30284
17978
1898
350
10662
16980
2031
31642
14546
18293
23515
25642
10083
823
4462
2847
21694
10432
23373
13401
8651
20383
980
3475
7921
14840
10925
17824
22082
17889
162
10483
1522
3595
30127
26469
24334
32165
3420
26419
7274
23421
19786
18758
1500
4201
31243
696
13223
11493
5686
12179
9786
29181
22459
732
1563
24942
1909
30672
8222
6408
32510
10349
29146
32086
14535
27956
23133
30593
9832
10798
17183
19058
16692
27949
21813
17207
2321
16724
3783
18600
25991
23513
19652
3658
7446
1546
7380
28275
22221
26766
27535
12207
23064
7150
25324
14691
218
8788
3324
31664
4027
11922
3800
3738
26820
23653
4056
19562
19497
15867
8453
27472
7013
25268
14545
23117
21132
15142
5894
25936
11229
32355
9469
25760
8599
29822
9744
31609
16911
19019
19537
10746
2558
21095
1405
13887
14623
22392
5163
12490
21754
25526
18761
6183
19962
8619
29129
24527
31430
14902
19608
24142
24014
21462
7376
26273
26916
5925
11310
4322
13454
23715
20934
30247
23001
26549
20725
25511
27504
21230
9368
18718
14637
4492
2683
26227
22382
10822
25365
31896
7276
3909
14706
1459
1992
14192
1904
14459
18535
23788
2606
23268
21632
1251
15042
10238
18419
13445
16170
19738
31965
30541
26501
16944
4713
6790
2948
381
21993
16909
23579
25200
16933
14936
32124
7111
2290
11191
32069
12534
23303
4826
30968
20168
25101
8852
2221
23368
8437
29406
16899
15586
11918
8479
26460
7366
32343
17835
5962
10381
11154
25225
4164
5919
31385
12153
23710
29908
1141
26421
31416
31449
16557
31224
21877
30166
24924
18749
8430
32717
13702
20681
28520
4422
1452
24811
4740
11689
7838
19971
7350
12011
32401
14657
5880
29804
22641
22191
16064
31008
24953
21618
24623
5358
7424
18253
8331
27989
6806
16486
19695
22869
23119
28749
321
15501
19295
31546
15205
7585
6375
25238
11952
31710
14607
10173
27552
10273
29269
3075
12234
9460
19237
4597
29203
20987
6057
9185
32547
26255
6626
920
14871
32680
26616
26482
21878
17664
3278
26771
6247
26997
5850
9837
1057
2735
2356
17286
28066
13316
25324
8059
24484
2200
12449
29254
22733
22729
23631
11452
14886
9930
12137
16985
31182
24205
15144
16448
28144
17639
6946
21886
17394
25071
17950
12431
30703
27303
24871
22051
24680
28126
18655
21794
8758
18516
17686
31725
8387
9248
6811
29415
15994
1871
28498
24628
380
13774
13447
30912
28821
27274
2946
8835
15470
11221
22620
3076
2308
16140
30481
23836
27480
32630
18133
25853
28521
7280
32684
26994
14943
711
1589
31593
7433
30054
12742
29870
10889
6449
14526
761
10062
30768
14103
25643
25667
16368
827
14293
23110
16166
17689
2554
6620
26262
887
31510
25379
20787
7050
10590
31240
6024
22212
16202
2745
29270
4845
19281
12894
28799
12405
17651
4
17442
15113
25341
473
27400
100
9993
12959
13887
2408
16964
23387
29956
10605
14196
15693
18151
6105
24121
6181
22825
18416
11154
24692
4969
29422
25508
14945
30591
2131
6327
3229
14505
30847
7042
16281
19941
3454
16552
31990
925
17957
8066
829
20617
26462
11807
25040
29138
14272
24201
12576
4723
6499
8522
6945
485
30194
28975
18427
15867
12545
19532
771
21515
5281
15936
11241
23886
27698
24507
18482
6793
16761
28477
18665
29421
28659
26400
22674
23100
616
13528
17760
25134
3778
30074
23464
31507
1056
23419
17556
10169
7975
8634
15644
10384
30872
12225
14642
25100
25128
21320
18237
587
1420
13051
18377
10744
31187
24190
19837
7279
17144
8109
14669
15138
28600
28968
26353
20539
18849
15887
32149
27779
19308
20234
14546
23682
20876
2189
15837
30952
14599
24154
20734
22059
24709
8263
32580
6002
16294
1089
4216
26802
2201
4497
21839
25622
2027
20830
9699
26277
13980
26739
9316
6175
12920
32323
6155
10791
4260
5418
29776
4775
15992
14326
24669
17777
25740
8358
21186
12578
22
15474
5482
844
9843
12555
17870
30676
9987
18211
9576
14232
32570
24112
20075
2645
21748
19821
8369
24521
27401
22050
31477
29716
17442
2854
5186
4964
26571
20898
2475
16593
32201
24343
29757
17542
13229
22691
6962
25890
8361
30592
5735
20574
7075
22221
29969
30447
14216
20113
15531
24494
23011
32765
21555
13814
8110
30449
12181
5965
1127
1218
20328
25671
32615
14395
26840
6312
2928
5857
18915
28361
19589
31611
19913
21053
18430
15826
30141
26035
25307
1974
31201
8222
6745
31553
26225
17684
10947
3680
6462
15476
6283
16270
13151
3404
20377
2019
21283
32762
19683
11854
10826
11153
1598
24607
17524
29310
1139
13000
4569
12907
25494
29412
2619
11107
11667
25720
31769
25143
17162
22649
23590
545
18013
15247
10489
424
15623
537
14086
3779
23343
5489
30925
1601
11644
9841
5969
31336
5420
2358
28364
3293
19040
32291
17313
8132
22714
3113
17298
8743
18986
20550
10035
31644
29701
26188
1950
23330
6744
20196
15465
27981
23931
30418
21973
15779
9705
17275
1864
18245
590
18596
5630
30930
11234
2940
8187
12168
9462
30429
20292
28076
9676
25807
19790
20524
19372
24910
2743
1924
15924
2637
12084
22494
16112
12538
17867
25725
22315
8260
31042
19035
6148
11418
29911
19985
8388
28918
15665
8440
24430
23835
5527
398
16280
31003
17760
15131
15226
539
20906
18580
837
17498
32591
7871
11958
22128
12565
24984
11498
6612
30245
2292
26228
9377
23743
14436
17837
30874
23851
20060
6475
11115
28915
28308
1333
25650
10831
2991
30102
21053
24545
13339
18480
277
