19442
10225
29135
27927
22855
140
30062
3116
1908
14339
23636
13778
23730
31221
10425
5176
2056
28832
30190
18230
5242
31561
25909
28116
23678
9182
19670
26896
20911
6107
23919
15324
27845
10346
12684
11367
22981
5582
31607
2717
13429
10753
17746
16369
26899
26268
30562
3162
3398
18936
6318
5275
17749
28563
32201
9672
2455
4021
23020
20998
24619
8787
26183
19090
24296
10547
5017
6917
2455
25937
31231
10710
24672
31618
31497
8736
12931
19543
18963
10917
2377
836
20179
3604
16185
8449
5678
14471
6030
1329
17744
11856
27113
15170
17147
24565
13892
3732
2847
32633
13607
10717
24748
15069
14366
17868
20900
32743
28266
10988
16756
11554
25079
2764
28036
21542
16526
29789
8205
28953
17740
26523
1323
15222
22099
19567
22067
29709
10943
20692
20294
21580
3292
29242
8998
700
3222
13863
24905
12494
13872
22052
556
17880
8505
25303
3562
15195
27580
8813
4365
3719
30136
11835
21412
27393
28879
5028
1686
29411
6210
31805
23349
18437
9501
8495
14614
14971
21167
3549
1569
16478
1853
30151
13540
6864
29944
8622
3372
19514
18219
14330
25303
17368
12217
25688
12004
25208
26823
8871
16076
15486
32438
12565
28181
15660
30292
28037
7716
3872
9043
8757
24659
28190
17146
1437
1603
17936
12058
29082
3188
17227
15684
5579
4882
14356
7737
10555
22802
31587
20898
24385
28030
9447
513
9125
2829
19017
23784
25092
20983
8629
15209
23670
21511
11671
11981
21869
9970
21922
17800
4321
28903
4375
7277
28842
9063
1604
4127
12333
22615
17227
8904
826
1364
29732
27149
7221
31046
14821
6465
23924
22584
1857
31704
14825
2407
9807
29727
2305
19352
19341
21035
20939
25519
23077
5903
20829
6526
15727
30803
16500
30427
31670
14241
7258
31989
26175
8896
30477
17384
2695
20423
4765
14478
18637
27018
19414
27800
13264
8281
6175
11486
7642
4842
6818
20980
30461
17299
5293
32510
24733
28092
13656
17093
6703
20373
3177
20234
11071
15364
9332
14874
28344
2274
2119
32418
25440
11622
14213
11717
26018
9441
20112
1900
13968
27052
26028
27869
29736
7263
27490
24976
26326
11076
32291
3645
18491
3596
2350
31290
26413
27072
10420
28420
19711
12538
6457
14876
18434
5204
13885
16660
32587
22305
19484
7145
29623
23643
16691
10643
4653
32733
23108
21211
15139
4050
7707
28525
25444
31342
7282
302
12816
988
7187
14799
16356
6263
29756
32419
23483
3900
5447
24237
30805
28799
1162
12030
10072
5342
20349
16702
17812
12404
14874
26760
15499
7759
11402
16507
32049
35
9213
27277
6128
1599
10970
13731
5615
29633
7192
25567
30612
13062
13803
697
31816
3685
16292
2386
6010
24861
18130
12548
14054
21643
14254
15422
15895
32161
21686
8079
23338
28307
20887
16640
6358
4307
5456
16807
20905
23360
26517
1401
26772
14491
3441
28000
27306
12858
6448
30606
32293
13056
29052
14864
17066
30348
21446
27558
1742
30897
21992
28370
30424
31014
11016
4911
10440
26495
12223
260
10649
19292
378
793
28612
31969
9505
8905
22277
16742
247
19033
2401
8303
11714
24968
31080
1246
25387
6247
20920
32359
871
21611
32194
14149
2583
29633
12241
29227
25197
23265
2120
9342
26769
102
16938
193
6723
27421
2272
1361
15041
22108
23351
25426
28139
28821
8105
20969
3749
26666
19933
8619
17533
14979
20849
9302
7310
31071
2550
15551
10659
31335
3132
11020
28576
9481
2256
26915
7710
21123
31684
11107
24150
29758
2478
22929
14400
29790
11763
5141
21244
1175
7750
6502
5232
20290
1899
8131
25651
16048
1857
30500
5545
20158
2047
1904
15728
7337
24766
32496
30203
10532
24376
17668
22397
168
7887
1300
9993
15884
20689
26058
247
6997
23034
16510
649
1231
26938
27890
14031
25181
27577
30016
19143
2829
537
17936
19657
5871
23291
12046
31522
808
5828
18332
26112
23618
6305
3011
26766
25286
26824
17776
15711
24077
3073
5597
12816
4435
29797
13133
15913
1805
28518
12028
325
9852
13584
22358
27763
18307
31887
2663
6875
14518
14832
3219
7589
27571
26924
14215
16150
15285
2658
5487
252
614
13156
15465
23117
28405
23157
32314
30731
21353
15953
16449
1386
23605
3950
4009
16181
26124
16002
17890
22126
26102
5189
20817
26165
6052
30328
30278
234
26112
32294
7215
6294
16905
17194
31500
18055
23518
241
15651
13883
29208
30849
26869
14208
11101
13242
10096
15320
11827
3548
14950
17186
27409
9546
14142
31607
19644
6798
23018
6227
17105
16540
1049
9461
23197
8795
15533
22024
23093
353
17263
7810
4547
12798
3329
3021
22303
30845
15125
11557
24479
19366
25821
2625
27695
8328
17346
27957
31652
9077
6233
919
30541
589
23443
6880
3531
11264
4148
31766
12323
10574
18566
10920
25874
29393
13390
2714
26273
26686
19199
12769
15864
19688
26158
26897
20855
28037
24646
7989
6403
21301
2941
21758
27806
10176
5382
17185
8507
12063
10376
16378
26576
31295
26576
10357
8876
14081
2755
20526
9483
16773
15254
15575
4328
23208
833
12507
18194
10187
23088
18752
7554
24535
12604
13010
20460
18813
1755
14974
24212
28355
23699
15612
20323
10684
8373
14769
1338
28310
24647
3283
8582
30427
21826
5326
9237
12784
9470
18150
15656
7906
25322
30494
1481
29537
11136
22361
4702
13325
27512
29120
4991
8689
10044
8803
30981
8525
22173
21539
19299
32153
10436
1231
12090
11974
17515
21645
18215
967
22605
9340
26592
22096
4058
2199
21119
11230
16432
4317
26909
26615
24903
11695
4515
29619
10091
13177
15069
32379
20720
16788
14288
15377
31777
4203
25934
17360
6521
27357
19911
30006
19990
22243
16226
1439
23146
12659
2124
6995
22836
16804
19792
6595
27310
1810
11945
784
8200
18308
12052
4813
15126
8140
4393
30214
5702
7151
7914
17537
18644
6790
3997
8003
23361
32612
32727
6230
8193
31097
12250
18378
1140
24566
31776
12794
28183
27314
17464
25361
30716
18893
13265
25548
9335
24723
8725
27521
22299
10147
31544
29536
10980
31312
26704
3833
30902
21319
10599
11774
8710
15474
21966
11082
29655
30237
30389
19747
13801
6488
12281
6844
14893
14748
27453
11006
123
18865
14652
20616
17031
18382
23901
18165
31762
29955
14217
17757
