13394
31762
25900
32064
15761
6885
16449
3992
15617
5479
4485
22444
13926
9370
8452
25639
2376
18232
23198
31035
4516
12186
5211
3489
16609
18648
3838
6363
17157
5938
25821
5821
1065
30638
23279
25643
10795
771
18471
22820
22178
6070
1792
17408
17687
20355
9562
10741
6514
25598
18052
28896
29362
18042
27546
22082
5601
28458
5649
22409
17735
10118
30864
28562
6111
21488
10753
19819
25863
152
3817
26717
6267
13725
27892
5418
644
22133
23765
147
30829
4238
3660
13085
22839
7477
4744
533
19086
23224
8368
4562
16891
199
2237
19770
11866
29728
18570
30344
21903
32108
30510
13644
14965
26467
31369
17842
7959
18487
15133
11528
30499
31280
18975
6011
24219
1939
11726
17185
26830
3529
18436
7229
23431
23485
2827
28350
10884
20358
28849
20744
18217
14150
26527
11255
6262
14674
10982
1057
12087
1939
14299
26716
2682
25132
22053
10625
70
11612
26132
16239
7818
7846
26933
32594
6228
17712
31011
1829
4931
29034
8351
629
26943
16367
19171
11368
12903
19376
15668
13055
11083
19279
20151
24472
19292
7625
21125
10423
8097
2648
26625
4357
15787
14232
9578
30617
25290
7656
20652
15735
4993
30995
6780
25686
20280
32048
4003
2727
11313
21190
13466
26834
28605
7732
32600
13251
30384
5712
9064
2213
530
28239
25662
17901
15383
5861
25035
30107
2385
6828
4943
11452
31269
6602
25711
1076
28796
10447
10375
3770
19898
5852
22593
28708
15604
24330
19815
31205
27998
18697
28917
28884
20738
32008
3955
24623
13240
3797
18305
7647
15954
17478
18100
25597
14871
6871
18592
9110
10355
20628
3126
29867
748
29754
13137
18300
14168
16537
16523
15111
13389
18236
10069
15563
6618
11852
8775
21969
25204
1458
17332
18669
6195
30588
29826
26178
27199
22402
21816
14340
13957
22089
13657
27778
23470
23335
5361
8547
26449
18856
25709
29743
29799
13873
30383
31762
19968
19939
22882
4317
10805
30146
1931
846
4446
25879
10849
10897
17797
16147
23647
27398
15898
28596
8855
6725
3047
20461
4169
25696
14663
21761
18612
5736
31379
20272
21292
29234
17118
31637
30061
28506
4322
27983
2095
3465
2105
4575
31227
7156
10961
21713
29756
6693
18074
9887
22169
5630
27521
27346
31874
11003
32162
4458
265
1719
14265
24448
29940
5810
12762
11050
15120
17233
16483
3743
32456
23590
16174
22171
30965
6514
7435
12293
30456
22248
15213
22736
22535
27572
30307
22559
29892
17340
26826
428
9492
7718
16578
18538
22574
5402
14430
9321
29426
21193
1696
4090
26749
6062
23716
24597
16634
30227
17179
31735
698
26328
27643
14351
12680
7024
19573
22555
22582
12588
4904
31887
20604
10684
20116
32566
15619
19699
22481
795
27068
22474
21888
15274
1654
7336
27395
12051
28592
30944
26601
30703
31147
17275
2988
18982
29124
6457
12703
16144
18945
10706
31010
11482
8938
27265
15896
3372
10138
20931
30107
14088
28693
93
17134
28662
24028
31644
22706
6238
9919
23776
31325
30517
499
6748
12777
26843
11108
19735
3529
30020
12620
6198
31521
4439
16389
5502
4150
3987
24604
27413
23332
1016
23206
28296
2255
7973
14295
30994
30747
17598
3024
20764
3424
24848
1465
19712
23064
16888
29968
4882
27867
30464
14656
6881
23950
31948
20342
21434
27095
14261
29360
5230
13779
435
535
14421
1292
20352
8590
3475
32677
12538
18571
30874
22488
12490
13093
28913
25507
22339
26991
15155
32445
21644
20741
1114
18639
5634
31972
16957
5089
19160
12159
32088
5906
7168
17167
26572
14733
6991
27690
26022
2488
11740
2711
27236
13487
30121
31841
20406
4592
32389
10026
2433
5976
12848
11202
23337
18766
22465
30712
29200
31550
8773
10928
2394
29769
4777
32310
31476
19514
12506
11474
25044
5308
24618
925
12674
8907
21238
6034
26327
3177
24965
20712
13828
11922
18484
16544
22999
20337
4304
29786
26682
12500
11076
15468
20477
9950
31092
6197
25557
1787
21096
15535
5796
793
16557
26948
19706
17686
32760
32483
26588
24180
32269
3410
27845
24660
25311
19142
28395
12194
25593
10673
7619
27021
26396
219
7367
27706
14378
31156
2167
22457
22082
14569
19614
6968
7213
30005
12246
25206
18425
28794
14414
30587
9699
1808
19915
27783
25211
18780
15597
8776
18434
21413
32692
32335
27415
22564
28482
26053
2707
3930
17123
20570
9905
679
74
1919
4978
25879
16670
26069
2623
28287
29109
10981
32464
27849
27935
14097
15182
32652
6758
17354
1972
12768
28436
27652
24699
26224
31478
6375
118
18896
24864
9928
16891
16145
25137
22103
6979
31379
23512
24090
14867
16155
24983
12314
668
28965
21191
18396
30113
29820
4573
5266
16855
2055
16619
21395
1169
5094
10090
28425
32156
7614
9526
13545
14952
22352
22234
31273
31849
31569
20238
32301
24253
27765
2430
8834
32527
19150
31437
19150
11707
29524
25050
30983
26931
7621
15938
31204
10401
3247
4134
13713
14798
970
17710
30887
13890
30860
30413
18779
21421
12536
24007
7414
4997
17591
7921
389
5617
13417
21816
4049
5094
2877
31973
14737
17551
16063
9248
18399
12787
16626
1202
7657
16594
30879
27407
5097
28623
5100
3731
32343
4565
26928
16140
13660
1971
23046
2937
12427
15625
27809
17937
2764
27752
3935
2439
664
28341
15008
9101
19052
6606
25816
2199
15735
29296
31971
13537
19606
13657
24217
7859
14211
31657
30115
7652
26186
32398
653
27805
30460
15904
13851
9567
21414
3978
5857
25159
25732
22123
25870
24977
12915
28028
28809
21340
3493
626
5439
13484
3224
26918
20923
23477
30537
10739
11255
6487
29349
20319
22641
5093
64
14078
22402
16170
9801
27028
31979
5550
21438
15994
5553
30517
21724
20035
8236
20617
27610
30878
19034
28793
25046
382
10873
11810
9232
2425
26068
17517
16726
25966
14813
1753
23487
6507
7036
21371
25244
31438
24743
26179
10412
15786
10291
29056
10895
29036
29673
8102
6525
12478
10461
25167
32312
2219
27131
12929
2111
23300
227
9775
23877
16387
18679
32514
31969
11055
20657
5721
3207
22399
9531
19086
8119
16066
31801
20859
20596
8254
12265
5180
15352
23192
16751
30775
14246
7412
21866
14682
21056
13148
24267
14756
30042
29286
27623
27111
15119
1553
18891
12236
