19975
22602
22138
4465
23207
163
31238
15180
24791
7949
22298
6490
3094
23901
11082
425
28100
3262
13090
28269
18393
5532
27250
3328
28630
7873
9961
15911
24060
12222
16613
27543
15548
21133
16010
22200
3184
30836
13586
17576
12104
9772
21603
11139
29063
11075
20711
17634
25071
26815
8088
10657
3705
27396
14426
23270
31050
23288
21134
23646
23011
2660
20452
17354
32408
8094
18800
25019
25155
9317
29441
26521
19001
31756
18606
12010
125
1243
15025
1489
32308
26802
19321
9429
6745
24815
21498
12772
4274
29074
25160
29848
29955
24479
26212
8121
26241
26308
8533
21506
6025
29244
2683
16424
32146
23795
7969
536
15713
31979
20561
11648
10108
32222
748
7058
22752
20261
22010
26629
21494
10456
9022
16220
9668
27703
28173
25194
27488
25416
13409
790
19371
9154
22058
24156
14651
6442
1764
14228
4249
31292
32110
6391
26285
11660
22042
32095
7030
24941
23297
18254
1279
23314
9881
10546
18062
16627
21641
25319
10270
25714
13499
30846
527
20159
13491
17981
4381
5369
29472
5606
18063
14230
12721
6461
26800
4356
6442
28100
6019
6032
951
3529
2483
30344
16768
21154
5577
17052
2941
27704
23457
19850
6284
29122
8735
23803
2241
28627
15646
18599
6909
6039
4009
17344
24770
29529
32366
21902
25669
17481
26223
17751
29893
28029
27643
32129
3356
4149
13789
10746
2196
15715
26835
5592
6651
24683
30530
3133
14586
18215
6439
16510
31138
27438
81
388
584
24662
7374
15474
5011
3191
1443
4743
22227
3186
22976
1607
26260
27250
11570
981
17780
2418
22171
18596
14129
27136
12511
28238
12294
11328
9505
7364
20024
29491
4334
10152
4588
3385
23735
6903
18235
1493
22149
31467
22152
1201
9448
15136
28433
7650
26160
12533
16325
30572
20448
1333
12886
26633
25184
26871
23694
29478
1266
4546
7142
17967
7655
16629
3925
6924
31507
23142
25446
9196
7806
20042
9357
25665
17244
23125
3003
6923
12096
26146
31024
8794
9100
32468
4497
26638
812
13822
12602
25570
132
26560
10709
11945
26534
11315
32299
7895
22729
30727
4155
3650
1783
12395
30089
11562
20229
13869
26041
1655
15048
11299
30556
6467
17542
31945
7946
11160
28331
25387
9393
14971
957
31494
812
11049
4754
7210
26136
8608
31425
1314
14819
8289
7510
6423
549
21877
1482
13554
27188
14510
7986
24513
17395
24367
18870
23132
26858
10286
25669
21064
12700
9977
7815
15323
30484
28215
10003
6049
21186
8305
2531
9983
4229
27089
21252
21526
1801
18217
18834
20714
19027
15926
22244
12740
27802
27431
28164
1749
16729
1881
1890
14619
22178
19813
1225
11913
6325
24156
4497
31074
21457
3153
21271
5862
2122
11800
32106
304
17628
24654
8263
6239
31551
22425
16456
9972
763
10289
4184
1403
15998
9888
24426
8558
5740
17862
3691
27478
16182
5663
8820
28723
31982
19017
18245
8734
22874
25792
21999
5165
71
29421
13264
11671
13855
31071
7620
6168
7358
30040
13210
28055
14978
6027
22469
26887
30625
7204
14164
7819
1472
25609
3621
32477
26049
13151
31573
10736
32732
14673
31226
21716
497
17676
21013
18139
30748
19470
5570
12794
21387
9633
32434
27249
21388
8098
16347
16814
1258
20615
8046
2159
19322
19105
27914
31784
10737
5277
10287
9124
15352
2897
27381
24302
5763
4278
27902
11890
606
11312
12969
30048
17672
22
15496
15185
27589
14446
19221
12589
19695
22264
2720
32076
13197
111
15244
4827
26919
12043
10939
6274
4568
28234
3655
8771
3748
1008
6771
17062
23052
10828
25313
14099
4832
16318
23557
13183
10581
3958
4313
4427
25175
6014
24786
25960
9504
28667
23059
16832
18186
14256
994
9681
18849
10691
11608
25243
16125
16580
5212
30141
18511
2795
30930
8155
25273
5025
28687
14914
30307
1602
3216
4047
23499
28194
11756
15629
19292
14286
3336
23453
27459
22420
22666
31963
28542
14661
30096
14270
53
23865
14497
19968
23118
18068
10980
11391
24124
7880
12175
19172
279
12891
7587
11906
21490
10987
8663
5249
5481
10863
31953
1851
377
11199
29084
25318
21397
19543
30807
3444
12021
25431
2346
26039
24882
2511
4991
11721
13072
30778
30062
29867
15258
23880
1912
17196
26997
4577
4217
4108
13934
20070
13784
16226
14677
17722
15361
12603
2574
18049
11029
9092
11237
20775
11231
27434
29218
13604
12555
18559
4829
11007
16530
23264
23572
1169
29049
30613
16123
23308
29115
26616
9619
24124
10372
21209
18046
10508
18591
21794
27410
16203
26418
3511
23468
6320
27305
8352
26183
23836
26096
30058
13133
13856
13285
13514
23724
22975
26381
18820
31533
12917
24965
26763
7682
18552
10556
25706
24733
20541
19552
20450
4809
574
27158
13269
9971
8187
13166
23651
23240
19006
30870
338
19974
3236
5710
19891
31627
16985
22427
2754
18611
14371
8128
29199
7904
12194
28778
27355
17242
10198
8235
14021
24922
3809
21801
20902
31329
16654
6168
2233
12494
30995
4965
3327
8368
5523
21172
1249
15065
22503
5773
24856
22068
30
4178
30922
27480
27202
6773
12533
11868
4317
16615
13073
31469
6332
11732
30449
18079
18931
20109
9195
3457
6690
17606
3384
27892
11254
30721
19869
24765
26610
23370
17995
22104
4719
15141
1285
2703
737
10181
21888
25932
24669
20350
527
18348
1880
23933
1920
84
31922
12471
16448
23048
4595
32543
19142
30842
7892
14620
12079
30559
29697
16698
2086
32712
27421
19488
13063
18352
14342
31938
19268
12241
24411
4311
29959
29629
30268
12686
15129
8233
3921
15484
1026
17292
30990
6361
25202
3305
12597
27885
17631
19688
12700
18373
18544
3372
31280
4906
13082
12769
31802
25044
22793
22932
19169
28122
28993
28488
13552
23405
7557
8902
11226
5062
10615
15156
7164
19549
17666
30697
6689
3676
15861
29568
2635
21075
31984
15659
9137
1069
18820
7242
30212
867
6550
12861
21494
29551
28676
28278
18173
28804
3724
2258
28756
31868
32489
30249
31556
14354
14142
2852
1185
15441
23992
16718
7063
10316
28527
21102
16295
14096
20110
7701
32748
29143
31668
3443
8099
21118
32410
26990
25578
27193
16885
22262
28360
24710
26270
28050
19310
24159
20976
7231
4028
14772
31601
20603
14087
29976
15797
5021
6682
