26555
11904
4711
10362
8600
16939
17118
18159
24559
15945
7257
30527
9718
16266
5593
11581
19916
22239
24216
29954
9646
478
1253
20091
28013
617
32558
25124
18463
22922
19295
29458
30229
27042
6251
12855
27406
963
11815
22242
5290
25690
1887
8325
25890
25361
21028
9659
30261
23027
19043
5257
22630
2001
8892
18404
25188
29157
28560
22132
5322
2230
18524
32408
26120
5179
4934
5034
2721
11075
12022
20612
3480
14869
28327
13123
19748
23635
7294
17995
12203
3620
30234
31371
9454
30865
22380
30466
18306
23856
1993
385
12927
25856
23869
25779
24444
22165
10787
30556
8378
30581
10482
10462
2975
7361
23130
14081
26470
12056
2448
28915
29718
9656
27366
11150
7600
15590
2206
19162
28589
27537
29184
1235
23719
23602
24746
16748
11863
27894
18472
15315
12735
31519
964
18679
29608
32167
5791
26440
8527
13095
12801
31677
24924
26360
30190
24604
14611
4504
8186
9846
20942
22607
7262
13808
12971
12306
11594
9418
17026
10151
7293
29593
9754
7434
11028
3543
20124
25104
13215
13214
19527
5194
12922
12465
14694
11308
10331
1212
20863
1902
2855
24797
2254
29363
14602
7778
14321
30313
8646
4821
12261
27376
6731
25910
18993
6142
3721
18567
18785
25410
1410
16270
7606
21063
11171
19926
25116
25500
22356
14839
9564
818
15310
17687
21395
7685
15916
31665
21475
6398
8389
917
11880
12056
30906
2864
20078
31427
8651
15886
13537
11910
9327
25245
12036
16615
16931
1332
25958
3983
7170
21587
22291
15786
10134
4653
5383
20877
26094
16227
20968
21915
4336
25363
6644
105
13041
5137
18232
10272
23683
10100
1538
1315
27790
10325
32154
2034
7843
31955
28973
17999
21388
23642
27914
17311
18472
31526
21521
6290
11894
3842
24935
15878
23791
4438
29295
32553
2073
25184
11510
22238
14937
12738
21934
15459
32264
20541
27358
9008
28106
20156
22359
12834
7963
3732
20906
30168
6955
9994
15256
4702
23020
17430
5578
14344
29545
25190
23491
24481
31577
3238
23570
4549
15092
32255
24780
15756
15621
19933
15417
25193
24641
2294
3534
4433
25559
23432
21339
2335
8776
12513
6790
29239
28281
27685
26232
32105
18183
7756
7638
27161
21466
23914
5363
14237
25085
8499
2116
1511
20908
18622
6932
26980
10927
11657
11896
13859
19175
26558
9350
1594
25383
10164
25538
32614
13893
18617
11993
7153
20080
271
9362
31449
7363
21300
31745
31534
14107
9318
20734
9916
10278
7271
5333
12266
1469
12926
30527
1762
16756
3006
23441
18930
26479
3722
11828
5426
16247
20313
11861
30056
1100
15031
32733
552
9533
8333
6564
25408
17911
1185
25569
17747
28827
22624
6886
451
11795
476
18954
32212
30885
21521
29414
1295
15560
23660
13508
8933
23607
10638
2132
16277
26437
28493
25505
1104
112
11259
23108
19098
7736
13035
3543
6899
7986
16434
685
32439
25688
31147
11456
10563
26019
318
18667
15449
29916
31841
22106
11206
8879
13534
17470
1089
31233
14039
10181
6551
1411
4104
3657
24581
21383
5197
16328
29925
27667
19300
1428
6798
27956
27635
18763
11125
16789
1997
8202
18584
9552
19825
5598
18204
27908
724
19835
8500
17192
7520
18481
28230
20383
6972
27163
9801
32140
462
3738
13426
21351
9598
16641
7439
4433
7869
28050
15027
2468
4166
7850
22163
26575
8868
6712
8240
22881
22773
29555
18486
19811
8941
25805
17060
15851
20510
1570
29742
14318
18550
13110
20192
5462
11785
13918
8707
7508
19472
2941
8516
32504
30514
20274
26387
23039
17155
11856
30282
18924
12491
27023
32527
10074
15240
16769
27387
29584
25910
24263
29820
8790
10573
2692
19831
13831
30860
19218
6450
25064
8693
14580
15730
9912
19737
8204
20192
7560
27029
16654
7345
25805
14301
18229
8070
25524
20280
17973
20369
22453
17676
21616
9722
24683
22876
5484
19841
32163
19599
18565
18020
13235
17011
12255
387
18957
22145
25503
14018
22547
17763
25947
31407
5165
20403
1998
22373
6425
14854
32465
27824
5507
3625
11143
23409
6614
426
30935
68
30801
9626
23583
16737
27485
17298
20006
29632
30238
3060
20563
7041
13128
31091
21021
2954
1588
3542
2755
10354
25139
19448
6973
21150
7202
4884
3186
15273
31294
16191
32171
11017
30266
13110
5960
30192
25999
12122
5554
11889
31764
6649
144
19940
23758
7375
25150
24203
11529
15309
4986
26742
23975
18713
28513
9635
7865
23125
923
16746
12620
8996
4306
10008
2949
22762
28520
9179
753
980
11369
24542
28950
24857
29374
29364
1614
14975
5284
5882
16085
22304
18781
16696
11808
26990
29477
7689
5232
7797
360
15228
29352
12896
17202
25017
4187
11839
15847
24296
10282
13063
23604
19022
11853
30170
2373
697
25967
20873
3129
27679
13759
4440
14291
12418
31300
22785
17010
2070
14448
19963
23107
19622
30201
26107
18869
23604
8420
32444
16429
3808
15843
8956
4860
17419
20704
8391
2702
19131
13274
21751
4067
10561
20464
20476
20035
2074
27835
14297
7470
17428
2529
2927
18067
27569
30439
11006
32066
11216
7495
18921
6050
28554
12483
11705
25255
14171
14840
24165
8447
27522
12086
11217
2700
11690
3983
11412
24599
28105
13358
6654
26435
17993
19435
11610
25279
25446
13596
25200
23232
31191
10669
17230
18863
4272
29043
8520
286
8839
3773
24382
23297
22997
6444
12573
2843
27808
15045
29864
9398
23383
837
1913
10391
5886
1460
15938
12081
21130
29757
24921
793
911
11837
21108
16314
22040
29850
16305
18506
6102
14422
2009
11005
24190
14180
13285
17528
28012
23482
10689
14216
7820
4263
31825
3348
21114
615
31922
4176
11240
31733
28866
15156
6721
22304
4834
18221
30603
13025
16122
13842
15762
25580
28862
26457
5699
21381
30512
3467
19286
16533
358
6133
22832
5885
26766
25761
10503
20778
23343
20100
13895
6121
19890
27641
9012
5245
21536
4462
209
10480
18733
27741
19969
678
26230
19071
29165
15160
12807
24892
13733
31615
25888
10597
266
21742
12345
8997
24299
17701
67
5685
3182
6084
10545
8784
6066
6781
6583
13287
20914
22382
31825
12565
5997
18861
27016
29397
13892
16420
3953
24179
28579
25247
29302
13120
24547
3363
11096
24714
19567
30082
18037
30667
7462
20268
10311
