13806
16177
28529
24844
4569
2185
31588
1920
14548
22733
32303
23188
2676
27543
30232
3146
10820
27024
28462
9790
12800
8665
26405
11820
21508
29353
9057
29617
515
9527
11601
27478
27644
16602
26878
15050
27498
6510
31204
23151
11964
7419
27136
28696
14596
9361
18218
18194
2547
19574
10917
2401
517
6020
24309
7755
22265
25036
6128
21019
11396
26239
28952
11039
9542
23823
9768
4083
32765
29073
14829
8961
5369
7270
32599
30537
18384
7450
14544
606
16722
7308
16844
28593
1471
14927
30370
14610
15160
2385
20122
10356
13428
16314
23623
9969
5044
7703
10263
32014
6649
20920
6440
26687
30324
22102
24669
10670
10814
6906
6578
29240
21577
28185
6092
20408
31127
29956
3541
32649
7593
12928
2950
19014
16187
24752
32645
19668
3374
8764
13298
21155
26566
20140
31036
9520
533
24085
29498
29903
14263
14328
15479
16039
27328
26983
21453
21502
32243
1641
2101
26295
16181
15008
22237
16152
22081
19753
28539
32465
2972
7108
21218
5434
31692
20789
16338
18653
2757
23274
25109
31284
11172
25053
30663
948
20639
19132
24822
23306
5948
328
19819
22436
1218
4859
31942
17011
26349
23789
17617
4847
11494
20728
21006
32092
19570
5658
22162
13900
1898
2076
6934
3942
9579
23153
9804
20837
30158
25185
28271
30564
11739
19559
18718
12120
30521
16599
3434
17374
17065
15299
7214
21303
13045
7200
17055
30608
13346
11813
11043
17543
4845
13556
20583
15852
10358
14204
9899
11204
28214
5278
28513
28564
3638
8846
27383
16092
17283
23933
23793
26337
7901
26997
5690
32175
943
27524
31164
9311
28996
32284
12078
16022
27703
17594
30765
17230
7211
25286
23439
2777
29117
22970
6900
15906
26807
4743
9885
19255
14982
5685
898
772
5359
14793
22430
17505
10493
16747
4238
22608
9790
16072
22618
25471
30255
11958
19603
4373
19444
6678
11166
23211
23628
15871
27727
4503
20933
32537
29626
3441
20780
11334
23877
9168
8776
21640
2306
19797
20680
13343
25660
7147
22905
31985
8272
26188
14268
32303
19390
19656
26424
28470
384
31554
11724
25011
8859
19579
16839
7947
19955
12947
8284
29946
2659
2252
10320
13690
22285
12946
19702
28134
5615
11192
30045
6495
1208
28165
23496
21103
14297
20463
350
18412
19422
16550
2595
31007
16639
1364
5415
32038
13554
23459
25854
22935
28420
9601
27759
11366
29288
544
4976
11529
2767
30784
18515
18649
1849
5552
12602
24252
5898
10258
4560
24065
32096
29408
14651
19595
3748
1708
3148
30770
11359
7596
32761
22374
13135
8565
6158
23829
4027
15879
15903
17359
27651
9738
1217
5161
11643
27735
11002
27231
13177
5818
29685
16189
3245
19958
9978
14399
5809
20234
19358
17143
15329
435
30263
32687
17261
22578
14483
16208
26541
23631
2794
6274
9908
3486
16656
22549
295
29953
24559
20640
6992
4462
26421
19815
29806
499
25418
11394
10319
4343
23429
25660
28449
1218
28831
30650
20358
22848
16232
7901
14054
18177
23480
9576
27657
15237
30633
17766
4069
9911
2819
198
8372
16823
3832
15945
13130
13020
8722
11678
22182
13050
10345
14027
21959
6112
15385
30926
19393
26661
499
7044
15887
23589
13939
30923
12587
28742
1778
24803
27484
27776
2845
32283
22991
1308
29350
7081
19434
30907
15162
21465
30941
20379
690
26986
890
8214
18829
20532
28742
31851
14750
10511
16848
28097
17666
13553
12097
8297
12629
854
10549
9572
25381
24549
8393
27941
32167
17232
17653
24471
10921
19324
10781
13666
7880
32482
4066
30315
11747
24373
14654
16793
976
3908
2768
16863
21837
4131
25460
29815
7481
22917
25367
9323
14852
20845
5066
16218
32612
26374
10516
26489
4169
21710
18829
26328
5396
19962
5800
26599
8707
6935
26321
5944
25072
27117
26040
4742
22844
21672
3820
18679
21766
25658
13995
12446
23200
4603
5369
30020
11075
3218
1775
1128
12289
17433
31318
6788
25084
380
14196
13714
726
3362
32038
4303
14696
10448
9007
3519
26295
24778
14032
11889
18211
30779
17817
1284
13282
29910
19070
15466
6317
3518
28973
7788
29113
419
9119
15086
26089
6190
5613
5237
20802
21152
17510
30182
21407
4022
6110
21905
14246
9935
9288
26989
17914
15952
13704
20645
22706
24904
7810
30292
17163
6224
32375
4493
24921
2486
28817
26271
25924
25818
22972
11671
12848
7383
18616
16902
24061
13926
7276
4
10737
11520
25726
29300
2034
13123
12320
13962
32761
21143
16173
14475
2499
11793
18804
11732
11978
27800
20564
28702
2163
3654
11913
7680
28297
12560
23109
9397
27114
2218
3458
5920
16256
3493
18583
30221
10099
10203
25354
19898
1181
22540
7846
19606
12351
9417
28877
14152
11762
20113
30223
24051
23520
3899
17403
30393
29491
26771
3380
382
27854
17992
19400
6382
7739
30470
26046
21697
8933
16607
32750
8509
25992
5359
29462
12285
24037
9792
5929
26098
22202
26603
22762
27303
20465
13952
19898
15561
20760
12456
14766
28646
16401
777
15333
30581
4107
11114
5401
8983
23729
30488
15475
12316
17824
16520
13988
5193
7711
12349
25393
26072
17674
1260
13326
1217
14608
9951
879
26936
15647
2711
31707
15223
8475
9909
18050
6333
726
283
29648
10647
6973
5966
21058
27998
27599
9758
10105
24321
24660
5258
32653
22276
14539
1502
1699
20169
20388
22302
8386
26895
4143
2983
13282
25528
12629
27924
22598
22223
2182
25183
25356
25801
2290
16968
32515
16395
17148
9467
18364
10669
30699
30957
6884
19838
5603
24327
5072
8008
12309
4614
25946
7509
18226
23842
1516
7217
30245
26093
25050
32690
22273
19839
2037
1334
13368
27856
1117
812
23055
12389
23958
16854
7246
22319
26590
20812
25660
6320
25278
197
23242
30303
5344
23314
783
15438
23072
19563
22772
29962
22501
21870
18481
21698
19378
28517
3960
24492
10232
1480
25583
20389
29487
10499
26852
32024
7460
24184
20413
20256
16021
12744
13357
30449
30459
27470
2222
31348
23719
4077
10027
21041
13072
3596
23036
7794
23404
15326
28952
14245
13181
2791
14214
7683
22190
5308
23829
3183
30046
25866
10317
12961
13948
9433
1189
23171
22356
2834
16631
31963
32168
13887
4656
2347
28675
21395
11852
25813
10314
14122
4994
25987
29844
18833
