26539
26272
27318
9214
3642
6464
14129
3010
149
4476
31700
25620
31272
15712
19851
4358
9810
21539
6851
19228
4118
22279
14532
18256
14868
6529
23361
8281
29367
5274
10797
25901
14511
2453
27089
28869
17314
14290
26908
28448
1310
10738
10810
13194
13779
24124
31080
17438
17151
20031
26118
16010
12329
6585
20973
31250
16658
22712
2820
2776
32745
22783
8974
2650
29630
19115
31174
18748
6969
8215
11566
20040
32652
9468
25636
18099
29606
4317
10038
19361
21417
6306
15287
8428
22687
17283
13586
20769
21609
1831
12383
19148
27127
28429
28212
25334
5567
21292
16062
24811
6759
25046
29712
30529
9669
226
20154
19989
16906
18954
6302
664
26426
9874
25087
16331
16608
20011
5339
21638
31743
11542
21115
27327
12619
30092
20296
17417
16281
24670
8416
8027
10901
24793
12905
11283
20915
20460
21286
11834
4968
21133
4935
14346
12441
32600
25350
7341
1108
1913
10223
72
25534
26317
15487
10552
14924
24388
3569
30364
13878
17290
19541
8211
6441
21734
24802
8903
317
14434
7821
32682
15910
18220
24795
12031
1710
15932
3315
27933
8803
4407
10487
17519
23436
25747
32148
30912
19810
29437
30168
14261
25213
25079
12612
12955
6029
18886
31779
1379
22090
29835
8730
3819
31918
6320
20223
7808
25697
4741
29166
6816
32373
24875
22170
1284
22355
27314
26850
32734
5877
19326
22181
14431
20822
13551
982
23164
15143
8001
1235
29170
5828
21168
4850
23687
28006
3040
12125
12691
26778
16253
26657
17088
24562
16670
29569
6670
28410
20848
5520
6426
10093
22416
1023
7583
13225
18872
15411
20285
32097
2334
32666
31353
11410
13593
27200
7430
4792
14726
22429
1859
22081
7274
2482
14084
29250
20185
18004
20373
24169
1302
24263
21244
29491
23035
21902
127
24158
16795
5762
31846
15266
3879
29986
9474
9628
4622
25898
14574
21259
3688
8551
12949
5182
5269
13513
31988
17613
31777
6586
26018
1416
1515
25518
28685
21165
27015
9979
28166
19038
20960
4844
384
14161
3362
29200
27540
13258
29655
1240
19657
30918
19280
27233
14995
11641
10054
2959
19993
19195
3777
15451
4155
26687
26681
1902
26324
580
28923
22510
26428
5263
17359
30104
12818
5592
13016
1807
15416
11524
30907
3699
10526
12883
1284
5174
6724
20699
26565
29739
6138
23605
8319
224
30571
11894
21574
28974
25049
8800
12065
19470
24874
32218
29872
18094
5540
24734
1041
18629
30965
2866
21251
2851
21110
4633
9292
1164
16560
20810
32089
6342
31776
13281
7973
15857
14135
9237
1628
3095
16293
14186
14015
27396
17623
27431
21962
21080
26558
1291
22676
20442
30675
27708
18680
18447
344
3712
26098
9484
4320
9647
9035
26504
20497
29033
19577
20021
24489
14596
20161
1873
4799
10696
28318
8311
28492
25951
27750
10428
6121
21639
23595
14583
730
4618
13535
22112
8780
496
23228
25437
25051
26867
10467
4760
7511
6195
15940
4181
29896
299
4541
22019
8623
17892
4486
23568
12687
6504
20940
7682
18860
1146
3740
9412
22547
25220
1283
2877
21978
10961
26484
12583
32425
23036
29033
4127
8570
4009
24141
26360
28316
13426
18330
12117
26366
15397
11839
4471
20650
22572
13124
19027
21648
11852
17328
14312
10629
26515
15275
32719
28811
11147
17632
1044
9811
23476
29733
6724
19968
9009
27230
14535
14638
11970
31902
3696
4403
8434
10128
14419
1444
5778
21014
2519
17436
20325
9007
6924
7480
20253
28446
4414
31462
2694
32713
21962
3040
29954
15455
12080
18547
565
29757
28778
13445
28673
20755
12924
726
27829
13378
19533
32134
28033
905
31925
22488
18734
10465
31447
19765
27403
18853
24753
12660
12843
30966
9201
22104
20685
26974
4362
27226
16412
25011
31880
13481
7193
31039
7840
21104
31701
24349
19724
22871
6627
12518
1814
844
24845
9358
2034
18307
12614
2440
21328
1211
28896
25905
28722
8388
15871
11883
17915
16702
21582
27784
20425
419
31472
15723
6661
19080
3770
1769
15929
11807
31903
22389
20769
28161
16491
14845
30468
3626
15285
271
4676
6469
30990
19776
16437
31275
12159
21198
6187
3750
6707
8836
24791
22394
30832
31198
12243
27046
18892
24174
10107
1255
6813
2174
18175
29566
29873
24823
182
5939
18495
5762
2741
18330
24862
3564
7585
26005
15413
12751
5569
18458
20787
25967
10839
26166
9344
7906
12081
25170
13683
27764
5243
23222
7365
26953
6359
9035
28485
25924
25008
19621
14542
17448
28106
7232
9078
22525
5662
23050
7945
15030
4326
5922
7350
27408
10996
20960
13063
12477
11079
6933
15895
3010
5344
8340
20479
13086
15058
16625
1425
26284
23193
3208
4937
6218
12460
22465
7808
12347
15190
17043
14051
28874
8129
22855
1060
15664
25940
12927
31727
18360
31550
11894
13344
27425
15443
15241
9523
13124
25880
17399
28923
22775
12313
10469
407
13616
3203
28325
5283
28526
8942
32311
1707
27476
7291
8208
29413
14743
24607
5147
31519
4123
14910
27390
19446
3417
8828
1182
12617
19204
5072
22501
20205
1004
10970
26563
20898
20770
32374
2418
11334
16989
26257
24575
13641
21916
9531
12550
14433
4621
9726
30397
20607
18990
18286
21299
7681
18738
25346
18650
11561
28582
1826
23620
8398
852
6017
810
30033
13928
18349
1202
28627
10705
9189
12017
3493
28394
7210
1455
2048
19546
17816
20075
16375
19001
17911
7583
9897
18804
7566
18758
30139
10866
17207
25754
19462
18167
18105
10530
652
17225
27985
28908
19889
31378
31890
9752
32424
2694
10096
19350
31019
16965
20887
815
12655
30851
7425
13514
18007
3302
30151
15080
3048
6319
4151
14450
6653
4765
3368
31668
13115
27150
14474
4777
6216
23912
5697
29817
6968
4023
12596
25664
1864
8600
24736
28945
12495
20821
30643
14139
16753
26193
4950
18122
5270
27559
31306
21329
14362
32270
17270
4327
25927
12544
13951
25200
1536
20251
6810
15646
6718
31175
26526
25911
4545
27673
3422
26648
28159
25847
17717
30586
16481
31869
8674
2548
22702
26784
20886
25793
14279
29969
17996
29380
6806
12900
14425
3273
12609
8306
14148
5902
22179
22524
15575
6146
23548
30609
30326
11340
15591
22449
14512
31759
20365
18994
20756
5484
17689
26851
10822
20553
3692
14192
30290
8017
