20181
20418
12015
17915
5065
8055
21334
20593
30382
13373
4073
4170
9132
32743
27709
6042
10776
17355
5729
17923
28066
3362
32182
18481
14288
20658
4096
12455
32171
27050
19646
3518
11704
32717
8887
8426
6697
6354
19414
6976
21333
22795
6967
821
1638
14150
29058
10153
13393
10225
19320
17444
21772
897
7883
14943
15099
11284
31027
1286
19115
13908
5566
18364
23234
6559
23656
8288
20534
11110
32747
7566
19134
27091
11736
32361
30086
22959
1255
8088
20519
31618
17803
14735
982
7164
28874
21520
6363
915
18764
4849
8262
18798
27314
16415
9693
19842
27433
14051
32344
7675
15166
5220
17873
19421
14324
20846
8822
29419
8979
10609
8065
30920
30148
29389
13418
18268
16731
19532
19546
1657
4724
17392
25060
6334
2625
23280
752
24508
8738
2813
20727
2904
19830
12489
20854
30832
28082
32714
8860
25282
19632
25404
26694
28169
4425
28773
1326
19048
25125
19996
29791
30732
10962
13708
22253
28174
14100
28726
2530
10390
6268
30517
22651
25158
2620
6086
7829
31958
18234
16647
28514
23803
1635
24319
5216
15758
4418
26335
30860
15850
10449
30855
21459
12182
11407
14668
10953
26404
14290
19449
30365
5208
10591
2579
2381
25997
18744
25186
534
31317
181
172
26159
26976
22742
8900
12726
23967
13016
16068
29931
3752
28422
24214
20892
6237
30162
21689
27872
30152
22308
11841
10504
9034
29682
1568
15315
11253
26129
7589
29921
9782
6731
24130
18538
25527
20657
10386
29232
22659
30514
5274
17586
32108
4717
1872
30883
12714
10436
16729
4250
24516
25522
19223
9483
27060
23390
25059
11382
8262
16496
19095
5086
18881
22563
11600
15229
31689
32411
24178
11190
19588
9082
14572
5707
7932
29870
28093
30672
3780
11148
27831
28000
16095
12323
19074
4750
4061
1738
18405
31646
327
15356
24129
8182
16957
16998
30046
18639
13662
30525
9834
22576
27624
16597
12351
31773
23584
31600
229
8716
22261
10324
30808
16024
224
4896
18571
15737
21006
24927
5804
11700
25025
16478
16810
32271
244
9531
29173
24008
26686
21311
22149
5510
31992
7277
13085
27792
29090
4187
9169
28221
17795
3393
14790
9132
26512
26448
21817
5556
143
6725
24770
11038
10364
14653
20954
14098
2860
4299
4764
19408
16432
12104
14536
9633
23036
18282
11789
16908
28745
8472
11656
30540
10679
3197
14984
8194
2231
2908
29844
12072
32680
9379
27823
16454
4160
5698
24538
30696
31278
22845
31451
18511
15613
11264
2877
28263
28988
5876
16792
15097
15580
8015
26898
31778
26329
7216
14374
6916
19997
25067
7844
16827
18337
14241
13561
7570
10197
19221
12465
4471
31554
5818
570
27821
12909
28177
32747
31169
17663
9265
16964
31167
4132
167
5496
24485
29745
30337
9256
24600
30089
20902
16242
10582
25793
20073
26666
22380
20994
20317
32103
30889
20399
9578
13378
13906
18504
7712
15578
30103
27535
19532
14492
1222
30441
16073
26049
10431
23814
6553
9239
7848
4292
17716
14085
26082
30545
10272
26825
26171
17808
7874
29445
18021
19647
9588
20602
1703
31318
26840
23571
13266
3890
12395
24869
18039
20978
22365
245
599
16546
18336
4475
27163
1431
11071
22885
6981
13209
18417
19807
9831
3400
14574
12946
14226
23480
31489
19050
8978
6239
32478
27549
10840
28209
13751
11369
3384
22025
19466
541
15189
21067
1725
31194
14809
3527
30316
28315
4457
25057
29954
24691
22616
2031
8582
20758
11546
31203
20024
18843
13564
17962
5341
28032
29459
23252
1367
16111
2930
3060
8824
30783
18080
22858
8472
7870
26954
14111
7525
12974
13364
24177
14971
8333
8309
26704
24629
22426
11236
14472
2882
10644
18894
31616
25467
22469
19434
15202
3187
28991
22414
20604
25680
26214
15138
12519
9434
30126
14294
25446
6866
21926
5008
6544
26501
16438
1832
13618
161
17188
23768
15599
25158
31197
21230
1065
10080
5235
5828
2597
31797
20450
27634
21609
7994
17303
21442
18537
25643
10291
18661
18531
27994
31628
25444
6024
3912
9716
30937
18780
4722
1215
3294
16479
18285
32255
9670
32749
8501
402
22923
21859
18883
7007
9992
7299
25821
31452
28520
8986
30002
5076
9183
28639
6054
15463
31640
28831
2283
27730
17902
21399
10577
368
11486
4130
29407
11649
31676
25236
5538
28971
15910
16229
11845
18494
19255
402
19170
27452
4348
22592
12824
18969
13356
14242
8286
9279
22547
20766
28566
25045
8912
22187
23782
4673
20928
3454
24771
13291
29242
29669
19790
10564
4733
32371
9956
32520
32486
12381
27376
26560
24423
4900
14596
4234
18740
20852
4649
13084
6335
31053
8819
2311
10215
10592
18648
1081
13420
11708
20801
28870
2727
20393
5346
25576
18552
23764
29895
7236
19583
10669
25264
14190
9615
4878
27679
24752
5727
17181
31663
23815
387
15731
17575
6255
20891
30334
3279
6240
12747
31267
18563
30617
10859
26024
15621
20252
30207
14546
7448
12410
8809
16970
21450
5456
21085
11077
29073
26642
13078
26212
28569
2567
31303
1497
15709
31381
85
15564
19573
959
19139
4093
3758
4076
6894
31146
6752
3306
21754
1203
26876
50
21260
8956
25573
12398
30905
17171
13185
2104
6847
26899
1167
5669
3827
20168
14267
19970
30843
20243
12143
28509
9277
8336
12269
13640
2455
9079
1435
13145
17233
18112
26013
1013
5328
18571
15529
11214
20364
21950
24599
22187
11460
19696
21816
20840
28528
10374
8937
25917
25207
21531
24936
30787
1826
28966
31846
5939
2000
20182
23389
19569
17132
6465
25635
26698
541
958
3008
7802
12732
29327
27005
7410
11403
26564
61
32728
28580
14171
12816
18126
19119
18092
4614
12151
24664
23301
2113
6455
2817
15249
31822
22075
31155
10878
31158
3514
6491
31070
719
4986
7731
15566
1496
22677
16766
25430
10309
22909
1912
13201
23640
11582
8589
30094
29937
6659
16585
19317
11175
21212
27792
32110
19735
17086
12687
15550
32636
2252
15602
8755
22401
2516
14295
27587
12115
15133
30467
15728
29689
2656
21204
26991
23784
1812
15223
904
16850
12526
23899
17344
704
4009
27110
31798
13920
30723
22630
9803
4768
8712
13130
19205
17275
29842
17810
19126
9235
10769
15492
18392
3585
12936
4513
14652
13033
30424
20695
26468
13393
24897
