21303
32580
11375
25449
19387
20725
5357
25472
10241
2748
20227
1335
16431
640
32273
12099
11697
17224
15118
10374
9843
19361
26983
27025
6227
2881
19978
10087
6358
25577
7357
31619
32025
12688
28597
19741
11787
7613
23908
24490
3290
16949
8338
10914
31659
24278
1711
24197
24206
9923
6248
15136
10417
26817
12408
6925
18900
5857
29889
22649
4092
29024
26011
28457
20844
22731
30572
32703
29393
2918
27257
6202
7613
20943
21755
26045
15190
24287
4982
13201
1872
26321
4934
23404
20248
12710
11130
2804
12626
11463
30694
639
29062
16365
27252
12573
13334
26942
1723
20952
13940
25785
31699
28218
22417
25299
4199
27152
1177
4706
5387
31854
24029
443
20688
14835
10257
6935
7190
5198
23991
16444
7586
29441
29915
18777
24049
18789
11521
27441
9419
19951
31068
18555
21787
14001
23360
12937
15101
7972
16602
23849
25
31524
15391
2505
14896
15164
9730
28126
18420
1572
490
22662
28701
11144
13667
23403
30393
13323
26643
31467
7363
12940
8177
10615
15864
15016
28081
4665
230
8320
15746
30458
19782
26044
8188
9538
31883
30672
8020
18113
30907
9085
29907
4333
15742
24987
12934
6125
28533
24855
13622
18614
32204
29240
29338
20084
531
14118
30668
26411
21065
15788
11258
27550
31034
26173
11102
3696
2316
15413
20080
5769
31764
9058
12634
6331
6126
32451
20396
29861
1740
13455
2129
6360
6926
13177
7618
21049
28947
23859
1657
10919
25423
31281
8617
6877
1182
6831
9260
5017
5336
2293
20924
8702
9126
12506
22119
13110
21908
8327
21565
15197
32615
1661
31052
17306
2992
20698
12750
9103
24225
20951
19104
27124
11296
3478
6134
14462
29722
5403
29774
5894
6426
4760
11170
487
17690
27373
9954
14248
4249
6255
27553
2523
8173
8936
17423
13636
10971
22752
8999
1342
8805
11803
6441
18011
26851
25443
27723
19531
20565
23432
10667
3839
21240
16804
17033
8973
14871
25763
2483
4439
10020
27651
9536
20968
13063
18905
18561
28190
6070
3605
18997
3598
6150
32518
27388
29988
6593
6945
24591
12810
9720
26622
30253
1483
17306
12963
24793
17977
24646
9477
2498
16268
15198
21708
29827
22859
1885
12119
2700
624
13674
26368
25440
10439
7981
17825
23810
16279
737
2135
6313
6532
1450
10373
12219
6580
12329
13852
13561
49
6478
10010
22007
21902
13166
16465
12496
14798
28566
31594
12823
6785
11038
3625
3857
5168
7041
30451
12321
763
11372
12941
8067
1665
1044
32550
20541
32000
8653
20632
20819
14781
19161
23019
16699
31399
14717
20506
5520
24887
16986
18970
2827
29338
25595
25113
20910
25362
29867
31748
18754
12442
25225
21835
25092
20681
14814
16872
30108
30200
26029
15006
11342
12199
24204
8318
17012
27165
15283
22960
16940
4431
23123
11120
1358
23299
3881
30039
5025
31797
5714
12764
12622
19898
13665
24602
12692
9251
17327
15060
25022
24292
3314
24758
8274
29366
16913
20957
29836
29497
27703
26266
14858
24542
5671
9075
13513
14340
8143
3691
8528
6753
28703
27012
5419
29604
31003
30337
17307
88
16943
10224
31372
9740
27843
25448
27591
26545
26384
14608
5737
31043
16690
13408
25748
13996
22654
10796
20836
485
19733
10206
11045
19550
30137
26627
17859
20384
17888
28681
12673
14641
23047
15174
18926
19895
7753
5949
12566
18273
17200
5405
2805
29571
29899
13451
3377
21376
2049
11169
14088
17645
4644
28727
17798
29939
7882
26209
14332
8949
30680
22584
30895
30323
13279
6878
32205
27695
32428
1212
30373
7822
20506
6414
22806
27968
1323
3234
25416
18467
3927
2012
26011
8549
11812
18942
26845
19178
26359
4518
1216
17133
12074
28313
31371
13289
31838
24766
26639
11194
12051
26734
9949
19967
2934
27627
11190
1476
13433
5677
31299
31326
23849
4837
262
19349
9277
19388
29073
22793
19946
2779
26870
6350
20479
9905
31870
16730
25645
6896
32414
19105
5286
13017
4134
2686
30443
10426
20924
28757
2270
24245
18825
9207
25631
5314
20786
3013
15253
16375
8202
32281
22347
26376
17798
8673
638
10250
10225
17037
8180
19324
23392
6956
22671
2183
25833
23761
6177
24197
15888
29756
19586
10177
11394
21174
6880
18813
16902
15933
32599
9530
6320
27873
2753
12083
8023
28526
13008
20011
2634
12107
26714
26728
15423
930
26611
16896
15244
8641
30913
4179
1946
27841
3468
26329
25238
26725
31765
24862
25449
21316
16041
11786
25579
11307
29685
24678
8019
9917
4380
10396
5363
21340
31239
23486
802
32333
29693
27594
3705
2582
9843
13613
26946
18731
7717
17797
3885
6858
1637
32683
26949
20260
3251
16625
28195
5821
8847
27560
4705
277
4491
31462
7506
20104
5540
902
13808
6515
29138
18031
15382
6808
13022
14362
16880
3268
5236
8526
14767
29615
15481
15662
11137
18979
16542
30838
1984
23392
10806
13826
26985
19392
27717
15504
23761
5271
32729
12742
32403
30557
6813
18039
1741
11279
13227
30754
5260
20178
19106
3003
19844
20698
9464
9646
9733
28810
30098
8994
25898
31964
8850
6266
14676
26628
7537
6434
28886
27984
333
11400
10994
20051
27524
5224
5381
27458
17025
18509
2046
15006
24278
19029
6676
25619
19083
14644
30905
673
2742
17275
7881
20985
10060
24603
15112
19242
25911
28708
23243
29820
26281
11731
11509
26780
9647
3276
28965
22778
32009
28580
26414
3952
13113
22178
21192
13092
15322
27591
26501
21679
9011
4107
12550
1407
22540
19946
19310
32377
18368
21791
23
6627
148
25520
6788
9346
20039
16426
2455
18943
1259
10542
8452
8336
28147
24108
3846
6100
2956
9583
23121
20222
9777
29530
31815
5685
22649
5873
27502
7995
3380
3995
10786
8525
9143
28709
11655
29771
11892
29451
12482
26393
32718
9203
18537
21829
31019
17019
18999
16362
20554
16948
23813
28116
16087
3054
17653
22244
20540
25655
16369
24246
16827
6942
1620
8834
10425
26941
17382
24128
21341
7670
7438
11536
5978
764
5187
10456
777
6421
25540
11567
9403
4639
8073
16762
23629
11345
13177
28244
27389
21188
4573
564
13691
10034
9749
2377
27716
22781
24457
31913
3627
28019
26851
27819
31032
23888
24444
10897
32182
11140
7955
13675
10120
22839
30149
28216
12732
23307
21561
22349
22627
29601
