24401
27555
13901
21981
19765
9990
21559
28197
1931
25266
1125
19017
27222
7413
21755
25775
22509
31247
14151
3898
10556
17302
4506
3531
28204
30488
9046
14856
4704
10243
28489
5212
14882
14530
8249
26174
27549
12073
7104
22967
22604
10259
14171
10782
23218
11849
17341
21031
31820
30886
25193
23324
6084
21369
22911
12649
27495
14635
22998
8798
12249
24098
27468
26417
1799
13284
29530
24898
22366
10112
2540
27555
26427
7978
4207
26072
19618
31525
16171
23515
1330
7654
7379
28516
19032
16246
5210
26214
30148
4120
7433
733
2585
28204
10447
1991
13289
13139
19672
3952
22240
23764
22624
5875
31551
4926
19914
25342
12172
21839
29164
8661
12936
18965
26030
28314
31074
32339
32211
6603
26154
4390
19734
23308
17032
5096
5241
20519
21166
8533
3546
27985
5259
28652
17607
17071
32578
25496
29075
15128
22234
25232
2729
14365
26679
29052
33
12102
16713
23257
21905
11423
14723
26014
3622
24179
24207
24352
7923
3672
6464
31795
23432
11115
7880
21906
4295
18909
555
897
16883
15279
31219
7344
15370
9913
11814
7267
29525
15345
8821
29648
24381
29674
4278
19144
18528
29851
18324
13210
15588
1122
24965
22069
7947
11849
26621
22156
520
31623
14050
31295
18706
26186
13375
20855
15542
27059
12348
26385
2673
21282
334
15360
25214
14517
12459
4588
10221
14603
19201
18719
26357
26702
10599
21922
1419
3696
18068
4003
25139
6836
29774
25370
21783
28785
1318
8877
18262
28947
15971
464
21662
26466
9788
31280
11005
14343
586
8274
7412
31563
6716
11127
6606
25635
4813
13508
47
6250
29939
29087
32496
24173
13657
27996
30762
17324
20496
1561
6801
8415
19586
12518
9476
7992
15783
18730
2146
8936
4731
28482
23454
16100
19119
14954
22038
5609
25502
16865
17440
19645
4484
16712
10726
29113
6378
23627
2165
32132
23653
17796
30992
20769
29312
19612
4810
21804
22519
6068
20052
7776
4646
3075
23571
15197
21952
10688
8309
4008
1476
24386
19078
24564
7853
5990
14526
29600
25066
1841
8221
28544
21901
32438
10619
19936
27719
16698
31001
6086
27028
10391
21627
17272
22067
6110
23162
23614
6361
320
405
22377
1830
815
20616
14996
728
24768
1312
30506
30527
22868
7501
7977
19185
9079
30329
22309
6590
3848
30488
10639
19174
4763
30336
7991
22410
18459
22267
16656
21857
7348
1563
26419
6572
14319
22350
31015
2156
24095
27826
864
25554
20989
8747
17925
12279
31119
11954
8439
32461
19022
28656
270
14422
16519
5131
12966
13075
26114
5568
15706
12480
11234
16050
11535
4926
7116
9217
27701
24017
9291
20767
4937
22155
1139
5343
20894
23560
6853
9423
21342
17244
6995
2760
18635
21066
28965
4291
29387
10679
20186
7918
22692
13405
12946
16384
2820
28100
24844
16329
6212
5486
7180
6157
5613
8786
6144
8082
25468
2701
29922
12152
2658
13139
15968
13001
24399
7467
14139
21585
18608
8284
29677
16048
20087
19874
2190
8877
22298
18214
19960
30669
13790
9645
554
11045
28245
15888
18410
12396
20773
23276
18863
10580
22028
16026
957
5914
22305
354
31122
19036
4445
8171
23169
1324
3673
19958
22941
866
23385
24908
15576
23862
12682
26869
26476
30734
29576
17579
25466
31124
9251
20623
12017
28940
14947
31002
20402
10981
30410
19285
29426
25229
7640
21837
7135
18058
15317
27329
9606
711
21962
8735
7156
17707
11217
7599
12443
28784
28814
29965
19960
28979
6654
21212
3699
26951
12143
6841
6791
9551
14544
11118
12834
4236
13099
4456
25935
6899
11888
15724
16402
17795
30836
4997
28051
18645
31033
26177
5759
2549
9328
12828
32428
20848
9276
11581
9724
30894
8505
32608
28803
386
19389
13844
6636
19456
2654
18726
30744
24207
29108
17245
20745
29759
26976
25447
18431
17756
8780
18708
9696
15939
16949
706
221
6260
26727
3865
1875
2537
28616
9976
29167
32422
4632
25518
24854
4242
20599
5486
10628
12677
17704
24061
21555
15266
17044
25518
21886
23527
25490
12432
16262
2818
28901
4582
29653
2150
16390
3031
6209
2975
28453
13671
21267
8162
8810
4262
4713
24041
9856
13095
25305
30718
7252
21172
6487
19541
4634
2624
21593
29086
11666
27421
6201
29147
19337
11888
2778
10095
14498
6881
4750
28792
26454
29335
23607
11359
18234
32099
3245
14254
8576
827
8544
23073
7873
19179
17471
23295
23034
28935
5848
12202
9428
11044
14528
30837
24872
19271
3381
16311
5058
6046
1026
12062
5221
19054
27043
12101
32528
20045
682
9608
19072
2705
30305
17431
10230
21512
19633
8265
4154
21994
834
819
8672
1803
32228
10362
13514
32597
22062
24421
18158
16758
20068
16950
9817
19670
27550
30651
31860
3020
31527
13088
7815
29201
1828
26119
18299
24437
32374
22746
7908
6864
5089
7520
12607
31036
6253
3983
15735
1409
21772
22690
31663
15313
10110
10347
16699
11702
26226
6377
9711
8776
20718
28701
3741
1699
3312
13338
16601
17048
31062
17756
25599
17827
22267
29530
4984
24605
3363
16222
26168
15539
3353
16789
3979
3607
6422
25698
32018
17653
29285
27128
5640
25129
12997
28712
32714
14639
21775
26231
2967
14043
12568
10868
12692
74
28377
15945
15635
32280
13517
19855
3604
10195
5531
29799
5132
9136
245
31942
26086
3709
15296
1552
6984
32727
9077
19177
19223
7837
16583
31048
21309
22949
28038
20684
19882
6317
4547
31572
22168
31124
15413
21450
2068
28106
6619
3903
20154
19461
4323
31805
31680
10805
715
19544
14390
5051
31174
7175
15755
28629
17761
11442
30548
11357
19046
1292
29257
180
2560
27555
15504
23801
9249
28598
6975
22910
22817
29766
14620
14972
20136
29039
12967
23557
7117
24569
9050
6715
24703
811
6191
2496
27684
1247
2915
5229
14209
6108
19833
20039
13786
5215
32643
5806
16730
17147
669
23000
9909
18851
186
1662
5131
28422
29347
3029
28432
10267
18236
29632
22122
9212
4105
27972
21082
18935
22258
23356
30879
24034
323
15182
1943
16048
25591
31005
15528
29506
27958
448
27102
31103
1820
11124
3797
2983
6076
17805
30938
20452
16997
25779
11853
9763
20004
16202
10569
2081
21897
11826
9608
12233
9134
9649
1408
30653
25206
15021
4818
10803
32275
