23090
23869
31691
29568
29425
24289
17014
12026
15191
6515
19125
5279
7297
6122
24753
14535
12022
20480
9549
29334
32733
8852
7423
32638
13933
15180
8415
5
11684
4990
26109
12745
22076
7249
3832
2753
29915
21535
31692
6597
4234
19230
19436
20561
9576
23360
18065
6534
28575
5975
7505
25201
25240
13693
15603
30608
8299
30899
8322
23442
1434
24008
23200
31583
7422
3965
18717
25432
4097
26086
9928
23008
26382
29971
28549
795
11846
28400
19104
29173
21109
23658
28513
19047
19012
29139
14305
22774
24496
648
22043
17276
11706
22481
24390
14122
9824
28424
8547
14286
13517
25342
30482
29778
20429
1178
3497
17541
4227
26307
20871
13343
8542
24960
29862
16127
6473
20574
17264
8886
5922
4115
15316
26953
12654
32608
6808
4403
3659
1852
21233
30378
14245
28206
9297
25123
32685
31483
17024
24600
2439
10881
17390
17929
19011
31971
19016
2241
5647
7654
6473
18394
3499
27803
4051
12931
29
9791
14142
10625
5285
14431
23792
17012
20723
32319
27181
4188
20376
28029
28209
21851
15035
30194
3708
445
24333
6361
20846
9269
27391
31539
30483
12137
11826
30570
21568
14513
27950
29236
25567
5148
7512
30394
647
29109
7454
24058
2128
24580
15477
1385
13541
22487
10629
22749
8666
13634
5538
13227
12096
16868
9855
23820
7799
13420
1950
9158
20292
18780
12299
23816
21283
22797
12362
19093
19167
3827
7310
11300
16991
9763
26412
7
32451
20242
16206
14092
29360
8864
18412
24481
19687
18005
15096
3131
21789
9706
19673
30968
2823
26123
25627
13443
15284
29787
31077
20536
287
22713
13227
23432
24581
11202
5284
11935
30708
22166
18815
18501
31141
32735
29650
17154
22411
18960
32467
9606
25772
18155
21706
4679
21936
17478
2246
6764
22583
22030
18575
14314
13424
16780
10973
13037
11496
11751
11719
30329
4255
15851
31102
6225
13153
30472
15163
6168
16467
6558
11382
6582
6861
20088
6745
7933
16743
19862
372
1165
26455
25135
4530
17908
14330
28662
11916
19738
30896
23965
16252
20701
31981
2199
25781
1784
8333
9763
25617
11561
15464
13702
25163
11667
18727
26519
15470
25185
9302
8065
5517
15532
11194
28869
27829
21150
8932
15998
20256
6360
5894
24553
31403
19218
13574
28196
1162
18433
17873
7990
22587
25726
17650
21072
8888
31204
17763
12627
32241
13242
6306
2961
28793
24722
27656
19928
5504
18992
20567
15277
257
22767
24466
19925
13372
1633
29969
23066
13927
25398
11220
26699
9633
13407
5912
22661
21543
27507
26920
16049
17866
32337
31862
5966
8609
25095
29418
14705
27643
11506
24442
10761
7319
9255
11771
13416
25880
14354
15670
27647
15283
13405
24383
31593
32299
10003
13314
25772
16639
17158
4639
5819
7906
16750
29176
31807
7275
1746
3847
26518
29710
3884
13174
28
24139
25928
25065
5290
10789
10605
20895
30557
14806
27455
28857
18073
14273
23268
24793
18253
6056
5478
8687
13432
14367
4184
24400
10220
14400
26813
4873
82
21921
6437
29554
26734
26243
23321
24326
25508
17484
14265
14961
955
14904
2980
29931
11234
19531
536
9925
1264
27274
19291
32321
1776
25706
4697
28327
15325
12425
30094
21909
8106
23708
1830
2711
16773
14760
6243
3319
2653
6262
21568
17367
19618
10817
27988
1148
332
22961
25336
21229
22046
12301
8620
4285
28972
6828
695
3621
3483
9388
28430
12630
21928
30951
10615
10252
7659
16419
1006
22375
26077
12169
1096
32247
16793
23385
15382
15381
4319
8667
22476
30330
10078
17049
10531
18186
18995
30155
12475
28657
9901
6163
27397
1265
9811
15978
25696
16122
17448
18010
22658
11772
18221
13935
24858
15609
1576
744
30643
15454
6308
2737
20188
26259
6457
24726
18054
4817
23821
13489
32685
2612
17563
29220
21307
13073
2483
25870
12329
1673
11970
31927
9447
1118
29524
32270
6142
6406
29143
14934
29684
10750
19106
7708
19055
15457
54
11372
12958
27065
26819
14916
26325
5909
22766
32329
25975
8796
27601
18617
6425
31200
3139
30625
19428
21046
9050
31568
27195
28230
4143
32523
22686
11678
19681
2562
24783
21772
25821
11395
31283
17771
8284
3438
29050
5309
2349
27625
13187
15738
11444
26964
16249
22568
16179
12160
1091
4908
1096
18203
11547
23776
8375
12911
8572
29669
14698
8269
15426
20923
950
19267
32269
9102
10976
22805
16102
17747
12000
20075
8997
29460
8292
27336
22417
9352
24088
187
22730
18151
14117
7769
18916
18684
5879
6634
7765
11644
7748
22243
6929
6038
19786
22293
29427
1483
9048
27683
607
12032
22415
7481
28198
13778
3818
5371
10665
9769
13180
11196
10306
28944
20729
25073
15839
23236
6776
24293
29424
3850
32119
18350
20356
20422
26144
607
25006
29130
6347
14719
814
7148
17603
13242
8781
31835
13389
21463
4617
26675
15846
21738
9586
6478
23245
5835
6740
32350
1729
3782
5910
20792
19724
12436
16354
26483
9920
25482
9991
28978
3649
22545
7323
6718
27651
20822
8548
16728
16533
14147
249
14797
12255
1197
22308
19274
20904
26063
1163
25586
27483
6903
22159
12462
30474
29567
26229
4036
7091
29951
29635
4524
31426
705
15853
31775
30424
6517
8497
880
22475
29478
31424
11807
28654
10093
6174
5804
9874
7141
13771
32681
3020
22750
20771
28179
22905
5718
20867
15842
1408
5413
19629
25823
18775
6263
27246
22454
17097
4991
11134
17740
4598
24426
6055
7250
6299
3474
5929
3867
16019
10741
31582
2474
24478
485
31386
19984
18018
17153
9045
10997
22703
1635
2700
116
22791
7195
14692
1836
24926
10972
7697
3475
31518
30710
1014
8078
30830
27524
22285
19519
29364
9447
13962
32286
4696
13171
6843
6476
972
18279
4659
21540
15817
28451
23079
32274
31963
13461
22040
10408
6175
12021
10930
26350
4939
23730
32757
5882
4592
22956
11922
27073
4092
17827
23704
7469
899
28399
19791
7280
19391
5490
26724
31383
4437
22988
15431
31586
31705
11469
32722
7763
24725
21296
22315
24581
20102
20870
24555
9663
7080
21616
18560
1865
22388
26897
30416
27390
18086
6595
542
10275
19523
17161
1074
9079
25563
13510
1460
6667
4363
29612
2522
3668
26695
12022
32067
2943
5334
15962
3106
13060
30
15417
9118
18558
32290
