13771
574
26211
9191
6705
9410
3828
31779
5366
15948
26637
13806
30098
23230
7964
5584
18428
2443
11225
623
11990
7960
7199
28943
11748
9577
20988
31573
30915
16377
26628
592
6616
1769
12266
698
1414
7517
32593
32378
28068
1828
16095
8046
26926
407
28563
30568
17466
25539
6745
374
3118
18890
24028
18535
11313
3974
3740
22154
11743
24176
7488
21177
29249
21184
14125
28310
30460
31702
21847
2581
31688
15321
11607
12347
7204
19102
14527
20773
12617
24523
18090
23883
4188
18492
19351
9734
30951
27301
25463
10064
18314
32633
14852
7883
16622
11
19797
5126
2299
4340
16047
13819
6731
27572
9631
12764
20958
2972
6469
26383
25359
8683
25587
7287
18374
5431
5367
6901
240
4110
25780
20782
15148
25310
7928
25743
11207
15634
1929
21391
14827
382
27905
3380
18451
14845
24028
8665
12738
28248
13264
28974
20853
25194
26973
31104
8918
32642
28068
11323
21810
27913
27260
27565
25133
7269
12483
5644
31925
19484
16114
16827
27700
17981
5620
3785
10250
24060
20537
12731
18234
28828
12038
7051
6243
28050
4623
25328
30195
10727
3399
21216
10903
734
4343
16979
31222
5079
22541
6475
8606
883
4279
10001
26174
11257
29489
11713
279
8952
15068
18184
429
25646
13711
1581
30658
9129
23857
31566
31108
2860
12168
31725
23046
26324
14412
21675
9197
1275
384
18514
11372
19805
24066
25
21106
21369
16992
20772
15905
26683
8173
31563
13443
28375
30228
17692
21368
30968
3565
6435
18931
28186
5134
2153
24678
16948
1188
22074
25979
32667
7618
28971
21253
10275
19448
32092
16182
12679
17704
21499
28178
8459
17813
7177
5923
2655
9021
24673
13167
30151
11113
18166
26535
29049
32386
19804
24225
21062
24102
11914
10248
26493
8571
21982
28499
9741
17347
865
7923
3817
16689
1357
17361
21681
13819
10956
17655
1166
29617
21507
17293
13918
205
17231
14088
2065
13963
5070
6558
26706
28923
31010
14589
29802
1364
11377
32572
28002
29323
10928
18450
2152
36
10274
5702
7797
16201
23835
15718
32556
8729
4106
21436
27396
7490
182
126
30889
2002
6344
31301
27040
11594
1418
18880
12842
17908
7918
9386
14444
18807
16338
29945
3788
20393
29570
24665
11678
29604
7295
25560
28672
27932
30847
22499
22530
21488
9652
28785
24075
16894
3409
3454
20344
18236
22347
28603
133
25605
19292
9604
21873
32176
17230
17426
26333
359
4726
16626
17782
10550
1663
32693
8403
5987
25961
26602
21920
15358
3280
5961
9981
14520
5746
1073
10017
14073
9708
9301
4931
25644
17348
27570
9914
2142
27052
14276
10595
27399
9221
31481
15683
31271
27811
15462
12141
26517
8912
16312
20518
12436
17555
26990
5704
17320
19762
13126
4580
14504
23797
17653
29227
20243
3629
1307
8847
9895
7029
13942
17189
26160
15160
30038
78
17567
21619
10577
3478
10331
28860
16183
18396
20700
3972
16201
17076
15989
16025
5029
17673
19569
7150
4869
30983
12642
9375
9129
21303
22966
30000
2706
29932
20619
24342
15089
3551
10949
30584
14815
278
10333
822
27214
20746
32763
25643
21824
5896
2248
27567
16951
2520
13949
13920
13292
22429
7105
29987
7491
22268
26289
18277
25215
21376
3008
2727
31410
31037
4801
17209
17784
9140
14914
581
26853
5111
25884
27920
19388
21006
1608
18813
32738
15768
32500
13267
12562
4533
8918
25023
27601
24612
22209
5789
20645
18345
32118
11507
1922
27058
9916
22846
1925
25401
13491
2546
1765
19692
27493
2236
10022
1676
7838
16650
12687
20883
29182
20429
30687
32537
24396
16509
11580
13560
30477
7006
19308
3631
3925
10499
22599
6788
21726
3856
8044
366
29271
10820
13364
19505
16894
18870
20452
6987
15729
12126
24615
19215
8129
31192
22971
19344
28105
23397
9066
12224
22718
16947
11580
14297
12039
21982
2027
23292
20302
28214
4247
5144
20951
26435
1211
30222
23568
30342
4704
19219
21098
25986
14480
17237
23656
21883
3086
30433
28405
28798
13380
16068
20731
11169
13437
10608
20017
32396
21844
3682
3125
13368
17004
1282
13786
14583
12386
17099
28867
2485
7936
9387
20785
10365
2996
26541
16409
14911
10304
21717
1914
12752
27058
25675
30957
11314
919
7101
25214
25110
9068
11262
17850
21151
85
4595
1289
2921
4882
16047
31550
12746
2606
2781
12653
12631
20089
31070
9980
13226
11193
3380
24573
17763
29085
13983
11707
19565
8434
7045
26003
13187
31001
16151
31238
28402
31161
19634
10764
16032
11441
2563
15018
20813
19537
13423
28358
11545
6601
19890
12603
326
30689
7110
9513
17728
7659
24582
4238
18650
30454
2451
21787
6619
325
26359
27456
25273
16896
6920
5002
9892
8488
22799
12846
32454
16848
11306
2278
15562
10891
19951
17147
5787
21025
20562
1955
16238
25734
7881
1678
4610
21516
6830
12988
12326
2775
22244
8081
15229
20625
14013
13355
2942
14432
29723
10483
1214
11029
20694
882
30066
24999
30558
1127
6959
25567
20130
15382
13813
24404
17712
14562
19564
27290
22429
1054
1389
2231
22055
24865
15044
214
11673
664
10549
24128
14191
10785
25021
11399
21819
26133
24601
17412
23367
24996
27277
14980
3708
31528
7902
19519
14722
5299
20640
20746
7465
21226
7352
4557
16392
15895
22041
4662
24932
31097
12241
8879
4947
1247
18505
20110
16416
15477
31176
31372
7922
2781
5178
18297
23465
385
25648
3374
30217
19240
11047
450
7194
11464
27917
24833
974
2203
14081
10265
2021
6005
17243
14743
3086
19541
7916
32146
27727
5690
13191
21030
31654
29752
23487
24613
22001
4042
25587
10248
2315
20842
7304
23340
22840
9055
24950
21819
9411
22231
15110
18919
10981
24373
31706
31455
14825
22444
45
2555
2190
1805
29276
15290
16045
21981
14501
15855
28955
27307
28719
18103
5329
24736
6475
8110
11594
19544
22778
29027
14893
752
29615
25353
10284
22369
25942
25199
18732
16908
14996
10290
6054
9878
3921
19505
18765
11253
22132
32321
29937
23243
20205
14114
20387
30195
18937
30130
17690
16730
9889
23649
28501
11025
9860
17125
12674
2720
32727
4143
31263
27292
20650
28829
28767
4220
22381
15473
4303
13992
5298
8834
32057
11475
14901
27441
968
21131
2841
26527
8558
8206
4468
