24861
899
12640
19726
7396
19631
1946
16230
18439
8457
29829
30966
24485
15744
25703
3000
26979
7803
31261
1769
4121
31164
12650
24589
30924
3978
31631
27955
25565
5903
2588
21626
28287
18943
15365
5332
2158
21370
24824
3082
29151
9780
18158
7681
21938
32211
17921
24891
21487
3992
15997
29856
4208
11842
15673
25215
6619
25903
14888
13520
15572
20165
9515
7868
6000
10768
13609
24415
236
29612
11618
16844
6559
1510
3328
24145
5933
1054
23791
253
8446
5488
4079
22880
20718
12947
10472
22418
11334
2816
7037
23159
10476
17751
6883
4928
4822
7935
19188
16949
26052
12045
1919
12466
28463
20584
13795
3184
19580
30506
21724
2054
6518
30025
16028
25776
25339
29302
20766
18766
12789
6981
28855
2736
17037
19343
6382
18704
15259
14357
28557
1760
31328
23397
3576
7367
18039
10754
29886
12006
521
20927
23918
1887
10817
2156
24236
31256
15359
11700
5763
13756
20689
17478
20221
9731
2079
1587
20721
19252
4261
6295
22813
10984
26150
8828
25460
15888
5983
19195
16569
57
10299
25252
10829
1039
25669
15393
18502
12576
13666
30741
24000
3811
21184
18506
3960
16633
23562
28172
30871
6322
13534
30672
459
24531
13440
538
11932
16535
32208
32669
21758
28403
4985
19619
29474
30494
31852
4527
6034
21841
3213
14689
3965
15052
9643
32155
20303
9241
1206
20450
18821
9364
28460
8455
10176
2859
21717
19462
6680
17507
14768
10286
12466
7579
31789
1666
29589
19861
19356
7776
11449
26162
25318
11616
6241
4989
23419
20095
28587
19435
11403
19581
358
21986
10873
29571
19747
18039
6797
9737
21647
23932
12009
14583
5888
25274
32446
23306
27469
26747
20159
2938
11235
5964
15830
25562
26901
26368
10774
14655
5556
26872
25074
22692
25056
1954
30124
25229
14365
24384
15632
2539
4266
5099
25953
14912
3854
18647
7060
26883
7667
7384
9916
5702
32055
20517
1734
16534
30273
30557
27494
20515
10897
24519
5969
15649
12443
2270
941
30061
29398
22285
22469
17780
1296
25527
2306
18513
25604
3706
14103
9013
21294
13237
6267
4108
19678
11335
2844
31581
14476
31386
7506
14706
23403
18657
8977
5818
14144
7325
11108
18283
19317
25446
27158
31339
27753
15592
27058
4977
9483
9772
6575
20584
22183
27161
3300
24084
2816
31546
31810
8183
11422
6849
25025
12150
6505
28876
16283
22072
17271
31208
26553
1999
21539
28115
22378
7834
1375
903
31579
24553
9547
13939
28612
2915
30726
28940
4319
31141
27587
16516
28574
3628
21280
30169
32413
117
6580
22546
2902
16482
9959
19398
22420
31200
25351
5085
26410
31687
4760
3994
21988
1538
31723
6618
18878
17135
2802
28054
21844
28680
26450
13231
24218
31172
12474
7659
24013
3768
21875
13114
2217
28162
14137
12607
15837
29927
4682
9995
17596
12219
23228
11564
13621
29185
1043
24294
7173
14804
26387
30912
12075
25222
14803
16451
9884
27270
19987
6398
3385
20615
2511
27341
7678
19422
19989
15707
380
25644
16403
11494
32649
11326
10356
7234
31030
9265
23789
18465
16129
1754
26642
8081
5964
1637
25455
1478
2318
15419
14292
24858
16073
20522
14320
6994
5564
6848
18721
30499
11609
18167
3723
24309
2809
14104
19048
4326
9679
12505
27038
19474
28442
5320
28055
25362
10911
9453
10317
22466
11095
7851
32420
25671
18533
11240
9469
5457
7754
28526
2568
22942
28764
12432
25561
10944
15989
27152
4927
13087
25320
16448
20817
5441
19641
8808
23369
14409
10765
7016
4246
15806
5855
5534
14124
1166
9205
5642
23071
23891
18962
12976
30320
21460
7534
18494
27175
12751
21859
13039
22945
7926
31849
3759
32556
567
23620
17024
6353
2112
31356
23324
26737
29507
14606
30940
31252
6134
28513
21720
9341
11231
3963
8528
30722
18638
11125
18763
3994
18859
28460
21373
30776
25713
25146
27758
8791
9595
1573
23513
4566
12287
9429
26962
16391
26584
25420
29740
25603
26760
27793
17050
5440
28029
18669
19476
31845
3987
13658
765
1628
31707
3897
24962
19881
1947
10307
15813
11771
17813
5826
10555
13825
140
22017
24402
27519
16133
19201
1880
5537
13387
365
19864
399
17077
13520
6086
30017
29483
31238
22685
17557
1511
7409
18118
15519
121
1645
31484
22848
23822
16005
14702
30970
16113
24295
27236
770
20562
2453
1574
13207
11591
14302
30746
659
16
30093
15660
22592
12959
23648
16754
1132
22872
25531
16656
11200
15125
22686
12378
8013
6765
4565
28473
21096
9270
13422
19408
25272
10056
7280
6239
26253
31108
15818
22631
30067
11797
4490
18703
7944
246
25423
18630
17418
7092
4865
25130
1460
6006
7871
32296
16203
24634
2329
357
15860
23905
28544
22749
10952
878
25850
14795
23338
13067
25883
6344
31576
2381
29488
7222
18241
1336
14781
3551
17815
9862
15914
4058
14628
27044
31929
6319
15457
17662
187
31418
15173
2940
19716
31445
16219
22604
10396
14897
16919
26595
9143
30597
31082
574
26855
27499
21140
23150
11921
17414
3898
1875
23710
1001
14520
31144
14962
18484
23992
4927
14626
14848
19972
17294
11745
12030
18584
19819
4284
15706
20476
6676
5000
18150
6352
15730
9496
16244
18088
3999
13491
12931
27419
32677
18884
19487
31511
905
17364
26882
11895
18824
22198
29183
32216
3744
5889
1697
12968
15954
10948
15119
15743
16295
29300
27954
18099
4977
15913
29978
11559
10195
25354
13470
26467
1283
17670
19011
31466
14159
10438
27488
32199
6750
25055
10623
22122
27065
12619
9989
11698
14985
26650
32534
18251
17059
8805
25779
13370
4289
11908
15653
5046
6674
29824
14751
22074
16630
29131
13343
14040
14594
7471
21397
24272
27723
18181
15175
26465
17889
18855
18804
11743
1433
7720
10551
11782
272
10562
15279
22158
30188
21647
7261
3071
20837
18428
17613
19911
4357
22396
4985
12682
8363
30969
14826
10425
22998
22160
22048
17510
2080
20733
15156
27479
5897
1620
11580
13913
19702
12531
5231
26326
14202
29364
27530
11178
11475
24679
28018
10291
1720
24959
17946
29095
31314
14347
19111
30379
12680
17640
31954
1313
2431
23605
23950
25153
6753
15880
21227
10475
27742
1887
9531
25147
32241
12122
22387
3167
32613
25767
24276
933
26519
24381
32202
472
17917
