31309
17940
10189
30183
10869
1573
17721
5893
9272
9674
21189
28458
18091
13838
21093
6479
7792
14427
2533
9691
5352
24801
19397
4130
8101
22587
16966
11563
1054
16464
28869
30646
935
120
24392
23933
928
7393
9303
29115
1516
7472
16653
10475
1445
18027
878
466
3085
11286
25339
16319
4552
23708
2948
6674
73
11505
2622
1275
26507
26486
20757
30596
15361
25117
1091
21202
12495
16333
17954
20135
570
24840
30014
3884
17501
18379
4271
18414
2590
29365
13990
4134
30817
29548
28997
19517
6524
17469
17844
20623
1258
8450
14705
8560
12099
26441
16871
29804
30315
16818
21059
22227
15882
8857
31619
7542
12349
20981
21199
427
30348
4736
4621
3991
32539
8729
9904
18860
8740
6502
8912
9584
15268
28349
17536
17792
3413
8261
1884
5333
31965
18776
29793
10055
581
10028
9218
847
23212
20659
9847
14609
21309
9663
18009
27290
16478
14698
22892
10598
29994
15285
5052
19749
20258
9839
4331
10174
10783
12633
1993
14997
20620
20871
23589
20746
15313
18441
739
9282
14610
971
27727
27689
17946
23226
26801
439
14994
24104
15138
30323
4471
20082
20125
17718
26315
29152
16729
50
32138
21196
14934
8242
25055
10503
15670
22819
31640
29304
28751
6100
9432
32518
2302
3322
6411
29625
21054
26999
20511
2331
377
12252
6642
2277
19870
16172
3590
20183
31859
31459
9084
20712
23085
13366
1344
29343
20286
14493
30337
10177
2158
10639
23396
10796
25901
396
14841
18179
8231
27233
18286
1803
26138
18600
21890
13909
20196
8334
13373
3870
27873
14297
23518
3059
26227
6441
29462
9497
19938
23677
1395
32043
11111
22778
32287
16645
28035
9192
15050
16097
13205
254
19173
30912
9900
10207
12049
13836
21658
740
11479
22651
16714
19228
2713
30774
8787
9617
18376
2875
30924
9677
9560
7167
32099
22941
4721
21336
4777
16917
20840
22939
12720
24020
26861
21249
1240
10378
13702
31568
9446
13239
12092
9399
11350
15541
14227
7673
5363
25592
960
17358
5028
27029
30487
16774
26249
4865
451
17647
18758
7707
22457
10617
927
25965
5103
24216
17990
6575
7112
3434
18928
13453
22227
16794
25774
2219
3766
6532
2427
4837
2917
16793
26129
28891
16280
16133
4866
8365
6523
19856
2563
28163
19367
21698
22155
12369
8785
14411
13469
15961
14529
1954
4577
15089
8966
20715
9466
7942
24553
6942
3860
9441
10015
19302
15292
30889
26563
31175
29429
21033
2819
30980
20872
23508
20249
5568
7067
2822
20093
20707
7557
19853
1880
6463
3809
12392
30524
18548
11233
25550
7955
26384
30950
16499
854
31739
25677
12806
31872
27411
14987
11006
27585
10003
8316
1430
10230
15033
2040
30230
14041
27944
21160
29269
9845
1419
5911
12924
6878
29179
15372
12044
25630
21923
24088
16419
12402
16929
13163
16891
11959
8240
25067
25267
13599
2948
31624
32082
16424
9718
5321
9737
24015
9697
10667
19384
22784
9164
17580
4788
14674
27465
7203
19656
27377
21276
6610
12921
8923
24736
190
16782
21328
14951
9535
25808
17539
11809
27475
18703
9622
19903
32567
869
10693
26584
31801
27839
1506
24395
30152
22168
25089
9766
5837
32008
4980
24518
19262
23038
13050
28224
10223
15817
25395
28416
1196
20702
23383
27312
31878
25301
2600
15452
18538
10932
25893
29651
10232
23664
14337
14160
19601
14257
2131
26713
31410
29654
24975
4072
21889
11577
7477
21961
2214
14260
31560
1859
17500
31332
7938
28922
16328
14508
17350
4116
13705
27773
15958
24219
3728
5589
7750
16162
12082
9094
945
19372
6779
22841
32042
3017
24518
22194
501
22018
1674
9302
23672
24695
27767
26858
6380
17607
18882
11421
19544
31536
20413
19785
18368
4344
5546
2038
2969
7691
18385
15264
3969
15845
19664
18746
12845
4018
21811
13554
26019
436
2372
27831
27561
27622
18724
22520
13949
15839
13083
5295
16838
17400
25645
1439
30667
18353
9966
5593
30435
3921
1175
21893
19244
205
27736
21471
28800
27627
25840
23168
12453
16295
31868
28127
12740
11990
27276
14103
18717
2057
6268
15083
26104
17588
1026
519
10463
5008
12291
5768
31498
25149
6059
31423
14875
10796
22460
32050
19468
1212
550
3556
12133
19107
20441
30935
23474
17040
9431
10702
1588
8975
6797
23895
7895
27564
1123
25353
6500
22875
8850
21771
22264
31255
30517
26838
17333
9162
29092
15675
31927
21101
25597
18855
4681
12656
30467
21158
14937
21596
4140
1958
1834
25271
24053
11774
30281
15144
32377
32046
27586
20955
29762
4200
28051
20007
23903
4432
13153
11118
8374
1
24170
24901
1436
15440
28091
22229
27043
13396
17059
9601
2227
23590
18791
28362
2909
21221
6711
18799
20331
22781
9825
2520
7868
31657
17861
27060
18511
6583
14473
21218
20381
9612
28942
20877
9772
18535
14882
29084
9057
19178
3447
2889
11926
26326
11859
17167
20332
26134
23690
16586
6242
13055
13226
25114
8103
15830
2677
27656
31277
23442
26260
32748
27903
484
22665
22414
18644
1141
21478
3211
9188
14191
22460
28410
26106
6974
31575
12112
23243
30104
13096
24449
16006
31674
25091
3944
30892
29173
2699
2153
31010
25706
13546
27733
27525
23826
23749
15245
13501
15105
31598
1643
28373
3819
604
19933
22281
8423
23001
22355
25121
883
14331
30684
27390
22456
25557
6795
12147
10000
14574
1568
3926
30150
32499
9700
16854
29469
27048
22997
29966
27283
21796
4611
3035
23142
4670
14650
28139
21336
22339
13025
7703
1455
10474
28706
2803
8065
20361
24652
19875
24622
11400
16501
19184
1326
1046
3683
27291
29709
3868
8877
22768
17843
26991
13853
1695
5865
12362
22105
23240
16921
25851
3522
19285
26197
26588
17053
20364
24475
8069
4465
24804
5208
8256
9903
32280
15402
26558
23448
25723
1002
264
6748
29579
13034
9399
19839
28360
13691
10600
24193
4551
12467
22635
1982
10882
877
31419
32147
11762
22672
12851
12994
31456
11925
29438
15384
16120
30787
12624
5965
12831
15037
5971
22827
7174
19647
22373
1778
22527
6949
28288
7932
19216
5805
27385
5277
70
12029
2926
17229
24396
32488
18938
7433
12604
3565
10154
6134
26549
19200
19509
8008
23086
9358
19943
2914
28042
25019
13791
25918
23020
8430
