29122
12397
4121
31360
18872
28852
15880
20129
13512
30061
26976
32338
30158
4695
498
14574
16966
7243
26947
31156
2307
25886
3810
715
4389
11977
9976
2436
1349
22983
12065
30688
16114
21183
13690
26450
26209
867
5628
14533
14944
19096
8712
28129
5260
16343
26178
10122
32196
17875
675
28074
26333
12380
18634
9265
22935
387
5267
20826
13776
511
4843
6447
20216
14543
27363
4687
32197
1569
32003
22511
31272
25971
11488
32031
4479
6904
26864
17742
3340
20541
25758
17937
23718
25612
14490
22048
22958
29073
23923
28065
13893
21179
13415
23466
27836
8677
4730
29953
17228
32438
453
8230
14344
6725
11537
25235
26895
20097
10660
21314
19718
17617
4955
5744
20422
28663
12025
18081
10065
23866
1727
28388
29963
8388
13629
31320
1831
24905
21095
15599
20063
18153
14059
31090
23528
20824
2498
2245
31653
22844
19461
1645
16027
16598
22275
9807
2469
6117
144
6074
31848
14023
22944
6568
17546
5346
15124
9281
12575
24130
5331
19361
6756
3203
13085
16347
29104
1778
28188
3646
3495
3567
30652
2007
1713
30102
15293
28982
14251
29598
1543
24437
14044
1152
25405
26231
23338
11228
28564
31854
8589
5145
2022
13984
1733
20813
4354
17258
10568
19292
18759
17797
18303
4963
22641
29832
28209
10327
4530
9902
27456
28393
7173
10202
22675
24749
29887
472
21331
13948
102
6630
13146
4631
7623
18291
22248
27404
28483
18470
22168
17118
20074
13602
13715
25696
7627
23945
25092
12898
27913
10814
6604
18831
9010
28400
1910
31126
9037
19540
11117
22920
7986
1969
25964
31617
3231
31650
12855
907
28807
1560
29065
9663
29869
6046
18509
20398
31602
18401
29456
255
9707
4975
7351
5977
55
9919
3437
4483
18448
23154
17888
3529
415
17624
23213
1954
20117
1206
9240
6289
15223
10566
5633
16457
30521
23424
21524
30740
10511
11416
22079
5493
22656
11720
12649
16396
7100
13647
22625
32443
47
29882
26900
8199
24918
17506
23044
449
8658
18486
7157
31717
31419
20922
1001
29378
21814
9040
4431
21595
25162
30903
25720
1294
25839
30929
31050
32627
25192
29865
31288
11143
11475
6068
16242
12554
31743
27991
20056
18725
2173
24490
27957
21328
23802
4988
7978
12659
20940
17815
7272
12107
26314
3396
6818
30992
28513
10258
31171
25941
17636
13012
10460
5679
29476
29673
22368
13721
4929
6848
18067
20759
18623
6298
20288
6298
5340
30354
28586
1188
29729
19675
30150
10156
31288
16202
6567
11972
24573
8980
7226
21881
14295
12760
15923
20731
15433
28128
9031
30334
27844
7076
30108
8415
27840
29839
23934
6539
22795
30470
8531
2205
1888
30631
465
12358
25659
22478
9838
30578
25324
1374
11800
1960
13290
10174
14375
562
13675
7713
31120
4223
21041
13067
12891
21445
17063
10513
5975
30698
25644
1248
1036
28069
6831
14464
2289
4065
28796
5082
10719
14434
26709
7800
24774
1962
13765
16013
14495
25630
20401
20789
5281
29797
4400
6141
30648
6417
23709
8102
24627
10625
29930
1062
3004
30725
310
13808
14222
24900
28322
9333
12514
27355
9313
29163
18858
13639
15887
5197
1410
17669
16452
1955
4836
26359
31592
30083
25755
13322
4297
30168
32634
30742
19946
19682
20557
6
21023
19070
7696
4920
12886
11944
27743
7207
3896
14142
25134
17479
20849
15110
2234
1840
75
30195
30399
255
26242
27300
15340
31737
31060
32046
8340
370
13783
11035
3494
29166
26767
1203
12511
26757
4928
19322
12606
28044
25857
23033
1977
15473
30866
14529
20526
8423
19695
1198
9884
12099
11301
2665
25747
23590
29797
15152
21225
14173
30551
24282
9135
19973
25520
10005
18531
30707
27911
2035
30823
5203
9701
31141
31666
31118
16411
1926
3526
7282
10072
20571
27874
12941
10746
23512
27000
21465
9253
26983
2529
24479
24850
7206
5712
10389
9898
10286
8453
11337
8020
25883
24259
22979
5643
27081
25475
11110
14515
5467
5994
6168
21677
10626
30713
8099
16809
23036
31108
30298
28347
30042
7397
5119
17842
2823
3441
10724
22693
12934
23339
17489
3534
22523
9528
6950
15771
12781
18579
21953
30467
17482
26370
17954
24087
5291
23113
24397
22745
29658
26525
27376
32336
146
18267
16966
31708
18309
21754
3643
25800
9379
31551
21201
8222
18842
12463
18882
26815
3481
6218
20583
5042
27226
6774
27864
4285
19039
2618
11861
22834
3196
10924
27877
16652
24725
10413
11324
24122
25001
23763
9698
31291
4367
27047
16018
16875
5888
2577
27361
10141
27734
9232
18208
11113
20883
29614
26242
32200
14117
25140
7554
12382
31465
23962
19327
26902
7917
17473
26537
19316
23930
14565
21793
3111
15954
29389
16988
25310
4406
24132
6089
20061
29099
8525
14771
24272
14334
22675
8552
31327
31622
8351
4507
20482
2601
16205
27143
27799
31009
385
24149
9778
13056
8470
5184
20916
9970
18199
27895
30367
32067
32306
32194
29992
29985
10601
31721
21134
20386
21259
8146
8107
27657
26595
17257
11721
31045
12975
16324
1462
24762
11220
19976
21787
20036
29007
28550
17929
31097
31471
8490
29909
5167
24257
24086
30758
575
14796
13706
12108
16008
4351
30727
19155
4406
15976
16308
17240
31556
16039
22528
12956
31551
29345
18569
17111
3917
10617
1853
10319
6255
1724
5566
22824
771
6363
3595
30590
22669
13279
25182
8625
7862
25688
21584
7424
10133
3734
26435
3674
14126
3612
20993
13680
8760
26962
13217
24079
18980
28026
4011
31661
6746
18149
21884
9026
27334
26983
30443
22361
27539
23816
21036
23142
32310
17148
29429
31578
8111
9942
28384
4213
18443
28664
24849
5211
25390
1870
18712
6507
18127
1340
20760
1868
18884
31700
16169
22216
24704
12621
5628
16350
25306
24240
10430
3602
24336
18133
9790
3848
7691
14734
24401
20305
15588
22306
19574
6533
32680
10237
5814
27538
16728
23717
10190
22099
9524
18928
1424
31589
27961
30069
31879
7478
6633
17984
24026
30046
14154
11722
21618
17715
31537
23848
5471
21655
6336
23170
28536
21269
27950
2759
32322
20269
27078
927
1044
14315
24371
14753
12152
7359
3578
24263
20435
8072
8264
1310
15689
19698
28910
22978
30683
20226
17322
3082
16850
11759
21160
13568
14689
4916
21832
21268
13702
17123
25634
