32453
7207
30110
11480
29439
30965
18940
10657
24634
4805
13140
14212
3596
25374
5149
493
16832
881
9234
5501
31238
18944
10630
1034
4841
11768
23799
2535
26114
14048
10981
6245
15083
31543
18404
27033
7159
29273
19185
352
25376
7587
16898
16289
4929
19671
29921
26578
20870
450
19001
16830
4896
14108
753
14213
21309
3759
16314
5348
25911
10940
1252
19382
14091
13978
12406
25019
6158
25248
5757
27545
22491
22341
14244
14624
20880
25478
17925
5842
14138
27272
27711
18595
12685
21631
2761
8701
10201
1742
24454
24327
17465
10096
19353
8999
2062
12182
11130
16582
1195
4497
30025
11859
3154
30195
4451
19594
28512
21489
8500
25078
6596
26892
10316
28596
9397
21489
19380
17275
12453
22173
7042
27353
7024
964
6827
27583
26330
23412
31001
26176
25400
6902
13309
918
29293
17397
4199
22118
30488
7905
9236
4165
17420
15510
24710
12410
8193
15161
21594
4101
12681
21091
5847
28385
26437
27266
4547
26247
12376
17276
7546
26035
6428
28309
9025
6506
8212
8082
14807
26428
22306
6430
28749
23751
9466
14446
15128
14460
15063
25633
14181
28582
4717
25194
14508
21927
2078
23152
21640
18565
25968
1269
24774
1702
28607
20534
6075
4568
20271
31507
22235
17301
25061
27504
11144
30340
20343
17371
8744
26946
28832
31855
2938
15971
24377
760
11306
15796
16996
9816
2723
15043
11019
20777
20260
17570
5257
22435
27158
743
23974
23744
29853
25591
19913
4767
32621
133
31337
23078
17375
22613
8389
1516
27459
19526
18389
17494
24696
31119
16000
29952
24507
23113
18959
27998
14525
20270
6370
28835
30456
30368
19809
24289
25666
29933
13622
24434
6563
4561
186
2712
4708
20284
3756
22112
30056
23894
8233
19148
2240
4032
2264
16688
889
14365
12134
13021
12728
2514
29234
23293
7946
27401
17481
12222
15093
22268
5780
30387
11219
13680
24912
30839
17376
19327
25023
6035
19601
10651
24605
20129
7207
15056
4566
22962
10629
22857
27638
3822
4670
3094
31201
10874
18163
21037
3140
4511
20956
7854
21579
20776
27556
27243
16149
23307
21114
32423
9573
18252
5989
23838
9114
7199
21975
26950
11745
24909
2438
14037
13481
728
30327
8579
27991
18146
22363
4625
4923
23243
17951
5258
13507
15258
4799
9161
24815
32158
31835
20027
18693
14165
140
6118
10886
5004
13560
15786
5472
20168
24356
15815
25189
9189
16010
18848
28156
27645
15596
1215
27415
30091
30951
13592
25189
22224
24267
18578
12744
16246
17322
21443
8201
3444
13999
28155
22731
10545
31921
3717
25789
27884
27144
20265
29204
7003
3744
14325
313
10642
26700
30782
18878
24615
3932
12513
27543
6036
4465
13262
16519
5084
28304
23752
25048
17266
27766
26470
13903
25942
13355
26206
7263
23169
28122
16386
1181
9859
20192
21515
4212
25451
20003
11926
2330
11495
29349
27756
17090
18092
28761
13446
16404
536
1845
27345
10714
10006
22664
46
28412
25667
9870
957
8366
2639
12865
22875
24296
5797
11123
14697
26902
20814
26394
24016
10002
530
20459
65
15951
225
17706
3522
1879
9586
23488
13158
30583
23082
13710
10331
21176
22079
25345
22826
14866
17181
742
22587
27101
20745
5248
14232
15496
32516
12248
12274
17805
6642
6229
14569
6308
14075
23948
30344
4408
11570
32345
8207
11799
21108
16943
17398
21869
32659
15532
3374
5363
8116
12145
28074
12900
20214
15920
21022
8241
19541
10502
17159
10869
17101
268
5867
28715
11714
2857
6626
31903
23711
17706
20053
5410
22974
16660
11014
3842
14472
19128
31312
16825
3805
2953
16049
26981
7606
8363
16517
3448
27912
22348
10516
16305
24300
823
20175
18251
32254
9126
5847
3188
2818
19032
4031
22528
3534
30948
10643
15199
28004
26701
12057
13516
21342
28374
25686
25544
24207
30744
28244
25031
26855
17233
26659
4905
25751
23551
18718
1131
5238
174
111
10143
9123
27662
27094
1561
24684
13384
32678
14956
7791
13458
28176
18069
1023
13570
27555
6773
18122
17567
31508
24197
7096
31166
31291
22213
24086
3212
8799
29173
12787
32743
23987
22792
9674
19570
5664
4822
5986
16872
24901
4113
24563
4784
11709
13178
2954
15794
21920
10836
8110
19050
14924
10521
13636
2874
19813
24685
27056
23045
11034
15952
27453
761
10666
20375
9407
20908
551
21917
19575
29803
30331
25654
23094
10703
6312
7140
10437
27792
5972
21582
18053
4510
13188
19181
14675
3182
17320
10761
14766
19858
26584
31716
10524
28557
21341
24117
18377
9701
20339
2519
28018
8826
23373
707
18817
25877
3418
1084
28282
10564
6599
32073
11413
26214
8773
12648
32685
5634
13068
20865
5208
13405
4383
8473
10328
12107
15826
31688
18994
14149
21386
20205
15388
9916
8133
23456
32284
29613
7770
21736
17263
24438
14849
11822
22312
22760
30229
11762
13337
17565
26009
6333
21494
8075
4986
2135
31160
12250
16403
17209
31552
14323
6134
10309
20029
24538
18410
693
23631
18621
4656
23122
25197
32461
18699
5094
24452
15692
21119
30195
22112
14567
6488
26021
26320
25671
3950
28678
517
25315
9512
29553
15932
7704
23103
32073
3485
12411
19396
12266
23650
7022
25445
17632
23099
31473
3052
32600
29425
11195
3848
8915
14922
6026
80
16930
20270
7095
22917
31374
31239
15885
11287
28503
2670
9179
3051
6496
14339
32584
5980
16168
2716
26343
16512
10492
3491
19339
15276
25963
21177
93
14138
12795
1951
2347
16521
23578
9047
8963
31302
11863
28294
15105
2026
15826
27421
18277
21124
11249
24376
14056
2745
12373
1863
27217
3081
32525
13163
27715
1364
24329
21539
23385
2716
1233
14887
14965
29708
1399
3476
6996
11833
30153
16458
22374
24489
2508
32658
19165
1938
18534
26885
17924
31203
10075
1705
10451
23688
9083
22108
23744
2538
10521
24694
8407
31926
24766
8618
23565
10464
13343
19501
27090
26087
8013
9242
5349
20058
8748
31510
13420
14491
26150
3888
8004
11491
27680
20746
27030
31878
22189
21822
8363
24185
9346
29947
30977
13585
28459
25071
8862
24845
508
12650
14244
17879
23881
8896
31014
25351
31194
9455
20026
10025
24729
24449
14671
24512
27278
17076
14273
27275
15629
25305
16299
3078
22062
8954
20477
3892
15742
29375
18126
4764
