11508
9106
29171
9873
17959
6402
3536
8375
10173
22629
9838
18627
30503
15298
3790
17026
12940
19438
25213
22813
24322
1524
17769
3995
26372
4026
22003
6823
15649
8162
1349
10132
5873
7407
18918
5278
21581
14249
24715
32371
26303
1218
3889
18162
19768
22969
7784
31026
30721
28927
31986
11974
10484
6489
16780
23103
9196
29829
32524
6899
17274
2336
7852
32253
17882
11207
13478
20613
26149
893
769
26434
5575
11596
7850
32572
27188
17199
27334
7127
4823
18992
24135
1549
27467
19406
18365
20731
32206
7841
879
1951
2547
8769
22443
26592
25495
29283
27482
20174
15893
21829
2775
14892
14270
26957
12034
812
14723
21997
31376
13945
32501
969
8613
11642
23152
8220
28580
19670
2450
28503
24390
3123
11762
13068
30953
11076
15887
9995
27435
14338
647
22987
4536
19001
29578
25611
24160
6215
2701
17336
22637
18720
23619
24082
9779
10134
3785
27915
21736
6872
33
23535
21174
2104
12513
22346
20239
561
18220
5127
30017
26792
15842
4565
13642
24178
5140
23759
3821
14359
4283
4699
4869
18389
28329
11602
3866
10984
1215
23906
5938
31753
15969
28081
25065
3893
30759
32451
10948
6831
5333
6046
3779
29000
24206
21036
5941
12766
2116
9952
26320
4131
25459
7068
15617
6815
7695
22995
17281
8697
7355
28651
23081
9586
17723
16869
21767
26802
19756
27967
24753
5831
24818
9241
217
5739
14067
17304
23842
29573
25347
10632
20530
499
32286
3397
27913
7559
30301
24539
28305
11087
6947
30572
17782
16410
14743
2514
14391
4151
23896
14982
18814
3200
2412
16320
22701
20632
32121
25312
12473
18032
23351
24589
31035
8976
16421
26908
15812
8340
10107
20403
32625
6516
10336
6830
1216
26889
25694
2753
23458
13645
14867
21087
16850
1507
4137
1243
26468
19543
19592
206
16289
16806
19401
22968
21522
15617
27886
1258
19931
26574
1361
19875
10571
29424
20699
21625
18352
12616
12918
7674
21360
15227
22725
29844
10837
246
6930
8626
16937
27184
8840
16936
15235
28719
13218
14801
5856
19790
11235
2678
16373
11069
1992
4594
25412
29257
1275
29588
16878
7646
13513
12485
30664
14922
4822
13547
26544
28611
29711
22669
16930
16044
25057
8119
23046
20756
13736
14240
15308
1408
2155
30602
15035
5866
19142
26858
26758
1545
6439
6857
11041
10195
8254
17514
25810
32065
9646
31533
25227
14418
2313
32691
1143
4690
20731
26179
21715
22364
6341
7788
255
19230
29165
7660
26837
19164
3636
13009
14393
20663
17865
16606
16113
15408
19900
28208
31416
1000
12981
802
1933
13481
27622
365
27217
25002
6718
13972
27025
27151
18400
19839
26785
14256
15315
9061
30954
23323
13819
25584
5508
10460
10056
12444
15624
15356
14893
22369
23967
455
16212
23697
18271
13010
21136
23555
6360
23869
19475
1393
23017
25654
20961
14367
14553
6334
7556
445
7586
20400
18945
1167
1936
6399
15884
2251
26891
31807
1656
15683
30129
24167
13553
27459
5801
29909
5869
8637
31027
27026
22752
7075
27523
5336
27055
26005
31695
28625
12904
1724
3495
9378
30256
12534
22917
24488
28285
15411
2725
17921
30597
28959
28438
13647
24822
26369
28178
12472
14055
30946
14475
7986
5902
5619
26630
16125
26164
28969
32684
29296
31207
21546
926
18937
2671
6508
6794
28512
259
4507
28028
22091
30268
22588
14838
22023
29897
23441
19010
4229
21605
7100
18439
19107
16646
25894
7451
6573
16983
2594
22168
2596
22377
24526
15922
9150
31397
570
7623
28333
8710
9165
24888
24100
3973
27620
2680
17432
1492
10427
11234
12868
13646
22673
23760
27759
29999
19975
23657
20465
7424
29642
22202
21620
4694
29553
9
2552
24252
17321
31333
14362
25070
24975
14722
661
29768
14685
22724
14089
3453
585
6042
10235
17292
4522
28685
14621
13808
26973
31641
208
14615
1383
6715
8936
22038
11483
4043
18607
29339
18943
2956
23084
13603
3498
19970
23717
31085
25072
24835
6754
26926
28673
5649
30644
3334
15695
16103
6454
27059
9199
21586
16211
32133
10818
32578
31496
12817
32212
14369
8171
5674
5508
28771
5997
29709
16102
31327
31068
6108
6885
9053
3500
23118
19885
13296
7030
17316
26056
19078
10561
23263
16006
17469
4737
30000
24995
10232
5725
6576
11300
18355
17333
19793
14978
3091
26212
23316
24586
7745
22978
27773
11652
25593
25709
1605
19219
478
330
15694
10588
22545
14790
14300
19946
11521
30050
20225
16081
31365
25198
25689
20882
4392
23572
16376
24895
1475
29081
2721
12256
7506
29408
14392
30484
11008
9776
30330
27644
5252
2870
29676
14932
28848
20302
4881
15075
29767
22270
24032
26902
8464
195
19829
23528
27432
1297
14855
17924
18588
6037
1818
16686
24375
11709
24566
26847
17561
3706
6231
2095
1161
3909
1382
24312
24973
8800
25320
16953
951
6750
6326
7096
2497
18149
29805
3308
12381
20147
11110
14617
966
27359
14569
31421
20379
26465
27805
2091
16621
3285
15683
19318
28311
22396
13220
29072
15309
8068
456
29875
18680
5769
6761
9728
26305
15963
23719
31335
16236
15618
10238
7878
10856
12799
27764
5973
24100
28885
2839
28225
29732
17608
6822
13719
29523
8677
25743
24676
21659
26434
11801
14107
13747
5767
8675
27446
11832
9389
28045
3616
31488
18438
26549
28499
29611
26494
21029
9661
32378
3872
3146
18537
30309
3548
18921
6747
14183
8327
8717
11708
17693
20003
2628
16951
16271
22881
4618
25250
6734
27492
29318
1505
18879
23496
18036
14087
23222
14819
32355
2239
10310
31562
25888
22507
9176
29591
18546
8586
25467
31082
6663
28639
27259
23726
7343
8912
24629
4638
29128
6028
10537
14343
6905
29552
5713
22607
17444
5676
7858
2998
27029
30497
22320
25180
11904
29198
7334
13700
30634
18156
9270
18071
7782
20758
26078
20332
20419
14765
5452
26566
27652
10555
7412
25630
31312
15510
20319
4515
1195
16648
17094
29568
28709
31660
2783
25949
9553
27
17655
18216
7417
23112
10817
5653
9488
4009
7278
5859
29160
15256
24701
30050
20390
19192
31701
32050
2034
6939
26513
20429
20467
32739
3611
15303
21114
29992
18172
6485
10877
32602
17650
20493
25032
32616
10819
27116
18415
32224
14162
22429
13703
12631
18288
18936
