22147
5414
3062
24523
2607
27974
24936
8255
30643
17505
30822
5276
17376
25682
2670
2864
21337
28797
31078
14879
12362
1203
746
30049
30807
15190
15845
1546
26323
24253
5726
1742
20275
18905
15253
27076
7106
15385
13391
2922
9366
9356
3438
30442
29378
10310
22212
16283
17357
26628
25129
5067
24931
18707
30923
27836
8523
17773
31430
32748
8601
1830
7413
21913
5413
21254
14599
10373
13371
1656
25557
29431
9620
11426
15858
19714
29573
28374
12932
9
24951
25641
6227
29571
13719
1121
26912
22268
19151
16917
824
11612
32500
4111
10569
7532
20801
22005
13427
11158
17668
6185
11426
16621
23703
22253
15132
9069
16530
26827
11094
17283
26431
21556
28172
720
20558
27751
21136
22570
10442
13716
27235
29923
27468
21569
19202
20302
20591
3054
8706
13952
9091
4340
20319
21332
20358
12723
31250
15026
14416
6892
21217
29968
13325
15212
31099
7992
14576
2795
14276
2124
4902
14387
1902
28936
14089
645
5577
20552
919
16952
14812
16586
2338
25763
4276
31796
10312
24381
13308
1881
7462
24067
16078
29624
19145
12570
5321
23109
23269
15798
8036
29549
1482
30266
30081
28756
5779
7585
8518
31073
32673
23068
30760
30204
4936
23292
14664
406
13511
5587
26115
12778
5502
24278
2244
4739
21083
24710
24093
31103
1430
13968
5143
6546
8350
12273
5062
30030
8787
31837
2336
6049
32117
18658
7439
13727
17244
4041
5572
7553
26346
8125
20815
5870
11199
7727
20076
6266
5547
2296
14240
30317
27753
31552
9349
28357
10122
14751
1378
13950
22191
18819
27903
27664
23035
6098
11448
4922
32456
29392
30415
32254
21657
23362
31495
18157
20048
28884
12654
16548
930
32184
18298
32407
9927
26000
25431
23309
630
31630
12672
7788
5136
985
28813
11191
5660
25651
28491
22101
3827
18394
12562
17684
14268
15019
11347
1645
20379
32653
22385
14858
12070
9741
30674
29573
12313
9030
26421
14963
15690
29188
17222
19361
7903
32297
15215
32669
22206
24399
28914
31352
8517
9902
7477
2251
28220
17472
29276
19960
26119
18212
27165
10162
20256
32065
30416
27328
26565
13867
19142
23805
2030
11594
10716
4260
8066
24377
31056
1226
25802
20076
467
12076
18214
31510
6111
21291
31231
4681
7754
18965
11260
6239
5916
8358
15993
4762
13982
11727
4405
29703
11443
1717
13898
20904
6251
29693
8803
8657
22998
19527
11561
2771
13846
22520
30206
1240
440
8765
238
21262
17733
23373
8162
6152
4115
12270
31767
2401
28001
14906
21455
1698
12195
28579
16455
5989
1563
12341
6120
5307
4265
23323
16577
460
26084
3173
1845
22461
16233
26632
19697
18647
16500
5670
9250
16101
2733
21648
10980
6365
5444
16778
15101
27587
31295
17358
16843
19147
11795
13267
21627
23230
21874
10830
21628
13470
11621
6138
14387
23437
14746
2708
19441
18923
11519
17194
32546
22975
16528
406
4551
3160
27756
10566
13862
30004
14127
9022
31423
19488
3964
8543
4227
27297
25561
9961
16705
14483
27840
31295
10849
19472
23794
25578
4052
16531
27663
24289
23371
2397
28516
7687
7079
17176
29956
2806
6321
18619
5402
8699
20236
4013
28029
20321
26728
3885
31621
12787
1015
14065
18462
26300
25381
14605
6682
16913
20100
11031
8908
6610
18181
17033
22738
1260
22382
12390
30002
13346
6664
24609
18089
18446
18072
7610
20287
18530
23697
26410
24607
8308
15752
27905
10150
17658
19432
1614
26042
26385
25063
7103
14941
22661
13497
19977
17025
1356
30723
23434
30494
9811
21906
2349
643
4478
3405
4751
32746
19178
20840
25952
22862
15221
13019
11275
14209
12416
12819
27545
14457
2291
18407
14546
24554
13186
31437
18598
30235
25135
21582
24524
18674
5904
19127
26025
848
28243
29458
7795
3749
18815
3924
20630
12987
16380
19672
22871
26582
30934
18188
29879
3839
20926
8811
15514
1181
30546
21419
9000
16709
21150
26423
27764
31955
28642
23775
27483
1978
17045
27598
1456
20120
27307
17085
17302
15374
24340
6247
28204
27854
8581
8253
368
27125
24442
14170
30045
23964
9340
23993
8791
30121
415
20390
17609
26859
20048
21362
25613
21095
26189
3947
8332
22252
2293
31755
11558
18670
15810
18032
30676
16017
25108
14092
17803
19971
17456
28830
17764
25615
28552
7009
24315
26863
3645
20611
16404
10082
994
23000
28037
10751
9603
6608
23376
713
13029
12199
20495
12547
29968
11227
6037
6470
9739
26851
18642
17360
1511
23582
8951
21791
16638
29450
17883
29887
2941
20662
18845
5728
5664
32634
31116
22827
16445
27365
13891
29014
11012
13815
17176
20470
4613
16784
696
32021
3315
30505
26379
22533
7847
11202
6238
12787
13671
12059
6080
30399
105
23335
24748
22540
16019
14270
19945
11923
27269
1682
17839
1468
26585
19300
28939
1391
5545
9336
644
11815
27218
1862
20479
6985
31864
13682
17376
16309
7499
32254
26994
20634
26632
7871
6281
21134
27330
23053
1126
31966
19554
5311
12762
26402
5101
4183
6319
13589
29957
5497
29763
13476
17843
8866
1910
8773
355
29462
22470
1930
32048
29210
9145
26614
12642
28260
6268
12303
15413
8656
2761
6836
477
24916
14093
177
3526
2358
19659
18065
6432
31100
18747
23732
23195
13989
25912
1441
879
662
6745
22172
3488
471
861
9852
16256
16639
7116
24247
2165
11885
8923
25279
6908
23609
9616
401
26606
7786
29736
9610
24323
22890
1718
13949
6292
5303
5388
25092
19621
9690
26078
15891
15138
1949
6437
31187
26985
12665
29122
4269
22793
846
25188
13220
7113
6487
25003
23785
26861
7260
18830
16809
6068
25129
17914
5674
8997
29248
5819
22550
6923
17099
10400
4887
9791
16852
18906
21411
31269
32440
32166
15386
27513
2009
13100
28686
31820
20628
25510
18913
2889
13171
23492
3734
2109
25763
13391
5089
20951
26792
15886
3200
8364
25423
25830
28366
9085
21220
20036
10646
12477
2982
14016
6949
12622
1912
21242
32419
10380
24025
14280
17315
32140
30742
3476
1016
27045
21950
4863
3018
12336
30039
13002
10218
909
13647
12535
11875
15207
16694
13099
30034
16440
24362
10327
11255
20495
12690
21399
18955
145
16655
32347
2388
8765
25263
5572
7544
26869
20068
14161
7695
32186
31157
28858
22267
23992
