2740
14108
29436
10882
30512
22871
13439
20382
9259
29108
12471
8516
6542
6860
16623
22627
7708
27557
7711
4069
20389
32541
23229
10036
2940
2700
11989
11773
15147
18341
19036
15668
22884
13725
8642
24920
17211
30096
26822
31224
10643
17952
12174
12918
14038
25183
22007
30731
15594
18415
18730
4363
32608
10343
16240
14698
28142
2553
26183
26752
25375
23378
14005
9225
15177
32450
25564
1136
22464
4253
6095
20045
25161
27873
29348
17708
25809
14360
32714
7056
2399
28544
5533
9271
5704
17514
21304
10400
31394
18144
12426
2251
32506
9098
21677
2112
28234
30931
9842
27730
19237
1863
19265
20389
25909
16703
2080
20206
25319
32193
14609
29434
4965
21154
21153
31730
7365
23021
8638
29149
23167
26249
15817
7782
37
27669
24812
21471
21582
7703
6830
9607
6100
2646
4292
29960
27967
12932
16938
31044
21632
26912
115
8785
3811
30107
4958
32450
32575
17338
15017
1577
23151
8763
554
27866
15366
21691
7195
25841
29503
31959
13750
28822
7219
7826
31234
10623
22863
17398
14060
8631
16644
1023
22681
16798
21440
28852
12027
18226
3614
12439
12706
19084
27482
18239
13781
27565
27655
20804
19170
3451
29956
14171
12466
16903
6828
7362
7328
19473
11341
3295
16523
22990
5083
11300
18474
23785
24038
28725
16544
9159
32202
9037
7761
6159
8742
14046
21747
18026
11663
10615
13800
4999
10117
1003
2251
16995
14757
12720
4681
12231
3361
14469
32050
26386
7278
4951
22991
29752
19772
13414
10103
5899
26283
29348
7261
15289
14268
26205
8108
23702
517
31005
10710
12572
31914
11471
32552
20016
904
24098
30883
7079
18099
1585
20231
17161
3619
16226
7216
31637
26026
4494
1701
22405
17705
18787
19311
30355
2308
24327
6695
16827
20179
12286
30547
5187
2651
4174
6387
30201
26300
30433
29014
19132
18411
18730
23602
6973
99
2572
8692
23303
3864
28663
17749
20413
31149
9812
20270
32163
5862
15907
3213
15712
23904
4578
29448
24323
2688
8369
8017
32323
13737
9397
8715
27659
9138
26810
3804
20790
28311
8476
452
28311
21870
19431
3757
7740
18589
23613
20291
31219
1611
13560
773
19214
23316
13969
30108
10084
23297
25665
8044
24472
9911
25701
13418
8862
4334
24615
5421
31354
14373
1627
22087
1611
26772
13735
20949
5513
23139
4583
30549
2187
8217
2255
19896
6732
22871
2514
23480
30574
32198
30019
27244
18047
21582
1723
22042
1404
27273
16058
24908
24723
8311
3985
15910
26157
7283
20863
16886
15404
15205
16922
30477
14961
20794
4848
206
3746
19857
19311
1540
19754
6327
514
5497
4993
15574
12413
14532
8109
12137
10171
10594
265
20211
26245
23560
17989
26865
22454
22072
19630
23565
15261
531
5295
10900
16547
29806
16280
4394
3886
22823
6815
30141
19653
31161
23333
17079
23156
4623
28730
632
21106
26518
3426
20227
2305
22166
21145
27127
5270
18882
13718
4290
8506
20494
4173
24849
4912
17600
30903
24970
15576
15818
17877
702
11219
13399
26099
11353
20840
7076
27178
10908
2598
23057
27432
4110
18635
22648
11060
24430
26725
7101
6508
4587
27063
7334
6737
19864
8158
20973
14726
24602
4149
8340
10453
20899
2421
9849
12403
9253
13857
4906
29829
4799
11809
762
13282
25980
19372
4181
25627
11580
18284
3920
20153
31730
24541
10116
5061
27920
4087
16413
13710
4672
6412
29230
4518
6229
25587
30024
27438
14465
32102
14922
27219
18888
12713
10362
13593
1716
2924
12501
1368
23371
14835
11172
24579
20286
8820
13392
20912
24675
8385
30583
21589
24933
15142
10047
16976
12475
19861
2539
31403
23510
28672
22188
6813
671
7175
21689
28756
3872
21971
28833
2801
5505
23618
15328
3029
28727
9284
2737
7451
27768
9093
9252
12645
6898
11852
14448
28892
6332
27811
4490
30578
25741
10936
12791
18539
5164
2179
21982
6939
32295
19625
2657
25841
11208
24224
20269
17588
10053
11284
30288
13069
31287
32138
13900
7238
28749
32324
8809
18257
29250
31588
32079
11788
3340
7764
6611
10947
31063
9828
15890
7926
14129
26037
15548
30557
4615
1367
14515
12586
8400
21678
18133
17550
5768
10266
25109
6270
30432
2774
26065
25527
820
18465
608
7936
29629
3996
24554
27823
20744
14580
25468
6510
422
27328
19035
6719
24614
10413
3993
11198
27968
3288
20455
30374
29267
12411
8106
23959
10258
1996
1873
22551
13689
13602
6629
32470
6919
5978
23009
11574
24103
6009
24645
23562
2287
31122
31206
6558
21004
13547
12040
17145
253
5979
26926
25182
25216
14326
11057
22297
24906
31981
3984
10872
5883
14511
263
13847
26961
8788
24931
32608
1948
11580
4756
27731
23666
1011
5636
13699
18339
10840
13863
14689
13423
2815
28244
5309
24567
29651
1235
9354
25586
17920
2871
21730
22945
23824
14573
24906
10501
29011
21526
27190
22607
31109
7314
976
28568
20395
27997
8693
17618
7486
2079
1408
17407
21131
16126
3788
1953
11610
28855
6516
21873
4814
2797
17757
21331
16524
1729
20727
2186
6431
5026
26815
32552
3996
25702
4105
6601
30337
21146
1788
29057
13795
19479
20958
20499
11465
16086
17810
6756
16851
30470
15710
16175
26399
9051
24050
32249
5484
29608
2470
6728
640
1456
27140
20240
5832
5178
12934
5742
26175
7267
160
6552
12432
27960
32001
23829
11391
21892
8727
32041
8837
25575
19409
3732
6842
27944
29864
30588
8697
19660
17376
21671
27198
5096
20747
16109
19026
6707
16592
1261
24747
9567
7914
11520
23949
6826
6515
21355
14454
28336
355
14553
21689
18307
13396
5384
22889
1277
21384
450
16504
9045
27692
4623
24864
11249
29918
27049
31106
10363
17518
26800
31630
19511
26081
16287
8482
18324
28092
32639
2934
31233
13439
31322
29111
30209
6767
2035
8946
2946
14488
692
24372
19563
8979
4328
19440
16244
8325
3626
1952
13626
31464
10525
8367
29587
19854
2398
29591
11038
29794
4535
13383
27423
114
4758
9927
1930
21930
189
19230
9566
21986
1082
116
24884
15644
29594
25460
17432
4870
3930
27636
31383
21959
4510
3544
537
16887
26149
24883
16498
23535
7805
5552
14771
7748
30323
13617
22598
29070
31950
31157
31546
20846
13373
14975
16091
17103
16525
13429
13190
32619
