9200
24176
26086
20751
22435
17839
10340
8995
3584
12560
32283
4276
22122
3259
5025
211
30013
24298
7253
18222
26117
4429
1595
22671
19950
27054
8199
10405
29308
30161
25975
5383
2172
28318
26086
374
28475
22145
31007
2402
11253
22290
13935
27312
14736
8689
25086
3515
138
22772
17502
20121
2865
16773
8293
27551
18962
18245
15160
15655
31923
4598
10921
6800
4741
12951
24003
4231
6164
11216
5026
19589
1153
22929
13449
24985
31538
31735
16686
19048
21960
26991
19544
19570
2641
11293
12972
8343
16831
3711
1220
1241
12954
23373
22402
7011
5105
21668
28324
15051
15510
9828
30104
5012
17035
22487
14993
20215
11959
147
8154
2786
6365
17569
14187
22338
16335
23518
15546
6270
29151
10402
24787
29507
22935
8608
7339
9607
682
4877
32177
28872
11049
31493
8359
31125
13562
1322
20144
16464
19335
27022
28842
5938
4531
13011
19645
14735
27666
12176
16948
26716
15193
4855
30604
12270
6931
2229
11979
15108
30870
16410
13332
22280
5686
12922
6775
3474
20152
10451
15117
30510
11530
17583
10821
11103
11313
4172
6009
29156
13186
23035
19141
6457
8981
24262
13592
5729
1143
2133
18059
20963
13215
16915
32498
17939
5155
10636
27825
21138
9900
7705
3538
26904
4776
29632
18260
30577
30782
19798
26309
12998
7815
25062
25107
10270
20987
12631
18847
13860
1833
27720
8339
21547
5548
4927
3958
19055
8026
4355
9469
16286
30654
21574
6436
16279
8137
11399
18046
8049
10692
28215
19913
25279
6537
8731
6086
1554
5363
17393
10568
21184
30867
21590
32138
8164
9380
16871
23237
9382
5697
28071
21762
16317
8406
20129
29485
22578
23509
30926
10860
15206
6314
2872
9135
7254
29936
18784
32647
6174
23781
25565
3131
25532
4635
13383
8729
1815
2673
28755
6666
18752
15170
6207
4713
12791
9436
9329
30229
17521
12852
13915
31173
22360
16600
20641
924
11796
25892
23166
12542
14153
16057
29284
28321
5280
28971
21474
22247
20427
5370
21707
19051
24771
13508
15765
30425
26964
10936
255
16388
18908
29262
5878
16178
29520
16949
32442
19642
6783
653
11325
18386
12443
29527
25804
4258
17653
5930
20208
26781
13320
13863
14743
11536
18361
3375
24175
8187
11485
32083
9107
13089
25084
20363
8297
2395
852
24747
27082
8753
6177
18836
26980
25515
17692
22439
17501
30309
2114
27008
5433
10210
25046
992
31998
18210
3753
13034
20374
12151
14233
2963
24436
30100
14936
24916
11387
27367
28527
1057
31259
27433
4482
6815
4285
10291
10709
27794
11873
26643
9743
12692
27269
26975
31550
14349
4425
25033
31260
30815
14802
19188
14481
26721
7148
29062
13432
8975
26867
31359
5030
14464
11251
21193
9512
14872
29966
15631
1997
22270
21534
29139
6629
7376
26268
1467
5703
12438
31937
2604
665
5109
6634
7194
21195
19110
21569
21791
26085
29734
22426
21194
16387
11694
3995
18489
9629
20581
15648
19946
31756
24533
31453
25550
4938
15515
30022
22943
15610
28515
22955
4468
21672
8212
16552
20627
7505
3400
6076
4742
6182
6143
20024
4721
14477
14228
18779
32418
6505
27120
25531
2666
6043
29693
31718
21035
30153
1629
22090
17843
27997
6749
22098
3272
20689
6948
21202
6660
9003
12081
2469
24548
18627
13828
30357
23579
13644
19994
4474
27948
15122
30495
14246
9783
24449
9312
17537
5395
22759
21375
7537
11934
6523
31594
13565
21841
2973
26509
18737
11800
25439
21319
24900
14176
10565
22939
20088
22129
25161
3369
13378
20222
31010
19548
23467
22778
19654
9700
22006
18606
2094
24935
12931
32009
10073
115
19443
2103
19859
19384
28813
18037
20727
16500
27104
22307
7987
29230
10154
11290
24459
13479
4601
9025
30241
8718
18064
24155
19571
20851
17804
19747
805
20862
20808
7579
28929
15201
1405
1697
4924
29195
27054
8387
21242
24990
707
16724
17429
21284
10228
3007
16666
10366
7912
11548
2197
5276
17182
30209
16271
9204
15501
18075
32084
10540
2439
253
17530
25114
24547
30135
3358
26863
10587
32427
17521
17839
7987
15388
25972
13285
18716
10248
3839
28820
25431
29624
15112
9328
28701
25493
31522
15950
30783
7485
24132
20954
16138
7126
25548
20104
28013
16035
8131
8909
30814
9684
29795
8078
18041
20899
1238
12249
22762
14236
17729
14547
31630
16956
19457
13809
16469
28350
18485
25963
18923
32050
16764
6382
10647
26319
1280
32402
21603
3722
25523
30219
29565
24552
9688
17955
5085
20496
22470
18024
31016
29988
21480
20769
6100
10193
11785
4487
31374
25381
25550
562
5848
22177
30340
12242
21751
24208
21020
5151
20236
22167
9588
7443
2945
31372
4057
13398
13990
18827
18377
23290
8092
8007
7933
11624
31859
30623
1959
25498
14735
4210
32504
8587
22608
23987
229
11244
8434
960
26923
21785
11185
19439
26000
13899
1329
18282
23916
2319
29214
5182
29289
13559
5647
30894
32391
25999
433
18637
13155
15506
27681
19020
16056
29790
7065
2704
6182
1702
16719
23303
23602
11111
19610
26557
22671
17437
31063
7210
11676
1846
7563
19023
10541
32711
31306
18433
16014
13694
5079
30340
16325
4312
21772
26715
15384
20371
508
6495
10191
7527
15832
27919
12603
9457
10255
26407
26359
11504
21689
21108
4974
5555
9270
18918
29085
19154
15890
22503
7963
32029
13100
8171
28502
14546
2840
17992
1055
11283
16577
2633
20329
12694
29267
18045
25165
29599
18520
19285
11602
15147
22561
18414
5612
16238
1383
13612
1346
2432
10034
30472
21556
16468
29690
10283
14493
28905
30988
17339
6101
9924
8496
8565
25211
26781
3721
30716
23921
27993
19388
22896
31783
7480
6229
24131
12317
13136
21606
29256
20899
4922
20336
30733
1508
9995
32391
13931
17954
22917
23986
17499
27715
143
145
26379
26765
19427
5698
5682
1198
3079
25732
6816
22527
25982
32285
31513
20745
17471
14458
11107
30793
9062
9366
12702
20528
32042
3869
13780
30318
30479
19408
12241
27248
7772
20523
10037
7463
18640
24901
14791
11788
28049
22777
23564
31073
2661
17987
2073
23481
26916
27884
20133
20154
22894
26730
32354
17186
12953
30210
21902
23560
12781
10799
29124
28517
2324
5447
29209
28626
12492
7004
32612
9107
21471
864
11997
19669
26197
397
29418
10036
