1851
16758
19869
16658
1447
26368
20953
20496
5841
17744
7360
27672
16837
26514
27612
32601
8065
15389
2108
12920
27306
13651
29639
13455
14206
29129
208
17526
26634
12201
2026
24385
12445
3924
12285
14345
16508
26955
31897
23792
25303
15183
5771
11615
11260
28871
686
1426
1739
2659
15108
17239
13930
26879
24069
2066
8250
16330
26679
23557
29193
29095
11263
5838
30857
24019
31671
12593
14848
24520
14848
25624
10562
1634
17498
14552
1245
17985
27634
28342
13971
11118
28858
22954
18189
20033
12991
7779
14797
3970
3512
28554
25957
24526
4826
12363
7142
5692
5364
8210
14236
6721
15031
29586
24568
25809
2901
32524
6862
7367
10575
21966
32193
21127
12167
762
5115
7906
25757
16264
19489
10554
14456
18830
645
22758
16419
16575
31646
13783
9179
11314
25270
15484
13158
3430
8419
10468
5286
9346
8248
32035
16493
18913
20284
18166
16787
205
30875
26794
27206
10123
17180
26937
29602
26777
28115
4023
15233
20787
7320
19948
5269
12571
18616
15939
23732
10138
10730
14563
19826
450
11140
17435
15093
19959
16878
25603
13573
18606
13399
3424
15971
1651
11944
16329
3676
32561
12214
2824
4253
24238
10172
963
5961
15957
23304
27484
29513
11320
23796
3861
26340
9045
14104
8824
9871
22808
4286
6390
23558
1058
27286
17102
24475
73
17068
12592
7118
29664
13462
9634
20255
23096
27122
4260
8224
5990
28432
25487
14286
31047
16363
14787
22049
18882
8542
7425
5346
22093
6804
26902
19645
4275
8897
4794
20631
11540
22287
21943
29474
24877
19676
3662
2734
10457
21538
16854
26434
13272
15926
6822
28395
24784
31926
23349
21588
27025
11452
3200
7063
9373
25176
27564
24915
32744
18494
23277
6143
6364
26555
22950
12157
5536
11502
18386
23282
9114
31540
30882
26838
16179
26084
22631
24903
10458
24893
10675
24227
11083
32668
7611
21589
5905
3826
19456
14319
5961
10870
19759
16506
17322
5271
32069
12297
5058
27957
10486
23445
6018
6160
10832
25860
6397
26497
14492
23435
2925
24424
28549
13878
27511
9317
20860
23749
29872
27467
18778
12986
20575
31953
28487
22704
8581
8587
5339
6126
4634
2585
23684
11324
17818
1951
24616
24566
21696
10357
11019
11870
13969
3359
2802
24630
15005
2431
31881
22159
30850
26185
14082
30684
22705
22200
6911
29514
6773
30335
2226
20052
31537
25603
24898
28817
25321
19143
14193
8657
14851
29223
29565
11881
19535
9290
28227
9675
23878
338
18346
26458
20879
4821
31807
29052
4552
13201
32285
9968
2690
8027
21776
32354
28045
16217
2554
20540
6263
1649
24949
14016
17487
29185
10681
13396
25262
721
8129
5148
19449
16966
12201
14542
8928
10200
5211
19906
4394
29381
6762
3657
16821
19463
2622
5952
15288
17540
32114
30437
844
902
9082
28393
9003
14698
14729
7366
951
10908
14769
31826
13118
26307
1357
30868
892
56
3740
32471
8289
22461
17838
18430
1045
20588
19588
19479
27706
32749
13939
5171
13425
12012
22217
24180
14879
15818
25267
18535
11633
16787
27230
29588
29597
27953
27997
22612
32363
6879
3659
15075
15605
2528
10673
30390
2474
9328
21545
5135
14745
25083
964
23502
12525
6541
26794
23946
8371
22666
14592
7136
20964
4511
29711
21259
8607
14328
24738
3509
4790
6835
19119
31757
6252
5269
17466
16666
32381
25596
28023
10831
4703
16149
2095
1375
29128
30799
23140
2131
8816
18192
9272
32729
22296
2214
11531
14303
1483
3456
11236
21088
13156
18078
3858
126
6224
26438
26387
20946
661
20217
30900
3584
6419
20389
14970
19598
25610
9244
16705
16118
16093
10949
24611
24825
5910
14481
32667
823
7337
6193
28650
25597
18301
2439
15034
19038
22056
21850
14338
22405
10747
18765
27177
585
9278
12306
25966
28930
26812
6619
18055
9627
10627
2321
31880
12265
24549
22345
27143
23099
5826
26228
8574
1075
10762
29269
16624
8148
8061
5689
12496
1243
31925
23266
18974
3667
15975
24772
10195
13924
21734
31348
10111
9324
18920
19293
23857
24913
29581
16053
32407
9749
22685
27311
2406
30890
10769
13298
10492
2824
30166
17739
8005
4222
30413
12190
13531
32069
9750
17955
29809
25691
29070
2766
13681
26510
15254
16143
14820
28119
2071
27836
25491
5098
31427
31564
17515
2827
2717
9541
3622
23075
3771
25079
9512
13587
2122
5995
23207
24136
19924
10391
4623
18064
31678
13267
21925
24364
19989
5521
7786
21030
18314
840
21314
5349
18874
21169
17237
2302
691
16694
8118
8013
21428
20392
14403
12613
5429
1584
32716
1156
23591
13448
7031
11434
9341
618
354
16236
1259
25673
27275
3812
20462
18496
7149
24107
17932
3912
19180
17450
15709
9901
8435
12461
25162
21955
8796
18361
30101
5077
31888
1824
11162
31326
32623
27218
4308
10107
17906
118
6050
9377
21006
10426
13131
9611
8156
26855
9280
13175
29688
4664
22946
6290
26919
10348
3076
8113
316
16154
30066
31809
15676
16709
19122
28289
192
22320
22985
30703
17563
24179
29122
13311
23741
10319
30634
10515
21847
29247
19679
9640
11072
19663
27275
32205
25496
25777
22123
15578
18091
25102
21717
8030
16919
21018
31737
26969
13874
20203
3175
27820
12966
22923
13009
21453
26206
6732
5906
1215
18086
31579
23664
12354
12685
20888
30494
24903
3982
1957
31493
8358
14448
32573
18373
275
8043
7368
13814
10063
2700
12588
10675
8859
22875
13797
11865
10610
7866
3928
32652
3703
4624
18788
9083
429
7079
571
31333
29158
83
30576
26461
8830
28757
26961
30282
18760
32126
18550
9009
18633
15512
24986
9911
23204
5633
31658
27617
15958
2457
7196
4895
16419
27102
25986
9865
11344
21078
17503
25448
659
23854
24121
15608
32200
23584
30447
31852
17381
6298
16461
8755
21040
24348
18398
27770
31152
23009
30465
9970
32737
32451
22847
10195
14252
5209
7388
7713
9877
4706
428
5422
2615
24934
10792
20832
20973
15770
705
27188
24787
16645
13173
17795
11245
22753
20383
22532
2213
10820
14355
20243
16251
10751
25450
1968
14072
27590
155
30411
19171
27794
10188
26303
9144
23620
3431
11804
8790
10891
27503
17321
13304
23303
5397
21417
8806
25775
26758
14942
13421
8304
4872
1996
12940
2838
23365
28863
