24694
21118
18012
19795
3950
2059
21911
10814
2587
20473
4396
2977
16068
26566
26545
28816
4032
18873
18014
15664
3374
20425
16484
5310
30438
32188
16511
5330
6831
13964
30927
21989
25266
24846
1252
21777
10286
16341
29208
11033
7790
85
8737
13481
27128
17732
15334
4063
14344
12358
7826
4873
27196
11976
2791
8369
10897
3628
30422
31959
31630
6951
16204
1917
6335
20584
11342
105
15205
22651
31560
14374
5996
26348
25506
21068
9373
11439
18837
32001
2069
27583
4925
16832
12790
28166
21487
21337
860
25469
16844
32057
4243
27540
10646
6124
21383
19924
21699
9952
25211
9667
5584
876
32510
1544
28376
14608
4379
22223
1637
30463
25297
29551
24198
15066
12227
19274
546
6335
23855
2549
7307
17538
28196
2714
12118
16442
2032
6810
23147
21504
6872
20342
27224
13043
781
29679
8427
29056
13787
20588
27647
12512
20258
21149
32406
9185
4874
22622
40
20714
14323
8670
17979
13625
3243
12032
19508
11632
20196
3073
23917
18256
17893
20828
9607
24772
30079
23274
6914
14369
32067
31310
30730
20908
30706
10384
13716
22109
28469
31496
15530
20450
14222
24446
16899
26087
18575
25487
32727
149
25930
2898
16881
29784
10504
31548
30726
6886
19518
31041
16965
32125
13756
2364
11311
29803
11304
10385
2473
24532
15275
27921
10832
23984
9194
2846
22284
8467
25144
1807
19944
20145
11273
5590
12321
673
28074
28895
5756
25441
8496
8508
16349
26139
4527
1536
3606
10278
24236
6632
17661
464
21460
15425
16321
13915
26862
261
4222
25925
32270
19528
15886
8397
10251
15570
5155
19890
8500
10766
14738
12350
12863
14627
242
19075
10114
19808
10086
28645
9830
22493
30135
12760
30488
19039
30630
2539
5761
12669
15744
25862
9337
14849
23538
29679
567
9617
7711
25875
13580
29327
7664
27524
24914
15165
13995
14142
29087
4133
1480
17070
15934
20920
28160
6517
18655
19765
20646
31849
24717
8396
28986
1756
16865
11012
14140
14626
1909
2394
16958
3149
32412
27178
1085
29499
13392
13779
22065
27859
20076
21271
15075
2955
1308
2752
17407
5677
20625
20105
19818
9692
7929
26427
725
25938
9902
19991
25491
21867
10413
13684
14503
15079
14155
1193
12578
6507
21795
19245
6316
24522
83
28413
23648
10627
32232
6718
20957
14731
31126
11300
29849
4684
19885
12562
3449
20205
1864
9731
30879
8660
31431
2856
32132
7273
31872
2514
27974
9245
4530
12691
31555
14508
11706
4256
998
28574
20362
11130
13761
18708
4950
6094
20700
16833
3216
16025
28749
17975
31767
2447
4617
27492
13996
32702
20730
4188
20389
5487
1362
19801
23525
13133
16158
21503
24843
14537
20254
9445
17642
32188
20948
15954
20794
5966
28891
10308
8076
25624
20090
439
388
9093
20345
29475
14658
7294
14131
10823
5665
5958
18925
17189
18852
11938
26982
16974
2221
15422
24495
1119
19696
25676
19517
18124
19112
1134
26429
11740
28296
2518
3879
27637
30709
29355
21654
28186
882
32431
30807
12722
6492
21280
4032
10123
5335
5596
17219
18462
30472
17352
23363
15637
31365
18033
3877
17418
31497
3316
19115
11922
1389
11292
23933
9082
9171
18891
18697
1360
14885
22427
8333
8741
1726
24772
12146
4242
7014
28481
23004
24057
25220
19502
27519
29197
1167
8053
18612
19349
16838
12969
13772
31341
5153
23346
10404
31437
11655
20395
22649
21965
9793
27784
32766
11049
28591
11260
1452
2114
24377
21786
32346
12390
25993
9786
15885
14929
17911
32414
27409
9972
25157
19285
18249
21877
28301
15200
9155
30838
8567
32532
12943
28826
13487
5823
10962
12357
18839
29838
29462
3236
1593
30126
17892
8174
32383
30386
1173
8425
15782
1845
11365
21423
1008
192
8649
30642
3225
1262
17923
22270
28685
9933
2803
23230
30296
17288
31024
18690
28126
20035
23639
4031
23116
4935
2467
16663
4046
13919
29886
9435
3715
28801
1751
847
12846
20657
27637
3373
2606
1059
19083
1260
28080
27040
6476
3393
8227
29738
1856
16615
6636
8419
10776
30620
18779
1067
26303
23660
24542
12809
18481
14641
32629
1484
14480
7003
23654
3314
20597
13805
10034
6472
12420
9416
21191
15955
6467
29996
2807
15855
13612
6012
28457
10294
18688
7745
25935
12963
15967
28274
6424
2679
15510
17651
31590
9820
17336
13659
22018
23369
32240
1530
18319
14501
15125
3355
15292
28591
19071
29574
13246
18973
10009
73
29438
29699
10680
20920
25614
7415
13739
10163
18914
13427
5012
8999
4413
17787
28278
7895
22121
13695
9998
1373
29483
27266
29031
18539
10486
7292
28841
23895
15199
22013
17713
25303
3793
26644
16615
21513
8066
21871
13772
27830
25765
30915
4819
8919
29666
27247
17138
22872
30979
26972
632
12317
22000
19239
7841
5443
32477
14210
21352
31656
26306
13015
15260
23213
4107
15407
1846
23354
5521
595
27626
22019
16330
29744
1020
1802
31292
12416
3925
6757
15672
6311
19158
30274
16324
2779
20972
26152
1497
1928
15973
2944
7887
17907
31362
14163
10261
31773
31053
4437
26661
24042
18732
12323
5559
6018
13495
1737
7989
18168
26055
19335
1648
14634
16079
15317
9361
28136
24176
24996
27218
10072
327
15847
28782
2200
13834
31826
27733
1958
6099
5217
23845
13949
699
31645
1238
10113
30379
19739
436
28957
7279
2629
7187
5291
8460
22748
7230
19604
23380
25150
15536
1464
28599
14309
3207
2064
26204
24881
22069
4753
26481
30311
24185
28244
4543
27897
3982
15605
8065
30984
25762
1593
19830
10279
10633
18675
14389
6498
25267
4904
9153
30335
29019
25969
24925
4739
18434
26017
18337
20856
17180
9384
28878
15726
31241
31671
13151
27840
7238
17573
2272
7576
12005
29074
22275
10933
15930
18378
20209
15724
22488
16875
22238
24813
24764
23883
12768
23240
7111
22164
23041
27824
29810
6577
16531
25470
25021
26862
26819
6009
30056
32602
4209
16852
27494
12912
23359
19320
19855
22263
13288
30980
32661
27943
22484
6162
18233
22541
16617
4541
9406
9265
24995
1632
3998
8565
26471
22175
27517
21568
30484
15788
18779
476
6108
24771
18701
23581
16466
30711
12014
4164
14787
29745
466
15650
19914
18038
17723
5249
29215
11368
9168
11199
26288
9744
7690
16316
31219
30938
