4401
28663
26490
25569
10887
13555
1224
26989
6851
5600
12387
20922
7616
24951
14122
19196
10871
28198
9193
19103
24363
9581
11563
5075
32227
24200
13647
1864
3357
19534
4318
8246
28865
601
1820
17057
3924
21863
16605
16091
22382
6912
6554
11850
14702
3161
1732
3435
26988
20601
2392
14103
32111
29082
23988
9478
15328
16850
23977
6545
11839
29426
18641
5820
19477
26031
26403
18035
21034
29695
14788
14356
6647
15046
11808
5934
1374
9906
1850
16265
21145
18531
28992
21094
27761
13264
29539
12551
2736
28390
13286
114
14040
13170
17012
6771
2325
2112
23734
4064
12657
30084
24869
8224
8519
22650
25629
18926
26874
6730
6963
22875
7654
20014
4809
5906
23703
31446
25056
31968
15161
4876
20525
4980
16464
24980
8814
23907
12714
27734
254
29551
20369
4799
11431
13832
20549
27492
30136
14355
12201
9448
10584
18155
10044
28192
26906
13221
25163
10614
8402
16793
16997
28555
3750
24093
18448
9505
4456
1428
29626
10295
12579
31144
13042
22645
5619
11475
11736
32459
24858
1828
2258
22614
7249
26688
28289
18563
13148
2727
30196
30326
11233
11320
14619
22957
3962
8184
12158
31200
15369
11535
8494
26156
3660
24339
17916
10097
6833
11145
25834
12793
26731
4265
2015
6746
25285
4450
6047
4509
29878
12958
29689
27807
694
24007
23619
15032
14033
19594
15363
12187
21242
25051
12271
25725
32161
5177
22296
13434
15496
19763
17506
14388
4562
25131
9271
9405
28509
2650
27260
4535
29777
30228
7364
27321
10489
27469
3268
4085
11474
2909
5896
27160
2786
9728
14820
30066
10315
15777
6316
2135
288
8408
16167
22725
10103
15665
14658
1350
14528
3887
21250
9496
15701
21392
5308
9100
9810
24019
20360
27308
23974
14328
19955
8480
7274
28551
31988
32595
31602
13267
8482
32721
29218
10624
27683
28404
14211
5955
1640
7615
14742
20457
24855
15370
7913
32155
25673
7647
1639
12896
19830
28709
31092
25059
21037
8315
17466
10359
23305
31847
10301
856
27360
19376
7478
24115
1597
27144
5150
6633
12049
9198
28809
28817
18597
23251
11317
23228
30675
13436
22755
23036
21366
22951
29797
19623
31007
2033
17145
11992
23050
31479
9173
27831
21584
28860
5123
10746
27741
19787
21359
8876
15013
8605
24639
2349
24979
6588
15458
1403
8130
5673
12652
14767
21104
29819
1697
28619
31792
19274
23887
21682
9182
7499
10082
25720
8152
18364
27698
27612
8555
12291
20383
17171
5260
29842
3936
9672
10185
9485
27288
19552
4223
17839
10154
10882
24396
8682
11343
30423
30919
12877
23526
24590
1647
6571
12299
4900
29666
32122
16234
30434
19536
15737
9941
16551
3118
20118
2197
18023
15151
15630
5630
12788
25200
6614
22343
31100
13042
22330
9624
16723
28750
22724
2915
2803
29604
14943
32504
21826
23253
4796
11092
4627
14322
13557
15162
5358
21748
13680
23174
24340
24493
13831
25021
27838
4606
15717
24552
26534
10827
7603
30371
25288
18476
11893
15473
874
357
23982
6482
15194
17177
23627
20888
30839
21306
27070
13046
28018
1604
746
6106
22486
32043
30783
13564
26438
32657
12070
25911
10758
17981
4767
26521
8894
18889
30504
17334
27514
27034
30178
18497
2548
32534
751
22493
22806
12560
17182
30768
11195
7047
25802
22329
3254
8081
32767
15076
16405
28562
16863
3804
27047
11185
26436
1185
31931
8845
19111
31194
22827
2603
2369
6380
14745
17716
879
26571
22265
2141
15451
14609
25935
29734
23769
13133
19898
30407
23951
25245
18866
2663
7257
2175
17294
9104
24812
7652
8265
25568
5305
15238
22149
25857
12820
23676
30416
12251
11925
12043
2343
13319
25790
26560
25528
21383
16607
19131
24300
22197
13623
24398
2725
23674
14684
455
18629
6848
22749
18313
28911
810
5413
26978
24977
8194
7842
10264
8738
15731
10535
24389
31400
13048
24463
14949
9342
24852
15012
16430
30804
14148
16191
10272
15735
22066
26544
11868
32339
8747
15455
22969
1590
22995
24500
26645
27734
1303
4405
21737
20502
20580
27630
11808
10885
10262
25622
11050
22823
10292
18415
14924
17913
13402
18414
30778
20655
19446
18972
17895
23872
28343
3260
28828
11172
9539
23598
8264
23772
553
24595
23
18740
12054
17330
21829
3013
23115
15771
30773
26429
6222
14985
25533
26595
3552
12173
20164
26325
30256
22377
1040
21140
22862
24378
27737
24771
1762
18011
32418
3372
10526
30085
2761
2564
1009
20795
4700
1392
13438
19301
9134
26696
1228
14395
27434
29210
10175
27236
28392
22130
28999
23135
10366
16216
24279
23843
28953
22811
1049
11778
29644
19277
12256
20435
6695
17167
23902
2384
9996
29327
17815
189
29630
10702
9493
15051
827
27815
2525
187
24524
10765
15779
29126
30426
30868
8250
17341
26371
31794
1614
30445
29805
22855
28757
325
5978
22748
11715
13499
22781
8744
16509
25835
29325
11609
5265
4097
25239
21393
24612
3802
27800
8238
16300
4198
14027
18254
25183
25681
31296
26002
23274
22754
31022
27939
26727
12323
12170
25587
19337
28738
29144
22342
31770
4919
28226
10352
21160
22951
17383
5856
31355
17672
9333
11101
16330
32007
13306
26768
3630
9254
6903
25795
13142
24490
32439
12520
14845
5812
21470
12509
28953
11438
16197
18670
29525
15080
30981
1180
17090
3459
26066
6812
19657
26511
23179
29219
27237
21104
15886
3425
12431
31878
32081
32075
9465
27405
1455
17054
11006
833
14719
16417
15577
11974
4843
8746
17686
8008
26880
24419
11335
30047
2817
14030
28408
20149
9729
20231
20453
32618
10416
23242
31338
31415
6518
26292
10554
11986
4798
13390
9556
22546
22933
17991
12595
3924
17011
513
13381
6045
22616
2640
15007
12033
31259
14206
7407
26307
25087
20626
25778
18109
19336
27089
16551
16386
11149
3206
7555
12995
11917
3071
14054
2927
28999
11224
13454
15134
10116
31612
10187
3888
9528
2792
32050
11313
32201
23730
13974
12288
11695
14666
308
16177
573
18305
31790
431
13246
3655
17211
21158
26052
17337
4508
10144
445
3419
4434
29422
8135
5537
10894
1353
29126
6837
26473
12985
25779
23156
16341
16054
27703
32697
25043
21389
11384
29919
18919
2310
30259
16257
16329
15940
18699
18820
2910
19180
20512
15192
30182
19338
3300
19322
