85
3973
730
24737
4270
4686
20039
13633
22352
13596
13570
31203
27701
26195
2286
8617
31615
20696
31596
16964
1714
26743
2092
9074
17953
5506
579
26564
16038
17339
30589
12965
24470
22644
24052
28568
15604
21493
16353
7873
14821
8734
22963
19111
14180
24142
24158
2872
6967
3715
22006
14862
17186
6594
19068
15344
14426
32185
14072
924
14140
1955
27847
12739
24383
5228
25399
30294
7976
7189
9553
5888
12669
3163
20982
16116
15675
13971
25134
31720
28363
21721
10684
3169
7475
27241
17910
25394
20362
845
28371
1087
13998
5945
24134
7815
28473
5043
16842
1890
8112
20854
27198
31494
18174
31001
11764
18000
20257
6892
12549
15810
14372
32291
2023
9672
28493
27446
26689
28735
9879
30087
23549
29495
16482
2118
10911
31992
9066
14993
27862
26948
2806
12000
32337
7132
10066
417
16852
1094
8830
2847
27531
3788
23848
30888
17822
9928
30680
239
8965
11807
31851
14255
29854
3596
15298
17553
13437
17695
13243
336
7043
5765
4448
17179
21810
16009
9055
21307
9663
20571
20667
23285
13929
8464
26560
18098
31754
25579
22844
25693
27628
23515
13292
16653
29405
17988
29749
2532
25222
25346
31764
29751
18680
15788
18264
28910
26248
7189
12303
12078
13789
13849
22334
12854
14919
6806
1493
32391
2130
26040
6625
8776
15516
11386
21508
7400
21731
16745
6434
27141
8034
13995
31838
13197
13406
16705
9541
28451
11772
24969
26184
27332
4693
29959
6000
3242
9164
5476
2381
19056
2976
26807
9264
7032
4797
18180
1946
27274
23768
22786
15859
19133
22970
5154
22655
29595
24796
14284
1935
18560
11061
12268
756
28483
8016
173
22201
14872
9121
8068
26642
26805
27417
23921
18063
1204
28664
18050
7573
23865
4323
6808
23055
26068
1078
17261
22625
31913
5531
27606
11933
23502
25052
7238
26362
14836
1269
148
16002
24138
28270
15102
15370
11166
20455
26733
13159
26309
23029
14843
2271
15422
15148
18354
18654
18706
5501
150
26602
11006
24003
23526
16089
23508
22936
12192
5954
23583
12141
20547
23601
28934
15578
24024
17183
31091
10034
25139
289
7796
23131
9335
24671
25313
27100
21976
18888
22079
2104
31653
5892
28388
2171
14981
16554
20316
7698
26369
15540
31500
20191
32578
8496
15893
19341
29212
24376
19579
8737
22348
10787
23687
32466
31998
24317
16489
28443
28307
53
17186
23310
22688
6550
19617
10475
28218
8312
4396
16113
13169
9272
20482
22388
20762
25317
25919
23344
21970
5692
13055
13789
2111
3287
9670
22788
11929
25505
22560
24848
28521
29581
6532
4264
12177
18312
23678
5692
4493
11948
20494
20446
31224
16054
10315
340
15698
23226
23115
12395
23296
4629
20295
7054
27028
27556
21243
32406
6223
28979
16716
6628
27108
3896
14125
12205
3199
7362
19139
27542
29446
8108
3783
26753
5023
8470
25901
18598
28530
9749
25859
5093
18352
8362
22427
20570
9172
27889
4332
2355
3369
11931
10038
14270
9100
8862
19941
17094
28531
14635
22456
2080
5422
3041
9250
9345
19821
1088
31729
28051
18179
18016
8493
21063
21993
13283
5699
5484
4998
6952
24674
5761
21549
26305
18726
7367
5608
24872
25460
22683
19572
24749
22437
3843
11916
28595
15078
9095
26731
17692
30174
29762
22412
8450
32402
15416
13236
25000
27014
28650
18738
25776
5669
18472
10341
2190
31331
28455
28288
25148
20897
979
2954
31535
13009
26470
10665
11147
20954
2362
6559
25747
28734
9435
26773
32611
16634
9825
792
25569
17326
10493
2401
7153
23293
17361
14553
9960
8759
6405
3804
8516
17973
23319
2237
5274
25989
15474
9483
975
15304
32067
2579
1931
7255
2952
30118
3819
45
26985
23069
6262
11009
19916
19609
30547
11186
13092
10384
30905
15336
18569
3205
32166
17145
30990
5142
23764
9
32079
29500
8425
8054
11081
22223
30445
16243
30831
11848
24834
10226
25082
17099
335
14792
12160
16229
4414
22795
17352
3730
22759
22207
28637
12546
15052
7602
31841
29084
10182
9893
23844
6852
3903
30636
17141
4313
8098
13016
32696
30210
27408
30738
28857
15147
17493
7754
25408
16970
26650
2002
10086
30183
18011
5636
17702
31195
28
43
1975
22872
27992
4513
21273
22057
16187
4916
30703
15675
4753
25550
31116
25693
1661
1110
31312
13636
11118
6865
16949
27090
24143
12493
5029
23960
25598
12543
17039
6297
22784
26667
16825
30544
18803
3396
6744
5109
1347
5333
478
21757
1185
21407
531
17632
28849
13443
26471
5918
9347
1443
27014
32388
14917
8389
16942
14507
30903
29432
9789
29379
13535
10105
21775
27534
31741
31191
12806
30383
6593
29526
7274
17701
20156
6033
31092
5907
19221
17508
9381
15042
16765
18697
14940
31976
9828
30849
28840
28203
28525
15158
29275
8673
26400
25566
28768
18970
26848
19362
23886
21728
6428
31104
1852
28349
28105
22766
984
3710
6927
17344
8883
28215
14402
25419
23007
5511
12565
11467
24764
22813
22282
32002
27919
29563
10029
5922
18004
6906
6146
2797
9046
14607
956
17947
1532
9932
687
21756
2406
4778
18952
5726
22072
29573
25276
26289
12598
11496
19646
1641
22546
18571
25205
16292
8321
26906
4205
3853
3476
23096
13645
21504
20294
25028
15881
19439
24658
13915
21080
23812
13895
16158
9577
29703
14301
181
16081
31107
28042
23444
20425
8740
8273
32636
26774
7780
23259
14405
8776
28006
200
30684
4263
22306
28743
16776
4203
20931
25060
23153
17835
22093
31394
25442
24216
26755
17482
16334
28267
22024
2
28177
29852
28868
1825
13561
25685
18569
11842
19077
16422
10231
24216
22508
7674
22685
22913
32481
10058
29280
23133
17430
27024
14881
2720
767
2815
21402
31782
20184
14193
19081
7623
25833
22945
14097
24108
5129
29850
349
28896
15713
12655
2182
27050
21106
29997
12471
8731
29786
4878
7311
7523
6226
28399
5574
24169
21884
9220
26900
25626
16348
971
14670
16384
29859
318
3539
31511
15284
23629
8230
15581
25185
8587
11484
26793
13173
21032
19385
9533
12408
18463
4886
670
28718
10928
2693
12836
18017
1809
12472
1229
6368
24929
6303
9174
1480
20957
25041
14221
16130
598
4141
28769
16141
8163
1729
9787
15102
5331
10731
529
30149
7909
27837
26040
22705
