27511
3376
9258
10046
20650
23648
384
22731
24724
15147
17599
20071
9976
17051
11744
26357
27322
13135
31505
10171
7319
31077
27912
32617
7700
10141
26008
14935
29876
11706
21634
3087
15726
20012
26253
21003
29790
5869
10969
29632
25787
25001
8816
987
21769
7969
28190
1738
17296
29137
3715
638
18188
23504
27238
15215
26534
1017
3916
17121
1059
22088
24649
14950
5980
902
10007
28837
29166
9257
15205
15193
15410
630
13425
12957
21616
20456
22745
12646
23887
18901
16559
16209
4240
4431
24011
18335
10748
14921
24165
16765
32411
22010
7651
11657
5159
31879
6127
3219
19648
6620
4557
13216
31457
474
28139
8501
29075
4024
23994
14290
25825
21667
26045
444
11915
6568
26592
25087
19199
14548
10250
22196
8836
4506
32501
12416
29369
7284
12094
25437
27710
25037
4280
21661
22705
22559
1542
18988
23772
27993
28777
24341
11052
16259
5590
8519
14949
18596
11596
15514
21653
484
1380
22285
4679
16878
31018
593
5624
23192
10027
26252
7119
14790
7887
2647
12680
4491
30697
23560
10930
19346
2189
24631
9498
19389
11554
10619
12679
17931
22199
32117
29863
11199
21403
19216
21578
29631
1575
22022
1230
16954
32223
15271
2778
13197
9914
13526
1360
20072
701
14676
21372
24876
8654
26689
27538
20120
19400
23007
30039
3493
4299
16026
32030
24750
13270
28485
21238
2004
9111
21159
27170
29345
30081
15414
19657
13548
5920
10274
30703
17148
10665
30869
13220
14576
15318
6202
15227
12637
22000
9724
19262
28474
3117
3600
25568
24313
2877
13365
23731
13047
21280
4922
5339
7958
5178
30145
22787
30632
25257
11332
20815
14224
13270
25685
2961
12707
23114
1322
30143
29013
29636
13656
23717
3729
32136
28127
17111
30952
761
15975
9194
32238
6762
9929
30691
3809
9266
10705
2800
2444
32766
32067
32086
2155
11372
31515
32683
32272
1237
14361
8005
8133
4457
25469
14066
25459
7554
21520
22505
5315
2098
26211
16129
17794
798
4187
10785
7498
13200
19949
8696
19551
27079
19239
3054
9687
25234
28528
6234
9470
18205
11792
24821
25080
24330
16371
19343
14760
10435
10921
1280
11473
19471
14514
10338
14971
6884
18169
26237
14745
5245
2974
16771
30184
7851
14840
12542
5146
26992
10203
16902
308
12490
22550
1975
28981
20685
3648
28642
12536
24564
20405
20483
20315
17337
30171
15987
24993
29539
13738
3039
26389
23840
16491
28921
4080
8531
25023
17517
27517
6191
16100
19735
16763
21893
6964
1139
6851
7898
17902
23893
15659
1981
5433
25306
7849
10328
4710
17310
5052
8772
15222
7471
15623
26530
32220
7106
30783
30823
20100
16933
22600
2551
787
28149
26779
19702
20593
27665
16363
17754
4741
12622
9736
26821
16703
2925
20739
30483
14044
24138
32147
16686
11109
16725
26295
21034
2425
4422
24733
11918
77
18957
6851
7663
30449
15624
19804
12996
17621
30585
22005
1141
21387
27959
1880
20405
3534
15268
12465
28946
16324
6366
8175
28106
19584
17210
9069
32481
23755
1262
20178
21104
27428
8205
1846
30528
20741
14009
6790
9879
14696
916
26153
24658
7306
30327
20707
3380
10479
2407
7162
7038
15782
25028
20376
18880
22990
4548
18033
5102
9561
3616
7333
30390
30480
11277
1512
32017
31703
15214
20192
19481
25395
4424
3534
8474
13577
5750
18033
30187
13481
11934
1320
16255
29962
2915
13654
31415
599
16348
14090
31610
17579
10309
30688
12808
26
31221
4898
23179
5616
3984
15667
19184
27453
17790
32302
21236
6289
31388
32714
25218
18180
2353
29313
27196
24185
19491
19953
10840
26916
1131
28802
25517
20554
12998
25161
7949
22088
14765
16172
32470
29143
23432
3143
20164
28302
26911
31887
17929
30377
13393
26805
12192
27144
6920
32334
27870
9851
15980
27184
1610
9532
14935
543
16046
4541
28937
12713
23662
15780
16158
11854
7449
5652
11197
14052
1854
32303
26897
25146
3713
13017
14589
16636
15853
7102
2571
22230
23692
11670
24742
11996
16437
16808
24714
3882
17062
1676
2680
4039
3283
28214
558
6352
11389
15664
28822
3026
10245
7975
22078
7287
1155
25769
25096
7269
29203
20013
8227
15971
4719
2132
5433
5309
3523
15726
6634
20202
27068
24640
2682
31341
22242
5125
7878
19193
26665
21938
32381
11736
26818
19070
25996
11406
17463
22434
27866
25273
13495
26461
19254
2875
11183
32572
8846
26779
10394
2968
11617
3241
29209
1120
24694
17249
25926
20249
21711
9490
20293
546
3545
5056
1309
27965
28645
10182
11718
2891
31451
20415
29316
16727
7469
10151
2419
3798
13067
19262
20066
4909
1494
10157
24036
3188
24534
4204
26277
13178
2095
7011
9467
6409
15121
2128
15549
26731
29232
14184
25944
13100
4468
29505
7199
10786
19441
4591
20707
26539
21785
12654
16580
12086
12848
4928
29510
17925
16385
23382
3496
18737
16592
13876
28785
9454
1679
10833
21323
4368
3413
6332
21268
14030
6667
12549
9779
25542
12649
23643
27432
28226
31521
25586
17767
11962
25945
22184
15463
12954
7263
29159
4342
3140
10904
4557
31951
25689
21690
27786
4206
12341
1595
7434
8995
12728
25098
16597
2406
9292
19324
11571
1386
15139
31625
32659
9717
21697
30264
3373
1902
1979
29784
30183
11064
27838
5489
24181
22846
18898
28154
5573
16335
736
17868
10650
17837
29554
6871
11895
16992
5563
15380
16062
4304
6871
4282
29977
12307
22612
24501
26137
26244
12016
11092
23837
6933
20132
30018
24694
22758
31714
32439
16584
12566
14876
22767
14259
28377
32645
23004
22963
20938
22043
18712
24389
17027
3557
22813
2380
13675
25721
16568
9394
12240
17858
2235
29010
9014
2560
25075
28694
4846
21776
5977
23644
14314
31470
28812
21663
5839
3448
6271
30291
15436
30581
23663
28944
5035
18645
22297
21747
2981
6202
23593
8258
32123
7608
14325
20558
2626
27353
5995
31134
25214
25573
11336
11081
11251
24160
24972
8612
31160
2259
13354
3101
2701
32720
1027
27239
16750
13360
28949
17624
3177
1695
6384
17423
11692
15451
18538
27609
6882
12600
30100
32086
26304
27368
5613
17495
26842
29049
9429
21515
6076
4383
28228
30427
18742
26932
29115
21906
19703
27773
29051
6593
5469
13999
502
3938
25228
23345
11651
2491
9150
4388
