20222
5655
6270
8352
22245
4618
10481
9382
25596
29580
27989
4864
923
31977
8148
31236
5201
13760
32674
23010
7198
14436
30933
32042
20194
28290
32375
14990
22806
260
19161
1002
17082
32566
31275
26241
32398
295
13130
24713
31109
18771
21209
12267
15991
10622
19603
32324
534
12003
14047
3631
11043
22926
13477
19910
10978
25351
12641
29286
14795
22576
9078
435
19586
2672
18628
27612
21769
7185
4476
6945
9269
11239
11571
7314
32606
25651
28214
17945
15963
28870
30494
32186
1453
8298
26276
1562
28923
13693
30134
29758
16831
10719
15306
12950
26174
27151
3442
13626
27837
19344
10544
17267
14066
17042
9868
31357
441
6862
23397
28043
5384
14258
11141
1804
12325
8126
30328
3885
1558
22318
6045
31647
24154
19929
11389
27802
11734
25689
5468
31522
15378
19564
25614
15497
10405
18586
11532
7989
25838
3864
28359
1187
30213
21485
828
15532
4849
15955
20425
17927
29468
19808
10047
30736
24836
28645
4664
31175
25906
21399
29099
10780
7536
12140
12221
23914
5175
3400
29402
5185
11367
22233
1797
3944
30010
10687
29036
25890
31355
14065
25152
31665
25843
12636
30915
3353
32549
4045
3491
6182
29243
9744
30598
25264
20287
22874
32230
28958
14478
29668
28191
5929
16266
23513
1734
1507
19088
12658
11581
31479
5930
6239
8580
30002
11397
12394
9298
4674
21029
343
17253
31166
24279
24078
16406
31079
29671
764
17456
13998
30868
29622
22786
6518
27073
23519
21683
21530
20973
30541
12758
11442
32101
17767
1342
27538
16056
3025
1556
4884
22380
27724
23590
17560
22767
4567
10370
30408
4560
14618
31812
24865
23343
6149
12716
16559
23155
26805
23412
23063
2875
7063
15968
23771
9622
29903
2326
3034
13430
6363
15920
20246
28770
19571
1168
4794
12908
27572
20979
5980
4963
23678
9161
6015
2889
27
14917
26204
9479
26657
2480
27618
6752
21145
22018
8699
27684
12640
11443
30481
19110
16590
12495
14801
25199
29078
27977
29230
24884
10733
8593
19369
18182
8687
15464
29904
22473
24382
30964
6149
16615
5100
21007
20865
18246
25755
16357
18073
4471
23010
29630
16959
25136
243
1560
31435
22268
32635
19193
25852
32561
7882
16515
14393
24354
4660
19401
2077
13207
31927
14305
5939
2426
31198
11067
18174
32211
11748
1840
18749
14839
8477
26078
30316
32763
27282
10804
28046
23407
28139
22089
24874
19017
12435
7154
13716
29216
2582
23443
21613
13723
13262
1333
22893
15912
31678
4057
31840
19953
7870
31500
23663
28172
3545
3772
4257
19697
8947
19786
8610
24882
2222
19424
20674
9318
22927
25861
20544
31334
14941
31087
20681
6333
29642
13080
2108
601
20310
32404
5552
27527
15215
11937
26296
6686
31453
32256
486
5625
25437
25475
23181
15787
28556
27752
4555
4975
10247
4325
18631
22110
10193
14084
26680
15333
16373
22449
295
23925
32364
31249
10997
11900
7232
30998
671
3733
5874
18257
12097
19451
31002
9479
4057
10820
5709
31878
30286
16716
15939
22713
5041
18543
11065
10747
31170
8699
12181
19753
21942
15076
26313
2299
18487
4794
28025
30100
32429
32729
25824
599
29116
992
17776
3581
27917
17508
17592
17636
17490
31717
21131
14762
22916
30464
29023
27643
22639
29159
28147
12711
19313
27151
14901
13816
28031
14376
28514
834
23912
1618
15215
19131
5726
30350
15784
24205
20914
3442
5783
4650
13791
13602
12071
29920
30410
27771
31497
6829
19272
30353
14935
26452
23521
7772
32375
4016
3796
25262
30275
17737
21850
7784
17766
16421
24111
238
27401
6881
20815
27352
31664
13568
30973
747
12894
3970
31754
5959
7424
22456
3412
7905
26632
5208
13453
28468
3417
10445
5182
31284
27235
8912
20747
10372
399
1596
32312
9192
27357
2846
13164
9725
14283
524
12213
7976
20090
21177
11725
18892
12
18630
19868
32192
24144
8922
14077
22528
5281
6132
22981
2722
18443
18176
28418
26892
17072
17577
8064
1125
28266
15215
29586
27721
25266
20985
28686
26561
2497
19372
1178
14962
8436
6012
12070
18964
6261
16642
30906
14374
5656
30671
12146
17376
8067
8449
455
2154
12178
10004
24335
27467
15098
31738
16711
20260
26668
365
17425
24222
32380
19332
11513
929
20610
29060
18684
24263
9664
24825
17227
21264
26502
26374
22860
31191
5395
25594
4066
4868
17149
23843
19950
17796
10707
24807
22
17398
2048
28944
10693
10663
23282
26472
1906
9153
13180
2182
9766
15039
10617
14567
5176
20516
12979
2113
3931
9325
24835
1811
21468
31044
19385
6785
28964
9206
10301
16991
18308
9255
22007
1420
4914
4805
24941
30849
10382
32058
17067
4649
17834
230
23272
17140
7434
15052
30054
551
32168
24459
20378
17782
15419
3985
27789
5844
16825
15243
14210
15498
25371
11551
14809
10118
26208
2014
26675
7158
22740
22132
19159
18454
6802
30754
1365
15686
17224
623
361
32608
17466
27418
16673
7752
27530
3666
7234
3525
11446
25897
27881
12175
21090
71
28526
17321
32088
6875
22925
13040
5325
23000
27848
26613
3046
2909
2055
10760
8314
31348
31874
11925
30490
11008
10720
21684
14414
4593
9632
16123
4898
7610
29113
16278
18657
8965
1661
19098
9761
421
13251
25239
3327
5580
7493
13165
29868
18814
22087
20320
553
23109
24698
17006
7758
10023
4639
28639
11537
6869
10095
28191
18949
1573
827
21705
11809
32450
25296
12548
8899
5666
2333
5138
9716
31929
9496
28710
9198
25965
30557
14198
27100
15689
31512
29074
13792
2933
5670
15092
2138
3430
5239
25304
6760
25426
29367
6990
7593
24807
15405
28557
10567
22076
32739
29834
30772
25864
8455
26569
23731
13842
1681
12403
3355
8936
28198
30378
11735
10196
26172
17689
15538
12812
13184
26831
16722
7721
9588
845
26369
31450
7773
733
25524
25562
21084
29990
20549
2335
475
26622
22020
13909
13098
19583
21870
28298
12138
4189
27196
28715
18091
24950
28832
13615
8017
20395
28619
17298
5308
16623
3506
25093
26920
27549
28690
1252
20177
19215
11953
1896
3163
17004
15080
1310
16498
25025
24670
26519
2222
340
17174
31841
4025
10037
32428
10039
18099
27413
19163
1141
19925
19547
18755
4047
20565
11893
24681
9025
22410
28524
18432
25161
22865
19644
10855
