29705
28139
5797
1477
14120
13989
3436
6351
22829
31600
2493
25094
26702
7673
420
28179
12836
6851
4003
32064
1631
4368
27396
27263
4535
516
14958
942
25894
2824
29879
14105
32084
8045
17401
14913
24147
1361
7912
3548
6028
6599
3170
796
17401
8242
17736
9780
23189
8434
10381
12825
25361
6979
13708
29061
25289
3681
159
12610
5622
7665
21997
10149
18725
21916
32387
30041
26344
20477
23463
9053
3531
17597
19560
16976
17033
16892
4474
3821
4736
5363
9025
16338
14947
9688
11820
24709
9519
19202
10564
23992
22368
22350
15109
9932
6756
26561
24684
2197
31824
13423
2641
9565
30674
26779
9463
11819
22630
17951
15842
16709
11981
6159
15336
4595
27068
14489
23947
15750
26321
11823
29062
29081
4042
9193
32166
18327
22521
16676
18395
31101
11763
9328
30095
21473
13705
1449
13622
2356
24057
17251
9767
19012
10341
24459
29354
18436
12931
12108
20562
656
22935
16944
23181
2412
2462
17544
31609
4364
3276
24845
22265
410
28473
26055
27657
25331
19160
12334
24654
18931
4008
9360
10737
10994
7214
13490
2990
13710
14882
14778
5928
7595
21353
9548
10624
30137
29507
19956
5669
32310
26566
23236
29678
3699
6027
4670
16486
31386
24487
4212
19815
6896
3548
10349
11498
22616
19217
29899
3869
25113
2560
23467
18102
28896
20015
2509
26503
15113
24353
10485
13139
32282
15309
21904
18657
16784
25167
6043
18766
14047
16350
25281
26535
23220
23806
25027
5816
15229
6646
4381
18718
2347
3973
27879
30628
21046
26577
13817
25036
4578
17312
4690
15531
29634
32714
3259
17402
28794
28399
14247
24939
10184
23397
30558
24121
7110
25972
14170
21251
12649
4550
3825
18906
6734
7193
6453
18073
2998
25143
1049
10612
26319
31528
6869
8148
13877
20134
20363
5987
9400
16593
2090
26466
20832
17956
12947
9283
9390
29608
25594
20852
2853
24423
1935
25977
14601
25892
24670
21565
23399
9033
25204
5034
23125
17441
10052
20087
4219
26439
329
14657
7122
16223
29420
15838
11180
14339
3239
28910
28661
14336
30315
1458
3512
21443
10303
13346
15588
1038
5675
17721
29521
13552
21332
14740
16638
16627
28776
15931
16797
11415
6460
25535
18257
13823
13748
19333
8886
3307
4580
16225
11298
18150
20852
26470
29226
25537
12873
4605
12648
30271
25185
16949
31100
17682
27903
30810
9041
30726
777
26825
31906
9597
8878
5378
19644
21531
25163
31487
5765
17602
25232
20165
15293
6337
11231
29240
25988
10312
31476
7987
22044
7456
16587
30680
2033
9624
22974
28965
15830
21443
16367
19400
26770
31968
15589
3893
1435
11546
24186
15093
23329
882
13044
8769
13646
2553
4210
9679
2253
24130
27530
16364
7817
15895
304
5835
11447
19563
22489
2333
278
8848
23521
26849
8309
426
6954
22654
32631
14436
25607
32271
14483
4321
19288
254
25438
23286
24054
1492
28941
26262
337
7247
12853
653
18263
21430
27094
21361
14744
26985
4504
5846
24488
17852
13140
9922
1221
15109
31702
20833
186
15092
27362
22777
2051
30243
17524
12319
18226
6638
10060
17964
19858
8325
27818
30699
2825
26431
13655
30868
25923
32562
18404
18174
10252
27648
9270
784
21758
17651
28739
14201
5725
27725
8726
27552
22847
20697
2841
4574
21232
28102
10387
9708
30100
31925
23920
3991
6158
3601
31041
7611
21793
31647
12419
11630
26069
26966
27172
20860
31517
18544
1603
3604
23222
4289
568
31936
17234
9288
7636
27802
23542
4356
26089
21182
12961
9480
18445
7931
3630
2258
5020
18638
6011
21465
3068
10384
7627
20325
28709
28910
31337
23459
7008
23706
22415
11001
9038
25664
24197
18327
5933
4284
4365
5967
17495
15754
20991
20902
9227
24445
24881
7211
22128
9140
20121
16647
20183
31435
10422
13270
5441
25678
27179
22709
16673
3699
27310
16796
4451
7688
22304
21999
17836
12970
29949
6223
7396
31544
13559
32438
7410
28295
22750
4291
1990
31831
12483
16466
8605
19078
13149
12368
11392
21124
30124
24014
15630
29447
17883
24403
19580
18944
28011
11895
11226
27341
24206
12205
15512
17584
20689
27745
4680
19840
4350
13123
24997
17566
2113
4834
24789
8747
16009
25212
31979
1656
23601
19732
2224
15806
28384
4806
18595
11280
30126
29784
62
13709
30856
32017
25723
30426
11989
7886
6039
25040
31065
21586
4630
4721
13146
15838
7431
28705
7938
27649
16777
28435
28933
19634
20878
1537
16260
28316
28127
11296
22576
3769
11617
29523
16818
9250
18838
4766
27723
24102
29798
29918
21943
18585
15136
8120
9304
2670
6844
1744
32144
29321
10595
7995
7023
18126
31025
18230
25998
2430
6201
22040
4410
10435
20937
26757
3285
19593
5360
15589
14970
13968
9278
13332
15840
26815
29387
19035
24961
1468
21114
7328
22267
8121
22399
19929
22198
27025
5407
24775
25287
32275
6071
23008
12564
12701
16384
15757
185
8686
25489
16021
24235
30773
22182
12505
7579
4461
17183
5187
1310
237
28876
19449
31754
8507
25319
21974
12835
10018
28386
5658
3319
27396
12388
2912
23558
23665
32398
32465
6182
21495
18050
1176
12838
14140
28454
24725
13490
9035
10789
9046
15734
4396
22071
4931
4487
10423
22179
13848
20734
13737
1026
3737
3558
29432
6725
25217
19032
8292
18425
7355
8676
5711
17098
8148
8755
19406
1350
7345
5867
768
6628
16765
19667
3999
5957
21734
4152
27604
12729
4489
27279
3920
1541
21930
25435
15512
356
31529
18513
14496
2763
27569
16570
8348
20849
17715
12314
21011
25743
8851
11279
6453
30820
23713
2427
6510
31869
22346
17637
9275
26419
12048
18973
29245
23157
23223
24351
29324
1480
5441
13882
9293
27019
9245
27506
11911
24448
19868
28962
10802
3208
5028
12262
21137
8110
1704
23991
4034
615
17623
20568
3988
24088
31124
20210
24728
6873
28967
9979
17275
15225
5298
2139
9874
15042
25190
27858
32695
19966
13814
3732
30804
12474
30028
12855
8125
24009
30076
18383
6083
22924
11254
10072
28550
29041
32767
27732
8330
5306
20578
13492
25101
10880
354
18172
18072
2295
9972
25507
22485
29171
7979
17848
9376
14507
12532
5836
30048
29885
771
23051
6808
26227
32525
4780
2489
28741
30008
10636
15419
18847
5072
22037
1259
20196
