1851
3685
20359
4786
22063
17068
32392
5224
20002
26582
23359
16357
5122
5483
19491
6803
11559
15027
17770
16805
5254
12061
10198
7580
12327
8673
466
28432
15065
11493
26301
6317
30244
3806
20614
19068
14463
20663
16249
29283
11203
23094
3160
5616
20448
14813
8366
31058
5582
9230
2400
14248
9927
28019
6021
12415
11188
1181
887
28309
10469
12011
17962
27619
16900
3246
7357
22235
31308
10378
27215
15599
17654
5664
27668
15954
31220
25577
29608
12034
738
25701
7075
18694
21562
4726
10861
21492
1735
5382
5972
26039
9564
9712
26075
8335
709
24606
19285
4697
11262
14575
21171
6417
19107
10459
29339
28821
2984
18265
18874
19884
24138
24064
30042
10822
8005
14061
13879
9990
1096
10854
22414
9725
23462
12220
3192
697
29774
30070
14198
2942
16893
17579
20557
8147
4530
13232
23572
6208
25187
27636
11147
23383
13806
1831
21422
17393
28242
18338
5258
15546
2847
12291
8784
13552
23339
15895
1192
21095
30343
19710
71
1233
5297
25225
16068
24124
4875
27623
10407
21724
16268
11649
9668
21003
15286
27170
14279
12942
3016
1371
8975
7194
9780
9510
6592
19478
5971
5833
7443
17315
3416
31485
2289
29914
24707
32080
32193
21844
27543
6856
7294
31216
18573
15305
18700
8144
17802
9528
26316
18085
9743
1249
17262
16429
1135
7446
9222
22778
26503
21401
10338
32372
24745
10173
30875
1569
17881
21447
28907
31268
23612
7578
16318
3844
1741
6804
10764
9903
19794
27315
27109
1215
20367
12028
23374
6139
30905
16157
27467
32033
1837
25169
32061
7907
15458
3972
14958
5935
18716
30904
32747
13747
18915
26023
24210
20385
26548
8617
24939
15535
28918
217
3644
9571
32431
16499
21591
1677
31224
18049
23991
3605
5551
1207
30283
13558
4203
667
32146
14987
21173
21225
5736
25866
15733
30773
2336
11086
15530
31954
3026
11225
29278
16883
25846
5401
3546
18960
7218
25322
8982
651
11633
5469
5747
20628
29237
17591
28844
25930
13614
14013
12042
7458
9227
22831
25560
28301
5008
17811
15127
11221
18921
12851
14195
7240
17214
29801
15221
12441
9351
30746
13049
22147
20642
20609
28899
12207
21410
17966
5390
12248
6251
1614
3717
26157
7292
22316
3574
30199
5643
30200
31843
635
16471
456
18971
4642
16954
6108
10729
11479
25341
1318
3211
14769
369
12553
28773
24530
315
9570
22903
28303
8816
22469
1421
4305
30562
6153
12469
20410
27833
18438
32246
10380
6085
16541
22591
14791
16146
2041
24478
19346
20797
15637
14002
14172
15879
23678
17507
29379
26024
16987
15824
16821
4710
3498
3209
21461
12389
18636
25855
20768
14273
31556
8505
6608
31962
2236
13256
15744
23279
328
18172
28050
27887
18159
23640
28366
18571
11368
68
20043
28560
28961
26114
23955
27508
16006
32739
14850
18222
2687
26555
25455
23371
826
11154
9743
8255
26668
21148
23445
31481
29778
11884
18334
14266
15805
19556
4941
10022
11853
7024
11314
4508
31165
6644
2673
29891
13535
8194
8736
16229
29225
6609
1008
32641
1905
18026
28944
13979
24821
20133
26190
18519
1438
18516
25216
14150
12422
31166
27682
9216
9143
29007
6720
17011
6198
17805
9367
14714
28480
4430
16119
8370
2259
40
17387
4233
25456
32554
29340
30871
26912
26057
17395
12338
3509
11037
6910
30012
8786
31566
21653
19776
557
16713
31293
31933
31892
30903
7244
2242
8238
23599
5966
30395
19332
17322
18600
16011
9919
18232
30331
8923
27315
31218
28363
25521
6429
20784
8673
32580
2601
3068
15341
29967
29496
11974
496
16164
19167
26457
30169
30147
11827
27917
1518
20779
11076
12606
19310
32176
5351
29694
7285
30222
17337
4359
29983
22525
26720
6387
31728
26373
21268
2736
9588
12692
21599
16686
15138
3150
6944
26970
18822
22436
13270
5200
14752
17320
3355
14796
6535
1567
9583
16098
22609
14040
17975
21744
31031
17981
28677
17616
501
16936
23578
31314
10352
23800
14122
25577
923
27363
31071
31396
17307
18830
32672
1632
13610
26074
18962
29245
5177
21505
991
17742
29145
11747
14391
5013
12635
11162
22677
31534
24758
10836
30788
458
28714
5474
24865
26207
3363
25996
26018
15134
9312
10920
5143
23462
20308
21355
12080
4983
12493
10110
4032
2217
1235
10196
21440
16094
26579
18748
32407
18037
6397
15666
28313
27648
15338
15611
19405
31736
23938
2801
21491
28336
16413
7707
10181
4232
13032
11264
32126
31331
30859
1213
23705
28251
264
30038
18139
27827
31462
9290
29331
5388
32656
7274
31265
10204
24312
31210
9397
15389
20095
28089
11353
32066
32537
2830
9522
1391
24236
4932
27138
10217
2234
13287
12786
16332
10816
27407
13199
22268
23774
1516
30994
14685
15671
28067
18916
18503
16539
13912
19809
8756
3556
9356
19165
29372
23965
7338
10980
32452
9578
12508
7622
16626
4771
16675
2899
10852
6211
24999
12260
23457
5121
31564
2715
27087
20156
23173
235
1063
23580
8301
23386
3495
7543
18964
32645
32518
27633
16918
2917
9453
11752
12403
13778
3684
23439
31898
6213
16267
14040
13767
17890
31882
15000
21903
21430
16586
1254
4282
13885
13926
16579
10832
6183
16860
21249
31990
3675
30217
20061
11899
19773
1108
29423
16815
17196
32041
15556
31348
15439
29865
17865
18455
29586
24479
32490
10720
13547
15542
1148
16871
29922
24042
4568
2602
336
26173
22601
24541
12135
20395
15657
22785
10994
3423
17222
6200
19166
7719
9099
4824
3834
8998
22748
32062
11003
20169
9025
20837
17091
16380
17991
9143
15331
7581
1699
14882
18526
1584
11033
6511
3760
10197
1180
31951
4878
5240
16823
27575
17904
9800
4395
25070
23501
2154
22490
15845
21029
14318
32227
26950
17861
4354
5903
28623
32327
15461
27244
30817
21208
4383
7479
21588
19518
15984
1279
6414
10265
20998
25864
30676
8552
28274
6894
18399
8784
17885
32394
30387
17177
11511
31001
21164
14970
23089
6043
25562
8982
9516
7290
18191
14918
23153
21612
16181
31769
30562
12954
28901
16537
25201
30722
31798
15952
29583
27162
26835
5643
24807
23734
6225
19422
25549
4907
12991
20840
10737
15541
16766
1368
26329
4118
27731
19504
6542
19072
3258
9802
23189
5557
2941
26392
17952
6509
15494
29103
