17692
23883
8891
19679
12741
8464
24939
32025
15747
1240
3147
14343
8006
22563
6132
14005
10113
30437
18578
25710
11486
21363
9272
22472
12592
22435
24439
23777
21160
24879
30766
29927
23885
23899
29347
28382
4262
18392
27859
32157
28089
4327
31751
28442
8506
11970
2216
26856
24060
24119
7252
19966
15275
22166
22065
12730
28093
29901
31106
31782
26278
8658
19064
9081
15179
30785
11594
7905
23226
27975
15240
30335
28184
190
17324
5299
29914
14489
26354
15515
28985
27523
18793
18902
14559
7875
2122
7566
15847
31587
27273
23733
25604
7825
32683
25486
13824
18757
8407
4720
3945
13092
2095
22471
3719
1189
29281
7003
25232
15474
32376
28373
18975
1041
16377
10111
21987
14275
14123
17739
17300
9644
9142
19223
1324
18485
25967
27695
18515
32687
24435
13075
4635
3897
4467
1403
17133
24803
23374
10649
5828
21779
7909
12446
30104
8488
13355
27263
10270
350
25467
18169
17582
16881
23087
18387
26756
25478
19822
26723
4396
24262
16197
7763
10808
19276
6649
22437
9012
28097
5532
6645
8668
28997
7135
9982
9356
20497
7719
19040
10487
12123
4579
13473
11036
12922
1820
1905
4214
2379
3405
30514
21363
15827
23158
9655
808
1318
26732
6732
27459
6023
31859
31479
30785
21456
19726
27390
11233
12821
14870
12969
13784
18820
19210
5193
1222
28047
26534
29305
25449
9806
32439
11172
30224
2078
3885
20168
11347
11919
18290
3449
31490
24189
12026
3880
29275
4988
3612
2469
1152
31866
2080
17123
4136
11167
7065
24572
916
32120
31989
9588
11205
31573
32594
3266
1004
15599
32659
21260
6434
3406
1459
25907
22105
22250
4186
19727
19602
6929
16046
1020
19281
30856
19564
20117
23886
1397
5175
1471
32110
124
3120
28906
6129
7465
28870
5523
11245
28558
4560
8205
8443
15149
30169
18818
9520
10520
18362
24373
10063
10582
17007
20233
16700
905
3875
23879
9908
23246
18829
26524
27708
10469
7807
22881
14935
29842
14524
13599
16636
18242
28683
22355
32583
9714
28297
22126
13167
4429
16451
9248
1784
20756
260
21462
19242
3779
7276
10882
22977
882
21570
23450
28134
15609
267
5987
2398
15959
16604
20079
14850
32597
2156
20068
21359
3942
19053
7168
28926
24530
10525
11866
21495
30995
26136
28523
29185
8063
1136
9676
18397
11048
20735
11201
17492
5889
17660
6007
24430
2882
30413
14474
12773
26381
3356
3786
8409
3409
26669
7743
29125
30959
30063
17515
23218
23579
24913
29390
25259
20229
6998
29360
9840
20921
24684
5658
21871
9540
16250
31270
31471
16409
19512
15992
26511
25011
29763
22029
20207
2427
10865
21812
28077
21739
23649
24793
19347
2292
26199
8969
28174
19101
31047
26803
3810
19182
10032
19628
11037
27148
2476
5110
32329
5541
14020
8002
15846
26254
30728
5555
10520
16811
30688
11493
16540
16
22813
12846
15104
25189
27859
14628
2324
21391
31339
4959
32412
16013
19956
30080
29511
31647
186
28017
28645
6318
12314
3567
15316
232
5780
29510
24251
18347
15138
1372
27259
6820
10952
6897
8547
7992
28781
25125
19620
16162
16105
12859
22276
10334
351
10908
32726
1094
17869
17183
14889
10748
13793
12679
3136
20487
4623
18510
834
321
25312
12961
3891
22768
21645
12715
23331
18995
28876
16150
30117
30368
10986
14543
23939
22571
29210
31242
18096
16969
15885
1415
11134
32342
18882
9491
32273
1844
28832
8785
3604
10294
25026
31930
30378
828
7570
16611
10408
16927
29081
25854
25857
30543
26261
20132
15234
29114
21708
26066
25023
2032
4769
22833
30285
7813
29029
30618
1073
28087
31855
17113
23193
19025
11887
8113
3274
30160
4351
18209
11866
14787
31355
23782
8095
21112
24083
20289
32359
27860
25118
25594
3817
15235
12465
5797
12540
26450
13937
11300
13703
24280
17317
8045
10297
18780
17296
19342
24954
8435
32253
30446
29857
14313
5915
9173
20071
11618
16779
18990
6043
5441
22200
24204
12312
22345
18791
19052
22005
2434
9871
14778
19707
18911
6250
24982
6748
23325
8140
9303
10401
2286
30644
14032
26597
5975
22304
10963
15937
16727
1318
756
23687
2761
29505
13199
19251
27019
20969
13581
17310
2528
21350
2914
10613
12819
4325
26330
14442
2398
17868
16918
14889
17929
21835
8529
22670
1750
20019
22249
24597
23453
24844
28954
1682
16692
31842
13580
2594
5265
863
19216
15457
16691
21151
38
19933
11966
1855
16580
28107
12773
15415
12498
4601
1164
12778
1273
31492
2350
5116
285
18635
23933
20836
16424
13091
73
15042
10506
15053
3747
23282
13566
26277
23618
15841
27406
24859
27430
6559
13529
2535
1658
3510
28820
20473
1215
27835
25679
26543
29991
17442
30329
12619
15423
5718
20391
25508
25553
31498
18833
20252
8713
6601
20317
19665
23510
13013
4897
11800
9875
10798
15523
16423
3303
18673
30051
14353
6890
10467
30171
6904
30089
32334
30725
30333
299
13324
13086
32124
23445
3553
17578
23799
11530
17678
10936
23887
5303
21282
13159
9146
13391
24340
1449
10225
7923
143
10055
12841
12116
19853
9253
30021
2331
26151
15048
6474
18825
29355
12821
18963
11098
18416
15451
7750
8688
9702
2964
27270
12205
17521
31464
21738
31649
8824
29043
15534
27237
19257
25160
18985
15942
1503
3510
15103
678
9046
26570
16024
18080
24158
18452
30417
27371
478
18094
28913
1793
18811
27259
10974
10624
12394
3245
30865
30672
8834
5514
24007
28934
17302
30319
12281
22536
16641
1301
5263
2290
24962
7187
12113
15801
18251
9380
5406
1551
6228
28075
22240
30342
245
29684
14527
21239
17588
32701
27029
14373
20828
15221
20130
2206
2127
10179
14210
8418
12828
4298
3675
5831
20564
26796
22619
2076
16794
11084
6754
15501
27642
12121
30203
7878
24956
2184
4753
20700
13048
24352
9952
24552
25899
24764
13993
23285
15371
11852
22698
20764
20568
27486
6349
31469
9076
21148
19104
4881
9588
29589
24581
8750
24951
32192
6187
16907
17462
15549
6844
7157
12509
10719
21336
9825
22554
14056
8515
26066
1395
13843
12122
13565
22236
856
2124
22571
4745
21227
15110
24544
3841
18694
9071
7866
24948
16104
11094
13979
17998
22814
6056
267
30732
21249
13799
22231
26702
9088
32215
31486
3886
24351
