9473
6183
19458
1786
5927
5459
30946
13682
1472
4042
6655
30425
20623
2702
32608
4075
19187
26323
13178
5918
20505
30564
20735
17192
26480
25411
27384
705
3421
7055
15123
16810
29745
26795
2622
32494
20824
21149
1908
6248
2770
26804
215
28549
22760
11374
13056
19275
12311
9112
8851
7066
1873
21943
13334
434
20069
14503
30211
16886
10427
20610
20763
752
16452
1732
4862
32148
17585
31916
1785
713
27363
23781
4383
31269
163
28773
32667
15864
26772
31382
1604
30861
4709
8371
6258
26284
17227
24693
5392
9059
17071
23024
30963
24839
16164
28855
2922
13173
32667
2119
14615
20381
13530
24483
4349
25666
32554
20539
6105
28667
31824
29714
26038
14462
29119
30496
16828
18205
26380
6134
12361
3729
17570
7072
10051
7671
19127
14543
23724
1304
29823
15928
25462
19949
7071
30775
2713
12131
28644
6584
12900
23899
5941
11351
3088
6645
2502
19398
30619
27662
32399
12399
29652
7943
31741
19803
21682
28616
24807
1363
13289
2821
31171
15173
20415
16576
30234
16873
19484
4368
21049
28323
2529
30240
2346
21420
2171
3962
8930
25965
1464
4742
29372
3883
20441
9293
6694
31465
32232
131
9114
4234
588
4549
18897
28727
19354
24351
16179
27648
26542
29393
2449
17606
23803
7763
17942
11864
11807
16278
27003
24284
15290
27533
20603
11633
30849
8684
13447
1042
9102
28208
22714
10429
31994
6623
783
8661
10414
21521
5586
14790
13174
29231
23892
26087
28248
11771
26083
5284
5155
1232
28153
9948
27978
7211
18612
6280
26099
20331
17542
7326
19020
19157
27182
12341
7454
22491
10215
26857
15524
16030
15583
641
18845
24753
30954
28623
1184
28960
9336
29400
5552
28081
9413
53
29200
15721
12367
29113
21592
6226
10125
19540
31433
7292
26078
7479
8158
13378
7872
12857
24867
12750
6978
12666
2122
17376
27580
21574
27260
10186
25021
18748
20973
15552
26181
431
9651
23630
52
28236
17368
7210
7939
28413
16814
23852
32178
31246
1634
19355
12801
16015
29652
13482
15331
17913
4518
21826
10544
22804
28308
1538
8602
11287
11267
26757
28386
5649
26588
31203
21836
22409
30874
11898
20560
13409
12194
31470
1938
25857
5587
28270
4116
8881
22111
16953
19882
21317
19417
609
2223
6144
25487
13263
3063
17331
19225
7048
24324
31781
7218
2863
28797
2743
31431
22218
17627
8264
22862
22473
32102
4183
22361
8516
19296
18279
28267
18820
9088
168
24842
27845
17826
32467
8213
19770
27836
19542
6744
13394
15124
18097
10846
31034
14000
31008
5766
20643
27150
2682
22361
18885
32022
16985
6171
7331
23117
27003
9632
11665
13387
2408
16226
27124
32623
20309
32464
25162
13265
5705
18664
17770
27512
23678
32263
8460
12494
10250
23552
2955
4432
7870
18028
6890
18570
21839
26946
19734
5955
6579
27048
17770
6901
15566
6408
888
14720
8014
24165
30471
29982
1492
18928
5464
15514
30804
1750
21422
3005
12478
8029
11020
28682
23774
18223
2369
17835
14209
8181
21282
16554
15577
11304
23575
5732
32290
25636
30425
23355
22662
8575
889
26764
4926
21656
7845
24289
10491
14451
22055
6247
16516
30916
1710
8098
6304
32329
18129
32351
27446
21853
849
30954
2995
25291
12446
2434
17580
23264
13725
12298
14533
11972
29609
27137
19153
25610
4056
26292
20794
2693
24959
19378
6307
17501
10744
7553
31181
5219
31138
8335
1719
26274
26154
18027
4874
1846
30217
31541
7091
31586
25934
26452
20946
28892
10142
31078
19667
14187
19321
19581
10202
30900
8894
16008
3685
8785
21618
19215
31789
13860
15293
32292
13389
29931
14389
5014
13221
5908
21344
5735
8833
2002
24435
5248
2422
22128
29536
15012
19853
20966
26640
27811
14244
682
15085
11728
2832
30408
31140
28084
28551
5173
6953
3332
12862
25952
27131
11985
8782
5131
25513
10751
3164
1625
12693
12024
6521
21032
7928
30113
5447
31392
12326
1934
24413
11276
16148
31346
3053
27113
16663
11993
30628
25405
6638
26393
21202
24875
8195
19077
26571
963
13806
10469
8333
16671
7483
4643
4003
23211
26221
5703
73
15556
8770
16805
20944
31877
14393
10581
8772
26589
1618
7140
3149
23525
11797
19017
31827
21873
13013
32027
24805
28646
19766
10753
14940
17995
6125
32105
19899
27298
31175
11389
32474
26488
28909
9042
5572
32699
9062
25443
29533
8396
22749
9791
31048
15061
16805
6270
10503
29533
12026
16633
15972
26137
8330
26683
18704
26629
19252
5170
2443
180
32015
27690
5443
3556
686
6397
1536
17750
29090
30083
14463
2269
31809
9040
24157
16564
12966
22431
26424
12308
21753
29833
1296
30726
6897
17019
20467
15479
5270
24038
19673
8074
2124
11576
23501
1842
29197
29452
20813
24831
2038
20637
16116
22584
26629
19585
12118
12843
21281
12692
22828
17601
6490
23090
3505
15189
7027
15273
26187
7622
1437
17901
30062
19915
10118
27534
32445
28295
3474
26088
31347
27230
16232
2458
26626
2822
18353
16185
13306
22497
26908
29765
13611
11914
9382
6235
1294
18862
29976
31405
14177
10781
25553
7088
13586
5664
23237
18196
15966
8974
22470
2553
22586
32026
25859
22880
10482
24943
31438
31967
2064
32383
11938
4506
17791
11927
21348
14702
27632
16567
28393
19055
637
17314
10425
4757
4492
1841
5650
946
28407
18412
1840
23463
5482
14555
14796
7384
2828
24474
5347
27357
7009
30380
20920
8059
26735
18961
13852
11218
5919
16923
17389
6615
6887
4221
477
16901
25766
13221
16756
2384
30927
17484
1625
15195
12490
16715
29389
21738
11159
19888
23928
21146
12725
5393
29800
22480
4162
18976
4439
16879
12131
29568
9004
31694
26598
31447
20677
9577
23590
12837
14580
25558
22575
17236
29639
28027
32035
15888
14605
9855
15325
14296
20501
24958
25299
12885
11449
6273
17217
15339
23963
12845
12676
32399
12207
10042
25795
12504
11002
7207
31189
7512
19609
17196
7519
13356
8708
6769
8509
23250
10644
23165
292
28219
7235
10481
6789
11041
1204
25462
7092
28827
18291
5876
28233
4335
125
30469
8391
9383
23043
27049
4987
5095
16491
31547
27815
18941
6040
20131
6112
18234
21867
24014
21685
1280
9609
7771
6289
24605
31327
24215
18403
32087
12132
28332
2683
23624
8350
