15643
24049
18396
17731
31302
30597
32547
11689
18339
26627
24358
18278
25184
8244
23712
7956
9277
21542
22387
24802
25919
9750
10743
31381
9641
30867
17042
7885
5160
11233
31625
3466
17486
19100
9493
17902
10561
27037
30138
1349
10421
16162
21716
14146
23063
13608
13171
15243
17931
31516
26472
9337
14873
23219
15520
21272
1187
21527
12465
5238
11547
17731
3251
9242
31859
8368
20817
14290
27092
30513
10527
30898
16274
22811
21807
3417
3168
21162
18399
6518
13504
1952
25076
22155
14526
12847
1517
10737
478
2329
30097
23581
19795
20758
11723
21793
1649
7542
13495
629
9573
1031
3581
18936
26148
18489
18782
11826
27553
16768
24460
2012
9027
250
20799
30882
31894
31314
15493
31527
18753
13284
23641
13386
22840
16930
9848
27048
10034
4662
31600
16737
10590
18409
7418
12064
6737
12995
24201
12885
20035
7795
17443
18885
26748
626
880
16453
1289
21732
6929
14018
10931
1215
29746
3973
6450
24366
16995
7861
18333
25656
5539
17438
10021
20125
21182
21040
32259
21248
1498
26187
28335
23115
17228
5690
32595
15184
2736
5885
13695
14252
24632
16587
6686
16369
4164
5207
14761
17156
20787
9555
29850
3267
14201
3634
13348
30699
12274
20787
22305
30521
29815
19099
27468
14800
11950
6209
1712
28379
15654
6736
21856
27763
20131
29001
12137
15811
18358
7495
19205
23658
9873
8839
24337
6432
22810
22311
18881
30621
14654
15918
3987
439
9096
5069
18049
21962
23538
28389
16763
29788
13563
7112
4116
4353
11513
5188
9852
27261
30129
14558
16814
28201
6693
12123
23530
10904
13997
2693
17766
21881
30537
7979
13633
26815
20534
10858
26296
6912
9407
11563
5788
14107
20566
8429
29955
5918
17891
27077
24383
18023
14684
10658
30220
3849
1942
22742
25613
30321
20571
18386
26746
27977
30396
28209
31251
13980
31656
11001
5720
19003
26302
23069
4347
13920
12640
25414
30614
17554
26633
9682
23962
26056
30176
26141
9351
10705
20109
8192
5219
17907
27211
25240
22629
28371
18494
6473
13297
2452
27400
26114
969
30787
919
28866
24449
1395
15936
20571
28467
13092
26130
28790
18805
28906
21092
6359
28040
32075
21169
31202
11730
30312
3238
25182
7822
24032
120
634
23747
5105
10107
24589
16754
3552
24817
24610
21780
19355
8479
2484
5956
20638
5799
26038
28344
9235
14865
8279
21877
7229
31659
20355
5443
30998
915
685
10335
4663
14354
32716
4721
7161
32299
20899
17853
18394
26740
2886
26781
17442
18469
25818
3887
24262
21615
5532
15691
20364
23567
3877
17592
28016
13602
32236
21407
21318
24379
13068
18239
14242
2995
23367
5859
31733
64
10059
27409
14072
1993
18741
13573
15950
25977
27476
23134
29541
32275
1071
18710
22429
11141
11209
1975
11180
28351
22051
5580
7745
29637
5891
12438
19943
7171
21236
20481
8748
738
398
28630
16387
12440
25847
31026
7528
28484
23210
24631
30786
30266
10615
18945
13453
24475
28875
20188
26040
7210
7474
11444
1868
22874
1562
32205
10447
3500
6362
18356
4328
7991
13555
30325
7108
22664
7573
6158
22711
8109
9317
27684
11047
9101
29053
7157
29350
29563
3252
11918
32350
13578
3104
3389
20402
27682
3034
11338
28706
2387
21249
11234
24175
12906
18946
1364
22272
31042
9750
6272
31621
29917
28172
11659
7642
28851
15432
16088
12846
9802
25100
7988
11364
13575
20470
20561
19641
19524
26570
7542
8104
15267
7026
20084
13579
23969
32067
1756
21122
4206
9602
9583
9496
12540
4391
14294
13860
19541
24032
22164
10094
31539
1881
32056
31379
7114
2491
13015
26539
24041
3443
5817
1832
21825
52
9555
21249
1540
16191
18805
17169
8115
14050
3525
2234
23089
6974
620
11725
10523
7758
11023
6830
14684
18213
2305
18355
27899
20087
5559
7630
18744
9307
16764
19052
2776
847
19045
2716
21693
13437
32648
12660
11449
26941
17513
28080
15012
19930
26805
4765
32172
14745
10291
26678
27629
8183
26359
18060
12354
10035
32217
107
31322
2060
11045
24890
5390
6860
31636
16931
14065
13701
16251
31348
16681
16283
24643
12101
24702
7810
10777
18012
17585
24521
24038
77
25103
17496
8066
32229
28997
4342
5157
13513
8566
18446
17694
5979
12427
12466
6855
29661
24011
20192
952
20185
27307
12548
7227
15552
7655
14015
27136
32465
31953
13543
18
26428
12009
6863
7946
18568
16303
31944
9603
29746
12981
10215
25805
3223
7672
8969
11750
11795
15984
16661
10917
13163
15078
10369
22329
6504
2310
29720
12242
17861
10421
20730
26270
13644
10661
15844
13815
21819
12070
20401
8923
3052
26175
7969
17308
13493
8701
17370
24280
4878
4619
172
30380
241
18307
1305
5157
23687
31748
26645
26359
30976
20229
16394
3442
5826
28008
31775
6321
9927
22354
25274
8469
23872
14395
22851
32498
22399
1345
22828
31623
22803
21954
13870
3636
25653
10793
6613
31207
12643
5384
22590
24280
19018
31336
544
5238
19433
22877
22537
24480
5108
21469
746
22809
23926
26833
13782
6198
4283
5229
7431
30170
19053
19133
15906
31652
24061
129
11707
21351
22340
13883
15900
19163
16235
14726
2882
16274
10504
4265
2089
1837
18313
17516
29002
10191
5590
31787
18529
29906
20530
8232
15731
25529
17762
30245
10512
11622
17170
27699
31702
3982
8564
1477
18230
17001
12842
7944
17275
30382
5734
31351
30471
28606
16464
19626
25312
3615
9128
14958
22636
24109
22956
32027
23673
32524
15420
8482
15232
30177
15420
4838
13099
16706
30522
28109
21780
16619
20560
16790
1744
17842
4172
16877
17196
23997
20751
5180
182
12530
14387
12229
24960
431
17649
1006
4128
9659
13633
22747
28155
2941
17986
7746
30404
8044
21469
7291
32063
9671
7077
15319
9547
23686
9986
22067
16159
31120
8335
18125
26580
22830
6336
11350
4900
28864
32200
4424
25201
22959
19130
28281
27912
2210
12782
15345
23976
1269
18086
1016
2366
13415
27121
11380
25331
3858
32464
27250
29032
20385
10648
5123
10560
29629
7831
17481
20704
8392
17402
1489
20850
16590
10990
30499
6448
27576
9222
7576
29407
28867
29405
23148
30361
5169
25852
13844
30672
21823
20478
30162
5264
20566
15090
12166
18948
4485
14080
20423
12860
27439
11088
17970
20269
