27157
16183
3181
23400
13653
21216
14457
19570
1001
32335
31727
3849
31355
12244
14063
16793
16728
9176
21584
880
6948
28864
13808
32708
21453
2581
15176
10744
7101
32482
5700
3867
9044
30558
25169
24754
2709
13771
12727
7351
31007
7838
1321
30433
29279
3040
24986
26406
14853
28628
30803
383
23732
2778
5443
31467
12542
14483
18326
32694
25743
6214
30857
16123
27048
5251
25724
20328
22736
3590
10824
20801
6854
11741
25812
29095
28345
8910
739
13083
8379
19955
20784
7998
1140
8871
27325
17882
2067
15782
872
11558
29578
30575
16575
5958
10235
30189
5397
16658
29549
343
20694
32280
19652
8277
24087
21988
3056
16228
23153
1663
29284
26491
784
4149
6090
18415
9991
11931
3829
6036
5094
25297
22295
4389
12431
29445
27956
3813
14917
824
4566
2439
22534
11077
5891
32331
30747
11807
19052
107
11245
13914
20455
31157
30234
15341
31
24185
16072
30518
8074
22693
25146
1342
412
11823
3489
8511
27707
26291
24116
5987
20338
29790
30338
21711
9577
25610
32263
14560
3733
22698
16126
2996
32300
21993
22135
15853
2780
7694
10921
21937
14268
10019
7049
11509
18819
27478
8604
25852
31736
6303
20233
13082
11177
25507
26354
27326
18400
473
32516
26800
8403
3819
24397
17302
26139
24927
5198
26045
26983
4726
26450
29718
31090
15700
12542
9855
26930
14690
14888
30020
5971
21489
7917
16358
2531
19744
26621
20763
29263
7167
20026
25621
11662
15860
23682
3847
5276
5470
25544
14054
12586
7033
30058
28781
10900
27010
22462
29283
32531
23835
10478
32032
23860
23536
9223
23374
12680
31387
15436
24557
15517
2757
720
1433
17710
21646
2628
4880
14999
32559
15629
26863
23435
27870
22938
23740
13577
3571
2292
17705
3468
28488
17302
7063
4227
2021
30848
22234
19968
2525
10887
25404
25268
14963
30703
23492
23579
5505
16443
26808
11508
16411
23620
26464
17908
3695
7305
16141
9915
8431
454
1882
31495
23731
25544
25522
6184
17176
31359
14354
28340
27822
32085
6928
17531
11089
19646
10525
19133
6037
23056
7431
25755
3432
16790
20930
12748
23538
19167
4455
12689
11456
17244
21885
4587
26146
26411
23672
32523
3281
19501
14463
1802
26837
862
15218
26074
29094
25702
25644
19837
17810
14187
12549
32372
12382
12586
31643
17531
1328
30022
16851
11123
20397
4831
26
160
8286
12135
241
29716
30808
21425
17832
28267
6172
3915
27753
28345
13756
26126
14201
1217
24127
15347
6587
15208
1607
13097
27766
1897
3569
12388
12887
3657
15357
31095
3002
22926
29743
8741
16421
18988
11508
15156
277
24640
26697
30660
18942
11008
13273
15583
397
29938
29797
20305
16432
93
105
5050
24536
26622
19965
5345
14590
30715
14329
17483
12516
4893
7772
10509
32029
30777
26095
28894
16463
31727
6949
6000
25656
2711
15430
6145
21743
1657
28364
23853
364
22076
9230
25350
17739
14242
28955
16230
8141
10866
7657
1156
23584
1973
12207
12742
3808
6436
29327
9942
3293
17634
18040
19704
16159
8551
13131
27291
30759
1468
2108
21805
11896
27118
2684
30004
16470
11197
30485
20635
9422
2964
23573
3913
11766
30142
3310
11769
16502
27606
13853
21317
9287
8831
21514
31491
21179
10070
4399
27605
26046
8997
20349
11004
3163
3162
24827
25197
10370
23991
13233
27943
31240
9546
29892
32195
31471
32672
28386
4941
20712
21302
10208
12370
30742
24624
418
2106
2837
30797
25148
5848
19515
29467
10070
22080
21533
12903
26837
1753
2389
19192
20152
15795
17795
9597
32319
11546
19346
11203
25171
23403
29501
22059
21282
15398
11729
11612
24842
24389
18484
5173
18104
10956
3622
28165
18065
21154
12999
29951
30544
671
8793
21736
17393
28390
8520
24083
8911
15989
23655
25743
18441
1018
20093
8095
22313
14568
7936
7530
22536
28363
24096
7924
29420
10969
16904
28749
14324
8137
18784
4361
30134
14824
26390
16623
25382
12649
7006
17654
8378
5884
7671
30829
21707
3747
32176
32377
26431
11457
22828
10180
8293
10612
5346
24692
12064
24101
12903
14938
23112
16734
11504
26476
24909
21723
32531
14454
20509
14819
13773
29708
19016
24537
13513
6595
4450
270
4063
26017
19114
25049
7644
10193
18408
1514
10369
17563
22428
20443
24014
28820
24660
16136
26240
32018
19294
16289
17880
18659
671
16637
26270
10559
1475
1585
31078
24314
23191
25826
2066
27646
23730
26199
25240
23801
12379
32466
18693
23379
23719
20257
30402
7011
20706
9328
29462
31458
22832
10849
19181
25504
18036
863
6104
18037
19825
15151
30804
17019
24880
18375
23887
19578
3233
3172
20712
27300
3972
4823
6775
22659
17034
28447
25549
10031
1720
317
17341
11716
17421
2372
20955
24083
15204
16816
10115
20888
12188
29688
29213
8877
10741
15207
31392
26108
23997
27175
18005
22586
28461
17567
13534
5139
8590
1791
16246
25696
12447
26904
15738
1696
22843
5234
21033
29094
21815
16536
26536
29839
20106
27063
23368
16887
3504
21863
16140
15213
26448
22985
21606
4387
11548
6866
9282
2538
9720
12774
22597
1886
20831
29609
14679
6750
31235
18450
30559
15296
23476
18625
7757
32066
24707
6546
23646
18115
14631
12146
32155
29619
21664
31089
16548
25800
31514
8217
26795
23026
4115
20222
12483
10386
16320
15511
1115
8679
7085
25676
8453
15816
27301
9936
1405
23961
12241
17585
20966
15224
11555
26414
32086
22967
25846
11080
1173
1679
24302
25372
30242
18450
13350
367
32631
17506
9866
25483
24462
31265
18305
27978
25252
23848
29136
11120
19261
11132
6843
28733
19560
3709
15980
7747
31044
23649
27545
5494
19907
3553
12898
30338
13486
15410
31352
12385
12010
15159
1156
3116
32761
9205
6855
11057
963
25415
13565
11079
4503
8403
5000
25950
4205
4668
5578
31322
8302
3738
20435
8738
32182
30247
9020
28915
88
16954
24402
1787
23970
20858
11384
24099
3747
17483
18118
10796
32747
32141
19446
32509
28306
7046
8321
12603
5756
32028
12293
9499
5594
10056
3306
32628
10740
7879
13125
27929
10535
2579
29436
29797
24105
12177
17708
1303
10389
9228
4295
14944
1699
15714
8834
827
27702
7549
23534
9469
2845
27013
24036
19501
28818
340
12839
8085
7175
19243
14405
2457
29475
