21073
18625
21147
25596
32699
26311
17651
27121
4132
8951
19309
7082
18631
14309
22362
514
14495
15350
7063
25140
13970
30408
7266
24149
4074
9678
29035
32546
31492
29755
28206
2812
8780
10786
9345
20017
23401
22235
30057
14461
24244
31400
9266
29649
4847
29592
8127
22610
16692
12716
30238
24997
17707
30265
9823
2410
3456
8845
17575
11014
148
22997
9344
21670
6515
31295
32115
10625
20743
12635
15833
14685
10123
12231
32750
29012
25153
16395
21799
2520
20840
17602
23494
5621
12905
25083
21163
6102
593
21982
8045
16011
21635
17555
31401
12553
431
31583
13978
2674
17150
28432
21482
27543
3471
31132
22728
17852
16935
6917
7739
17051
1316
16767
1974
28075
21171
23765
22764
673
9027
16649
7653
1335
13370
7227
22866
1581
18662
971
27934
14734
30646
23746
28997
16949
22442
9070
27881
22159
8712
22093
9635
8867
7249
2093
30999
2895
24179
23952
29899
14036
18752
31061
8249
32405
16671
7317
11554
11803
257
32204
550
13149
6551
6969
21394
9278
28867
3207
15993
15704
21836
6060
6662
15864
31445
3346
29456
17769
29200
12020
26095
5494
28975
10252
19086
24106
155
21867
26306
30426
24553
26536
6874
10342
14090
7996
15480
27835
26561
10285
5023
18332
4954
22762
11788
7331
10394
22646
31946
9858
3570
28617
28673
29583
15351
2676
1295
2944
23575
10883
31449
8818
16260
21415
8291
32049
17013
12693
29087
27315
28558
32169
30339
30437
30620
26575
6238
15019
20870
1699
24940
27937
5761
4823
23208
6696
28290
29141
31713
8734
8441
21414
25104
26348
7612
26643
16361
19014
4673
28426
15536
24878
24337
10307
13646
186
377
26146
5028
2072
17795
18400
12319
3023
21541
24294
29069
17991
29111
17273
7983
29068
170
23708
6415
28239
7288
24370
27283
23598
24791
18532
27475
1845
12594
22338
25128
20132
5209
18861
24197
26866
30840
24692
15371
10515
29510
28349
1111
10487
21118
30887
8991
32083
4243
9517
8317
22179
416
1870
21898
13168
19613
618
20271
1998
1241
19952
21304
32298
30628
23606
15274
13634
588
10408
7255
8053
1100
12581
26287
26429
16831
7846
32729
31994
18971
24865
32003
12785
14107
17069
31222
1172
22525
13798
15853
516
7406
25491
8871
24788
22211
15238
29115
14608
7913
3268
11308
32125
31647
26854
28733
6691
5218
22207
29062
23561
2729
6207
14152
1600
19155
1943
5374
14370
26974
20382
4404
2268
24665
884
11932
31786
16668
22885
19295
13410
11830
3344
2737
1460
12711
11464
31912
20144
17232
22074
30798
14856
5031
9808
23541
19864
28335
24662
10186
27299
19240
4188
9901
9056
23042
11483
6464
2485
10776
31643
5950
23362
13339
15827
6927
11937
25292
26515
27545
1516
27503
26207
22616
27264
2684
15132
31665
30209
30871
27441
30595
27807
11202
3302
24576
19607
14546
29455
18619
30460
26911
15343
10241
21943
22656
18263
1133
8909
12151
22542
8375
13536
19880
25717
6605
29945
30864
23147
11045
24964
25203
23151
3409
17052
7574
11780
8916
29577
20399
32090
26420
25991
14746
2090
21584
16329
26445
26082
12788
16574
7182
4354
939
17555
20196
16838
2260
5369
19275
23557
760
26152
18987
29785
13915
9508
5899
12416
22737
31551
5506
1794
25299
10975
15087
8724
30418
10625
20586
27069
21195
6910
4347
31031
28
4621
30729
920
13718
14858
21525
27570
8147
19958
29096
4919
970
190
29321
9505
28576
15040
9524
24400
28098
20619
28808
8053
28208
5862
10176
14128
23068
30741
23204
19317
1459
28247
30208
17204
29755
1971
18518
2361
8798
22260
16080
9553
19141
30195
28280
28846
22761
32020
15787
27020
32294
5139
16843
27157
7442
1
9525
18050
32524
21129
10611
5764
2072
7800
6578
11746
23786
21885
16758
2147
12096
13100
15244
11502
9333
22857
11585
19440
2643
324
16849
7422
20010
26368
31266
16316
27166
20696
9394
9213
15557
22756
4558
15659
32498
23416
22534
1258
19403
12014
15581
4344
28450
2214
5573
16471
28162
13130
13642
17327
32135
31319
14477
1262
23539
28377
18676
12849
16383
26998
9760
28647
21103
28077
3103
30259
26089
21088
18915
7571
24839
21392
7155
7872
3755
29033
8033
2517
18579
16510
28924
14514
12333
3925
19654
16547
27052
1318
16809
10045
3419
7648
19813
24201
17201
10093
29901
19557
15526
9271
11315
24870
198
14059
9249
386
16004
31613
20042
18350
6480
29036
11967
24515
9196
23367
19814
870
32123
14192
23465
22696
17627
13856
25195
14379
22068
20651
3136
7815
1745
26117
24541
19691
21295
133
32461
23816
13140
10474
15462
19498
2402
27292
8444
16808
24172
27956
11604
5247
24968
18237
29275
21562
23846
28220
20760
22805
5792
26607
30432
8033
19474
8403
27081
29226
17515
3048
14689
10520
9668
28600
10143
32147
1521
1174
24089
15146
26966
18468
888
20278
9212
10776
17705
31674
20709
30271
10582
12686
21404
8130
15637
21949
6159
20904
29407
30251
1185
26780
17731
12667
21116
14832
29147
22063
16420
19427
24704
32017
21074
25375
2746
8914
5887
2438
30586
1266
7871
29230
7948
17887
8272
24234
19271
7265
31347
27020
18439
4661
2042
23079
30685
5625
31267
26010
8452
25672
11556
266
1687
3109
11015
10542
8706
4765
20664
17169
4279
31144
18781
31251
2594
11857
21477
16177
29150
8726
1764
19847
23081
5010
1694
22547
2709
19033
24929
17596
24321
18980
1561
6291
4808
16686
2334
31064
19512
13789
11088
26688
31814
14245
22374
6645
26239
5930
2435
4063
25922
27044
21770
22178
15917
23432
31924
3560
6869
5733
20704
7520
31162
15883
18474
15111
11130
18675
1598
9894
12356
14299
17647
16027
2448
28849
21379
20957
21517
16562
8273
21307
15835
18899
143
20964
11515
24416
10853
23340
10756
5603
5445
10637
25367
2631
13439
17644
23316
9277
16400
30750
6414
22495
32699
16299
27645
10899
19548
5586
5811
32563
15224
16333
30738
28011
10520
86
891
10338
5080
21353
7561
14492
32571
5964
12544
3359
20545
18125
4096
10196
22588
10443
30079
26929
479
6391
15094
16149
21656
19932
5721
15091
16928
16413
29773
21299
29264
5886
17046
21461
310
15910
16078
16984
25448
2212
7517
14554
25752
1327
7333
31872
29801
26546
