21269
19012
18080
4679
31184
32170
13545
12346
24271
9831
30412
27783
323
8498
10030
9040
1626
4568
24768
12881
2926
15510
16852
15718
26749
3782
25200
7245
30425
6847
28833
21932
12320
2806
26386
19286
14703
20585
4573
31690
11987
4157
21921
31997
17152
5285
27861
5209
1862
17671
3932
4101
28608
26970
14425
17767
26575
15571
32324
22759
2758
5056
12606
13046
21735
6324
13217
17999
24719
25828
16604
2941
941
30673
5758
21918
24952
21031
13200
25702
17506
14309
8744
22375
21575
23999
32571
26255
31979
1473
13491
1010
6307
20276
6593
19145
13138
15813
28021
24507
31127
15332
24460
9820
10309
7275
7049
28660
4116
24448
2567
1921
406
16060
15437
16127
13676
17549
13859
25062
1209
29400
2532
12533
1495
15587
31445
19246
24905
22643
6581
10274
29425
10801
3989
1902
2947
20818
2794
31110
26170
5751
737
26033
9930
16850
17650
12629
29589
7307
184
27765
33
8546
17920
10104
7114
8341
10528
22060
6324
23300
394
25610
7940
22675
30368
23996
16464
32208
20170
21468
24403
9430
13510
23295
16358
15729
26432
19698
21292
14466
1699
12099
5132
17061
29998
25347
2020
4626
32074
459
14203
19393
12827
3069
13368
17362
15957
19532
32146
7467
5457
5247
23240
3171
14944
14193
31954
16863
4703
25693
31895
16186
29579
18264
2400
7146
26519
4895
23437
32033
21500
22547
16263
17650
31889
19586
19701
15541
5211
27176
7731
16044
20646
1270
7167
8935
12884
16146
12662
29540
31094
32286
31808
11131
30489
17853
19719
1657
12642
6995
3117
8588
3550
22285
22206
29919
30227
1570
26531
26629
10843
16984
8473
1435
14066
8905
19042
4649
16205
10727
21946
2634
5037
21694
17037
19469
17653
12153
28647
28570
10936
4904
29484
4889
3991
28864
18185
7631
30666
19811
26282
16010
13820
21474
10542
10560
16988
8065
29016
22515
2033
9210
1415
21207
7213
22212
9192
17335
5318
32148
9962
22677
28609
17957
19954
14737
16848
2869
32337
5644
7901
27344
4211
3340
28903
4560
32088
29922
12557
24741
72
17931
14056
19794
195
11605
4638
9912
22712
2370
8756
7447
19191
22193
24740
13266
15847
20667
4400
114
3708
18396
19573
23278
3940
29779
6339
25386
2177
18379
1324
32701
19100
570
31451
14839
11096
3594
14504
6947
32100
26487
11497
28425
22773
4920
8586
4023
18548
26721
28256
7809
11635
12680
9658
20039
29158
26918
28473
8950
22928
5441
1250
19025
1979
1608
1650
29170
3372
32063
5873
16011
4694
32027
30858
18546
29134
19312
6810
16733
22271
25673
19975
10090
13599
25943
5075
10594
10850
13391
14833
8254
9069
25741
14935
16874
21261
8189
4180
29002
21033
5947
30756
20347
31733
15609
19650
29275
23145
20642
30717
25675
14066
31804
10446
20787
9063
2451
17385
1223
3902
29332
17042
7689
15616
20727
29618
7183
11258
28961
21290
10247
18998
3144
27495
16504
681
28120
30006
10699
31662
2069
10714
18441
6579
15362
31581
17894
6706
22658
10019
11519
23268
5310
22213
21344
8497
2502
17180
16969
30186
28539
3483
31282
26938
8364
17378
14348
21210
10879
16785
8138
25221
27411
25690
28704
5292
867
18011
9098
24426
8302
29354
8849
11194
24469
18481
27466
28392
21060
32444
21023
30789
25812
592
16337
18207
11440
6335
4286
31984
25015
1401
31072
16342
1762
8101
5143
8515
1575
3696
31784
23798
17309
8101
6661
1066
27616
27775
1231
26893
439
16571
7449
24179
28404
30704
17647
8140
7324
17699
22806
30035
22088
6294
20374
26761
31947
6114
8054
7394
19477
23621
21959
8382
14424
27453
31716
19098
9833
7510
13047
30344
872
26432
10431
14300
32675
14628
18833
21289
28856
26680
21405
5228
7930
22162
12147
21894
534
19770
12742
18672
12535
15490
10863
23722
2278
22170
25780
18804
20470
14431
31947
8769
22175
5236
11930
30697
23721
5268
449
25886
15691
25894
30426
5793
9877
7954
6655
9141
24587
980
7821
19157
25747
16335
26664
26274
21393
9955
9472
12063
32080
8001
23890
6944
3748
11902
7217
30208
8141
23783
5510
32147
10911
25365
27990
7259
11232
21953
1091
5119
29682
17369
27990
11256
27313
31442
28923
14478
19103
25921
16717
3587
5951
14245
17300
13326
21182
24455
4876
28043
14040
26822
8425
26736
29946
19756
5527
10755
16804
25156
22342
2890
12050
22896
22950
22979
6939
1590
6895
28758
13401
24283
29221
23688
23178
27443
4762
25585
24118
5559
26804
32240
25491
4824
13296
5533
27813
21139
551
10239
20137
12358
28689
4736
5812
21698
21255
9629
8600
32417
12301
20450
27399
9434
9231
29974
22523
10130
8555
17843
84
821
9904
10905
15299
14790
21157
6402
30184
26227
31118
25273
3511
12141
8106
22151
17440
2550
32000
17646
32239
1212
28252
15642
23793
3173
30612
5653
29784
24171
15119
6202
7264
7722
2696
23276
10547
16439
29968
10888
2314
16372
30290
2711
3478
21345
11035
10313
25758
4405
12058
20767
1001
15662
2020
16871
3166
11941
16698
25069
26730
1381
7823
15984
10658
8381
1477
23123
27050
3284
1848
9749
12885
23101
9981
13315
12557
5067
19308
31916
14710
18087
29915
18326
23374
20639
8877
3119
3992
26817
2444
24326
16633
5673
32498
16187
13154
2327
15854
22581
3823
2629
26917
2962
4623
29815
28183
22372
12006
27731
11683
27802
6127
19059
3533
2492
32742
27577
22720
28124
4325
23522
3343
30665
24269
3678
832
17797
22759
6495
3211
26617
32459
10033
28383
32488
23681
4553
25126
20770
4583
23712
29386
13562
26962
194
28024
23801
16760
16161
14372
23764
20110
27952
15437
31388
30381
28589
18050
8245
19834
22462
32549
265
29446
22080
24687
18429
23027
31068
19892
24997
14553
26715
12264
14003
10983
4539
15203
27318
17358
32642
17121
29441
6874
17874
15309
6632
4450
16318
22463
16947
22627
3676
22339
32460
31080
3611
31196
21179
26285
13911
12104
11604
22147
5931
28166
30383
28150
27015
21270
16473
32430
25986
28416
28233
23571
21233
25623
27670
2997
2104
14847
16999
21738
19296
2669
8362
29625
18794
27438
12041
29430
6115
14699
15513
29103
29881
10795
7637
22471
14413
17433
20300
15841
11721
9864
12438
3199
17844
16820
27532
5739
22212
25674
