24953
21395
24649
11146
26185
20085
17129
15380
29872
10099
24212
23396
3336
5072
12431
31360
25044
11089
9113
757
30966
21666
23235
18020
27939
20725
7810
1853
25491
10988
8195
32459
2557
3257
1726
1137
12482
16772
31822
14899
21865
26124
10880
25207
12619
3218
24490
17165
8335
22515
19774
14702
30041
21012
5278
25665
2879
386
5682
1572
12029
602
14009
1448
11881
9831
3804
11933
9385
24715
14601
6289
22179
32608
12670
22163
13237
31518
31908
21565
20134
23232
1951
1009
25309
29794
30499
16994
14801
3310
22665
4950
1217
6903
26914
7083
32421
12517
26571
31896
27236
21075
9409
29750
16711
14517
17335
26431
9646
19262
25638
14357
28162
19969
9189
3846
23530
3158
12281
30670
21442
639
22446
30813
10313
19083
21991
1243
20121
20603
17586
29930
3677
4516
28447
24107
574
27476
30035
30723
31902
15544
30424
27807
9353
24573
14135
15157
24296
16054
28873
3981
22520
1406
18890
12993
16635
15070
8111
31041
5678
15729
7353
21017
250
27973
19403
23415
10862
1157
7801
8295
4589
25429
6497
25570
15396
21246
6846
7431
20031
1099
28474
2216
26973
19763
10500
29704
23105
27063
27939
9443
29002
17422
11018
687
5797
2048
29292
25890
28353
1424
23377
11252
8963
9949
13418
998
8892
32074
27553
32003
28760
10717
25845
22054
20184
9445
13189
8636
25474
10464
26858
10187
8150
17563
28362
10548
1989
22683
7850
26677
10270
956
3076
6705
20809
17176
13466
9908
27191
18730
2825
22450
28569
20532
4001
24335
29520
27613
27508
21860
12325
7711
16813
5633
1467
13152
11044
7214
28865
10719
4143
17847
21356
10322
21690
7847
8741
18382
2714
6739
18559
13542
7710
23962
23147
27671
12519
32364
26031
5476
5882
23689
30612
17213
10772
30603
10975
6309
26430
26151
20995
6804
2720
21168
4501
12442
7578
8412
32512
6342
11025
8395
6010
21190
3591
29509
9015
17999
3695
836
22748
10432
16447
14514
21814
26114
22726
18547
15148
4274
28224
17830
4082
7554
21928
22568
10112
28124
4813
15450
13635
28105
3752
28709
21778
18706
2029
12603
8291
31653
29152
12447
9151
16697
13674
8039
18547
10293
2156
30913
1673
19406
20307
11572
29430
31088
15597
4904
32277
17760
9339
16553
30292
21151
12807
12904
9006
21009
31991
25602
3161
31966
10467
15749
16704
3609
2212
31281
13491
32672
30637
27771
221
3651
23967
17240
10103
18728
4119
13495
8764
12397
1738
12623
22429
10000
5589
1436
18357
15372
8782
3108
1407
3781
1311
21759
20551
21158
4116
26262
24926
13833
26930
31659
16914
12375
12363
25242
15837
31600
8911
25054
17629
15437
12773
17878
21124
7908
16058
31689
11409
26955
28953
24105
3647
18977
23613
5652
5052
26154
26083
13856
31196
26937
9123
29272
1551
7763
8831
6530
10897
21265
19645
13220
15072
2630
25074
27078
17523
16866
13664
6904
24489
20502
9857
17047
3328
7097
2020
5069
29319
13291
26680
28247
3478
2808
29095
4235
11452
22655
21349
10905
17913
26323
27016
14097
32045
20385
5914
15525
28369
27603
1644
23857
4837
31413
17326
22008
19497
17494
26045
21808
30608
15154
14652
18626
4082
24845
8678
2635
14849
29474
9762
3174
19582
8573
22744
27949
10413
21926
5508
4605
30470
19583
17033
12410
7213
1903
3527
26835
31268
22720
22383
21832
20928
3910
16150
13033
22617
1346
1801
1952
21958
5765
16865
26993
24200
16857
32343
19201
32326
31132
25945
29013
26234
26542
32349
30429
30057
10382
3573
32689
10584
16831
17059
794
21501
22385
9199
20052
8756
25949
30648
9362
19443
32497
4552
8259
128
23213
16811
14740
25313
11469
21184
5686
10901
5416
21136
1633
15489
9304
4447
21273
20525
15387
4353
16816
30000
20217
21999
28812
3305
17191
20122
28970
3184
31916
17663
17251
6860
21186
3708
5614
24423
29823
28130
28711
5311
180
23499
10510
13149
21782
10542
20371
18699
22683
12336
26641
20546
17703
1853
8984
7138
13416
27224
29039
11045
29694
20143
6489
31190
25824
21619
12568
8382
27131
2790
8880
23136
10780
15030
7405
16358
10511
10889
5543
21082
31753
4569
16709
9241
7491
11778
9088
13957
8936
11673
7530
24571
23857
26112
7342
19973
8142
1847
20505
30672
14985
16885
1369
5344
25894
5112
5125
27650
8845
11929
31198
3714
24363
11171
3157
21407
20117
1125
25421
10300
19566
32518
24865
1752
17548
1561
31721
11200
26198
7793
11257
22915
10096
28471
9131
16807
22939
4153
13407
26010
22486
4741
1215
1003
3785
30519
31816
26042
25700
2191
2054
8302
17092
18759
7326
8102
19030
28195
6546
2929
28478
5577
29121
24257
1530
13011
15661
16925
834
23587
6145
32407
29491
30582
29395
7422
27565
29244
14374
1364
32250
31912
27443
12930
27568
31491
9193
20043
8920
8517
3122
18815
17743
27878
17016
17521
16237
28914
17768
23466
12773
10332
19701
11487
13036
17044
13472
10273
10910
7771
23287
340
20125
26327
6748
21986
251
1762
16136
23217
5722
26280
7760
9810
18257
10097
13094
27515
20754
20923
25570
14263
2378
10636
21827
2652
26953
7430
28336
22461
21603
316
29636
19618
7574
4420
22282
26101
4205
25486
10757
12478
291
18803
20084
18002
10252
19729
19667
22726
19505
16727
29733
25514
314
6236
9969
21748
31890
29685
31115
16955
17861
9350
1428
32294
17965
2584
5828
8739
31693
2988
5351
24668
21373
6351
20262
12775
28232
26991
3208
13628
22034
28653
1465
20717
25981
12659
11273
28305
26382
30856
25015
25089
12172
5602
1904
20680
14249
9083
787
11732
30949
32231
9143
7538
4526
26596
1775
21881
29900
3123
25421
19908
10236
20902
23588
21734
21979
13691
17042
23834
14086
8168
26558
5497
5760
26359
25695
9072
30036
29588
31102
4208
4475
15588
28284
16359
21503
3545
4182
368
27233
18692
13864
4934
3897
7850
28400
10495
17948
26905
15509
19063
3778
9020
40
7946
21352
11630
31593
30982
5748
21644
2957
13663
9048
20302
318
17317
18104
9687
14820
27188
20943
14218
24099
6827
27919
21280
27044
27295
32263
5367
24601
1168
9354
32685
21371
9499
4878
750
8086
30834
18002
25738
32456
27658
24644
16331
23558
18579
10785
3845
1567
10285
478
29550
10309
