23481
12887
24819
16939
2571
6080
1748
22637
4302
792
12584
21155
31707
25891
4269
21855
30989
8610
29238
20981
27893
8495
6400
18305
16335
14952
4932
5419
30388
13903
15625
16809
27921
29681
25916
23558
16983
28486
18690
22946
20468
12121
22861
5499
15235
24488
32430
21674
31039
6350
20330
29745
21182
7263
27599
9203
17884
2068
29896
21252
20469
17448
20656
12579
31063
12545
12900
27013
13558
22547
5788
31445
26722
9218
11131
20600
12279
25606
22116
277
13139
7828
19472
22101
7694
30523
28381
487
4261
11212
26473
9160
7606
27837
11104
1473
10099
5327
26258
12337
12625
1007
31305
15372
31232
8538
1753
1572
29088
18693
13176
10151
24626
10300
10320
22505
20556
19849
28371
7012
4625
28631
11343
25598
27233
12503
27330
1674
16973
24227
25583
10640
27342
30882
689
4433
18614
31659
3728
27910
31974
14701
13714
2409
23746
16142
26707
3190
20194
3858
15448
7795
24586
12927
18593
9262
9309
25918
12413
28294
14541
25029
20643
812
30934
4083
17021
25259
15468
6971
10695
28582
12850
13317
89
23393
10732
81
21569
15236
25399
32670
11285
11547
13432
26122
1416
10464
7698
12986
8762
27837
7644
1404
5845
7821
22226
30635
20565
3107
24842
31828
935
11405
21994
2966
15222
18073
27801
7503
30786
24729
15027
14069
5810
23908
27969
4289
28715
27293
3560
5651
27041
9272
10336
17682
25773
4409
25640
12690
18144
23999
26232
12092
2904
30274
4216
26344
4752
26649
28079
23374
9340
11071
26302
8414
22742
14678
3150
19692
22963
5612
3655
24592
13401
11262
13122
12237
11348
9402
25666
4976
17607
7049
8350
22587
29697
21325
28226
16579
13648
20711
6680
5015
27930
32509
23744
32034
21289
16122
14215
18643
22343
2902
7575
13691
13323
3863
15723
26870
9202
22168
32390
18189
27825
32137
1893
12187
13514
32311
24498
26607
22366
1549
698
13170
10818
29531
30241
24457
27221
24663
14548
18109
16912
24418
7744
3866
7774
19596
27074
10196
17838
22617
15966
18993
25927
12230
14003
418
2268
25991
14638
32563
12385
147
23679
15398
30749
21474
28745
12251
1791
885
32286
7412
14133
23192
22186
14774
11515
22372
32558
14257
20401
3975
4913
28323
22833
21064
28274
11930
28511
11205
13088
32089
31746
11647
77
17149
14034
8217
27809
10720
5585
605
6475
13758
6111
31104
28989
22038
7561
5799
26777
30675
17443
5545
20582
23084
30486
30999
4744
10953
11130
10106
27119
11559
31208
28123
27406
28989
2697
2953
28815
23904
1907
11030
16453
3940
2358
27811
31842
22788
12721
25949
13546
23427
26923
14408
11623
1684
29087
11324
10975
32376
17494
25389
24067
11622
28091
5807
15785
1071
23404
32184
25980
11810
20621
16296
19698
15405
29793
6280
27263
2886
12059
4751
5897
27145
18673
30955
17819
16803
32627
26558
25437
17902
1307
7526
29636
28893
7973
28929
15622
19739
21920
4656
6353
21487
27078
30236
15676
25187
1673
5559
4606
2469
24430
24901
26077
16045
12702
3354
6250
11552
23355
7077
3052
12661
31984
18605
29594
15958
22988
14811
21005
12617
26960
6265
15348
23183
20422
30841
13066
15436
12501
12473
11589
17641
4179
2181
7248
2231
13658
24158
2364
16085
17310
11257
6259
1363
32509
2955
2541
12439
27992
8772
2470
10752
19106
5145
25679
8650
822
25799
29763
6194
10350
27157
23230
474
4977
13145
22857
2926
10828
2621
24441
16520
31557
28867
8409
6609
8811
16519
18213
13930
11634
20293
5305
17546
29118
15514
2888
23912
2238
19727
27345
22619
26235
30291
7375
22847
15985
200
24497
7708
10909
25153
18057
20482
18647
13835
24840
23351
16994
30250
8106
4757
29122
23012
18478
8749
6861
32132
3657
5424
26885
14168
9371
29456
10277
15868
23010
14306
27386
986
5742
11271
5236
27634
19925
24331
30461
15319
14567
18893
32265
28410
27620
23520
5615
20267
7405
30770
17911
30301
11961
9451
12468
7594
21385
29336
28308
23959
23646
24201
30389
17304
2153
13431
2554
24791
26819
13163
21599
13873
11358
31194
14473
8577
26684
32021
31138
12322
12254
4065
14179
31407
4608
15457
28786
28173
19843
30013
32495
9644
21163
25085
17225
15113
25738
19126
29015
11896
28348
26345
13220
19744
25429
5032
6410
14407
13592
13562
130
29136
16874
18049
30522
4609
16774
24410
15592
2698
3185
11589
25183
6851
20273
11014
13919
22838
32186
5643
29874
30301
6953
26446
27508
7341
10676
21373
2739
4563
22241
5721
4664
32061
14327
3420
20899
30684
10930
26014
11966
18728
11835
24825
26123
30053
18519
30315
14751
293
19167
20925
563
3599
3440
30306
22137
13534
28515
2466
15532
16557
13824
2040
6763
12145
6894
27064
22215
7111
7918
31476
25243
29680
29898
27297
6940
8729
6279
21750
15024
2528
26338
19733
19460
32533
18683
10733
21336
6589
18507
6751
8734
2909
7899
17567
2244
22901
6072
29918
23246
8522
21410
7974
31015
18664
17924
14469
22201
16744
32297
11117
11067
15983
4268
27483
18506
1783
13616
27575
17596
17234
27730
32251
29233
27755
16860
23320
20714
16464
32571
23574
30175
24557
25140
9722
5899
31258
11218
19692
12811
10201
7075
12953
231
24024
11044
9175
12592
5950
7545
31111
4427
7588
14177
16576
10252
4704
13162
11818
27271
7434
18017
24743
1058
25401
18445
14137
25839
11662
21533
15904
2617
24052
30558
30530
13661
6949
15665
464
1243
21873
12605
25895
9133
2235
10593
756
728
24516
27628
29852
20800
7340
1553
22491
9664
27317
26261
20139
3962
32075
4299
13927
108
8257
31682
23088
17989
7518
29117
9360
1398
6936
995
5213
27275
22687
26168
30944
1468
27421
18380
14647
1215
24636
31539
11000
16097
27114
820
15383
18261
30553
22469
29706
31180
24393
30520
4138
13638
32649
6063
16221
14631
30139
3285
16626
22669
21849
13776
27340
30689
32501
1905
23235
2220
31941
1710
22343
30636
2142
18259
9030
16680
7616
17140
18768
8064
16275
7206
8698
2056
20656
8687
6528
27158
9955
10106
30894
25690
15087
1039
13568
25710
6611
20291
3080
25774
31564
11628
28176
15434
8603
16472
31745
13722
26248
4159
7299
24241
6567
245
27750
18484
5082
10084
3649
9837
9239
4922
7512
2203
14700
