3177
30057
31054
12641
31895
17555
9201
849
17012
11315
31921
6263
14869
24663
20080
6902
1186
24279
15289
3842
4618
8760
13836
15594
29429
31696
32629
31829
1787
22827
27235
17611
23315
30894
19384
10104
19534
20858
21277
5677
17093
12948
15768
7080
6351
23874
5728
26901
632
7864
31216
23765
2351
11507
3930
26237
28607
19174
11230
27682
4737
30676
21691
5332
6095
11773
4933
7272
1211
29820
20280
5243
2561
18544
9036
14003
7483
8538
24585
11336
12884
5318
12509
28355
10559
23854
5996
9734
17385
18459
12583
10125
14444
20365
31520
31475
13189
25245
2076
1976
24392
8545
23786
20545
16914
4112
26356
24096
2496
1382
16660
17302
5918
22602
15017
22102
23970
4271
21737
1932
27483
8120
10873
32030
11556
25375
30011
20530
17181
30679
9831
5360
31068
8176
17629
3977
14559
16316
1465
14968
1221
13872
21288
520
22462
5260
13691
22806
30145
31039
21114
2840
1533
4612
30459
28510
2321
2386
24243
24984
32639
25331
11851
9113
21598
3058
21430
3162
24656
8635
16579
10306
6324
13438
13294
11940
16157
2260
892
28810
9474
7333
7879
9393
22455
29513
14806
13524
18587
27885
22320
28717
17812
11577
9202
18234
21944
21808
23072
29885
20045
5207
7481
14342
13300
21785
1294
1140
15393
2154
19155
19002
718
21675
19575
15455
18545
11213
23089
14345
19499
3258
604
12538
5698
29680
20356
18267
18129
16239
11457
27320
15550
2518
25667
11853
10477
16585
27695
12928
25011
31381
30122
18350
2702
20247
29234
11818
25619
14298
821
6019
22567
15231
2012
19718
5746
26722
15656
8068
21777
25210
9281
1110
2443
2177
8971
925
11783
29781
4857
23502
26300
23199
12838
32367
7080
3506
10914
18971
23173
10166
9225
9676
5369
8197
4955
24922
3853
20437
15623
32574
4576
10776
7497
19356
13981
10912
10934
25729
23978
16519
10006
5993
9762
14286
29297
14340
31110
26180
5229
21561
32687
8105
28631
26988
3847
13588
21631
32508
27897
914
25417
18960
29350
22032
30849
16020
27098
7803
4207
12670
13886
18981
23083
28758
7887
13675
27827
29173
19342
661
21051
1165
19321
22525
24004
7401
14011
18804
32496
10998
16672
28897
2069
6019
20683
31275
6800
20293
27947
9817
11612
32542
6699
2552
25059
26014
29609
2749
6931
24011
7466
24684
2741
1821
22988
7416
10490
11981
24700
32748
19031
24144
16488
6409
18323
13086
27063
32305
27679
25527
11896
6276
7845
5608
20441
19656
30691
27210
27546
782
15290
24845
24001
20882
26754
31731
27278
20196
20641
16799
17585
20293
29276
1552
17339
4436
493
7273
24275
7658
22997
22003
16298
24386
17779
29284
433
13149
22998
25954
29065
32164
20688
5443
24762
31696
6731
30487
25001
25095
6112
11240
32708
583
13990
832
18432
776
23368
1772
13701
26909
21595
29696
22183
30940
18158
17691
15897
12926
18786
12780
5213
28105
8316
18421
23935
22764
21176
143
18179
24234
1504
30767
4636
14266
23262
10983
28191
11118
15311
23088
22326
17300
20568
32742
19801
30618
3133
29332
30586
4853
3119
7922
1792
23234
13542
31404
28535
13998
18544
5221
18054
24852
26057
25852
24609
25190
9899
17934
31487
23502
20391
12732
4431
25877
18037
12206
8615
451
17033
4951
1085
29064
27622
28539
8281
24538
23607
25327
5642
14048
13852
8865
12313
6543
18114
25816
12859
18707
26038
4540
22410
31088
1787
23832
5430
22889
13146
11615
30072
20897
23289
29677
7880
16128
13871
23184
23376
11352
10391
27207
13472
20296
23139
3913
30627
19553
31731
7753
13522
1672
26535
16121
4263
32155
5617
24525
30805
88
6062
5889
3766
13690
2742
5341
25989
16420
15537
2872
22221
899
28717
11835
4769
18864
30702
12903
13582
20947
7301
27609
30798
2446
37
29389
22334
30105
29873
29026
13331
3497
30745
32413
22344
3991
19175
10927
23258
3518
21781
8315
21944
15525
19746
83
23413
17374
21861
22530
9281
5677
928
23568
28951
5357
1752
17985
56
688
24420
32095
9687
2342
23877
27193
23830
22080
22709
7660
25905
5268
22786
11617
16121
17156
7581
26135
7813
12186
15726
16419
9508
6583
20587
12661
30613
16237
22377
18012
1147
23081
22066
9037
3851
20117
21463
21472
21000
5052
13640
2843
20209
5488
9761
14579
7545
5608
967
6416
20279
21166
32436
7889
15263
28857
26127
25232
18481
29653
20864
29735
240
17740
7490
14002
5398
3519
27770
10647
3078
26197
9671
17092
18050
9496
7706
15928
8222
18587
26056
1733
17652
18144
27613
7188
3994
17274
27572
6633
849
28911
22724
17576
13951
8544
15549
16153
16736
19052
15316
19816
1272
81
13146
18800
24140
11348
9876
11320
6609
612
28103
20670
15141
31226
23442
21492
27901
20035
19584
13833
11615
18817
21726
8425
2577
24495
202
30727
337
23651
23181
5466
23238
10233
11051
22437
3255
26606
10552
26108
379
32394
2540
19588
20784
11714
10362
22138
17328
24924
14238
18807
11969
25684
12661
26098
1164
1407
31122
20742
9809
28526
25934
19317
20312
14229
7775
23022
11307
26796
5037
17035
29186
3158
27745
926
2687
30721
12606
10157
10139
24845
8244
6843
21473
31792
24114
25801
21210
11289
31549
28061
26056
851
31935
11714
18582
7533
25121
28880
31504
4952
22427
3310
10832
3856
2891
13204
20088
17022
22661
16278
20647
17822
15723
9310
19749
8157
20157
25208
17889
197
7666
9557
22814
27611
17799
28232
20585
23496
3991
28885
7118
8376
27308
1067
3403
32256
8405
19951
26757
19203
1272
2619
6842
6998
2666
5351
12023
12834
31421
6151
21131
17610
15833
948
32187
20686
26702
13072
5303
2288
1001
25220
5325
7573
18054
23372
8669
25709
11044
30774
2061
9046
8511
26534
1469
638
18010
20190
29118
27080
24027
12924
4542
19826
31515
18500
13575
11764
4542
5664
26474
20267
24640
613
20597
27318
26833
14680
4845
24993
27747
3057
16504
12608
7169
11231
13721
12126
29794
26827
29153
20888
30654
21217
16484
1027
14816
26253
17515
21269
29309
9602
15976
27842
2500
16641
7471
15589
21302
14680
12130
10466
27320
5801
2349
11913
26598
7916
29236
27198
23467
11575
28618
18519
19470
3645
16228
26054
8783
1558
21837
25592
16179
25406
