1530
25308
27656
19322
27895
30456
17340
14982
9878
31246
24031
26672
30369
5906
5796
26796
26123
8826
25276
18361
21542
13983
2598
10279
10262
28519
1353
31894
13958
2337
12352
15744
12185
26288
18549
16506
10531
17132
26737
5302
6426
4421
30194
2253
21575
20906
13886
15803
25921
23465
31928
27435
20380
25815
10161
14582
4958
18034
24448
20966
1202
17989
19413
5055
19425
26316
13130
128
8573
665
14651
21734
6880
14070
11736
26674
6869
25036
9336
14636
14996
14019
17457
19560
16116
12203
1701
16328
28124
23579
22814
14146
22522
21591
21470
1763
27320
21367
31664
15892
24172
15558
16835
30749
21711
4201
13752
5607
15281
4929
7674
17670
18411
11794
27214
30710
7316
18404
13483
13221
29304
8105
17483
22066
21445
26913
18178
15093
16392
12539
13519
24511
19544
19517
4529
28515
5073
22245
443
21877
3141
1488
25451
16209
4909
20444
25656
11871
18150
12874
17258
32662
26
5222
14126
3135
32636
3689
10218
18428
9144
6046
13774
8
15273
24516
15532
8128
18637
22452
18953
7779
17911
11587
14708
31254
17988
15978
27414
25643
80
18340
18571
674
6570
20888
3056
27376
18053
8696
32061
14848
4528
13225
6613
28024
24776
31268
23132
25149
2220
29724
2761
7225
1585
20833
26812
15196
12055
12292
31761
16864
28476
13500
23989
4050
26128
648
24760
14286
30793
21910
20900
4362
10712
17764
16398
10901
21531
29221
1642
993
3156
8550
1060
11904
20058
3569
15852
15659
16270
28401
22609
9224
7697
31320
8337
28205
12340
26238
6063
27744
18480
12042
13255
16672
12312
8470
19359
28138
4619
29326
24702
17845
12462
26841
14913
26815
985
21180
2475
11659
3473
22907
1277
6954
31543
27969
12998
22715
26366
20673
22269
13870
19875
2078
13901
12877
3160
12040
9136
8700
31489
31273
3135
23743
30370
26559
30025
4734
28696
25482
8354
11909
21256
25064
19261
27599
22806
13887
14845
32388
7511
10395
2249
30400
1032
3736
28639
16534
19072
27523
29546
25941
21347
23484
12630
29193
793
20318
16739
10053
16510
22562
23416
22048
28123
3713
14395
3710
28182
21017
24542
657
2597
26962
23355
17311
19144
17473
31524
15365
6776
26317
10740
2684
17306
15888
31594
8859
7929
25856
28344
22173
1651
7246
5846
11877
24563
31118
7452
12223
21663
4505
21008
31721
2130
8751
16509
26194
25932
32481
30405
26785
20520
17710
31351
6137
22543
7149
6692
32635
14124
491
4463
1037
14175
28628
13156
13658
20278
20823
3851
12314
2841
6533
16956
30100
5828
30330
28340
23649
31483
26688
1385
32370
25464
16112
23579
18517
297
17434
16684
3507
23704
4967
433
18206
11435
26237
5577
23817
1421
22563
26414
9240
29676
25254
26121
28315
22629
7547
24587
22357
5948
32293
19897
10625
28753
8282
2567
2583
4943
22881
10281
17995
17447
6846
23462
27478
9149
26641
9902
2938
28896
25660
17069
21568
21888
14788
30496
23045
5147
25210
21160
15540
10617
4698
31324
2517
13977
18867
868
32711
18155
21128
2756
5705
18112
11574
32629
28736
15870
12376
21178
6836
8984
24552
689
15643
23101
16295
13096
7898
13520
9406
18611
9737
1305
19109
14843
13174
6714
12100
2905
32749
14436
31320
10404
24247
24906
29721
4423
2401
214
20250
2710
22719
21019
18800
19554
3887
4236
26902
23498
6178
18795
22416
2133
24793
24964
8399
16190
11885
8986
22869
10511
5394
26658
28569
17777
29852
13487
11437
31043
7747
21934
10270
17129
1955
22483
13084
2279
12039
27347
32474
13998
5350
1236
568
7093
28334
23073
25248
16588
30401
32035
25645
10158
32189
14989
9491
10453
8449
1494
10299
25490
19053
2540
29485
29788
23912
12839
17203
25961
13608
16251
7611
3451
22574
15859
16382
20733
1295
28250
12767
31054
31866
30779
22
5725
11383
30733
24973
7798
8429
15783
19466
16475
23911
20218
15375
7063
1047
766
13311
21263
28188
18669
13953
11738
6400
28592
16425
14930
3461
406
1110
10091
9121
2124
29014
18500
18375
19722
16337
30204
9576
26890
4452
17351
23226
14910
25228
14657
6584
4162
21446
1794
23146
9616
3572
26994
614
14579
17923
11742
9623
23358
9163
3532
17469
17725
4150
21644
10805
18924
11941
784
21371
14567
1423
26110
31213
17698
6763
20994
12369
17370
1233
31337
11930
22475
15580
5612
13159
23716
10450
17865
7885
9912
11783
29465
10838
27382
18686
5725
25161
25371
28882
7514
17452
550
18900
25383
9864
19724
27510
28292
19948
11182
15720
27245
21300
17928
12288
3311
16139
16811
21471
24635
32431
29549
5330
8697
5621
22879
7158
11486
12940
28927
7456
8321
1157
15791
4987
15210
19
4966
12659
7020
27792
31142
2002
22582
25793
15022
10281
11300
11355
29424
18034
8027
32454
13509
7667
26900
15136
5216
7526
31544
4485
12288
7766
27694
5518
2154
11212
13040
23063
15767
7211
26981
31302
938
601
2283
13257
25637
14879
21810
30302
8027
5075
26961
3225
16937
25396
6931
16866
17377
30101
10386
10685
16519
13118
25608
27726
9024
28687
20961
15388
21767
12134
27925
22805
17314
24387
1460
17618
21716
20138
28099
3101
6613
25417
26694
18864
22271
21083
3742
17984
13258
24780
8213
22970
9978
28318
28600
29133
29463
20875
25701
25000
18206
17132
16164
24325
22390
25817
7098
20582
805
8850
24444
20638
22852
28701
2658
2964
4784
11569
7772
22596
21507
12115
4329
13318
19395
14143
31461
787
217
21897
31394
14917
25924
644
31803
22046
270
28003
23589
17164
18815
18078
6151
6891
30866
2456
460
23500
30885
2430
10486
31733
14452
17778
28213
32553
31560
18409
30008
28969
31084
5457
26819
27002
25825
28152
17666
31849
9810
26409
7197
15693
26186
8088
2316
13836
13989
4863
17581
30688
28741
20746
4371
10587
6406
7025
28449
13737
26099
12131
21080
278
11706
15915
18158
18127
24413
22798
15904
1005
20779
21618
29897
5039
31727
26182
10290
24839
30311
925
3372
20825
17655
16796
15708
19583
20895
15767
3799
1552
8235
20599
2543
27618
4777
4447
29004
24013
21024
27535
4158
4786
12159
19336
17233
20156
4308
10096
28450
20198
16062
26297
22898
3518
9765
27902
6265
17768
25128
19501
3196
21221
8791
25067
6050
24214
