16675
25652
2052
28155
7826
8514
26627
17089
4920
30385
10462
11004
3938
17376
23428
9905
14996
23450
27558
1687
10038
14582
4369
26654
28298
31611
27451
12977
18657
28296
31515
31288
30223
8179
28478
27362
2588
18929
30232
8737
29244
5174
2712
6390
17921
28765
28415
878
14544
5513
18929
18797
16274
24397
6604
31914
16043
5065
29242
28667
21552
21782
14338
21459
4692
16869
20260
31752
15908
2402
28452
13018
26229
30303
4518
15666
26394
13742
12091
29735
11354
23502
15995
6086
19105
28107
10580
16147
15989
29023
11425
2379
26796
18525
22014
29804
6876
23375
5083
31991
18452
22366
3024
27381
11721
883
11056
28728
2323
28828
9697
31715
11290
2481
22379
26413
1994
17975
14926
24417
32207
1156
27033
12585
3773
20260
24760
22797
14478
4476
28046
32055
6482
32685
2244
13433
10786
13756
2144
16017
9814
20975
24729
4523
29432
3706
26345
24871
6776
7770
19301
413
12448
20866
15434
19998
13003
17461
26584
29373
14418
7603
20579
16462
1864
8727
9895
28014
24935
7040
7772
26820
7497
24175
28938
8326
24540
28016
799
25406
2576
32765
24383
15822
11986
28831
31707
31409
9534
22102
32517
9861
2832
19771
29826
15814
19292
12900
10785
26589
32128
22280
9804
25433
12374
28387
27869
1916
30126
15836
1587
32505
16891
18662
31876
8188
29772
3620
17268
1387
6782
2128
15847
19819
17840
349
22036
8487
760
30811
23516
27085
19540
7836
7513
22232
1508
12309
28089
6549
23382
11014
3661
31200
4513
10974
11741
10287
8438
27225
29247
28883
10995
12523
16423
13434
8475
12129
13633
18935
12163
4038
2173
11590
16333
15491
17579
8138
10330
8907
4423
7642
23484
29750
32150
19836
11370
11180
498
19056
30904
22917
11105
29553
21254
31470
9581
7351
31287
24719
5680
19392
13925
26731
175
24656
28114
3847
8553
20151
1570
7118
31023
20306
26056
27828
31285
10068
10687
9498
2922
28358
25466
17393
22021
30669
29469
25891
4448
15148
20973
12846
16650
28169
24837
17938
6424
9460
4172
2158
31931
10277
29091
17382
19224
23813
3171
31687
28243
26865
1286
17646
24813
28986
27940
9702
7505
7280
20386
16976
11177
14560
19750
21896
16886
11355
23757
16517
10848
4409
1313
12033
25546
9374
8517
6106
12458
27132
1651
7353
2072
10201
7593
3313
7461
8659
17822
4010
28781
13281
4347
14654
8176
13019
13512
4067
26909
13885
15140
17291
4400
12072
20026
7432
10174
28841
12144
26740
22414
3390
12001
24272
14763
11670
14094
21227
24247
17561
16592
9605
642
17576
17298
17589
7644
14886
30140
14984
19111
28471
29042
3819
11824
31943
4479
203
23999
27855
6796
23162
29036
20947
1174
25941
14645
30640
30879
16548
18510
4500
22179
8129
19128
2382
22477
13181
22805
21448
8427
17087
16059
28369
22816
13934
26119
27680
6360
7313
24307
11670
17665
26293
13291
14020
10873
26511
221
14253
28098
21475
144
13517
8957
19109
1078
28762
8726
10333
2372
30921
27452
10704
24961
148
12180
8668
8541
25403
21038
18084
18565
31625
30008
23021
22708
12056
26481
12488
20172
21271
1505
24178
12837
20043
26056
1656
11813
7252
23252
6686
27153
5682
11670
1282
4898
9223
5687
3325
19676
15390
20327
26954
31643
21293
21911
21738
7535
8663
9832
8262
9513
25461
5219
1559
2998
29206
746
18307
2988
25540
7790
21384
15139
3338
25827
32158
30662
3251
4721
1944
22826
17619
18029
716
7518
25868
29831
19571
17347
27146
30277
10579
18973
13904
20656
17563
16363
10295
589
5646
9204
20787
27982
29539
16419
12889
12810
20716
30612
8734
3499
30071
15087
16226
4390
9586
5877
5549
17521
2386
4440
22200
2544
21301
18384
19759
22064
26565
1387
27829
4055
3680
16933
9001
11227
27767
16568
20263
23027
20532
16053
32722
21835
3680
27348
25041
11644
30595
5512
32152
7099
10317
20439
10985
14416
14644
27753
23962
9291
4447
5855
12184
31602
24771
30054
19500
8829
1420
2187
8317
17798
24766
15697
30039
6843
24092
25984
22058
15702
13129
2625
26966
13519
6701
19688
7589
31823
2714
18961
20761
7785
14127
13038
21737
14597
20861
4319
29382
32156
22889
26435
22370
427
31697
10127
1587
29537
17523
11165
14965
1691
9994
10822
22894
11795
9145
23090
23029
29908
2733
14063
17717
3058
8959
7233
13487
24695
14551
11193
29054
19872
22231
12425
6367
16202
11959
30103
27120
22695
29996
16848
8376
29493
13583
28351
616
2545
23995
19806
32480
25800
4279
19756
2933
6222
29333
6527
6898
11698
793
8476
22236
1778
16542
15365
32251
21323
6838
25490
3093
10228
30737
12483
3837
4363
21408
5333
19661
11984
13561
19
8047
13073
2046
27375
10594
21221
6073
30033
18362
157
12427
4143
25961
504
11654
25950
5054
13974
29975
29096
3115
8879
10472
1310
32587
4613
3332
7599
21795
26391
27197
20474
17065
27288
28619
12897
22658
12063
22581
32351
28432
23840
21877
23579
5036
31515
2135
3133
23344
1555
1826
25600
15801
28226
14202
20360
24491
19467
32645
20087
27637
24880
4685
7867
25494
14917
23397
2473
1632
1125
19920
1872
14587
27427
6686
11271
3118
4803
4056
5193
18778
683
11806
17091
10311
5140
10127
9386
4643
14597
23913
12370
5576
12162
5617
20989
28990
29953
29206
6897
21633
3613
26193
26317
16772
30350
15055
27420
11637
19801
22226
25899
18243
4420
23381
23064
1886
397
20719
7468
27838
30427
27897
4202
2854
18549
12787
21352
20138
4530
28452
21598
6255
27569
25473
30589
6322
28489
2000
18562
2571
4931
17421
27274
12787
15047
5133
14888
19077
2069
24417
21941
14721
18294
2173
32743
14486
1649
30490
4261
21217
11073
8664
26650
23473
8327
23336
6153
17037
26941
25961
14176
26744
12523
4689
5135
23155
11293
29071
14106
5444
23828
21166
28397
13942
4284
7741
21489
16033
10206
18989
31580
18667
151
28026
19533
23503
5129
14094
11032
14109
7248
19426
28382
17218
22199
20582
21858
1482
13868
8483
26903
16163
6642
32414
3454
5540
23702
12416
9646
29133
20260
25589
2356
28625
29850
18770
15134
2641
4509
13562
5971
25195
25707
18306
27174
18675
6417
24851
9770
27904
19934
25616
11335
21419
15383
2809
23053
32019
