933
2692
21784
10805
21761
15402
24116
1779
24530
7378
3114
5002
25564
19328
9977
18642
17453
30300
24122
10698
591
14611
15865
13604
31170
14971
26051
4099
28585
19830
13824
19971
19140
6424
26500
31354
1950
3084
16736
18173
15624
7987
24830
806
17605
11151
18541
16789
23687
22368
9977
20021
21275
24204
4095
22976
5600
14916
5119
32390
12925
27621
28659
618
8403
28444
18143
31277
26929
5966
6570
12783
31431
23607
28972
32498
18014
22993
28296
24226
28998
1911
13756
1746
13455
27210
26230
19273
15484
18132
5930
31869
7220
5611
1633
9118
10683
16600
30292
16342
22049
26809
26297
26832
22009
15652
8413
31351
11789
9741
18931
11776
30800
17642
28587
17450
29972
4372
17159
9412
15485
4977
30059
6000
9270
1360
27635
31144
11618
22164
15624
5630
3798
24341
11318
168
12165
16195
6200
7483
9531
13325
3925
12727
2959
25089
32240
10948
18195
23476
11098
30011
2253
26468
30954
4328
9707
18396
5968
16527
6066
3224
9766
31532
14264
11562
29128
639
3155
29660
17254
17096
14673
31639
30551
24528
26857
17667
19888
4904
16626
9968
10518
16309
14419
7669
12240
24173
24763
16214
800
10331
30866
21291
212
8681
22831
22975
17176
27486
5451
55
21134
31398
23477
18548
16033
8786
29256
26682
4118
2527
23835
9105
18915
31547
1527
9835
27717
10629
30734
8584
11789
21780
1001
11927
24634
28860
24483
16286
12237
11340
5973
7579
14809
2139
25041
14956
9690
22341
11667
23020
14919
20336
31220
22111
8043
4820
20641
1040
17520
20410
29516
30776
6845
24259
4513
14114
7042
557
7036
3469
19344
10834
857
6482
12655
25457
1292
17734
29098
20657
17586
15458
1390
22627
23015
6177
16211
25992
6969
20010
4730
25235
15837
8495
20440
20848
7585
6421
19921
9412
16674
18005
11785
15991
28223
21666
13687
14192
25293
12492
27323
21663
1420
17892
28337
19777
9050
5537
17222
18015
3239
12290
29834
10136
10025
20021
22535
11553
18385
5304
22098
23306
26877
16574
29407
13763
4335
17620
1561
25566
31870
6340
23986
7446
25099
16569
14136
2705
24759
20389
18666
31842
28627
26848
19657
6226
25241
1298
16882
26080
21529
32338
22570
23430
3957
10127
14779
20798
18513
29487
10111
31813
14214
27895
6970
22559
28694
2859
25644
8411
101
6902
29159
17048
13222
19467
16735
25160
1939
8077
8256
25524
10849
15917
14980
4289
5363
31122
9796
17905
5454
31997
25038
18476
23885
28973
30713
10177
27029
6016
16053
21672
21708
8284
25574
18442
27398
16589
15475
26370
4480
19311
2457
678
22161
20623
10374
6465
15837
2445
24611
15587
7372
4996
16689
17180
6971
15661
19607
8708
11377
27649
21498
7806
5204
23710
18575
12222
19676
17004
27693
15369
24521
2688
6311
4796
2193
17857
4440
18320
12957
32329
4863
21276
10164
31758
5582
7324
696
15553
30141
20720
14992
8950
29988
10984
22885
8326
19849
4286
13329
24625
17078
10980
13780
12936
27663
22528
5193
16907
10275
8758
32665
21134
28289
6565
8943
4065
29645
14388
2348
12207
21523
12942
14811
27303
14170
23147
8807
4314
9341
30226
8075
15716
30262
12571
15115
27983
9852
2682
29090
32180
25615
25529
5435
21795
9809
5509
8036
15429
13143
11628
2047
10688
19520
14565
29754
1371
29637
16785
20930
9827
786
24256
12852
4429
212
55
31445
14492
28308
22065
15490
17670
67
31395
18410
10450
29206
16324
20986
644
28820
18381
15513
4796
18157
18941
22422
18780
18317
10465
11742
11753
8945
15826
13043
10036
8377
32191
25753
26169
28415
23341
13523
30791
31720
2427
20493
17505
3448
1387
5019
30693
2987
1758
18530
9835
12481
16351
30165
8432
5081
3299
24868
18484
16833
31311
3247
24160
22541
17211
19393
7148
22118
11638
15995
3008
6693
26314
18958
29337
14369
18305
24878
17839
10436
7719
12483
29845
31333
26770
1249
2656
32209
7712
31226
27147
8491
28480
20050
10778
27895
7732
26548
21374
22385
21781
24932
1977
25123
7447
13908
21058
13750
23310
23450
10539
12297
30001
24354
24833
6272
1566
24224
6132
28319
16671
27337
23607
1751
27564
10947
4522
27039
4145
21466
23223
10439
19985
18804
2169
7945
27370
31047
22052
19938
2331
18377
29601
19872
10115
8424
9080
955
20108
252
28659
4968
3688
2554
15233
15468
12955
30954
12376
7214
20154
3995
21342
1297
2162
18069
15946
24576
17099
23375
17670
19531
3758
3746
2648
29105
1190
10110
18370
14526
27619
3548
19623
23895
21124
4595
30894
3987
31510
13231
13676
5836
17239
32351
13117
10998
26688
19630
28018
30768
19267
2260
14770
153
7378
15629
26266
20581
4128
2122
11687
14384
31787
19239
31830
401
3578
8478
22665
20979
28707
31226
25645
12192
2961
26510
17434
23839
17796
29606
28218
32448
24281
4670
8942
15989
22668
1010
5549
25059
379
15542
2287
1721
4461
8903
24905
31041
30034
14818
29657
22837
12493
3763
5092
211
30959
30352
9150
25139
27718
30567
11498
20185
3094
27637
17283
23943
23270
14393
14554
25172
17470
8745
24929
11522
12720
8867
29128
397
28949
17062
14181
32512
20505
22722
12249
26764
4346
15053
17393
1243
7308
14296
10698
1954
5505
28257
12857
14710
12519
21195
1385
20960
30706
31243
4806
14259
22268
31907
14362
7069
7626
1492
25590
8445
21777
25359
14164
2292
3384
10158
27258
5055
2656
14561
31010
3140
29090
21995
22999
12778
23447
28814
17570
29870
28702
27075
19686
14196
28505
1711
21129
3226
19449
12755
3668
8403
15036
23683
15773
18483
23347
5273
12579
24966
24009
8810
17209
998
19201
17145
31015
10893
20479
21099
21453
21223
13386
31419
5001
16619
23760
15023
29531
23980
43
22795
8007
25643
28706
6148
27131
20592
7283
15607
1458
17625
13008
16475
17496
22961
39
14837
8943
2820
30502
23882
9265
14514
32767
6746
15991
27843
30056
13963
24793
23546
29414
29156
21399
21677
22604
3195
30648
4052
9854
16433
10736
6239
6523
668
19655
15565
9115
9029
15864
16122
11797
6676
15127
13880
17091
6664
31095
22434
810
15403
30027
6317
4277
22214
15371
24576
19009
21713
13850
14470
734
8621
13221
15041
5588
32022
16590
8289
31717
19283
1290
13845
17874
