1430
11147
30701
16505
25712
11180
30914
13452
13756
31603
22948
20355
8513
9188
16020
10280
6707
25773
23706
821
26352
27913
24340
29535
20717
7140
14157
14995
4335
2880
2641
20608
19326
27351
12544
12885
12694
28162
32354
24524
6561
20697
16442
10599
9378
14492
11742
13305
17331
29522
14661
21865
12721
23215
30306
11955
13622
24123
3248
10031
16071
30897
26383
11542
14159
5285
5582
24386
4812
9322
5897
1077
31561
28979
31029
29277
10252
25976
3065
19863
13584
22172
4927
15857
3766
4556
12428
948
17847
12330
30348
3234
24413
30251
23282
28284
30195
16957
31359
27335
15738
20142
25439
24528
16541
19145
22972
19182
27111
3906
19086
16391
11572
29140
24752
31317
25957
31784
28729
27242
14936
2553
11273
25970
8984
4726
22946
22969
22608
8423
30522
11373
19206
16532
2062
9380
29573
24546
31480
1952
3227
28352
24388
19026
3845
15425
23488
31774
296
22410
7186
20190
28418
30703
10318
24617
7775
12377
23240
10197
21328
29163
26663
12218
14553
8677
11707
30905
16874
18120
14865
12542
5776
4283
17348
8065
24941
16685
661
26835
4454
13756
7870
4375
25499
6741
10884
24398
18844
1693
23052
1497
32730
2704
28015
13368
26715
28264
272
30232
32178
10689
14382
909
29231
22010
30133
26268
20307
8158
5978
6652
10630
31876
26342
1309
15372
9587
13778
31082
310
8202
22293
5324
6869
21536
27450
11631
7924
30183
12981
10952
7367
18198
23159
28631
28126
29511
30400
15017
10142
2973
8245
7458
16626
26027
26418
29433
16446
24977
4449
30980
1429
23400
21900
27062
1323
19425
2479
17126
1549
23592
30546
6353
14607
28943
18965
6755
15366
29032
19597
10930
23864
19378
26446
13260
13073
32505
5705
5810
23576
10999
18521
23716
31521
27519
23832
3487
17347
796
13559
20517
11020
6389
1934
13884
4212
3571
29744
23481
29456
11558
195
14782
1800
15205
31438
21378
16203
10805
28372
8272
8065
29165
10721
22227
27202
22295
31074
32144
32645
7960
7481
25780
32603
30740
8209
27920
1245
6156
2543
16482
3426
22345
8458
24278
24566
18942
11485
9676
2312
7465
28538
13276
15971
15034
18721
19991
16224
30967
14865
10896
1369
22815
13982
17436
22624
6477
388
6997
7217
7584
123
2277
26982
29849
16140
1281
18154
31428
5026
2099
6064
24987
6884
26973
4261
7591
32066
23803
19171
32744
13006
31144
17959
32375
14670
26084
28549
28778
28815
4884
90
16632
4348
10698
18819
24030
28782
2887
16076
25856
2374
3134
22187
21844
30650
19675
4655
18172
24940
20996
16691
28338
31553
17375
22231
28777
8560
30100
25137
17713
13785
6740
32575
14428
14489
19354
21536
16351
20187
17584
28292
13307
11248
30582
5474
10780
4259
24159
25321
30465
21702
12220
15032
7197
12049
22077
28753
9277
12077
21172
12747
13164
7691
27421
2760
19987
14458
19164
5031
7013
30713
30789
8443
9978
24009
17249
1851
26042
29767
4591
18107
509
31353
11434
13274
13041
28135
29130
28541
9019
26284
4301
17341
10977
31180
13175
14557
24679
5576
14360
30335
17720
3440
24845
17687
4424
17657
7561
17311
25080
13647
20374
9613
20538
14764
13142
3330
12789
23402
19343
21828
2731
4118
30566
24942
28505
7621
5483
17254
24990
6571
22486
20240
26144
13545
11792
28097
23084
19367
26486
17911
19612
27235
29529
2887
24062
15752
25161
2710
27634
8003
3219
18060
3028
14226
520
14406
6299
25246
9984
2123
22529
20810
8863
21442
31461
6156
599
20962
31981
8188
13998
28073
10095
11818
19778
10193
15250
30005
3082
21760
1968
25881
20958
3135
27647
11593
24634
22957
4721
9470
29247
2420
24024
3534
17658
7933
21582
25728
29929
19552
2260
13343
21691
32287
18489
8013
8536
20243
3390
5082
14113
30886
32759
23701
11385
4931
1140
1378
30084
15115
7329
17805
29998
27850
8555
25694
8048
12073
5924
19438
4303
23589
8489
15928
16165
7871
22722
24691
10147
30965
2889
4256
7703
26098
9103
14687
8555
27778
17019
6150
22894
13768
19188
10484
8664
31795
25857
11811
18056
26286
15407
1021
21775
9239
32052
14449
10098
23283
22225
6213
3116
16736
509
9902
12147
29002
5439
13086
10684
19682
10076
349
22401
1868
1330
14299
24130
9624
32484
2117
714
3060
4151
18006
13491
27424
26684
24816
29484
8738
5168
29035
28410
26682
20896
21805
3517
21272
19408
1402
12917
3405
18526
8590
28484
20736
1827
24297
1142
31458
22874
21483
20670
18788
13316
20640
5826
7207
16779
14813
15322
18355
13989
6796
25621
20845
28283
24388
3966
10179
4619
28701
7325
10922
20170
7362
21568
6218
24718
3783
25211
12791
29356
13885
24813
11620
7261
25732
22085
17939
31847
2401
20229
784
14329
18000
29574
1247
24790
19484
16188
28595
1717
13996
15676
17889
30696
23328
28155
18067
30013
15389
14937
9409
23842
6244
6110
10845
4620
18346
16963
7118
8217
22948
11828
28576
26100
11105
6484
11898
17657
26332
23426
3920
7321
8402
23899
9177
5376
2257
22527
10564
31990
24466
16920
20775
16131
10120
3609
5816
12759
17337
7620
29759
18408
30925
3823
3275
25181
1124
17799
7716
19243
16045
22229
20226
6782
31285
14848
11644
2906
5628
25044
29123
898
30158
9153
22800
21145
21712
4135
11483
27783
9818
8145
19022
8990
30980
23231
15865
8958
4100
23592
18375
14261
9911
22463
23345
6955
4733
1078
28593
21566
14026
3840
13690
26793
32634
32092
614
26154
21861
7823
2864
1764
16692
29552
15587
29954
12403
12074
19090
29085
4327
13630
17226
25311
13857
14535
17477
3433
15699
24834
7008
31987
25443
5901
28111
24626
318
24815
14096
23551
8815
28121
13341
6581
27120
14252
3814
5339
14655
23994
24062
27651
19893
7377
19605
14577
18452
2166
32422
13312
21087
26990
1393
9922
22510
25987
30764
29159
961
21636
1270
10848
30997
26254
3596
4548
31285
32650
10047
28146
29075
27639
1958
1016
4375
21226
17296
14899
31671
2386
25276
9656
11592
10881
9933
1779
5267
6632
5624
31118
5036
21026
7680
23444
23167
9525
25444
12247
20396
21012
4311
32655
31637
4968
15088
32579
10676
2959
11299
31469
13363
12773
11504
19801
11702
9539
7258
26318
23932
1990
27803
9968
16806
18386
