22550
3557
3030
31318
25229
2231
19452
10833
31380
23801
15725
16789
20293
30638
27190
28363
11830
9062
6319
11447
32168
27050
14163
20157
9985
9114
15054
13988
1405
32213
8792
6043
11552
29593
5698
27257
7663
1324
21710
30537
14175
11642
24900
6150
14
23295
10562
6307
5553
28647
5204
22606
22861
3444
12740
4086
11179
11937
30900
25099
19974
22021
20073
6021
15110
21241
18154
11815
3058
25085
21450
7173
15905
11352
21826
27716
27825
27391
16771
6433
21116
12472
22089
18228
10312
8063
2228
17910
13118
3369
10068
31106
6046
23367
25218
4504
17328
1613
12023
12775
1790
12276
13975
28556
10688
10460
19342
18390
6296
15734
4510
29772
30847
18977
20919
16369
14079
23187
11209
16838
27300
22651
6870
8337
6061
3428
32587
17373
11526
31709
9104
5698
19835
21463
28382
15590
14630
1614
14929
26692
27433
15404
31806
8748
16291
13418
15814
15627
13788
19832
3755
18541
8899
15839
27491
11968
26523
16421
18795
24667
241
13808
15838
12223
465
1647
29254
17180
20281
15350
23474
16151
12238
9448
26633
3786
974
31706
5533
27916
14662
23285
10499
4851
20613
32412
29987
12184
1232
6991
27019
3354
27991
19152
23305
1766
10856
21636
14968
13621
29411
21787
11738
29142
5614
2420
16295
6701
17641
16570
6245
12924
14757
14804
30329
20065
3280
28668
22589
25248
20660
6829
3154
25635
17442
25795
7224
22591
12712
7902
17691
14905
20234
28935
29424
23049
12528
20374
29121
6237
9949
14162
18757
9185
4960
29915
30388
7102
5262
31557
30937
15200
4271
3590
25193
29565
31544
16914
26259
5203
26106
6724
5080
27953
12952
17152
12573
1336
30782
12567
28927
20835
29072
10218
28518
3013
1761
27347
11613
4114
18598
7616
32545
24929
28202
6433
8311
15664
11395
13573
25411
24489
31172
20351
11351
23844
4212
4687
12937
13548
18239
15294
13320
326
4332
28362
5616
26799
14479
20099
8731
13414
11776
26805
22331
12330
30347
13255
32549
14149
5609
9187
32624
4809
879
7000
6207
3354
32646
14908
1371
24236
23899
20821
13701
22542
5336
31802
3082
27944
12498
9909
24727
1473
28036
364
12623
14148
6972
10688
15131
19395
6484
2294
27713
14908
32100
11924
25913
29723
15030
10766
31676
11265
24058
10146
29725
31172
12603
21633
25820
32695
23570
20015
30841
29995
21530
8492
390
14901
12707
6868
5376
22706
15531
29316
7903
5769
17930
3582
9452
32048
8428
25871
11219
31346
20612
18543
29305
32367
15871
4072
30607
15076
2743
29626
32104
26540
21162
5439
7
12423
29482
31435
20861
12315
10710
726
20594
7224
8136
4701
27905
1888
13584
645
28617
23431
8289
4482
14144
29207
14091
23223
24395
27959
28969
6686
1804
13901
32284
16107
10491
17857
32056
4460
14649
6149
11964
28724
32289
29650
12552
26744
22303
26036
7690
11705
26053
5320
7418
13475
19739
21700
15431
30006
31543
6457
10193
6179
12558
11797
3928
4985
15498
22892
20788
31360
6365
19064
15687
1253
26900
31198
1073
4376
239
24370
9922
9715
28656
8126
31157
14236
17074
6783
4507
13228
28284
30065
11029
6289
6934
4109
25414
7217
16091
32527
21640
9679
16656
30076
27486
7987
5748
16100
1963
24837
3096
12004
15905
15995
13425
10736
19963
29748
10924
11087
7919
32355
8257
27751
23390
6703
26827
4411
31439
30298
30743
32306
20635
22305
1659
15130
29417
12644
20329
1900
3549
263
7747
978
30477
24216
7537
5350
5429
6194
7090
25405
28715
20897
15279
7332
32021
28614
16854
23209
31449
21309
29797
21086
29397
9790
16837
12633
12753
16833
8474
19455
19761
28134
24856
259
2159
403
22808
30249
11977
9567
12395
4688
13623
15791
12270
22703
14496
16414
20958
2399
11341
30755
1006
11033
19614
32494
20375
25154
10748
27282
23728
14628
24590
30825
574
15743
19760
14004
22925
5952
24097
29059
1920
31888
16891
26325
12325
10000
6761
1535
18572
11875
31764
15954
15066
27630
21342
8440
4249
19419
339
23071
5970
12132
17628
17754
13150
17486
17462
8515
21753
30131
19107
9830
17304
23045
3680
1370
13181
16976
4822
4145
22920
20159
31508
4883
29008
11362
24701
8229
26994
24622
446
21167
10793
17222
24068
19839
10783
5241
4203
30856
17795
17163
32697
16847
2908
22200
13900
25992
29981
6390
30289
379
15481
25467
24119
30637
17272
14335
12643
25661
17099
1347
6438
10892
12893
15698
29164
23968
8234
8454
30902
1995
26964
25807
27850
5511
2419
4784
31144
26533
29741
19850
32065
20647
11528
22941
32356
362
4475
3660
26489
10504
2379
5408
22897
19452
4373
6672
11005
5767
21286
20736
26622
11859
17043
29831
25917
18263
27783
8693
15453
32762
29655
13973
17422
18555
27356
4655
22659
22928
32641
25297
2085
32333
11675
24015
30857
13640
27513
2569
6047
27899
1212
32620
27949
24425
5993
16316
8316
20741
26429
3216
1618
14031
31553
24222
19231
1984
14750
25144
3451
15720
30129
7447
31952
18390
9314
8536
20564
30904
10930
29124
10811
10691
31380
31572
15146
8789
29182
18420
14830
89
12351
20104
878
10348
21907
1069
30430
317
24821
4801
25142
32314
8244
22693
4835
15721
26185
5569
24252
15507
31720
27081
14647
27048
32341
1983
10461
4703
8313
17082
12539
30493
565
22501
923
1304
4598
6602
4018
31676
11402
24785
16283
334
28466
25859
31684
27343
28664
25876
17832
15139
20546
16033
32509
7538
23976
23478
12590
24271
13571
6547
26891
11031
7110
3248
31424
4380
914
17918
16899
4611
27652
32112
12946
16363
5842
17850
19677
12240
16918
11609
19199
17070
23785
28883
6643
2537
27188
8768
29445
19180
1475
27145
10630
26128
16283
17648
196
9408
16782
25424
7738
13020
29452
3494
27651
18266
3900
12881
32661
16435
24907
150
22699
13693
6917
13543
3203
18388
31138
31333
12618
11775
11490
1443
7637
17873
13404
19629
20881
11340
10002
73
6333
8461
6474
10876
16598
14564
5273
5712
29011
9154
22081
25813
31891
2520
18365
29542
15636
17405
26009
30509
21221
29520
2183
29162
21854
15391
17584
25583
19726
10248
21320
24431
2549
29534
14949
24825
10739
18895
10001
4416
25473
13891
11677
21533
26783
18950
25657
18647
30221
16170
3010
8097
