25278
6695
15067
26724
17290
3781
16191
16063
30499
11324
10582
30541
11850
5273
13830
12838
17475
17251
2763
30376
31622
10111
30730
15479
29367
5201
13730
1474
26072
20004
19909
28360
4030
13772
10758
22171
16321
22409
30386
1316
30648
24879
20580
29288
9765
17284
28628
4873
20652
746
18416
19984
17098
31550
18990
32745
5315
6911
17696
11951
7900
22963
4425
21419
11467
28038
47
24087
1388
1077
16817
21287
6837
810
13211
12106
30188
4841
20344
27821
13335
31146
10919
21248
9909
2375
15537
29822
27819
9305
24538
31783
6017
7838
16374
12624
12494
31903
11134
21598
13297
22159
31459
14543
20482
25205
546
16506
1545
27022
16537
7191
30573
11500
17177
29953
30895
32100
27708
25659
15447
2727
5881
23217
10799
11695
18293
24257
14000
12893
24092
17146
20154
25696
241
14884
11144
25432
12066
27776
8930
571
13024
29265
18324
13816
25965
22426
28192
22363
31095
3370
27056
15409
16292
27350
5454
27564
6510
9990
32087
29193
3633
26483
15661
5999
13954
20270
25901
32283
29123
11749
31969
27578
6644
13410
30070
16918
10700
21076
8304
27381
2313
8530
32412
15166
29444
285
31558
4446
11144
18725
26541
13034
30180
13135
19124
11654
575
25590
22746
16133
17708
13104
10348
2258
28031
6994
30202
4750
27742
28854
3335
24570
17307
18107
10500
7704
3649
9742
25216
11149
30572
30760
31897
74
4958
19480
9910
14443
20176
22659
1656
18015
26758
24297
7661
4170
10534
21545
25095
31911
19786
29256
5453
12850
21972
5998
15057
3845
12930
5681
13666
6913
31426
23318
26370
31087
10439
2901
25755
7655
2780
221
4589
18545
24312
18328
14795
3307
19603
32752
30343
27051
12473
19090
32427
12645
28765
8562
10729
19534
17647
16911
16981
5249
14129
3320
30162
20898
15430
32399
31690
6082
10507
9485
17187
3459
28587
14278
15470
23933
23406
13231
5217
22240
16082
8477
29319
346
18397
26319
4150
10299
28337
20015
15298
8407
12897
7381
7152
20523
6147
26445
18349
13252
8199
282
1536
29149
9671
11770
19006
13512
23902
30828
16509
21903
25534
20848
32330
6618
5373
23950
11167
2323
7408
4889
14351
7369
30203
3509
28740
20562
18983
15127
1963
21429
27253
17676
27246
26055
20595
23741
27555
6547
24076
19249
9155
2815
20388
27411
4957
18093
5221
28598
24075
26912
211
7510
12710
14624
4007
22177
11702
16735
9434
9077
24364
11612
1792
5356
9300
28040
727
10902
3333
26280
27936
7429
2843
12410
30381
12687
1830
10139
1724
31567
11620
22184
3971
11629
1773
31395
4364
25247
13102
9881
15939
32240
21912
19074
30798
2241
2969
8553
5148
12813
32460
19149
7745
21233
26477
4934
4353
7275
4879
12396
12458
21090
17297
29684
552
14310
31310
14876
4051
4282
916
5962
28811
23567
22104
2287
17671
11411
7207
11698
8042
16810
30048
18635
2327
17915
19873
5292
6855
22319
21631
10471
23257
15093
28282
30540
21993
25930
12847
9297
9635
13303
17872
16056
23001
859
12498
6763
30676
106
30181
21163
1000
23542
2345
14185
18763
17198
30367
10740
21544
16740
19678
11477
20974
28435
8199
10999
19438
4640
14586
14860
28709
4960
17610
23595
23638
27995
6255
1214
8029
30799
23739
25755
25791
14200
13968
16753
32389
2959
16207
23654
16715
28305
24979
11262
26260
7361
28192
27967
26976
20208
32022
20499
4353
27132
28523
17133
7722
18327
9367
8623
20041
31817
14481
19404
10518
16056
24059
26025
19564
21544
10393
18762
10841
9790
23560
27178
28017
26121
4781
12394
30567
24643
20715
3886
11742
26323
22681
23109
2428
29591
20659
7944
6976
26721
5455
1156
31766
4159
17363
30427
23209
17920
22374
8679
7033
25587
27044
32545
16173
24818
27542
31425
810
16031
27361
29735
28772
11502
14141
7546
19572
1764
31785
32399
8428
3230
8926
7948
19687
32404
4225
7117
21732
32287
5276
11142
25812
22329
7119
22186
14449
6020
31427
26252
24018
5775
25952
20421
1596
21332
26176
7125
22844
19205
27235
5645
32242
11528
13604
16300
20144
4160
20587
20296
27332
3470
19749
16239
6801
25495
26609
12431
14821
1992
26140
8723
7302
18584
16080
18127
8462
25869
25736
30878
26105
15746
17095
3913
21757
423
17418
7851
30874
32713
29691
24595
20465
31060
4583
19178
5337
8342
10098
8342
10288
9157
30602
28573
6255
26948
22937
21006
30337
24866
21759
27421
27862
4068
4287
26637
19635
13956
27512
2131
1484
15289
20376
28920
15380
14969
6092
20287
28628
22972
6075
3720
27642
20868
7411
9588
28340
16666
31779
15946
16446
15002
32396
16025
11257
10161
17330
29215
4028
27558
27479
23786
30062
26263
7081
30909
27349
15878
14267
25013
2985
3732
23090
13868
29165
27403
26689
11742
127
19618
20695
11338
15341
22653
19478
21084
9610
7796
12040
21320
19649
13589
10125
4281
2730
22252
29848
16939
7131
25858
28315
11157
3201
29347
29760
10060
10927
15972
3930
1828
29429
15461
26139
4312
11061
5588
19591
6572
8114
16818
2600
1360
13930
6874
10244
11272
19622
5951
23244
27658
4815
1141
23894
27175
23171
28019
20301
17838
2792
3479
27688
17294
12096
29930
11864
13498
21438
16806
12998
7122
9368
4853
28796
22015
862
6396
6306
19231
1674
26136
12973
26914
5976
25959
18643
28339
8664
6795
14530
18715
2881
3754
31889
2403
25224
3769
32759
13497
32561
7931
21947
29718
614
18372
24939
26397
28230
8067
18769
7749
18303
13823
17571
58
29983
17633
6650
7809
21159
18803
25093
15707
10337
27559
25215
4845
32244
22107
5470
413
31542
25819
12366
20927
19265
18856
16477
11889
13769
4728
11768
27075
25261
11645
15638
19484
31691
21482
23987
29401
8473
32180
24704
566
25330
17045
25561
11890
13997
19543
3319
24622
6516
15951
24935
30743
21843
13864
21690
30148
7312
18914
24191
1505
28475
10009
11374
15246
32517
14219
17638
30978
1366
28373
11674
19316
16281
9597
27271
15931
1499
9525
26921
26932
12180
19038
11246
15972
15044
24268
18923
23262
26946
4553
5837
24295
18513
12636
1811
4441
22133
2251
9339
21061
15237
2142
9914
8412
18176
6758
1136
14480
10404
18814
4187
2422
5949
7185
30411
4079
22972
18716
12118
20359
26248
10805
