12384
29415
19632
15276
6241
26935
22016
30007
7310
13960
7116
26838
2019
25135
3874
28212
4849
17357
25904
29071
5518
15919
30369
9659
203
8562
10538
5994
13606
30827
5983
1450
2305
17734
27340
9135
4947
29036
7233
10195
3742
29867
3693
19419
26657
30609
13998
8828
20302
29976
18472
26142
22910
8073
5397
9439
3556
3226
6747
28123
28095
27865
26980
25515
19668
21070
25642
22571
3612
19036
32657
21888
6330
20201
32762
14426
6447
21183
25621
16247
25297
27953
29174
13417
1402
26881
6764
4504
27517
14977
9870
18826
5086
8441
25494
4962
15554
30537
16627
24743
4644
30671
5273
24647
13514
30603
31132
13020
11639
23681
31997
13357
8291
21343
3268
32248
21736
2144
23886
2031
25982
26480
14569
2304
11241
10129
28062
32217
15793
9597
19790
30892
3283
20877
29697
7727
182
13529
18554
29672
7008
20897
27407
25511
32490
25324
1719
6228
26417
16238
14437
6122
27599
25519
148
16068
7754
26474
29475
24
22666
25139
6500
4033
20369
861
14960
22849
15974
24859
32189
26630
15698
17125
7154
9452
6479
27422
4601
3332
16318
9203
2646
17812
4696
4998
28856
12638
14183
6988
25550
27429
14902
18099
31068
18798
4038
3337
2190
20356
21442
27289
28300
12222
20917
5399
334
17156
11899
20286
9394
6544
17910
8119
13772
2290
4354
28477
16509
23383
10154
20991
13127
1034
13212
69
1375
32059
26330
16983
772
13056
19123
21403
13328
8089
31474
253
4301
31992
8533
1683
30985
12161
17728
28801
8557
19982
17331
795
27402
27446
890
28234
22837
975
14755
20529
6549
14001
21045
19216
21114
10685
20767
12904
11120
16414
16239
4960
17429
1487
30916
7271
3367
29789
27910
10267
14305
29935
10836
28521
12168
17283
17214
9974
20801
6010
25909
3006
22053
13655
13119
8956
9111
19908
14576
12617
30165
19926
2453
11527
6350
1169
24498
12288
9012
16815
20655
11339
26577
20893
26830
26736
4382
31431
17248
1739
6930
24597
29497
7222
7992
27829
20321
6626
9988
11548
30732
3718
30823
14663
10188
700
4257
5191
9478
29863
16727
9468
26531
14042
9189
11297
18183
13941
22261
23432
17479
27793
14929
29351
17558
32479
7413
1108
20481
21387
4457
18893
10333
7271
23629
9979
19581
7493
12597
17400
15272
12708
12728
24526
3401
21904
25284
16514
12521
13763
3124
25681
27227
2832
13989
22585
24118
17666
15237
22459
17033
18368
7020
6624
1993
16691
3760
28538
3598
22891
1076
5804
14975
16959
640
26540
267
27188
7959
16072
13915
22177
4
18343
15876
26896
7095
3538
26880
5094
11023
30322
6239
16967
440
1884
30778
30516
16567
8010
26345
26614
5955
875
23669
5568
1495
26143
26192
10896
22405
19195
2884
7510
17805
27668
11178
24920
31022
1146
12764
9429
24508
9218
9965
25320
1267
28745
32663
19632
26507
30453
13684
19886
31756
30014
113
12142
20964
14510
17537
8298
3767
32036
1934
8747
13302
27679
949
8881
25267
8505
10674
17685
4532
22514
10137
7533
27078
9903
18376
25584
15443
27395
15385
25435
18487
19244
10588
9875
16592
28897
1796
10635
19284
24907
10016
4456
26216
5713
31373
12259
28654
15640
25962
21999
15646
15818
14285
14748
30936
28823
7860
29500
15416
9210
8511
21956
5484
22590
32284
9845
28866
21568
32066
30651
6149
30582
2530
11093
15370
27952
10394
24502
15494
9502
7661
19627
8738
13587
22768
21311
32466
2056
30277
17628
10338
32356
28493
9650
338
25467
18842
28252
17379
23636
23203
4289
882
13231
29628
17465
22533
10054
2629
23794
26660
6740
12321
12945
17642
20820
28778
23068
19547
6923
25698
14103
1528
2760
5293
10221
11665
10219
31422
20882
24667
13988
13968
20071
8258
32253
19606
17502
8576
12059
32756
9822
5743
20928
7407
9449
28059
23061
18338
4604
13852
19367
8947
15414
7715
3503
25542
1341
16338
21654
9329
14174
12369
17592
3183
24179
1310
12905
8280
10250
17316
9013
19984
3779
28432
29804
2367
21754
10336
19167
3074
4774
5308
12260
4065
23169
32266
32672
4864
14954
25021
3205
32153
6919
25069
7193
15273
17070
19629
8441
7914
32646
11673
22046
7426
15593
7598
8032
15866
2061
17759
21304
20209
18404
17636
20938
11538
11328
30422
3363
15555
6203
16633
26303
24863
3030
26457
1614
1959
20704
5528
3511
7220
28442
4742
20062
31025
11160
20978
25507
10246
5994
22720
22187
1495
29052
10044
12130
8303
24507
7598
5824
24439
17273
3887
28236
19948
11539
30394
223
6096
13009
646
12459
4127
12045
27027
18043
21252
10648
16259
17980
22605
28761
15020
27837
2589
9015
8299
15027
13280
14138
19387
12544
23940
13548
518
8757
26343
13830
2619
15701
30603
26184
14880
13788
5777
2985
28138
11519
32485
22960
7691
16438
950
5154
1867
24824
6441
17629
6426
22981
21838
2308
7716
9322
32083
14684
21287
30081
29431
29174
24577
8503
5698
15631
26382
15698
28531
25908
7856
9330
13627
12970
10543
16022
808
6156
7876
13027
21604
4662
32240
26273
5791
16226
30226
28039
26954
29073
16441
20280
23814
16429
31287
17933
18268
23788
14327
23317
32430
12279
16144
858
4717
32588
8345
8806
21389
9568
9536
5638
16694
6921
16278
12110
11709
22684
30893
15581
12242
21074
2789
2659
13307
5105
7939
31072
16961
16296
24451
5934
19496
29754
22064
21569
5861
24159
18417
16558
5580
31079
742
29162
18696
17184
21171
30164
29838
26362
3868
30454
17236
9321
30931
30216
10941
29835
22669
15542
8792
13067
5211
28068
971
20037
12088
21934
9994
17066
26334
25204
3789
25958
25567
25110
14656
16961
12272
28732
26876
4291
26248
13402
31286
1180
21418
21810
6198
32067
29950
17818
26379
22748
4391
20095
30078
28255
22865
31274
2884
29431
18697
17602
10104
20136
14418
13842
17224
9269
21493
18573
11502
4161
28696
16783
3810
25524
26898
24294
30541
23904
1662
32145
29633
9957
5262
7623
5416
6353
10147
26684
28667
2572
15898
6303
27829
11892
13416
29031
31878
18628
16233
7375
1611
13242
24821
7967
8126
1657
2741
15918
26346
22572
25396
549
4067
26348
24889
13189
31411
9700
12629
31340
26007
30386
6584
788
3948
4625
20552
19356
24164
25525
30453
32523
