7385
14023
12080
11209
6957
6502
1469
26406
32077
17062
30307
15937
12822
22072
1312
6127
27804
17462
1463
19640
26583
19974
7427
29403
4761
21122
27788
11153
14275
9557
7256
21910
30393
30120
14084
18662
8211
2047
3091
32708
19094
18269
3205
20737
13410
29103
21931
8059
17516
25447
24123
8932
16431
18024
31136
11717
2463
10274
9619
5314
31071
15102
21999
6943
10547
18172
12993
2179
17080
3482
31903
19452
9811
9465
2876
20548
32359
3643
6713
25923
4811
2863
22589
25300
28795
30512
27719
26828
14733
10058
25923
24633
12647
5535
18396
8679
22832
23561
11922
26153
12420
16897
12300
25045
28268
25024
32687
13457
18061
10403
31855
3149
3743
14036
8677
8721
22561
25127
4002
29689
21067
24642
6852
24702
2117
23553
7623
1782
20374
31257
31389
4446
31455
4347
768
19288
9417
6139
15111
10864
10044
4529
10743
11171
4818
30111
11612
10786
14987
23829
601
4947
10178
30546
31037
7193
2655
2284
1878
23381
31055
31346
11018
28077
5937
14927
22051
1676
28498
30193
21099
4713
7900
28203
21625
20045
7754
27352
12490
30863
16159
4546
26388
32482
12760
9410
30678
19859
10271
27432
14388
9227
26433
19036
6146
4763
24290
20934
3615
1401
6128
15852
7940
261
4053
14042
12700
29521
21489
19911
9815
16097
28999
32245
25722
25263
3190
13529
20921
25458
13804
9596
26631
23072
20054
27425
23981
19378
3930
16168
5017
11815
3209
17970
15865
16075
16527
14470
31497
3513
31405
27060
19497
25247
16490
29560
9523
24257
30597
2016
1547
65
27693
11953
21112
27293
1908
29192
23602
6265
18946
15933
21308
23199
24326
30988
4211
18500
23411
5111
28264
1165
32104
7654
9323
32081
32751
6161
22504
1825
22251
4639
22519
31365
26444
20879
14126
13961
3973
2136
14265
11384
5184
24268
15789
22760
17744
21698
15258
19958
28391
15860
19808
13011
27401
23974
30019
23680
26432
25993
12097
25557
12946
23518
20130
23752
10160
11486
22994
4844
1904
27482
22636
28472
22397
1183
18327
27402
6477
27548
10389
13419
27988
32583
23961
26517
30328
12348
18649
435
4548
10663
25061
28903
13920
357
13623
26001
4545
13158
523
18639
13341
27734
27249
31808
24866
26492
27040
18190
22759
25570
1165
5163
11555
29878
26812
26074
30365
12528
27990
8818
32483
1589
10877
7774
12863
13051
6876
1897
28135
11247
31618
5433
32372
28819
24048
8984
25237
4908
8304
5883
9733
30683
16553
14780
26810
3850
15473
25771
26208
3849
29922
10309
4613
28921
18352
20547
6678
13546
21177
26839
26762
12608
5598
10546
29533
29019
26386
26441
28992
26487
27824
30937
18063
30160
4626
9640
16003
4874
10847
3855
25769
3537
13732
12469
4754
13245
31783
24221
1484
24440
29688
25699
4626
12834
9416
10690
17344
31732
32254
90
1674
6180
21256
32432
9324
16393
29167
3191
12516
6528
2095
1038
13408
1166
18885
3401
11250
27719
3721
5492
12619
7918
22974
2197
24295
29021
32744
12274
17541
12711
24285
22995
32730
11517
23583
11913
19846
19662
7529
22191
9799
3890
12168
22192
15469
24201
3948
17290
28046
3167
18815
13521
31866
29588
9014
6134
10097
1465
741
18633
28308
18364
2519
4925
7834
456
5278
619
29636
9831
5544
8410
26899
13546
32275
3582
1976
6922
10434
3326
19148
22991
31665
28859
27457
29105
13189
2317
10265
23038
3432
30031
24277
1915
17171
31
2097
17998
3372
26719
27918
27419
8147
15231
10160
8046
21880
9471
17705
19801
31727
22319
6933
28254
30662
28986
9608
16782
12758
1634
325
11507
792
10893
22065
20012
4794
10241
17927
32343
23154
17004
13132
19764
17683
11047
29830
14214
7006
2747
18345
7357
13082
17317
6610
14291
5223
21078
30519
8052
2383
28286
14174
4449
19358
20874
14734
3350
17651
18027
17796
427
5400
26266
25702
4856
21135
10329
17917
14844
14701
8763
1566
17536
15468
10214
26217
30711
11323
9240
20535
23465
26904
21480
13005
28176
21153
18255
4566
18818
27111
19174
22544
31761
22981
7921
16965
5808
22896
8093
30333
14231
7502
17030
7026
5096
18956
3452
1092
17554
7659
27271
17518
23157
17498
32040
16377
32200
1994
23778
3055
7352
21950
22777
13075
27986
18721
10618
13007
18083
11997
12667
17518
5406
14505
13988
18059
28222
21026
12783
23241
1900
19486
7595
3013
5154
21053
25799
3913
20305
24257
22349
30915
13312
8351
18477
28661
10550
2005
14396
16365
9499
27647
12924
21048
2906
293
15774
27219
19145
3800
1733
13666
32332
7549
10637
548
5367
3560
14668
13607
17778
20269
28568
19768
20642
9906
9225
3102
22405
16009
28991
6024
18526
28157
11047
9795
10003
28779
2683
3504
13523
32340
12680
17270
15099
31919
28212
10100
32059
13956
23871
10746
5877
21686
21193
8760
18405
2081
11285
26870
29703
6628
28300
2950
23221
22016
22533
10999
18704
1059
17475
23436
19362
25278
3007
6252
9026
22621
16296
8091
311
20280
26409
18985
20128
28421
8682
13482
787
10513
21465
19430
20100
19087
15914
4561
6760
2352
10652
11965
9755
15860
1535
8910
17023
16959
8947
11182
28903
9007
26098
12931
26931
7981
8593
22046
19260
8642
29186
25973
32626
12716
17118
24148
2755
1330
25121
17487
22975
12468
17527
25595
18170
9094
24246
22110
24754
26367
14507
22691
12722
21452
7449
19474
4470
12682
2815
29248
16272
29845
19482
14723
20043
3610
21675
11689
8333
628
20602
24810
32514
14773
283
24858
2166
16002
20848
3364
387
24357
17007
24243
18285
25821
5413
31794
27210
21880
22011
9975
12902
29476
11577
22971
5349
28291
6344
11086
23466
32509
29500
18824
1144
21850
27666
8323
6999
7312
21813
519
5178
31961
27079
24902
26590
21769
29215
30410
30709
7711
26894
24747
32388
11546
1639
4869
3210
18190
21182
11433
23522
15222
10351
1043
30826
30924
17891
157
1125
20311
21774
5106
7198
22085
3132
26564
7375
9977
19470
5058
21184
25254
24255
28612
21171
13853
15532
22089
640
20451
31252
27428
5373
31879
16924
14962
32032
23858
790
17359
7272
27776
12290
17866
12408
17806
15189
23958
17414
24917
12026
20226
9971
15926
1431
2218
12731
9685
10513
14447
22544
1323
14930
1062
20162
2775
1610
