14989
18658
32693
19507
4227
4135
3506
14618
15992
31888
26847
15515
4642
3915
3780
6892
18545
13526
4086
24605
17350
29284
6124
6301
29280
642
9998
29441
30998
9466
13071
12033
30284
9720
8573
32195
28960
24683
20630
14173
18660
16302
8798
2453
14545
1128
15854
1002
17401
20657
31503
9433
7550
16246
11271
19545
24834
2846
14771
14248
12126
1901
17878
27209
919
29353
18353
10318
21518
25084
22228
26067
21494
19738
6195
20427
26891
32035
380
20991
10625
25291
26280
15955
30267
6072
1489
31051
1342
3884
1347
20431
28773
14819
6101
23083
7254
8511
15226
4186
2996
15778
17939
29572
29335
3099
13447
28869
7737
10054
28694
24880
1266
26477
32234
19220
4710
19955
19695
18557
1021
16371
5605
14078
27027
21540
436
5294
7793
14336
2559
11889
20092
28709
18427
889
23469
30715
9602
524
14273
1175
9315
391
1586
28383
12285
7587
6757
2287
11532
22263
9765
25276
15298
7358
11344
16887
24602
9179
3024
20789
1129
12058
14029
19020
2613
11449
27169
8192
23883
19751
30989
27359
15628
30475
298
7529
12296
15496
6818
17268
21966
13759
22687
20687
2817
25750
11780
17190
5039
1464
2652
6949
16351
29406
17167
28896
15977
31308
7388
10099
4619
20382
2435
997
23736
31172
28098
11091
30003
25164
899
19530
31453
27103
11348
30580
23500
9743
18455
27511
284
11344
25595
22554
5514
3651
21931
23722
6718
27451
5829
17820
15849
15098
29837
19827
10768
13755
26595
25828
15016
32118
10610
17976
21474
27743
22059
22515
19016
11439
14322
8883
4361
32168
1686
24154
8849
18899
13575
23151
22365
29325
7875
17858
7950
29889
10642
6479
20412
19191
12147
10853
32652
12430
17622
10248
7301
10821
12043
1939
13983
30721
7931
9378
12317
21450
1046
6190
18461
8726
2956
2810
13166
30538
8128
1838
14241
5758
31738
3394
31843
19840
10331
28702
1802
21020
29207
15488
5229
1179
13278
12189
17657
15242
667
267
20225
31933
4705
990
11094
18323
26530
25362
28696
21626
10403
32041
19915
28086
9004
8980
25261
17759
23172
15959
22599
27817
12701
8809
32579
20585
1419
3417
23933
24276
19514
7095
25181
14985
2913
13234
13667
7890
15282
11134
21251
22822
27732
12025
27572
31731
14994
10381
14660
11931
29141
12632
15982
16060
26575
19594
9390
22197
26874
29199
11348
32102
18753
11375
25304
17207
27900
19954
4973
16475
24098
263
9688
18518
16826
14310
24451
30396
16787
16245
15053
31036
15925
31080
18597
15070
23831
429
20567
21641
18195
17159
8613
26312
11030
16121
19738
16589
22812
3301
13979
30903
2396
21621
13887
22800
9151
18234
15201
18330
7063
23955
9715
2379
13198
23249
18964
1942
15836
23704
20965
31468
11454
31112
29081
7811
1827
13085
8652
20822
5544
16084
21526
18541
23494
27280
21983
13918
12618
8251
21877
3092
4102
19632
15707
14031
27079
11737
23013
32620
6791
19476
32001
28391
19171
8924
5208
23582
22223
15525
26006
1751
3208
17927
25861
25605
22474
23583
23137
32583
11588
6707
18408
5554
19017
10900
18352
19920
7368
24265
21309
12520
26494
4841
10579
18816
30314
24649
17929
2849
30593
25431
8479
26458
19364
6342
9873
13319
25551
5612
7532
18132
32403
8296
28897
27132
22982
26887
3992
3671
11385
28137
21831
24211
32042
18399
12930
6081
10299
26392
1749
19220
10915
765
24848
27878
1252
16729
6626
21756
19005
22717
31913
5131
12320
12835
29321
17019
12774
19921
25531
11370
7362
28544
17192
32500
6131
21950
30775
23218
32062
145
6883
28544
5532
19293
13840
1412
3632
24071
1055
5996
14715
14683
22976
25078
28883
25259
13063
3254
10769
29369
5827
20500
5515
3032
17419
15508
22594
31565
24089
1882
13916
2555
2652
32749
16852
16448
13512
4923
24944
8474
28273
32733
17395
8334
6744
8093
5012
22858
23684
27189
32176
17801
32597
5466
25276
32567
17174
30201
17021
19285
19409
1729
14459
29856
8551
14305
7347
14701
30175
27667
7308
20696
9727
18137
24588
19229
10265
12294
3916
20806
23848
12417
19497
2055
30748
3142
29757
6630
28529
15789
16142
11422
11526
13807
3204
17862
28717
1766
30625
25262
5630
23060
364
18314
15346
22759
26670
18898
28845
27195
32481
6632
26394
26913
6374
20476
24509
14559
24054
16429
15429
23096
6747
23024
29025
26093
24416
5814
19157
4227
2054
15305
13773
6983
30200
29559
1393
22160
6849
371
26041
6468
8509
5752
28803
20893
19277
1839
6371
4909
22479
27219
24762
17952
1230
25107
3210
23490
501
5304
18824
11329
26442
6279
31219
25011
1049
22249
7077
5210
6701
10953
31976
31783
22854
15934
13194
23422
11976
27498
2612
1849
15793
9378
22519
12271
4813
10190
30248
20598
26925
275
18542
26022
4821
8368
2841
21344
22965
2086
23477
6863
27867
21148
12255
17902
11750
7297
11864
11339
29374
3699
7768
29962
3970
3936
24869
31276
15554
25067
10723
28946
11759
12561
26542
31804
27663
20492
5606
2647
18613
12663
26314
9847
32049
22964
31817
7585
18948
20619
8980
7564
10903
22035
17400
12456
28972
24278
32619
15200
24340
6960
10085
24220
3362
3576
2929
25483
14433
30306
19203
5279
18178
4388
8716
10201
6552
29912
25548
7750
31880
3490
6119
15562
19898
31762
28092
540
10901
23372
31218
15890
14891
12902
29267
11807
26544
5393
23518
17178
8497
14204
24343
29760
28290
31093
13986
17277
29817
11474
27664
22247
14425
6927
22265
19339
14225
3640
4683
9581
10151
24841
23521
202
29295
23125
4696
26784
17024
22436
17694
30321
13288
2848
2763
8003
32031
20658
4533
20971
9274
24168
7870
19083
5217
21530
28273
16218
10115
28237
11342
19107
30792
24663
29793
13841
4168
6596
4890
2857
18042
31481
30552
3352
25071
15639
2759
32687
21696
4386
25708
24492
9029
14947
2430
28731
19335
10250
12408
16828
16632
21016
14956
5575
20578
23932
22170
17517
30
19324
1089
1729
16518
14423
26293
19096
172
27945
8114
29580
31565
18702
9200
11591
20480
17802
15863
13054
15539
6697
13109
12347
2904
17250
16206
7904
2012
28865
22963
18025
4697
7750
31094
16497
8588
23816
19293
9847
18825
3869
3637
19683
6829
6846
2408
12100
27861
22695
20946
29148
