32089
17631
30104
2042
29664
21757
22888
21076
7350
1807
28855
27162
2444
15441
5344
3081
27070
30210
21565
5864
17285
31171
5365
29453
19822
5441
23061
4898
31755
17683
24291
29225
6120
17126
31855
12990
28608
16087
3434
17308
31473
18464
17467
11619
46
10487
10064
28057
5236
14771
10162
750
1599
28465
1501
3780
2301
10358
30926
12270
13507
32661
19293
31416
11839
8659
25549
12840
2798
29450
27042
9860
17806
75
32178
23828
22231
1479
14463
25897
18022
3056
25284
32351
18426
24539
7246
29726
14562
27369
25869
21095
4534
11686
15467
22477
8262
25073
19164
18625
7632
2142
18871
2067
30070
25816
7492
6326
20206
11915
21782
27844
12668
30465
1691
9665
21277
3210
13809
10788
26629
23522
16635
13331
1612
5390
181
15727
29157
6023
5316
27920
25807
27034
3410
26962
10127
16143
26392
13264
3549
21257
3516
29295
11166
6445
22622
18847
22034
2566
13422
11229
17743
3752
29376
17020
27118
20372
27362
21414
19204
27356
26797
18846
84
21896
6170
16199
7362
27703
25431
13802
7435
30474
30490
22580
11956
9405
24886
28286
25408
16663
32108
26706
9126
10885
9347
7978
30722
19202
20890
13946
30603
6201
12734
15601
29893
24302
20920
29436
14840
23962
24104
23181
27104
29269
10712
29722
22694
24569
28234
19688
28943
28293
31379
17033
31220
27327
17516
8100
20466
18718
3975
30196
26466
28646
7967
22931
10891
27797
9683
24953
2071
6270
26548
4415
17860
28852
17053
4137
27484
9513
4291
20836
23015
8983
6540
4492
25375
7839
1189
19826
29988
24497
847
5659
11889
22059
9209
26124
28175
14661
1044
23492
13320
13868
21539
32139
26143
29165
25105
27242
19646
25237
7624
7291
23600
17302
19455
8291
7696
10605
23379
26140
20226
30850
3994
3832
1185
17232
30580
23778
28600
21445
24610
9959
3764
25580
15260
30454
25689
18889
11485
13540
1717
6789
11906
691
6738
2251
1939
11796
3504
625
673
23338
10482
20827
6929
19601
17880
17308
5303
27807
17389
7903
12711
31722
3330
25350
31303
2314
15834
8208
19369
5536
18215
25408
8216
3223
6837
32635
17905
28073
14566
13555
30901
21029
12894
31746
4187
12016
29183
30552
15083
30666
25368
20825
29768
2003
18393
2241
12365
29518
21515
28810
27420
9892
24574
26383
5043
30380
18370
2161
1217
1577
19097
24634
32695
9365
32429
24128
24097
2589
11519
4813
27959
5356
10656
30204
10159
27564
31779
15974
16854
10570
27730
2814
15327
30202
18208
25658
28283
12668
28639
22644
17834
4765
4531
14223
7632
24576
1351
12765
30475
9758
16062
24128
29380
3724
22509
27536
20356
15485
2759
317
22281
21127
12312
4918
29338
1450
5751
11529
22935
24974
17781
30795
3668
8716
283
570
7463
17904
8596
1185
20928
16125
4902
13820
22201
25394
4711
25821
29550
844
30893
25230
23567
19084
11462
248
18420
19386
3049
10179
16944
24426
24301
17599
26728
14206
12217
7043
3046
19436
4860
14420
26857
1218
14878
2632
26687
17767
24950
26794
7958
15651
28349
1953
272
8417
21442
8205
30869
12852
2400
20146
22893
14233
13997
28312
24974
18940
22645
29361
15410
7037
31975
701
15149
7027
26509
24427
14974
7089
12674
20929
25124
23305
14815
10685
14899
6415
31350
4157
17702
5919
5315
12316
5239
10914
11039
31390
2925
17548
23095
2830
17462
4649
26301
28069
19253
6938
29533
19886
9373
155
21235
20200
20543
16903
19195
5676
16288
10909
23112
17743
29263
19588
22522
28234
11381
11533
32426
16792
31662
1593
14311
31712
32279
16763
15334
22228
8105
4030
22901
345
16837
17066
31281
25320
271
19235
14073
11828
3456
275
4258
1805
18615
6250
8428
16260
7824
26467
22453
28752
19448
25096
6253
28784
2048
28408
19402
28690
17200
31080
14781
15028
28957
25704
16292
25737
4157
17255
14017
26398
25595
31738
7915
28989
5383
13529
24963
28178
11248
13866
16554
1932
6644
7939
18097
10246
17431
5162
18897
16167
17522
19487
22557
19974
21966
7260
8116
32402
7537
27611
10043
18994
18232
11993
27275
29608
10214
20442
12198
22587
22972
10733
10224
23573
1866
30769
12700
30186
22660
24216
19812
7642
13848
28651
7293
9113
22271
21774
31434
12237
19538
31110
2384
29879
32608
24888
15594
21014
22013
2931
17725
28744
28957
1841
24559
5811
14753
7322
27668
16739
12144
12234
20969
14836
11978
16596
4805
14259
8153
11527
5452
19200
17545
5488
486
6135
6298
3743
17264
9295
30708
32174
49
15489
32570
18048
7951
13357
23201
12103
11522
1466
30467
7497
14026
5438
18735
3811
27357
6813
8068
30414
6052
30452
12734
23713
23014
31032
25359
26263
3973
22042
27250
12435
25192
22318
21820
5217
32696
1357
6131
18239
20303
21048
8548
28828
16237
1405
9200
7711
30893
28831
2343
14571
3640
11889
17304
24610
32313
29123
29414
19623
5777
10048
3615
8745
4555
28311
2122
20829
82
11993
9023
28554
20961
18978
25788
10059
4924
13436
25012
9873
13342
29184
21482
11751
26994
16447
11711
9466
32709
28384
8264
22616
12796
11146
18340
17528
22594
17668
29069
4603
837
10650
12844
10033
22434
9411
15154
29407
15773
8194
10532
21567
14614
27402
15094
17481
32185
20261
10204
9265
4980
29142
1885
21809
7982
19133
32681
32136
9142
12476
11820
7875
20217
16984
32355
24891
10105
11618
25327
14559
11770
6614
9448
18227
18302
15363
15731
7833
884
20972
28055
19152
4653
4079
2124
17082
32655
16548
8917
10082
1549
7176
8016
29757
3543
6619
17804
1200
11341
17222
24090
4819
14266
18369
935
4981
17215
22836
7817
4960
5901
4956
16023
31197
30935
29297
18238
21627
22664
7430
8657
4109
13617
1328
27169
17138
20037
9450
18766
27801
29960
22968
29404
20035
4677
9099
30729
16651
13375
19173
25950
11556
14571
12861
24197
1635
26716
22181
11354
29181
4991
17322
28996
31121
2824
32380
30662
28521
684
11343
20305
26621
13457
30720
11101
27832
22787
31484
14520
19455
18024
11614
23837
10864
19830
8535
5384
14695
9635
3539
25545
14023
32221
27737
2519
6647
1404
11827
30056
4650
373
19664
8510
14820
16848
14694
21956
9146
2908
28635
89
9305
18849
12518
5356
32201
7446
10098
11721
20467
