1233
22147
18824
28314
8628
2913
18331
24735
16430
9885
5424
4164
1356
859
490
11126
20695
1427
6133
12670
2950
32624
31710
9091
9587
1526
32424
7761
22732
30952
5660
16729
1227
16873
12128
1784
13544
3809
4043
29180
10317
2978
14328
13412
28042
24268
32025
13159
26250
28141
19598
3256
18629
11501
19895
265
28088
31914
22022
26574
1938
23775
25432
4163
3633
30026
4229
13232
30796
14862
14389
23787
5362
12118
14838
26911
6451
4155
5516
1485
13853
23784
20616
20496
19178
5115
23069
31013
1911
6959
24878
5162
4856
6968
20651
28966
2795
21231
26142
10570
28234
9647
5761
16503
18693
26879
13651
0
13231
13681
4587
28336
31607
16074
32523
2575
1627
30562
30904
9441
18328
718
23625
3824
22629
15293
26303
27147
2272
20768
27988
20559
32073
16014
1111
12197
11118
9190
2102
32396
19558
16438
15581
11801
5762
5083
30526
32059
21377
28138
1329
4420
9987
26831
18303
30629
6465
6708
12857
29945
14842
31269
10063
17734
28593
17777
24413
12671
18197
24403
21704
7757
22209
30289
25866
30734
2853
28773
7242
8223
28356
25179
24368
16214
17057
5754
26359
8659
31475
26214
17348
32761
29728
27717
22838
22711
29673
20257
2366
16652
19170
11917
305
19658
10790
29068
23835
29850
328
31918
5463
7488
30861
4988
27228
9248
23384
26902
17114
5377
1765
9243
12294
27922
12602
22985
3121
3882
7259
17510
26528
19796
2494
14558
14232
11147
510
8109
31672
16322
17619
29951
19852
21288
30018
5142
3678
10409
22033
20973
10063
3256
10878
11035
4007
4684
3889
2297
3434
8488
24430
25095
25644
14688
31375
14732
26149
4121
32178
17021
7048
27024
17839
10656
29713
21598
19789
19185
14045
10746
15285
22085
9343
30847
14118
10029
32592
14767
20459
21533
28166
31544
6026
14542
27785
23607
14399
32736
16130
1019
8360
28612
6964
30219
6082
32473
31759
26474
19732
29397
21378
31001
14634
3943
3730
31710
25157
6171
8105
8516
22865
10621
816
15843
791
11649
29279
225
436
28450
14420
17593
21066
4426
23907
23867
29429
27890
7342
1749
9473
6794
22517
23312
8026
10907
32175
28253
17731
20907
5465
31506
13643
2913
26126
15792
17533
30953
27480
26215
14808
32410
3142
17372
24063
25814
18622
2857
13105
50
20757
24869
27002
9431
15325
2279
25387
26921
19966
23429
23945
31654
2313
27937
4546
4112
29640
807
25125
10190
20762
16336
26513
14736
14589
9963
29486
31794
18413
24540
22620
22755
22637
22757
4841
18566
31459
12196
7559
8280
8104
733
3197
4563
10080
4474
16540
25043
19847
19152
18037
6904
8525
13348
13769
16203
164
18286
9537
15652
18839
12124
1631
11083
13789
1178
32181
4189
5294
28753
2901
14705
22229
22510
6024
25596
8455
30244
14275
16114
22643
1332
16342
1838
23962
24172
29543
17172
26977
13037
27551
24949
16484
16818
1315
16306
12430
11982
27206
23333
3303
24565
3453
12732
7084
574
10259
5607
10917
7463
4381
31157
15795
22234
177
30010
2985
19887
4947
3123
15708
10993
8624
30445
8958
21221
16527
29282
21415
22024
32004
23461
27445
1945
10470
6785
23126
23895
19332
8029
31971
31884
2708
30819
27248
6218
8044
16866
13601
1269
11381
30192
2751
9473
1756
24403
27658
4861
18570
13218
28241
11473
15959
6311
15169
25668
1658
6408
17147
30913
29508
19494
21609
32346
1551
13638
4049
22029
5745
7663
26538
31558
31157
28562
9135
19110
16011
20593
6707
9731
20734
1977
5044
6576
6823
27889
3250
26366
29472
26264
18881
6146
29884
15370
29150
153
2421
16036
8959
20650
17446
3624
13550
7083
23035
31843
7766
31079
20517
21517
12318
9214
12754
1776
6903
14125
25180
1869
29489
29903
24512
20603
9939
12964
2387
25297
6634
21842
16048
14022
23841
31913
27381
27479
12946
17707
20527
13225
21724
17100
10002
18416
13430
6390
26350
23951
8003
21456
18910
27265
1638
26304
24899
14327
22103
29743
20080
2114
5430
17036
29607
21492
15200
659
12613
25154
31297
19151
825
16557
25961
27741
4794
24034
12769
1268
4154
19422
32703
29218
27029
27989
25080
2520
12431
4693
6262
15401
17789
18471
12394
591
6722
24694
32484
16111
8573
29618
10657
29598
15873
25271
12835
28579
18054
7082
14087
23550
29086
9764
24468
18602
15850
14995
9616
7968
10893
26845
29015
7708
21473
4678
15406
17059
18537
14995
11476
16965
10759
29807
25178
31392
28527
27919
24885
31269
23004
23314
22162
1567
29442
21675
9705
16880
10051
20737
29909
23454
20517
22742
10531
24975
17156
10855
3368
9617
14340
21652
3672
20766
7498
3393
18965
3805
10860
18172
23749
28011
18469
18912
10023
24412
8270
21433
32231
31869
27145
873
30576
26716
17984
5002
19457
523
16462
10324
31747
16672
18171
13505
12442
25600
12718
15088
2682
21342
9694
27591
21244
24318
28874
27101
17264
14271
10602
13207
22197
19160
11941
30865
22792
25186
21956
24127
10778
12055
23847
30676
25957
8025
30518
30050
25791
10102
411
20035
20784
24362
15535
27321
13825
6245
5937
4305
18965
21327
25150
6285
25469
13193
381
11073
18758
23222
27547
4670
22421
19515
3831
22702
10743
15938
28318
17599
16370
31749
2937
27652
20448
15689
28101
26392
15357
5928
25284
26756
23998
27156
17074
15074
7012
28953
21243
27203
31698
22114
6315
7375
11419
28927
12070
24235
11872
4070
30489
25888
7001
30263
12720
3321
15409
27844
23562
6188
24343
3280
24298
28349
9490
10263
26287
26336
14740
29199
30598
22622
10323
20078
4574
32569
17748
26860
31516
29075
23368
31306
32400
11468
5148
24211
15016
32235
20428
24738
20068
18751
23928
24292
31498
30022
19129
11615
3611
31949
15669
22771
10117
27737
2673
12256
12314
20166
487
13193
5185
19758
7513
22392
5868
1548
2916
12705
20682
24481
18520
32747
12221
22935
14663
9964
2702
8677
32092
3572
7392
28914
26990
31822
32610
28925
25045
23490
28745
13500
1661
1118
32766
323
25913
30071
30227
28456
9817
8170
636
9957
26494
9639
3836
15485
14509
12913
17629
28259
28579
20959
6884
19351
17768
26279
32644
1298
29223
10011
29522
28260
15165
17140
10169
29084
10128
5711
30191
31336
20002
3573
16935
7293
29414
8415
