6548
32067
23986
29281
18699
8923
26674
6982
18036
20127
21550
30654
1286
30518
3261
6486
6061
19762
1082
23759
3256
30706
3479
11807
12753
6598
24563
19897
21555
24405
30831
31502
20759
7740
20030
10324
2671
18168
3324
7046
5079
11782
18753
8364
11209
28744
25461
12636
21776
30379
3302
13697
9343
23815
8983
16731
5858
16455
21852
29895
821
14281
18595
24513
32020
32264
11669
4135
15219
3192
31966
11455
22415
11953
19912
16764
30756
20688
31503
8445
15585
3354
2545
32599
32281
15587
1924
10772
13499
4271
20556
380
7812
29590
30221
5907
29299
15853
14302
5474
14718
31522
16511
21754
8067
18152
7916
17079
20609
1428
11570
31554
13832
31687
22914
16345
10478
2382
1412
10323
27460
2886
28653
13918
32392
10628
23636
11788
10780
4916
27970
22414
17911
28351
25736
3647
7579
243
15829
16612
32583
20318
22407
18225
19309
16890
7618
12432
6246
2064
27583
28703
15973
17494
5991
2551
24490
17498
23329
9652
16632
18212
4584
10802
1608
5911
31136
18068
10175
31513
28586
3211
13022
17140
23478
32725
11257
29435
15576
16131
9194
21232
3295
10624
22022
25637
28130
9935
25168
738
22043
29460
30701
14087
11768
5334
984
30706
5232
24579
14295
26531
15764
10804
32174
18718
8038
5171
10898
13841
24813
3259
1760
22455
16265
28798
32271
9980
24197
27500
2788
30690
13547
32563
13284
21539
3484
21250
11279
26904
19871
12435
27595
3289
29882
21096
22047
7846
3135
26453
15905
18054
30761
28478
24754
22573
24167
21794
9832
23843
6264
27224
16844
2595
25400
10009
32198
9154
16634
21567
20565
5713
16854
588
1411
17667
9797
29102
5785
21587
4075
20546
399
29600
13491
28694
13510
27162
18465
23411
25338
27362
3812
27163
21362
29805
20651
15311
633
16170
7226
15380
9746
32612
4541
4919
27368
32361
10076
10383
32132
20204
7183
6658
13250
8360
3252
19658
27270
30534
24415
31609
27563
18561
30961
25915
28732
17800
28908
604
4839
21411
14213
25098
18094
30746
25083
5467
9696
15187
4392
19346
11592
18234
9814
926
14244
17637
14931
30435
19801
15737
2760
8509
7268
583
20934
2626
11412
24635
15266
13256
9206
8823
28419
20904
12177
10299
23353
11969
25684
4616
16592
25407
11341
18949
10341
16413
5148
27553
15289
5096
3238
20090
13572
11462
29966
14462
22668
15288
225
31567
11381
32028
20112
236
25307
19062
16932
2959
10782
31087
30765
11473
22397
11294
25851
14356
8167
30343
29713
13346
21261
32097
15319
4114
19644
29213
6543
8044
4202
4131
18826
8589
17167
32607
20380
22604
30518
16380
17357
29149
32595
879
22353
18934
14935
5816
9659
17969
3714
16868
9837
20914
1656
16599
21075
15369
17560
14664
20945
32601
16521
21005
18169
12730
789
20377
2050
9693
21563
22979
24053
32495
3967
20169
7082
15295
4741
18324
8435
32034
31198
12605
7703
2967
8226
8145
11138
24615
4927
15953
2490
13455
29712
32765
7573
24225
29746
30418
31914
31464
26131
29522
7685
10891
4939
20867
799
26739
19760
5946
27917
14768
27556
18329
29175
15641
11826
4055
1740
24115
13146
12607
20788
12117
31272
19580
21958
12041
8716
29203
22140
31924
23781
7217
30051
16506
18271
30119
28567
19036
7039
4659
1135
11427
29052
31745
23797
21890
721
14961
1945
27639
9104
13851
23590
29682
26105
7697
23540
32185
7243
12899
25184
25739
11482
6121
14713
24707
27746
6460
26364
28608
29339
30982
17795
23235
7437
14716
15865
22552
13350
32040
13649
4921
26250
25836
631
6831
3754
3908
135
31098
30360
7371
4414
32691
3610
24065
9134
32368
18173
3659
4917
31464
2987
16443
29359
7384
1024
24338
6123
23589
7258
27011
31580
12738
751
18874
16401
20436
3940
28317
30695
9492
18587
2642
30718
12149
31948
6657
20841
25096
8151
6875
16938
8732
25560
4187
12893
8105
16380
16331
4531
3311
22932
17675
10530
31066
872
25742
13531
21417
18254
16037
23165
22351
11771
18432
20360
26905
14616
11121
17428
10002
17305
30964
26051
12196
15434
17901
3828
25599
28330
8880
30265
10687
19965
2374
29196
28616
30365
10607
9405
31349
22929
13795
9391
15091
18016
5853
29892
13799
18215
9690
24854
15703
746
22174
5096
455
6696
29049
30428
16034
12722
17096
13414
1500
8125
25534
28032
28374
28469
101
30623
11394
11604
16095
14054
20167
13684
11250
26778
13095
28449
20676
29143
26783
12915
21986
1665
2766
18074
22407
15484
22618
11963
20252
24352
2192
14587
13819
5863
9290
985
17784
14697
26134
28096
30754
21899
26004
8924
12358
20467
4640
15662
10165
9151
16561
10971
3271
7030
20737
20170
28832
5694
11759
3949
27314
11600
11553
18399
5507
19882
4589
20272
18609
6659
14202
2557
13363
10500
9762
14915
16609
29621
6171
372
23095
2102
12631
18635
1366
21679
28328
989
26955
7817
4136
370
11412
31199
728
16018
19424
21807
3463
28643
19991
27990
17654
13618
31130
15803
2873
11087
28364
16586
7776
20510
19409
5284
31319
27883
15766
22548
4619
31486
8721
21446
9166
13935
8138
17331
11517
21308
22170
21728
16608
2201
3506
11080
18129
26247
736
1046
25505
10664
16142
18456
4663
338
5132
8817
12154
31714
10127
28558
32114
3411
12153
6235
25001
25615
17242
11702
25304
4
26423
22564
10687
16379
13195
28610
2389
22821
16012
20607
21025
27895
10927
16009
29928
12600
32366
28421
14472
24153
10569
2307
1828
22532
23051
12977
5761
17399
2638
32462
28592
787
25409
20066
6638
16560
24489
31405
27848
3124
20262
23389
19843
12516
7864
32004
23482
16378
2689
7112
20809
247
7373
13917
6506
15418
7759
19760
25374
5074
23469
8677
13007
24209
25664
2820
14131
14689
9749
12271
25971
17115
2871
16664
8333
13590
31792
112
28663
20925
27597
11811
2437
21605
20514
11650
12940
24349
11470
30272
15432
5446
4736
9698
8059
22693
14266
17777
31575
23734
3797
6002
31646
1091
32070
536
27144
15670
6175
27063
28389
20140
2521
3964
17667
19786
1360
18524
25810
10708
27151
8266
27334
3579
32206
15789
15613
31607
24377
6417
13346
24918
5619
23836
19345
7060
25563
708
7355
4331
15246
32192
10700
25324
45
3388
15244
25679
29280
