7945
31033
26066
762
17759
10375
22581
29991
13329
10500
7243
22150
3155
7008
782
23284
32285
19718
19536
2770
22747
22015
23815
28681
5223
19987
12264
5194
26164
23858
13367
13467
14028
11027
3805
19983
2940
29211
29115
26580
14413
14720
32062
15987
28215
31406
24627
13396
31122
13802
10717
11137
17613
14901
581
11435
29538
9331
15570
32626
10505
22988
31001
6113
20781
339
17910
32056
31388
16613
31452
3567
7042
16724
15209
17655
20888
15813
22846
25667
29337
8791
2061
10375
246
32262
6131
27200
22730
19406
10761
20468
10512
22291
4918
30139
3348
16192
24903
11774
23079
24239
13889
16255
30103
6345
28149
17561
18142
21358
16854
4042
6682
8087
24328
14702
1725
21817
8889
15053
11910
9837
28852
14936
26800
28111
22579
27952
11625
15395
31477
12776
21893
26943
27281
18572
628
11301
28682
19426
17009
32367
29091
20463
17661
20208
27381
18877
13196
18328
11070
9308
638
10904
19964
10023
20048
2759
8635
4424
6420
25412
28971
3711
31774
21085
25205
26911
8705
31664
24783
7513
7354
21904
17487
12732
27690
26027
11260
30973
18634
12521
15915
8436
1690
25239
17161
13032
9306
28356
19828
26892
23293
13291
26127
32073
16731
24531
27797
21822
22566
7092
9069
12166
4639
17307
6527
13881
11401
11535
26183
6837
27614
16629
27687
7838
4290
27825
5378
11811
6453
11918
15622
28547
8716
16736
16329
27600
31906
11112
23448
13556
19659
13431
24332
11505
17161
1878
21725
21101
18179
614
8699
13933
9778
31620
18907
32609
6878
31535
19727
7521
16201
13037
22042
5046
16682
13034
10370
31644
26972
8931
1575
9286
19416
578
32466
29731
13281
13195
24081
28512
8318
22262
11075
1966
25901
14430
28655
6469
17110
21593
14426
14632
3326
14505
600
14507
12093
17363
3682
563
9970
2061
18153
13118
17717
21853
12778
6051
19725
12032
8387
27162
16867
12297
4677
32254
31287
9034
31498
13906
19090
21111
26632
28163
23740
20617
12135
13676
1838
17249
9104
2335
14538
28846
31879
26083
19658
4624
27514
24057
23287
13438
3226
5028
22555
9957
11049
15592
6840
15377
3028
5265
6138
25553
12612
23671
27883
24406
20208
21761
2022
5341
24117
19944
1614
18062
2472
13373
6783
12451
25259
16814
3589
21196
5438
12549
13325
26834
3608
7153
24600
22139
18167
26121
13559
2735
11572
22798
24563
7640
22170
22128
5196
12175
30840
16916
23269
18292
21749
2645
2621
15709
4772
29001
31393
27828
12888
31557
19104
14106
5946
9891
18368
6736
21784
20674
20335
23896
14592
27727
15420
6359
16398
27843
13127
7870
28802
2861
26102
1321
18709
18482
7146
22664
14990
20306
6450
14588
24464
8045
13502
26372
26294
7301
13078
856
25314
28357
14668
1557
30161
21186
27694
12571
2291
16130
4033
435
2170
699
15083
25974
21681
16860
29552
13930
23952
29265
17952
17005
7309
16003
12110
25047
24756
28959
26499
24923
8442
19993
26740
17198
18639
31984
15922
7019
13042
26675
30881
2999
18057
13892
20779
8737
27249
16220
22709
8011
17107
9423
16850
26575
27896
28050
6967
9436
11614
19450
3696
22560
17419
28870
30417
26347
23329
3936
25774
24721
17331
30560
24783
1040
29911
26450
1054
18674
252
31929
14243
28533
30078
25940
12466
23530
22648
13727
32099
16731
14554
2205
13635
24432
1211
19669
8777
22419
6640
25242
30220
23891
17629
28560
24370
17926
8587
2924
4908
15283
4859
10747
8225
5935
17594
26214
6951
9605
27318
5044
32441
23707
13136
13968
19814
17171
8114
19533
19654
3952
13923
807
27826
17018
17432
18380
11956
16611
7886
19483
8637
12330
7957
27435
17942
6848
17327
3727
28057
8042
13145
30936
27681
12262
4329
6492
11327
8913
21913
19766
31791
7368
9635
12686
9994
5326
21262
27419
11836
30701
711
1765
14137
12320
10227
22608
364
4721
18820
30806
30832
30815
17930
18964
13955
2178
2508
10376
2872
29298
27416
8601
23148
8676
8407
25175
26490
11542
1892
14469
24755
622
10143
19797
16136
6494
13373
32114
19978
10890
29026
29251
28693
13101
14961
24687
29383
18360
6691
3996
1975
31165
10454
3965
13668
21772
9512
15883
21612
14364
31429
786
27903
2988
11133
25840
2194
7593
20122
23193
19416
9043
6768
32479
27886
9884
11317
2289
22998
25296
531
11809
8998
21627
23420
20714
32513
136
29630
8497
30791
13990
19159
4555
7689
21232
28810
18240
18240
17100
1458
25550
16062
20755
26583
21681
27492
32115
15103
1186
18582
25362
17862
6046
17132
29300
21425
5096
19754
671
4544
7249
16755
32125
6466
8119
25273
11137
7405
8652
4728
25229
27694
280
3748
7188
16574
24130
19424
13948
2678
2187
16368
26054
11620
5019
12401
6000
26142
31360
22983
19866
18518
29684
600
13673
2991
23518
19960
31913
6863
22044
26019
10934
6326
3712
18290
156
20558
14872
21192
9341
16963
15795
25804
7219
17684
7584
6429
23351
27499
6841
705
26561
9386
8353
29022
23345
19398
26953
5804
16814
6232
31161
8234
7437
9713
23565
6416
3828
1454
15037
10373
28223
3597
16674
19
19362
23807
25910
3672
10640
16447
32412
18942
27484
30689
20192
10477
16287
1838
24319
6078
2521
1967
22058
1395
3931
12936
11719
22374
27492
5128
26297
22912
3722
7549
9185
32427
19803
2381
19940
1418
16965
17730
9263
21863
1715
22310
24377
10093
1913
28560
18440
20503
30834
7933
26871
15592
11111
24866
15286
31325
20019
29313
30866
22048
21541
9275
27383
29054
3750
8741
28467
22555
14620
24349
32124
28388
31758
7071
26165
20294
11144
14995
9069
25245
17601
22633
25513
20976
28411
22632
12771
7643
939
23619
24274
29388
25050
23022
3948
3443
4299
17327
5290
17267
30174
30328
28811
1118
8628
25204
11355
26336
30868
8672
25653
5690
14861
29212
11207
13298
11229
17154
12373
457
27666
20598
15360
26606
11887
31294
32329
11121
26897
19989
15825
26874
13395
30714
22370
10171
25070
3278
11827
6307
3941
25374
29032
21973
14240
28222
23257
13912
2006
20375
19220
2576
31665
4673
26277
20973
1197
17621
6293
18530
16578
25980
7728
19993
1090
21580
11
3813
15108
16341
7238
29432
25794
16374
9743
12374
12480
4854
15975
4233
31918
12495
2601
