16022
15056
10445
26952
12593
860
32088
13144
1325
21796
29198
7504
23606
18804
22
11406
5058
16190
25776
23323
26693
16756
32272
20785
22692
11446
27244
22522
24045
22573
7508
27035
19269
17847
24386
625
27170
7492
27506
6042
9914
30592
8179
22200
24763
15282
29695
4849
13372
5347
10376
827
20211
16964
26387
13782
9641
18122
17097
23833
7660
15387
20427
22898
4
19629
17607
9385
17704
6444
23241
612
5617
3357
24403
6640
3342
26306
11439
23870
4666
30269
31876
24876
24939
22519
18600
2822
4684
11843
11829
14157
13294
7743
1759
15799
20666
5115
11396
30326
28331
4574
6917
9405
24506
3909
25685
27265
30361
10860
10959
10621
29603
12690
5581
30072
15892
18264
29814
31690
15733
9835
727
1053
26459
18530
1334
28273
21841
29674
11682
21091
30483
30240
32719
9134
13565
2878
10017
32754
5826
14970
29447
2484
16993
10539
28042
29862
26453
10542
16422
10025
27148
1672
23256
5393
25499
22604
4472
14248
18864
22720
9033
18165
21192
2235
24783
6206
27298
8785
25568
17867
19187
7858
3582
1005
3163
21328
16612
18239
17304
27200
1375
8236
32506
14819
5215
28593
14358
16325
30286
22884
3519
17093
11424
5814
23090
24695
6572
3957
31121
2502
6842
23445
21651
13022
2141
4655
889
14921
4355
2506
7492
19287
8650
28122
1829
16324
20885
19846
22581
17557
608
1966
9574
17987
11472
14381
18873
26651
2574
2651
32434
2789
4054
5334
22794
9924
29387
8835
32163
31837
8974
3279
8897
24891
30478
2875
12662
11122
30882
7191
7006
131
2133
27277
14477
2944
19200
21986
16838
24177
5535
32249
15085
757
19293
31001
25023
32301
25073
5871
29889
19413
45
21719
26230
5300
27348
26455
20693
9271
13229
31980
15610
24921
24277
7690
4892
20165
29273
20062
18111
22079
9220
21334
4907
25408
6518
17379
23580
4320
28278
17790
1723
28409
30090
6761
24269
8842
26308
25911
23595
25945
28894
17806
23666
10461
24714
12844
9467
24666
20995
13352
16654
13902
8424
26490
4178
12556
2634
25790
6536
2727
13572
30773
30073
16401
5194
18957
26157
7044
22661
23522
28254
15905
25182
32644
32044
27864
27673
11003
531
9351
23845
19912
32025
14694
31729
2926
24396
1442
29185
32561
20331
27464
22080
27934
9956
11621
12696
1099
15102
25708
12736
5728
18008
4567
32341
26710
1682
5905
25645
127
25162
5012
19176
5575
11082
28238
10439
1081
20735
3658
26818
27333
5934
1676
30420
22080
9442
14653
26266
7596
32681
13832
26652
21434
18175
22467
32491
29069
17419
25938
12140
7873
8585
14792
5747
15020
24584
14288
7955
2787
23125
3148
19125
13056
28215
1083
16232
22947
7516
31200
4216
7863
14996
7457
30018
18167
30525
6957
25158
16560
25854
26977
14462
26056
16313
14189
32495
7935
5050
19634
23165
19573
5173
21743
14339
5997
13807
24605
23715
4432
25147
6551
20571
17397
22056
31358
22233
5919
505
31580
27281
12103
31957
2311
28172
10652
24768
16585
1923
22857
8906
14269
23212
27126
15238
20860
5332
2961
13246
27129
32558
2894
26981
22186
2923
32236
8397
745
3722
24379
13851
11161
7666
19163
759
32268
17086
12870
19592
7716
30552
13328
19871
22457
9033
30830
12594
32571
2383
14070
4365
17817
23472
18853
19652
865
27343
28966
19692
16168
8701
11857
1674
29484
18065
21747
21196
22072
11579
15309
28407
11208
22933
11743
14497
24430
15355
230
31264
28532
413
29987
23362
27331
10962
16990
19007
1539
23472
30251
28907
3076
6873
1900
2608
11613
29335
17175
11196
29523
10284
30265
22519
23036
32099
31035
27704
21924
12395
100
16184
18287
11749
21920
967
9536
10556
24448
17341
22746
3893
6529
1844
6725
1735
24977
31732
18804
29740
16079
12591
2852
12856
1427
15215
11527
30186
31918
21708
5410
4161
26611
19810
16499
592
7158
24578
5336
6037
32531
16168
2604
31367
7090
28205
28339
30574
10186
15038
19128
24951
9636
27277
10100
19976
482
28998
15666
6737
21183
17093
19633
28452
7320
5510
10186
14086
16300
10589
11602
14982
29472
26215
15426
22221
28998
26688
25109
631
14622
18806
18546
5281
2333
17214
9739
579
30510
30054
14021
1473
18935
27275
32537
25788
30557
11404
24250
18478
27722
32062
13944
23222
429
1890
9572
8496
17091
7124
8501
16777
26774
20229
28138
11217
11971
2730
14513
22930
25983
26550
23048
5985
25820
25734
802
3250
17737
19292
23180
30193
344
23823
19472
17614
25797
5121
4058
6872
27827
4944
11481
21069
32056
5713
31336
2352
4124
29754
25902
25245
16606
3102
31554
29274
23032
11551
915
1710
18276
20191
9352
17526
4703
11831
24035
18805
19053
8748
23019
18668
32669
15646
22986
22122
12814
3651
16692
21222
23218
5972
1353
12299
29010
19078
701
32211
5075
9404
32566
30295
12983
14331
23029
31718
26343
14878
12217
15700
21679
27595
30176
29844
16394
27557
20688
29577
13856
18883
10645
29466
28685
28514
18123
22661
21220
11990
27839
25845
12531
4039
18641
854
12361
11161
11293
10344
31350
11820
22874
30994
6546
20166
27137
11002
9857
21837
3762
21330
11380
32698
11989
6133
26035
23498
11133
30386
13723
26870
18833
5863
994
5798
1837
22866
23843
29346
24646
6693
31894
7113
18061
22872
8990
19717
20630
15683
24458
5246
25658
9068
11284
2830
24634
13214
1326
8182
2340
10555
23935
19663
15739
18130
4904
17859
13586
10228
19019
31228
20409
25924
20686
30813
14107
16078
28508
3184
22503
16538
19373
10144
30254
5504
16392
27305
24845
31805
19462
25420
2443
4807
664
21063
196
27614
6475
3460
8520
8932
31947
21137
26558
25070
3750
7504
16077
3611
28755
22256
16956
3621
32627
28955
15703
24373
26454
16753
26773
27644
27585
12598
10873
23039
20719
5447
24502
16690
1237
16979
28310
457
28075
12615
10652
11339
423
18442
17769
12264
3084
6763
26076
17164
17251
14168
1661
14900
5384
22096
16924
16641
18921
31002
15797
10634
26763
21944
14999
17911
30798
7319
5061
76
2545
28424
10909
9346
10584
6644
1719
4316
7309
26826
11536
16504
5126
9405
29288
25637
12326
5165
19688
32116
5
3682
26888
12306
23924
30592
1456
15700
19004
14519
23453
24084
12967
