2235
5127
28348
14658
6260
4737
8608
28640
30710
5664
11153
8674
18355
30175
7854
5046
2543
31810
26494
23454
10357
9786
8252
14259
649
18761
11890
1321
5917
25830
24266
15572
8008
8995
29472
6379
11507
19597
22235
18445
8662
13140
28030
20865
4771
22956
12154
3778
27264
22386
2375
24123
25275
17171
12466
29519
8889
8618
25721
26524
7216
8808
18965
29057
30614
10553
24023
25565
9434
27812
10550
23322
25681
10995
13160
15211
23539
14997
24623
25681
3271
31168
12534
15716
15516
24923
7196
80
10234
16154
28304
25630
4184
23275
27550
3509
31375
2961
7944
27040
12687
32398
5465
21265
24913
14151
28278
11302
24077
2403
32374
19308
27564
4724
28851
25250
6528
30425
8481
17087
1587
26083
8159
8502
8189
10550
4876
17016
13594
17266
27356
11706
26748
25107
7147
19961
24253
9878
21457
9276
14167
2782
23542
28442
9751
25813
7848
27515
16591
19798
618
4771
21836
28235
3983
31084
23431
31762
5128
13522
22559
24102
14715
26549
17159
19195
16789
24027
18044
23337
23712
22581
27195
22477
20056
28259
32496
18476
21754
10617
24049
666
1695
15364
20780
17563
6344
31560
14175
5703
17978
32204
14471
31987
18188
793
7834
16653
3838
2238
9848
19272
17932
12439
23839
23801
12099
23631
23839
10177
29140
8740
79
2157
30823
32490
22973
26906
23217
26963
3051
3741
1353
10861
20280
21794
5047
8044
15516
8210
4302
18602
12440
315
4413
18924
23149
23339
23648
16359
19341
732
5980
3843
6991
9367
9834
3934
29414
28690
14451
14868
5524
20444
12510
15294
14619
12282
25510
4152
17013
6099
22447
2984
15044
6985
858
29883
4236
26409
14167
5170
31008
27845
11194
23966
1626
28895
25425
5479
17551
457
22837
6163
29890
6347
11424
9925
14104
27333
16126
23812
14732
11285
30791
13246
16100
19387
9611
13709
4580
27067
9679
18488
14529
3267
22807
12157
31961
23310
1476
11534
6816
23176
10272
25049
11742
31795
24632
21644
11800
30409
29162
16729
3915
13475
2878
5879
23265
22745
17658
17641
21725
8107
4464
16130
345
7712
3483
23081
7730
9452
26730
26202
25858
19095
21596
10733
10574
24796
14157
8731
9985
22864
3216
11454
5401
23876
11581
32600
20641
7403
29388
3927
13279
6592
26595
20375
28110
28706
31597
26409
28111
25665
27116
17747
14235
13886
20752
14039
13180
398
8584
24696
20157
11168
25368
17083
94
9663
32492
10987
1549
1593
1068
13663
27986
15553
6864
17664
15626
26130
6326
5125
21270
725
27889
16897
19028
5573
21861
800
31950
27921
4753
21677
30258
6913
3499
23256
27267
25053
9458
19383
1293
5899
4672
2954
9118
16759
8158
24131
20979
30520
8093
21062
6513
15984
22562
18541
30998
30067
23682
15695
6574
1580
527
14274
4682
26813
26737
158
20718
14694
18424
1988
31626
26024
31280
6751
23851
13482
28854
20074
13171
11995
3659
18291
28743
10457
5671
14494
17351
30098
9615
18412
643
937
27562
14013
15339
27163
5009
29588
5384
10274
5285
31003
15210
7257
23845
7783
1122
30497
2816
15484
3185
11332
9959
19732
27391
10201
5543
26268
20048
19048
13238
14720
5045
28750
20235
29352
12287
2146
29491
10051
31801
32216
15266
11715
14999
31078
8263
2088
26537
15782
28771
17282
11220
8892
28570
28849
259
30008
18763
6768
24730
15422
19997
23698
3500
10980
12250
138
20333
16603
12161
17201
12266
24146
29078
10180
4855
20247
27837
31788
14697
4351
9863
29315
1158
22921
12940
29651
3514
7870
10170
4129
26252
10075
32748
12202
5327
26162
5566
26988
7965
9422
13472
8936
15745
16726
28458
23847
628
947
12208
21243
4107
19957
14101
19591
11630
11251
32228
19457
20620
1586
11164
30647
28685
31753
6220
25936
12680
10498
3168
10837
18423
22914
12987
22000
5736
29357
28934
14323
27381
4484
6727
6427
26101
9552
12213
18583
24948
2372
9163
8900
27873
24926
21403
30011
12551
16014
10853
25613
20543
19994
9064
13389
5859
6209
7672
8143
4101
4639
14289
5680
21089
1744
8619
3862
6545
7128
8718
20921
32640
29890
14952
21923
27169
14856
8797
8372
353
1843
3422
18024
16730
1091
28285
27741
31945
11857
11903
30735
25538
4979
2099
18918
25250
1504
32515
10612
27974
2645
9161
18167
2682
1463
7140
30246
13236
28153
7818
1578
23811
576
23647
23274
14658
20037
1351
11147
3729
31995
24697
2615
12038
15987
10966
6430
27039
17660
12152
4283
1915
7566
20109
31577
10570
26473
26214
18901
6403
12025
21195
9637
25557
28669
30354
9241
20575
744
880
16097
1315
31111
29710
13776
29496
12005
27743
15840
22848
3692
29746
8565
29338
22092
16387
13798
9945
22817
31767
19001
19828
720
19912
29486
22974
9393
32541
22656
793
19700
2205
26471
15719
11581
28005
3681
5570
21650
7545
26162
18285
16503
21080
27689
7434
2391
6611
12710
29197
11814
798
9433
26736
17221
8744
22220
9897
2214
23848
25252
12761
11056
14456
23076
14406
13669
5287
23410
24587
29506
4810
13342
28174
19814
4882
13664
22835
24439
420
7585
7631
19906
26020
15165
25952
7713
26259
11400
22139
6178
15324
24847
8453
28773
15017
16416
6822
17222
30203
6284
32635
8892
9466
15787
11019
15233
17290
30113
23933
21876
8478
7392
24840
13115
20945
8942
9130
5420
13747
17513
6429
25454
2656
9800
30983
17243
15064
13923
11633
7209
24970
30006
1402
20170
12466
3297
76
9488
13541
22900
17488
15381
9706
18026
5790
28122
14796
9587
26296
32302
11821
25207
17015
3794
31709
14551
17989
7898
26796
19958
23949
6486
27516
21752
26480
14130
5786
8137
5050
14427
31822
16737
3092
14371
16816
9543
15739
8423
21438
16468
22000
751
29356
16058
19057
21141
1915
21317
31017
20906
30669
3040
15332
10261
27640
20314
32453
28605
15193
26730
12091
14250
29419
16881
5937
16999
10775
14464
30853
938
6606
9498
31932
8502
10710
1339
19700
31489
26721
25624
26137
32402
8164
26921
32092
18862
32550
12261
2273
24627
1944
19661
16568
31044
13796
9131
11279
10150
6344
29468
3750
24938
18981
14668
19075
10957
32339
22017
2534
26716
7608
3547
17791
7260
7321
21210
31455
4968
1327
30240
10029
17500
26622
9976
