21343
21163
8605
29874
2146
121
12529
32453
15170
2257
30784
15887
6913
30974
16575
17346
28059
21081
19567
14249
12859
29619
10738
11441
13231
12787
31390
7849
7961
25600
24272
32070
29416
26082
31874
26730
23047
22308
21536
421
18260
6268
22424
30461
25940
19630
30641
10986
11813
24749
7069
7589
16308
24323
14033
31650
16432
4724
28948
30043
26302
15326
5334
17488
31854
24420
14276
332
26989
27851
20889
12265
8829
18212
13623
9046
2723
28588
8182
8280
7455
22512
21308
24719
29601
7989
27726
23291
31930
16150
28261
30143
30353
27503
13061
1316
471
10618
13450
15328
24829
25144
26372
28825
14244
29715
4932
23717
24149
1985
26679
14356
7794
11371
13939
22256
27244
32527
2576
11203
26167
24867
5817
21338
21499
635
10754
3529
14605
17004
6140
18607
20253
11314
22024
7867
5553
4751
14312
28783
6098
3765
796
31268
14852
26214
19563
2895
9340
7514
21440
17154
7566
13793
21047
30134
26725
25801
28280
8263
31734
15490
19268
3136
9782
4992
25677
2393
28555
10721
11595
24638
21121
21072
10060
25234
7103
8745
24651
15412
1593
27869
4357
27073
26535
3737
19720
30810
309
18978
30989
29351
18556
15876
31623
7963
15537
13547
23420
29562
7196
21841
16788
24985
3532
29785
3952
24934
5002
4091
316
23591
22539
13410
3464
23815
11626
20626
30547
10958
20437
15950
18025
12016
16518
313
6640
19913
19700
315
2365
5159
5707
17446
1772
24073
11546
27290
31279
23206
5452
29734
614
4529
18010
3759
6384
19932
31679
29974
1345
4251
27051
8469
22325
29482
10747
21610
23460
6353
30057
15672
16183
5735
32000
14762
21370
29461
30676
32473
10802
9820
14575
9968
31472
14169
24974
27278
1766
24904
910
2411
28410
24904
18465
9791
12313
20829
28357
6623
14798
13499
14455
425
21267
6466
4899
3363
16743
29253
6496
20191
26144
4239
14938
5282
17923
23464
7695
2756
12050
12372
6591
11994
28837
2141
18589
21907
22972
20370
7371
18400
29076
2576
31877
15192
7800
12224
16285
10714
11994
24865
8487
19572
30882
22856
31093
15747
710
16677
21574
1564
27931
18439
14138
6827
2667
9570
11401
2778
24775
26577
26101
26805
1054
13655
3069
11019
32527
24810
3412
3863
15868
31026
657
15711
12384
13454
31272
13789
5218
24152
16537
18269
8362
10602
30951
5670
115
3040
6476
30172
21985
2080
8235
6821
13973
1816
5446
25995
22144
10183
11057
20514
21748
10239
5383
15210
24577
19049
25691
9718
8702
24009
881
3406
11622
18819
8110
32403
23270
17247
6222
6753
19891
4745
17749
4089
4641
988
10952
21408
2674
29535
27676
5186
7659
3856
5103
13403
24110
14049
1014
18968
5827
7681
8503
27321
31480
4444
4216
17721
26091
1893
5879
20529
24805
23827
29531
3834
25577
25641
17131
12817
1165
9915
18174
5824
1801
1006
7858
27131
1422
2559
18657
29321
8665
12679
593
18020
29959
24061
21547
28513
12715
18300
26287
17171
11294
12742
27685
29165
15638
5258
14359
4520
12922
6370
22205
9956
17013
4128
14521
29202
13514
18378
18181
913
13927
24291
29481
23319
2876
108
6065
5715
4685
10027
15582
29393
20486
20139
5532
10013
29391
13700
18612
22315
1505
5340
23107
10230
18008
28974
18795
13928
20105
26699
13896
30074
2965
8350
9253
14236
12607
15795
11248
26455
8186
32251
13036
13105
28998
26057
31142
12497
7741
7073
5930
15203
29801
22962
13430
4414
19673
6305
7215
29892
14708
22408
29331
21642
7309
9535
10671
16058
24247
20186
1490
9141
14042
22386
17985
11260
14470
7465
17964
9552
7304
20328
10721
19224
30651
6763
27712
28164
21537
11264
24687
16112
24626
30091
31695
16651
10356
20302
31790
10040
3916
24807
15934
8372
30484
29466
22597
22777
21101
3793
19735
12003
3799
3425
27458
26386
3455
32271
11400
23951
7767
1235
10642
31410
12652
5724
30178
28483
12917
13651
30730
31711
17063
5348
4635
18333
17617
17531
11873
2546
28580
18635
1101
3026
23122
17941
10675
17432
14172
8103
17462
4904
12708
12451
28416
25043
8138
513
10422
10107
437
8663
23978
7031
31856
32728
25171
5560
18488
29467
29179
25261
17619
19743
1464
3685
10275
7691
6045
27380
31482
3642
9777
22039
22576
28918
3104
539
8691
29828
49
17914
8543
4962
20856
14536
17486
10956
13261
7245
28018
23172
12413
23284
2721
4563
3903
7396
25967
28107
19305
14444
25090
19664
26979
420
8226
15191
16476
15697
12944
7660
3133
15114
24729
15482
23515
23193
9706
4807
12145
164
25766
2622
23373
16013
32182
241
713
12694
17249
16862
16253
23881
31260
21105
18611
1303
23459
14667
12059
18751
20552
8770
193
2801
21131
937
26939
23475
12524
10449
8743
31749
8701
17871
18389
11584
24251
30848
26176
23236
14110
23243
21059
24146
21743
2598
8969
25527
8410
18524
24518
12203
32196
6541
13732
19960
20063
886
18945
27359
30971
20978
31959
23479
23967
1217
12155
6871
29272
19081
25483
15030
31185
11546
17953
5201
2084
21238
31565
13517
18928
31249
15811
20062
16812
4053
9936
12391
28474
2665
12947
2787
5567
26419
21609
259
5043
29340
12201
20248
308
15635
18578
1972
2208
24916
16769
11276
11618
32746
30823
9121
29964
5106
6267
22304
9895
1315
29740
29318
5190
6923
15194
4743
8930
13723
25029
24881
1121
28390
18886
26061
22520
2598
1853
3078
9395
21504
20170
9805
25170
22537
25920
28539
1111
3976
9046
20408
15197
28030
24992
26780
24747
27619
24766
11413
16393
32307
468
1417
13267
3369
25402
20156
18251
24522
13684
9715
21299
5542
23652
22490
18588
5723
12478
27555
7673
6746
30141
4592
4727
12526
22292
31475
15249
26490
808
22483
4318
30210
13692
2898
27182
5356
17772
19886
9174
24584
3359
18372
23880
27343
15543
27003
1511
27112
28106
32608
11289
5617
2838
19342
17053
11131
24688
9681
20511
11350
26366
26379
15625
17936
8614
9174
13213
440
7622
31338
17985
8423
27686
30658
20505
19458
9771
22522
17371
30137
21325
9724
23775
6099
17098
32347
26230
11566
11676
31103
3453
3329
13481
259
28722
2917
3899
5211
24646
788
32175
16570
2867
11376
21617
20530
31951
26055
13096
29726
12321
20693
