15405
28349
8820
27018
24642
31
7339
31246
4737
6725
9940
4099
30866
8324
23040
22282
27425
13866
1105
31880
23183
24676
21332
170
27624
32607
30865
6310
25110
25262
31841
1604
10068
31980
13056
2206
2789
31394
2019
18979
1797
16490
4940
28642
8992
5205
11803
11782
17986
30347
30695
1436
3535
27953
845
3997
31860
18320
7304
31016
5469
7283
24130
5391
14248
2000
2218
9877
19994
27563
20167
18806
10001
14392
3596
6952
2234
32576
9260
2401
21892
22213
22320
27097
21717
20201
966
16209
29691
32524
1500
20436
4965
28213
3949
28733
13331
23219
24987
10489
6475
9476
7167
6158
12942
25077
5693
13404
25034
22539
30683
22051
29137
27682
595
10438
20746
16724
16742
27087
25702
4124
5556
6450
1686
30907
19850
32470
1916
21723
16379
10577
16351
19571
7730
18932
3426
12778
28422
4615
19127
27007
26831
30037
6160
24552
7544
30188
2006
21561
11478
23838
926
30984
28984
1483
32089
12495
23104
7139
16586
27025
27121
29990
31038
23489
2056
26414
16247
12383
8080
16048
17385
21092
15025
15359
26921
28512
4297
14545
25250
27490
15038
23366
11146
19480
402
31270
27156
24375
31543
5738
4839
8221
27045
3583
24784
8374
4139
27590
29875
31132
29442
30943
12744
1410
13608
29479
10755
27602
2155
3327
11988
16021
25540
6736
23057
12180
29671
3788
9009
8380
31256
12662
21690
5063
3392
10596
30204
15641
28992
18371
32000
15848
30853
13085
23740
18848
9181
22487
17288
14982
29833
16894
7638
22939
9363
17475
12573
24003
14690
4163
25366
26150
9355
9228
299
29655
26346
12509
7213
9908
27122
24366
19525
16781
833
5104
28973
14728
22135
6934
17055
21699
2377
23380
17678
7228
32209
30503
30357
9454
1832
32533
18477
29757
19511
6454
14114
916
19658
16883
6856
10061
15590
2574
31338
23761
10845
30179
32643
17408
8351
25069
22576
18387
16083
4235
7654
14911
29735
17668
5216
26461
22116
4041
21724
25545
18117
12283
14727
6728
22793
11821
7478
23725
12487
5227
17238
31741
18690
26491
31782
11217
23037
17762
22820
13564
20816
19755
1476
15214
4156
13283
6248
7000
25660
10984
28557
8593
28124
31588
28482
9017
27086
31508
13023
14492
4155
15950
1779
8024
32343
11074
16254
1987
24120
21120
15969
20871
16616
12474
15890
31631
24249
15819
13460
19239
12760
27897
25255
28254
7973
631
25404
7599
8514
25134
20267
225
10730
15294
18728
23340
11653
14271
1524
17053
3321
2636
9424
26300
20930
3778
27703
10859
28741
20677
16076
5393
1121
9860
23698
24312
15432
16446
17499
7412
25997
20742
18819
20294
20606
13507
12765
22463
32179
14202
28654
6953
18919
25040
19801
20962
3079
28362
6555
19402
22921
20184
12536
11103
25855
23570
28597
23591
10988
9153
25992
18511
24790
26913
23885
4497
23196
17765
3322
20827
23050
2300
469
9261
31915
16915
7397
1090
15326
3163
13222
14196
13100
3596
10497
21594
8409
17962
4730
8883
21689
4103
15788
23303
325
9
10738
2443
8942
32173
19048
6214
29106
16076
9234
17522
4332
2077
7258
805
29040
22268
3008
6448
6615
22633
26829
27207
18712
20820
8008
17251
10073
23576
26541
9317
30980
8005
13019
19708
2076
24994
32269
4296
14290
8050
8971
14016
30291
1271
30882
26577
229
29237
22353
28871
11826
27640
22085
23409
13027
7704
21640
8960
5233
21244
8821
1969
15928
1117
24431
17836
27854
26956
24530
13099
25490
9591
12074
2526
8328
32168
675
24463
612
13710
12225
4610
5348
31424
31569
10783
30563
255
21664
31314
4524
13243
20714
31795
2828
8409
31509
12642
14251
180
19359
2997
28699
32610
23766
8342
1842
11064
12103
11174
21013
11408
4728
9383
30358
10953
1498
27800
29632
656
9721
22049
6319
12638
31222
3378
23974
6722
13623
8680
21339
2017
16733
15024
7317
4027
9334
12718
9721
15024
6004
8544
4129
5826
24799
9342
32751
5660
18374
19749
18721
24404
13051
5941
10021
29421
18560
23032
30766
18976
8508
32004
11911
21211
25842
29794
27688
27915
25204
18415
31879
19735
30740
10755
8368
26540
24668
24913
24984
19136
14079
2574
23726
2001
18958
29270
16052
4974
2927
5579
24781
15865
13964
31871
15319
10667
32328
276
9722
25048
22327
16929
3713
30581
12814
17112
11241
18135
14936
32486
20536
19133
28011
30107
22417
8337
7579
28747
25860
8683
13741
2036
25002
14167
20623
11808
29170
18520
31046
15629
21814
27821
10023
21260
25490
17106
19018
32039
7669
4042
31804
29958
1144
3100
10484
30228
9967
540
17416
28125
9150
8555
24097
3002
2287
11201
11949
29617
19329
24298
26067
6295
18690
16399
23212
375
1888
11319
27056
32312
9980
21005
5998
3961
15104
30948
19329
1472
31731
14584
14271
7124
2186
2295
16307
4199
10433
17600
29774
760
18219
4458
30681
6136
5254
17032
24110
10284
2451
9387
23848
32594
15141
20777
24920
28167
13431
28445
23289
13032
19394
1455
22310
32504
9487
17302
14667
6466
22346
24539
10458
26047
26521
30687
1855
21369
3820
3743
533
30193
32212
4407
5530
19902
4760
1189
4960
1144
13702
16592
326
8148
20359
23753
25767
28688
3830
12368
19921
15762
28338
3738
14265
31180
13170
7761
4077
30562
21337
29405
31433
28047
31691
19170
10222
19141
10622
6153
19184
6803
1748
13316
3151
716
1128
26316
1705
7142
24550
8749
9261
10400
3361
5765
28755
28903
13663
1225
12746
17403
16631
29128
24754
26062
7967
7860
19724
27565
16383
27358
2415
19489
29962
705
28156
9752
11149
66
18324
832
13704
24630
1864
6580
5310
28965
1552
20698
31752
8013
12480
3467
31470
16874
12345
2421
1912
19893
25052
14782
23106
4267
13381
2282
20687
23311
15413
26623
18975
14770
5583
31463
12676
9586
26120
25621
11185
19457
4185
29548
6676
21992
29878
15452
26726
19915
18884
22350
22656
3310
26439
21058
16496
20728
5337
5302
28364
24311
12514
15050
10566
22437
17348
11171
31105
8426
21334
28429
15395
2209
2708
1636
9772
1183
2453
19636
13446
13297
29117
8735
14812
1382
563
26239
32432
10062
22677
1869
10152
9344
10731
9410
22057
21154
2010
4667
14119
30116
1563
13794
29756
15502
21547
2955
15095
31612
