2816
12393
13316
3619
20388
24432
10064
19801
30705
8450
28281
8834
3530
24509
28852
8912
12584
23817
17880
12937
29131
29691
32184
32522
28969
889
29103
23052
24747
17311
21628
23078
12312
2658
29776
25747
81
17267
25382
1078
11840
8038
31059
12763
2571
15892
26206
29120
3725
22590
17425
27220
11526
11379
24528
22590
273
13107
11818
929
215
24148
7342
6814
32131
26533
13824
5403
2038
29394
19500
1475
3515
1671
7481
31822
16957
8408
9730
23811
10295
27361
5953
20859
20333
20393
8429
13991
6810
31309
1990
11285
8617
32602
14638
10350
1063
13690
20794
14148
16377
339
18185
17418
24650
6316
13140
5732
6344
209
25927
25506
8464
19513
14735
6534
25702
23399
26549
17998
22954
9486
14762
16878
6023
18808
24995
31902
30958
29992
25126
5780
26051
22207
15461
9491
5078
11292
22732
18596
21524
10951
24022
30884
16383
18320
26916
10238
23387
8563
24272
10042
32298
5055
17151
26551
6875
13176
20917
1076
13503
15353
18670
12949
6844
11997
6378
740
14917
11040
28360
3991
7817
16258
19798
785
28651
15404
10280
5739
1971
18326
13543
28019
27651
15016
26348
29685
18444
2080
18701
8250
13441
13107
10679
16079
25676
6519
19774
11143
2433
5120
6768
7107
1680
13257
30064
24049
16318
7510
15554
12883
8406
18328
7330
8450
11035
8721
11418
28978
8066
26169
2899
9655
6430
6175
27820
8905
11228
31315
19977
24836
23408
30980
17645
20914
32399
20582
7116
22605
25183
29270
12570
32064
16940
28481
19624
15854
26460
26178
24368
7669
1445
16522
24623
23988
10109
15365
15858
31243
16082
2363
5108
22881
11772
116
7015
18924
23792
12831
2577
13612
11958
22132
21337
11449
27421
24665
32674
13375
28845
14210
3543
27847
17117
24029
4935
1336
18566
1069
3508
5149
20120
20980
7078
16040
8972
25751
3845
20727
23577
18877
3559
11159
8107
30968
13735
10823
32529
4263
29751
26622
15093
23067
2999
1071
914
22776
29766
19787
2337
27102
4120
29832
28820
13385
26056
12001
135
29622
21744
26461
6772
23560
30968
26261
21542
7465
11819
4976
17776
18932
27920
12594
24094
9811
28663
16053
22572
8356
22226
23285
6710
31330
15686
21203
7728
25601
30466
15378
12375
4121
26192
16806
6759
455
8425
1326
3855
6737
22286
14783
27042
10760
12500
23523
5647
2163
5568
10977
13587
30633
4755
18239
20653
22271
20839
6790
13523
26851
22523
27717
16483
12296
76
18520
16988
10180
24421
6762
14158
23478
3703
8889
31503
8875
2604
10265
17072
194
7225
2876
29359
29903
819
7984
9582
13566
19619
27433
30180
7865
5468
14721
25235
24011
9228
6141
23738
3781
4626
11602
22475
24736
30351
2024
27935
31141
18368
18909
26601
9098
26251
22093
19817
734
2135
25553
13666
23975
29473
6213
1741
13641
16332
4559
27855
14249
5817
284
6121
19347
6808
14573
8047
15449
30078
22227
5947
18621
15415
26934
11682
6417
7133
13980
26023
24733
1449
2600
16751
11841
19722
10593
28917
12380
27636
22326
22783
28652
24955
2110
1617
18166
24224
11332
24864
5672
13675
12546
13513
32189
15930
8749
24515
7585
10072
2738
16338
8405
25297
31552
11902
6166
9861
23046
8644
26553
12924
24510
17675
19674
20857
26090
7770
15797
18386
27229
5063
10580
9342
27646
25907
23147
10352
1225
28212
384
14371
25878
17491
10830
2935
5150
1400
8300
4027
6587
27298
1834
12299
30063
29403
10428
30684
1704
14956
16538
17365
19010
21069
17702
29921
4430
11231
29839
22914
5394
27869
10486
16744
3152
16272
14288
28482
9676
29507
24716
23764
3080
247
3701
1353
22098
18520
29145
10699
2816
6383
13419
17490
5883
23448
19686
7353
24186
28727
13811
13335
19216
5031
3149
31308
31465
25075
22563
474
30033
18633
1470
9719
2165
32299
20835
22240
13422
20328
10875
111
18299
23627
20977
16112
3982
4754
14300
22065
17675
32161
23646
7896
4812
15992
14283
24057
24424
16355
28174
15080
15285
31472
20809
18252
6795
24486
30652
19829
13771
13812
26856
22768
17568
2792
9716
11608
26373
32290
4431
8046
27272
903
31127
1132
19533
27962
19386
11159
7253
20936
12379
5652
9728
8866
6263
24828
465
1745
32072
5555
29810
19941
22377
21621
16120
3886
4412
3377
17511
18735
30857
15003
10361
5456
29543
21373
19355
17363
31840
26189
18489
29705
10704
4869
21819
31942
17550
22319
12752
14610
12750
24639
32362
3361
13382
22566
9994
14214
18576
24612
17085
17059
8400
11742
3174
10852
918
32432
22719
2605
4614
21828
11675
26384
14646
13668
24174
27204
21207
21004
21006
8146
14616
25028
21947
3474
20935
3372
8542
13910
21689
11225
28942
23909
20845
17247
22488
7723
14316
31919
12224
11310
26867
932
19203
20292
4436
1240
19103
28676
21658
15804
15893
18554
2796
21224
28782
3359
5684
24751
1660
8711
4736
31223
21090
12381
26024
2375
87
12301
29233
18466
166
14784
29041
16532
21241
13581
14580
3338
5848
14061
28447
19047
1389
9328
29459
28755
14474
28079
31700
982
25325
29954
12971
22567
24002
30323
19656
20926
12137
882
26668
24496
28538
26314
12230
7996
11270
1235
2780
23969
13344
3049
23469
27699
27548
2334
4437
31406
3095
13612
4336
27594
30520
3502
14850
22544
32308
3727
2583
13035
17048
8130
9126
17922
5187
2867
15419
30405
28849
3838
13781
2630
1920
24544
26509
23371
26668
12266
22905
13985
15646
3453
30672
20915
14309
11890
335
3931
4803
31641
13531
1783
19307
28773
615
448
31497
8933
17176
25175
28547
2038
15527
10913
27134
18360
29704
5077
9893
13886
4937
27859
4517
17546
26300
12984
19836
32184
13656
6063
28276
25721
30813
27658
3946
17603
13879
7569
9172
19911
1189
16665
11011
2084
30234
23129
10405
31834
30308
22010
1677
7553
23179
27117
17335
19515
10236
20481
5254
1511
22246
3765
22609
5143
5093
17482
2078
20548
17630
10269
685
20417
21802
13876
22969
3054
3318
14615
1146
23214
30697
9697
7022
19227
7944
32406
345
14968
6615
11959
7563
13670
15041
5652
2913
31067
23226
13794
25358
10833
2083
13325
32667
4283
7406
10448
26157
29629
2
27266
12935
25500
5601
19379
11471
2164
9352
32631
27797
