18729
11927
6146
11537
24223
2481
21365
13996
10030
13350
11000
451
20048
11727
22537
30375
7325
22586
17427
28392
1018
8711
5699
23507
15373
402
21399
13881
756
723
17720
7026
22070
27778
6409
15266
14329
16510
28800
32059
21622
7023
20917
31171
7083
14250
11960
14296
9039
5974
30504
18033
25867
6605
26625
7526
11495
69
3510
26419
19459
9648
11392
6137
25479
28129
757
30149
23516
12271
6876
30229
23581
8158
7232
5272
21960
31612
22211
1846
30906
32394
30005
29520
9050
25116
3941
2121
8980
27459
3639
9029
22793
19688
5623
24624
5892
24827
27373
15363
18608
31950
1074
11330
15625
25787
16578
20425
9233
8973
29393
7369
5316
17950
13667
12302
12109
18876
16407
8579
12154
12241
11587
503
878
3139
26182
26145
14998
2074
10778
8930
24798
8161
25129
7883
6692
8526
14690
23775
4588
11301
10635
9370
4950
14937
29401
27442
23886
29556
12734
25116
1795
20282
1794
20178
2202
19337
1557
4052
15395
14724
23972
29420
27340
26097
28266
16567
14932
8414
17481
8545
3779
26763
9625
16048
13401
15236
11456
18244
26052
22030
8194
14109
662
24260
31643
2397
2549
18050
25099
14159
11668
24450
26290
10409
4323
28613
26268
30990
2179
17077
25502
14039
28157
32264
5538
32531
23475
15847
9791
6860
25879
15440
19085
397
7962
1977
12087
25888
3304
3318
27345
10908
17618
30812
27244
29856
24971
12839
3176
8921
5016
31257
23946
27338
26370
26212
11342
28108
4430
18890
26239
28755
23470
17667
29956
5748
32121
1887
2557
18852
31449
684
5391
11203
23492
5722
20987
15193
20269
30173
9590
3359
3707
20051
15413
16065
5434
28519
8263
1762
272
31605
14503
1632
11763
25327
26386
16090
25242
12031
14358
21104
8497
24429
22892
28874
28753
24516
19079
5468
12335
22448
31597
31464
20500
23211
19910
26692
30733
15064
11314
14941
31459
815
11232
20348
9293
23771
27741
14280
14181
25568
10665
20237
12633
12033
13456
9147
9315
3809
17719
20274
16123
18536
23542
9020
21323
20072
9317
20699
29411
16001
3770
27718
29358
9538
4946
29230
27428
19856
21645
12869
2242
8012
4831
17153
16567
20784
10020
25245
15841
29178
30516
26978
6647
3277
6328
12580
14088
27860
5692
5647
19748
17448
2693
29860
89
14836
1572
18686
4833
9175
29515
21338
1945
28297
27616
26070
18613
31170
13776
16249
9906
27479
22950
6260
17293
15782
1884
17319
15923
3381
15728
2407
12856
27030
26171
8063
24523
11662
24447
25204
4074
8822
8255
13326
2258
29408
28883
8979
9914
12414
26939
16470
27840
28992
10676
17648
8740
18365
393
28110
20404
6868
30764
12396
12679
8339
27781
11487
28910
87
16010
281
15016
24629
14096
24937
1365
24985
8672
6721
7213
20781
19982
24380
16882
3581
26758
2911
35
27608
25832
13984
30323
5369
26774
17572
15994
12007
27659
20685
14249
18073
1646
7028
20355
18398
5990
23667
6666
1020
17201
7911
20088
2967
29936
2612
31792
24533
23365
15433
3060
16064
4896
6437
24920
3820
29910
13209
12407
11865
14196
13136
23524
10394
24146
23566
28388
6199
9451
6709
2010
14161
23787
14477
18178
25476
29322
9028
5474
6418
2841
23604
22526
10557
29146
1125
25420
12276
18197
7891
17127
3250
9576
28785
10631
25252
12639
8557
7473
25610
18245
950
13227
27871
15161
8892
29491
12476
24452
119
11120
32762
17705
9130
23209
26647
27326
23401
29493
13146
19835
23513
5427
3002
4241
6199
4219
17661
11964
32283
17108
4637
27164
30206
9831
10735
28225
19706
9331
7942
22661
27602
67
28374
6814
32562
28253
3093
27507
30008
11261
26727
14895
29746
10945
16697
22420
11946
9382
13293
18835
14496
11315
23864
32025
16918
3316
1993
18987
23250
4138
11820
32309
9055
31169
21485
24735
3925
20866
31232
26018
7386
19594
12896
858
9577
27387
5879
23836
11218
7665
10174
14601
19330
2488
21541
29667
11525
14396
13237
26400
9161
20416
12788
30013
22821
8659
12681
12373
10393
9856
27296
20210
4440
14278
2192
25379
24835
8520
19131
1999
31672
22596
11446
30792
25931
28617
22955
17955
28627
7461
28411
8520
13161
24733
21031
26181
13100
9826
7664
26344
21385
29632
27325
8460
1465
29847
30270
22451
19594
32015
28239
16981
32355
21384
25375
18040
26754
22224
9361
28545
14217
21657
3810
6346
18745
9258
2701
32244
19325
22868
17259
9599
19626
9128
23327
22935
8453
11751
6833
9009
16774
4538
26489
31575
2011
13219
32575
9920
27568
6964
16288
28580
9518
7039
31923
12750
22721
24525
10989
27891
12319
12435
24642
20802
1158
1185
28813
31292
32324
12957
10546
19398
19837
22192
28674
9597
24617
16511
18783
24649
14684
32093
2464
18997
19914
21182
13751
5246
2442
15599
22288
26601
25370
17925
18109
4954
8100
18708
13265
2211
11391
30113
26889
7066
12793
10073
5554
14190
17236
26115
7622
32315
20494
8627
13657
1755
14950
32576
19251
11520
14107
18681
1727
10111
23159
22420
23844
22767
30348
1895
433
3699
11966
3547
13694
8404
25729
17181
14928
11219
24932
13334
27838
20413
25167
4254
18834
12607
26632
18924
25202
11132
28924
30033
1472
26717
61
18215
7614
21288
5575
14852
2806
6485
31751
13875
32217
11677
3742
19812
5030
339
24162
24226
14989
26615
22181
13958
8469
22793
18363
32682
13499
1051
31414
5985
29659
27434
12916
6821
5844
30510
15836
16209
21608
15088
32612
19857
17761
22556
3542
19862
11130
14999
21077
15758
8060
7698
18331
25555
27304
4576
16004
4450
3925
28420
19408
26768
17626
29839
17188
31736
27310
32297
25427
22968
14030
2285
6108
22237
9055
31354
29620
12059
24469
24134
18757
19650
18387
3382
950
19693
10516
29548
9581
5116
21385
26721
4050
1605
16515
19763
30806
14599
20372
25920
11957
12191
24305
7411
6263
30975
17179
13022
1469
16731
25023
30473
17210
11301
29658
5258
3456
2620
13088
6486
18813
16481
30367
12375
9797
29162
672
16831
3090
17338
4046
28059
31880
19312
19866
5291
18494
32479
25565
25457
15739
14271
14271
5000
13373
8097
30681
22327
7040
6185
13206
9030
27580
29559
479
19216
8880
4326
31479
8922
11358
12793
2467
7267
23895
7058
22415
4540
25144
