30719
26012
27223
2525
7894
20285
21056
9730
2064
11991
25819
20533
163
2006
6387
24812
2240
31993
23645
19575
18950
15795
23502
7046
15861
25298
31984
19692
6309
32350
16052
1186
19384
25284
29673
11279
13709
25907
3086
26502
20662
8007
24164
1297
30637
29669
11080
18541
4290
23398
18368
14421
13912
15095
10068
20740
12113
19263
14367
16373
19399
21059
17701
3309
31229
13447
21223
21563
10133
8566
10805
30270
17155
24324
1348
24617
28993
30866
4864
20995
19396
21778
17571
17906
15024
30827
6535
23736
16200
29727
23864
29566
17064
19243
3022
18129
15542
19759
20602
18154
18262
11470
21086
306
29149
21848
17314
17157
26825
17318
26308
22966
17839
26182
32303
5076
7028
18649
23056
26540
4800
3768
30821
25359
10928
222
27478
18518
29131
13058
31177
31906
19256
1027
11825
11113
5166
32137
18342
17198
15787
22250
16699
12175
11881
8010
25484
29829
270
21255
5270
3816
29346
24660
22988
15921
5447
24355
16487
7044
6948
73
8189
8686
19875
30684
27477
3051
1244
26336
890
10795
13137
2083
16654
6037
23003
9318
10209
28301
30692
4541
30914
25458
19415
16953
5525
26731
30677
9667
27558
15972
24234
25419
22589
5971
19711
11555
15219
11712
17104
13477
11587
30084
28961
284
2276
18897
16365
11746
16982
15474
28768
21445
14908
27220
12102
8623
1001
31046
11202
26759
20925
8957
1603
7762
31666
29019
11188
7326
21554
4081
28915
7712
16172
22210
645
16284
16230
29257
31880
2053
28181
19646
16104
15334
4267
7318
20950
0
16624
15433
28278
3892
23380
12119
32728
1956
10115
30861
12330
4886
28475
9604
22060
28313
30554
13164
22244
5482
3900
12551
20370
4888
10819
16888
7142
16615
14263
26430
3185
29298
11473
12540
24922
21909
29970
15739
23890
2442
15577
10609
1225
12626
18997
21892
23906
1367
22520
9482
16805
10319
9997
6675
7413
17251
14859
29353
9153
11665
28425
11094
23550
8783
27573
2791
2516
19313
4000
7024
21655
8780
24796
13456
14330
27676
9929
31478
5503
21923
10028
31012
31282
29203
14721
13683
27799
8494
9363
26968
22241
8364
31305
15845
24932
19677
26051
12691
20813
21647
8101
2878
16273
25650
31923
32369
15395
3130
19103
25828
12650
26309
28446
12611
7154
16510
32065
32561
27234
18625
13571
25741
6574
3328
8479
26612
24973
17253
18212
16519
1326
10424
7626
17134
7206
30084
15751
8093
26542
11893
32606
22101
2059
21509
32248
750
9805
13655
11509
26453
26172
27235
31364
22225
13456
14676
12081
26250
17760
27438
32767
1867
22237
21428
1719
27783
3136
4233
5247
25754
29953
17301
4782
1618
5194
19626
26079
22446
31915
18024
1861
20965
21519
19038
18494
26282
21487
16497
29738
27311
6597
15746
17533
2408
23492
13643
23315
9745
21958
906
14020
19954
646
4194
22073
8162
29967
5118
31997
19722
26228
15735
20183
5867
19394
16632
13656
28323
2099
4384
17328
6507
4004
18343
3270
32357
3401
325
8071
405
25248
12495
7549
4140
4771
11684
8100
16909
27970
327
23930
13450
3856
14413
19030
622
2365
14970
7418
32065
17860
28199
30059
3015
31717
10982
5377
20938
18646
16233
23738
1305
16566
3744
1491
5073
3010
2082
18586
32731
25547
32718
25982
5046
1512
10418
17512
21623
27752
14124
7758
21774
25866
28238
25861
20170
22385
7303
23894
8992
20434
19328
8021
10920
8688
10053
28910
30056
14410
24741
11969
24661
25490
3803
14128
9239
15970
21614
2997
16653
31019
19285
7289
27793
8814
31839
29219
25469
16174
26066
10734
17901
18341
21842
30719
24647
23606
6405
9205
1401
18083
19445
13249
24194
7040
16822
14520
21300
4071
21832
29414
28728
22382
7998
16038
28242
7766
22304
112
16102
29701
25615
753
16828
14774
24743
31585
2048
26992
5674
10257
18573
18740
13018
15683
26987
24187
16294
5183
17045
13792
6409
20643
32256
21273
28464
28667
14554
23851
4443
30609
18959
23262
2181
13447
21010
4975
17735
16930
30682
26502
25850
19049
30507
13927
21020
13551
25622
9068
17396
14317
18371
20403
24953
32659
31342
23572
2929
24480
24240
18262
4566
17201
25088
31906
22653
20182
26233
9783
12026
26859
31198
6240
24510
7206
32219
26787
14978
2156
9613
1340
7657
21993
27717
24778
17504
24159
27017
1607
22601
190
9820
10557
4954
21238
22464
1591
27967
9737
8824
10102
7559
4196
19474
25062
29885
29295
32037
7761
20693
10595
30936
17105
12491
25692
28067
20619
11142
20399
17242
2458
19970
2685
2663
13130
9390
6792
28758
18567
29715
21062
23960
12437
25783
23860
8320
19969
9793
26221
18834
31191
19933
3451
7421
16149
29666
7533
15718
27232
21683
14889
29671
16886
30947
30724
14680
31204
10396
4496
25805
14457
11841
12213
9055
16122
11346
30724
7472
2711
2704
21831
27561
414
15970
11869
17670
239
29304
32581
277
23984
20910
2168
23354
12097
31027
2172
5559
30066
21994
13238
25130
28404
28944
24192
13143
13326
28704
3451
23592
27025
19443
24614
8178
8206
812
2480
6138
13126
19411
19467
4664
15842
2112
10562
19803
30053
827
16140
13837
606
14177
161
2423
10466
9674
17100
264
21817
32744
20034
27506
24792
10418
27698
22262
9103
20738
8477
12514
9476
13116
2536
32344
608
12849
3888
4688
23624
24387
25309
25824
24847
11209
31738
28604
18218
18869
1220
13305
19428
32628
28416
19734
2643
29461
8850
13628
16010
12462
31308
7877
18704
28667
772
1788
1681
23881
12521
26147
20436
27026
32535
8379
13805
26090
11624
7679
20148
28185
4237
10162
9589
26250
10334
30490
9193
4452
28783
4941
1893
32502
7908
25771
13906
23896
17798
8620
2525
27471
2326
30940
24559
4722
25313
7203
2400
27787
8340
4426
26728
14400
5714
27579
21334
243
14084
21384
3972
32230
1776
32175
30858
27811
7310
31133
10162
27291
9110
30704
12204
4621
5726
28289
16515
24105
8547
15778
18384
6774
25893
15012
24878
24945
2617
17309
10989
28279
23449
16487
21259
18148
23358
13548
28767
32381
1265
18593
31768
6923
13150
26449
32614
23369
23402
24348
18807
25856
4550
8127
16805
7793
3780
32534
10734
14067
9322
9951
26020
8925
23238
4032
6245
3750
9856
11660
12622
3403
28086
12482
