106
13860
32102
31934
5135
4101
4248
17133
7025
24652
4018
3086
10754
16122
31686
14777
11404
28926
9236
17407
18792
6046
10203
1011
4336
28441
19055
1898
4662
24715
19852
20990
10231
27408
17898
12121
4554
10284
7697
31408
11677
28523
15215
32653
25954
23876
31144
22482
9478
16707
28717
27387
27811
14184
13840
29347
21238
28874
6167
10313
3091
28543
29967
85
18519
14784
13410
5718
32671
18505
2796
11918
31927
13311
523
28848
15638
26325
29941
16360
30920
21488
30799
21532
26283
31498
24571
30834
4318
15124
22321
4882
19831
14367
16081
23085
12148
22652
17911
23102
1013
7458
28880
12687
12200
22865
429
9471
132
3445
30806
29188
18362
26957
7073
492
20456
14668
16707
25192
912
17216
18405
10058
22474
22065
30587
6542
20277
4492
15313
22423
10547
10113
28006
19132
4438
7849
7294
5635
25365
22252
4723
25132
21956
21922
32076
10994
9411
7416
31120
29069
2037
4757
28253
30843
4211
14718
28596
27776
15746
17207
6935
7916
24003
15404
8790
13596
4266
22351
30886
28995
31793
7425
22003
30827
2766
310
1143
14774
17826
9428
11404
23274
7923
18013
4798
20012
16604
9678
31781
29964
13379
24519
11506
29890
29708
1003
13639
8119
16524
27274
76
6216
18241
3454
22911
4294
29376
26706
23627
19649
30446
9130
477
18310
28019
4062
16691
9190
5740
13033
30069
18745
4448
28034
32393
20899
8822
31624
20450
11670
22501
21411
24984
8344
9131
10793
14270
31559
15746
6974
29680
13978
24848
16448
9515
21609
15454
13410
18913
10544
8843
19606
14413
29456
22210
1713
24837
25110
873
29641
8142
30144
12699
8674
3763
21437
21721
18634
3929
31733
16124
15938
32397
32201
4206
30046
17951
4764
30874
3375
16627
16786
23201
12959
9557
28823
10831
22939
27021
1700
5453
4472
22195
829
19608
30863
15813
12095
561
4907
759
19160
28439
2470
29514
23767
30066
4558
6240
1830
13073
1933
32399
1172
6166
30922
8500
13272
22000
10378
29002
21459
14986
19803
10811
21782
19394
3826
26869
25764
14109
1811
14657
5113
27065
18865
3408
16971
25731
14423
21399
11023
8361
9414
7902
15807
6227
1760
5267
8923
18318
18884
5475
4654
14728
29755
21516
24146
30211
12371
20076
22902
25348
30281
23774
30559
28363
24236
19399
20653
5640
24512
13164
27488
6732
31265
519
27802
31934
6312
27673
6054
4367
10130
14081
15930
15536
9951
4558
1529
13890
15353
28754
10044
22862
1686
7287
2322
25142
15583
29143
24198
9835
21202
30598
10528
7393
12517
19506
17582
19136
15852
6255
24643
26717
16444
31564
2177
21096
23057
9514
10004
7015
9517
5326
7039
20834
12738
10932
20763
19424
27794
1702
30300
5651
12373
25486
14679
18768
1627
25993
11649
27586
23154
3644
16058
10078
9738
19307
21898
27929
22167
21447
4266
22617
29495
17928
14278
26282
17813
15932
19329
22451
2573
21855
22202
18792
27409
16171
25869
25729
19403
31281
17053
11562
9731
17961
26897
19452
32580
21639
15837
25388
14650
26447
1475
17410
16735
21033
12697
6285
25559
4536
26700
21910
17815
27944
29221
2258
18893
22022
26955
22363
26236
31317
21386
16481
11367
15582
2386
30749
1585
1991
3587
28423
29378
11623
15719
22857
16109
19289
29312
19059
591
25551
2949
14704
25466
8489
28455
185
26451
30663
30488
11976
20408
6683
25550
15056
19814
29442
15749
29099
2330
6740
18051
12052
18423
30649
25247
14102
12072
1983
6148
17348
27334
30506
3379
6955
15356
2188
10311
16773
12905
30741
13181
7088
5317
20907
10995
5598
15560
27965
6064
8845
27207
1365
7141
9658
20897
7149
5234
8273
26969
8580
29612
12265
15108
4721
14686
13998
15206
32374
11278
16286
28120
11928
14209
29433
22252
23854
5249
12018
596
13369
7645
6315
8192
1523
30386
14688
31879
29611
26089
31715
22728
30415
2817
7752
25809
75
20494
27617
25088
8721
15618
21357
12391
30457
4140
11660
19317
15564
16382
18294
31187
21659
18963
1517
13453
7510
29553
13424
2418
23706
24075
21682
31933
10697
6026
586
11765
3936
1356
16044
17425
22149
20909
14680
25824
12512
16006
26705
15272
13484
244
1233
21262
24334
2651
16443
17973
4261
25258
17745
3370
14434
30688
22951
26752
8346
1743
13143
12343
4697
287
22263
2531
17146
5271
4552
18953
16372
14232
25648
1229
19703
24298
28779
4554
26680
16572
16765
1858
26889
18661
32363
28791
27820
8816
23978
17240
1385
31320
27864
22880
24542
24464
170
28604
21143
25670
24870
29356
3038
25705
1554
6187
20948
5481
30636
3538
2241
17214
10139
15866
29609
24235
22054
28705
25376
16580
22436
18575
18014
18350
20019
27448
21142
12454
11181
17893
13444
21316
4056
17807
70
8705
22237
31499
21356
5112
27644
29421
23890
23529
13437
17574
16814
4227
9962
7407
2405
10723
25211
18283
5539
30808
23250
31623
18730
30825
27624
28838
23530
10265
27208
32123
3282
16745
891
18101
9703
32287
707
16610
1683
18630
19980
2445
10303
32502
12063
23466
20772
10453
15641
9013
26973
18910
31259
29717
9793
12001
31044
26694
32753
23883
8412
10551
9517
1960
23762
10353
24940
11110
21865
19322
10539
15324
32302
3833
16517
32395
4397
25882
12292
31907
19044
21300
31671
11721
30584
4778
20612
16407
12199
14607
7104
8548
18430
11149
16637
11718
22476
24967
25123
10070
24918
14973
28099
23347
29388
27440
26535
6090
21372
17927
8110
22612
4422
25266
19159
18847
592
26893
12955
3090
3835
839
28288
22252
22549
15171
23531
24780
3408
18238
18485
12662
2034
2483
258
16596
32207
18555
16078
1851
24692
24377
7625
25328
15526
28917
6373
30443
11787
23815
15149
26330
15142
31543
31576
5225
11657
25378
30110
16833
14917
17120
30666
15694
3750
2275
5009
31430
5405
25890
11042
15719
1662
25975
11262
14208
7019
12614
27658
17202
29200
10336
23778
6264
31762
26919
2417
9317
2241
498
4543
26029
16277
20915
6409
29287
7896
23511
23063
2833
21152
4973
21962
24277
30720
24971
20469
25866
8319
27373
3693
28670
10697
22752
3684
23795
15781
10590
9202
1383
3623
19067
14325
21913
8743
1280
6171
11336
17906
31317
3389
26558
29758
14756
11247
17421
19300
12347
4949
28313
