18949
2583
2495
28573
25139
26062
12568
21594
1255
26419
23460
1734
7347
17123
20123
19978
20393
21494
20680
3477
3090
17886
15584
24089
19811
5522
3602
14295
11628
11757
6879
4637
5587
9040
29228
7181
9665
21135
3733
29343
8155
26379
21509
30698
29812
3099
2947
12191
15360
19889
20815
17622
13772
27706
10542
7437
7917
10181
11522
7277
30071
18024
2461
32592
31727
23007
15831
27905
4354
2167
20446
10178
12150
23851
27854
32276
10850
25356
9858
24882
31130
4070
17321
17631
10862
16928
22044
11361
18580
21988
2927
2254
21346
5504
27589
19590
4928
2316
31465
22529
25438
26957
28571
9163
17314
14810
29992
19404
18149
20093
11070
24525
12638
16348
22525
7480
23390
4953
81
30239
11326
6710
23168
2432
16790
19453
20223
28872
5808
8223
31626
1685
16445
10971
27763
2752
4166
353
59
18331
13925
10552
10591
7287
12340
5853
628
4458
7686
32685
26742
22607
20437
772
3934
24333
7804
28327
17650
22301
25894
8799
21985
22086
12039
22247
18703
29867
27978
19464
25902
3080
18762
8707
13454
31801
26372
25135
31542
6396
11213
31459
21299
9463
23872
12950
25392
32253
11387
22085
25415
24205
395
10006
25623
22683
6948
19258
3095
28051
22165
17943
16169
26524
13308
15271
25715
22554
27318
795
15978
24438
8730
19653
2351
8737
8807
24372
21279
3798
4602
12193
17318
23072
4805
22922
17491
21277
21500
14748
16434
30081
27665
12246
27990
23773
3811
19692
21685
32034
29747
28393
3129
17505
599
4377
22291
2516
4402
21286
8275
28194
22883
31617
949
4319
25533
30979
22718
16210
3319
10197
29704
124
29093
23949
4827
8789
22119
153
9468
11353
24673
12001
26826
23363
12779
14248
3462
2585
16265
27827
20467
11368
28957
3758
17695
15825
25435
22731
18304
19140
23934
28588
14914
30348
20281
14211
5856
8844
27377
21880
30962
6856
12329
24651
7238
27559
31294
1082
305
17655
26452
7717
11047
3633
11152
4592
11658
4094
9352
24617
31424
22267
16631
16106
10632
13241
4278
14849
9358
31753
4327
7759
30781
29046
2163
13422
13012
28946
2232
3735
2748
20598
26235
28098
16153
3076
16164
526
26271
10863
24106
2660
8358
31102
5836
5975
23681
2060
26114
30031
11020
340
28851
487
20101
19819
12840
28819
31901
6926
28353
17030
1742
13982
16102
30163
23790
21097
17985
12242
7685
9259
27434
26309
11100
31701
8803
20155
29142
14220
8966
3509
23939
14581
5819
31496
11123
16304
6702
28162
3528
19746
8641
24528
22031
30072
5758
25759
6609
16872
16207
16386
1380
2106
19057
6292
20743
23432
2854
3806
3119
31298
16298
15227
13083
23924
29545
22649
17070
19788
20847
6659
15998
7895
31520
31293
23849
32523
14121
31856
20200
28426
3254
11111
21094
21925
7910
22297
3026
18975
23675
21896
21042
31796
22487
19176
26363
23898
23332
15620
19423
28487
3282
30174
10983
23475
14406
31125
1217
14687
3792
5004
6491
8790
29918
16073
16049
32627
12144
28059
6627
11555
1484
29824
28298
23916
11123
7237
30796
23343
1619
8047
686
4778
9534
5850
13098
832
31387
6560
14722
32381
12124
5180
23123
22613
8752
6896
2029
27820
26361
15204
32098
7708
23168
4495
4061
12786
7783
9178
10805
11641
4448
19075
9922
6268
6045
9792
31600
18694
18312
27174
27665
7276
20147
31944
14072
16781
8978
13475
28611
30809
21608
13242
31864
27280
4607
9853
26836
460
14492
27119
991
24258
31922
23816
31684
21957
1238
24920
27616
5260
2163
20206
4377
21812
18111
24440
6257
17032
27117
21676
15322
29057
10917
24038
8525
5129
18353
274
12310
18692
9721
2764
20594
11665
11441
18886
18779
5005
12753
6506
12451
346
2757
32705
8512
24286
5478
25236
11239
29646
19754
6097
13788
6956
16535
21807
14856
20494
31486
17173
8268
30626
13925
14009
7957
3183
27077
22405
23344
3805
1910
13246
14816
24312
32743
2151
6446
25457
23698
16483
25217
8677
1839
28379
11118
11362
4392
18655
22737
2088
3918
25168
30749
29100
24010
12797
17136
8675
24662
8460
235
30908
4781
10652
15296
12527
32063
18600
31116
245
25130
18222
29032
19799
13926
7825
28218
20524
15167
31805
21458
23005
19465
10377
31282
3884
13327
21729
21292
18549
8396
5412
3635
30259
1118
2123
11883
11973
31799
29772
18178
18803
4118
22845
20931
10924
23861
16317
21480
9617
452
18064
17712
5816
23703
13193
27954
7209
29980
2989
10993
3757
8079
30357
23216
8265
12657
28948
19976
17413
23094
4890
2615
17137
29758
27864
16571
8810
25094
16165
13856
16282
19360
4897
2838
17470
20576
29976
7110
22700
217
22185
26982
14100
13575
23591
16907
1030
4814
6463
6847
4148
22691
219
20436
26490
16522
3143
16248
20763
3904
23954
29321
9550
9145
24888
18346
7161
6861
13053
21654
30908
23342
18972
29108
14385
7581
12449
9196
8818
17757
18964
22714
26332
7400
27991
10368
9491
19170
21969
4897
1862
4939
12237
27339
20917
14584
17436
24852
2928
4932
1794
27209
9313
11267
3664
27394
15500
31159
13005
25594
28822
2567
24794
4126
20356
12396
23638
10468
24006
3374
31680
17630
18804
143
7835
1167
13271
24133
25367
381
13355
29998
24301
13191
30627
16192
24459
16505
8878
19903
30065
27102
22393
17842
20187
3350
1461
151
9632
27048
26522
9558
17498
8665
20524
19828
26311
10621
11965
2697
31087
5901
27571
24564
31879
2810
651
1229
3606
8513
32030
539
24406
8512
13347
327
6493
24519
30966
24273
29948
1907
3224
21826
2536
15159
2038
21602
6423
18236
6510
22698
22125
21483
15247
22268
30104
20296
18720
4242
32313
129
4708
25397
11076
31174
22429
27055
22953
23644
19663
130
18996
8941
2758
730
15025
26147
4442
21441
6741
20341
16114
1938
23897
11840
24903
16816
13288
25369
17259
6775
10299
5474
23817
8563
26627
26395
1774
20432
15623
6907
22728
32530
30990
24767
5166
14343
22783
15299
16609
28153
9031
14287
24146
31271
1403
24627
20068
27511
30014
11542
23922
32357
6246
23307
2964
20799
30810
24805
31518
10388
1214
30669
10346
22506
10579
27025
20184
8879
31512
6463
7954
10610
16566
31219
10901
14163
23066
26605
10349
952
19300
6118
30527
