15426
28416
4260
141
27392
4882
25293
24886
3298
1560
4857
31548
27760
22219
27146
21706
5307
19269
8128
26742
28820
21353
5000
19139
27133
31360
1941
18666
7645
7200
4658
25818
30712
24658
14679
21117
19229
17139
27770
23101
14753
10843
20647
17607
525
20797
4819
13326
1044
1998
13422
3475
4552
4138
1591
23013
24845
6643
17748
15715
12621
8507
3746
28233
31085
13476
7242
19435
12800
26309
405
31547
4027
28368
22785
11409
16937
15474
6292
28332
2720
763
112
13044
16244
32703
22440
26369
3946
32700
27474
18273
6512
26749
989
20374
11403
18494
17573
27487
17424
12624
10693
19769
5143
25791
6188
3620
14893
4147
13300
31402
26185
8980
28911
12574
4098
32497
4482
29986
3070
1827
1974
23659
5550
21421
27788
14537
8504
2919
401
25441
2485
10588
28851
19773
28573
12656
15955
30984
23423
6214
8603
16914
30966
25184
14098
5275
32216
16008
16749
31565
4528
8047
27817
9738
18799
6293
18262
19944
2910
616
26166
6778
28503
10672
26118
27730
28469
3626
16284
12483
31625
29811
8754
8940
18575
20264
18434
7665
26464
17228
30995
25740
32616
19434
12370
453
15387
16635
5860
9981
17124
17801
18875
11057
17758
24853
7527
3965
967
18487
21551
11487
21426
6276
31329
28478
32507
2996
23782
16811
3840
26117
19993
4070
22542
9178
11482
292
22810
10920
25053
20495
17330
274
18248
25615
16435
21075
11902
4040
16955
16605
30773
6372
353
19519
29391
27922
27172
20044
29415
10318
6946
21370
23082
20580
17035
21128
104
27055
28628
1892
13034
18727
11696
30027
15879
18331
30780
21554
13554
14906
25465
28005
27606
21592
1536
11118
22565
22127
31729
24888
19245
11876
5677
3188
15084
27916
2501
5948
3365
13551
13234
23798
6323
1612
17606
30332
20766
3165
27106
4474
20588
20443
17514
22295
13113
29381
18166
9687
31498
22878
19018
8895
27359
25717
28297
26043
4615
8424
7333
17726
31032
4203
15386
1320
9695
28550
28892
27884
26549
7389
30093
2290
9363
1460
26100
6970
5767
15282
3499
32579
12327
6117
3863
1323
6949
3847
30365
2071
1316
6912
3603
17365
11978
23979
1141
11712
28951
24797
15834
21732
11509
6052
24486
3427
22800
1228
27904
27416
8679
10920
1927
20345
20516
10255
10304
3778
26920
9892
25811
28752
15851
32346
5368
3658
23555
12856
27692
22663
5378
10842
23464
16044
4101
20281
20627
17813
6538
27180
8823
3063
9602
28462
17906
579
14248
5089
6062
22989
9744
22483
21394
28461
27139
25088
3130
13285
29450
22425
13989
23365
12361
4100
7726
20108
17422
18980
21694
11344
5546
18138
29503
22304
13696
27852
15956
22375
18267
22885
839
5267
26373
797
16707
10615
15125
20730
29379
22510
10760
19286
2890
24514
26003
18916
32085
15564
16440
17134
23693
4188
280
8160
28738
14811
10760
15114
18965
25262
25574
27298
13556
350
1326
15624
4172
6134
26312
19022
27513
12717
31524
16120
30082
25541
23433
1024
5379
21939
16298
10270
15466
5248
4987
28230
20070
13679
8002
9585
9885
3040
30193
11680
6814
30324
7603
19998
1814
1906
9925
16646
15686
3178
9351
6150
25780
14616
15571
24162
9505
31114
16781
7228
11452
12165
2171
7954
26261
24358
30039
11144
30036
3781
27171
31848
17963
24094
4541
13031
20489
6323
14515
7210
21265
18284
10328
28680
11338
1409
14360
27922
4504
7321
2312
30160
18923
11316
8129
4942
13750
24646
20591
215
15267
31524
12581
9473
28037
13988
1652
7146
31117
16512
24123
14016
15298
22012
19648
5255
939
17097
0
14358
25166
18216
7492
16227
5215
10579
7413
8193
23729
30232
6321
3303
25328
13511
16286
26995
27282
4686
25855
28079
30219
18339
23813
24530
10816
16226
7143
1802
1599
16056
19253
15224
17197
5503
18793
14204
28799
6570
18367
3636
8302
29156
31302
27455
14500
29556
3639
32711
15164
5988
23174
16574
7145
19170
32440
23143
30069
7910
25588
32025
13166
6933
21596
26432
1052
14310
7326
20644
9909
17411
27589
6894
27092
14578
25942
27496
28200
17140
6552
4612
361
45
22579
24992
9617
15110
4348
23944
6216
9168
14096
24636
28320
19882
23072
8052
6402
29348
27147
12642
25449
17188
22706
30519
17869
17545
3592
4328
6371
783
25192
15922
771
6898
4908
20700
12649
23767
25979
5180
12705
4455
27490
19964
32573
8253
7974
15390
6601
7682
18649
13374
14081
1494
25132
18455
25921
8690
27780
4937
12860
26508
27984
5722
10737
18939
1177
17146
16859
18716
20954
7563
1128
16116
6931
6112
4269
12439
27161
2373
16984
9800
5168
26560
5606
20193
24539
9879
7446
29302
15603
24082
6045
30773
17143
8322
1051
912
27043
8322
15694
27807
12228
3197
30597
6079
9290
17265
12888
28800
1439
18162
29335
3006
27447
3697
22656
13581
11625
8126
26165
27483
32637
4300
2669
4304
28678
22197
17257
20985
17266
1533
28202
2086
23775
26651
5601
6928
10544
2613
22439
9663
16480
10540
11886
25259
12567
7896
15159
8994
10875
13461
23942
21993
30793
32510
12307
24870
1316
9976
15811
21373
22317
17395
726
12410
15059
11116
3682
23599
4077
22966
22528
27166
27910
22523
7621
21337
3319
17278
24180
22503
15036
23074
17393
3946
12160
12336
4601
27903
5882
29525
27921
14950
11772
24298
3516
20067
12105
17784
13297
611
680
21372
28364
11107
25142
28519
3204
6670
27136
23273
18077
26149
17873
31087
32351
2340
29001
24555
7558
3107
15919
4563
28475
19706
5384
3948
1347
7848
9193
6472
32119
18678
28553
19725
15220
11095
31386
32633
27283
1811
30554
30627
23580
13476
14181
28548
5558
18528
19917
32181
9250
27225
5996
19578
1577
25986
7545
16896
17363
12819
1626
32227
1498
32558
2233
20467
16734
32706
5338
3128
19418
32432
10284
24628
27479
32300
32542
3431
14048
26214
6451
11545
23349
1898
17241
24915
6084
29253
7287
5935
2004
28010
18501
15953
3076
2132
17504
6582
26612
4716
5022
3501
26690
31020
13214
3874
9400
20869
4260
6178
12995
4222
27556
17820
23591
14111
26269
613
11762
30093
11049
25471
29614
2422
24401
6555
29403
23471
23717
7132
31389
8476
23949
28638
7089
721
5338
13047
7333
4470
25504
18621
