15783
25609
24417
15955
6460
8499
32615
496
25750
30926
22232
16148
18433
20041
26231
12875
4457
27949
27575
771
27410
13568
27929
28307
27273
15465
24756
9340
3034
12181
8469
14318
27907
28120
9290
19086
23977
10904
10554
21622
5898
5479
20280
11645
12339
19823
19415
15289
8818
9235
13055
27459
29199
29395
1344
21306
20279
2160
30823
11275
17209
29009
11855
31471
15861
7974
19962
5813
6032
13259
13024
27073
23149
29551
9863
5461
26969
8693
22612
23055
22022
20378
1953
27059
31675
22745
5136
1579
12873
7564
26654
4556
11585
13139
29179
29915
23396
5945
7833
31824
23131
8853
2818
5593
21161
18223
24560
3362
20445
22180
2967
11860
26892
22796
19910
29148
19838
14041
18990
5485
2472
14850
5377
17992
6234
10850
28096
16571
5178
2395
7246
2279
7537
12478
9288
8391
18340
22767
17049
24430
9254
19012
26952
19856
15468
15791
11669
11076
4289
12445
23621
776
28474
12317
10298
28166
14061
24389
10054
28054
23390
15569
4417
32259
15418
27662
30041
18066
9544
1271
22954
2752
2716
12189
30991
16588
21774
3788
4919
29045
21226
15851
763
17669
8425
26148
3822
24974
8032
11973
10294
32372
18360
3302
2971
20779
30238
13901
30942
14146
31611
15246
29772
16801
2983
3446
18066
1295
23514
29098
11987
21495
1379
10892
31480
17771
156
22110
31304
11625
19485
18858
32312
27229
5168
26849
23940
11240
28293
17730
11646
5856
32295
253
9638
27288
5039
16025
24956
2913
7608
8083
29842
5712
32146
5704
1253
25154
5179
3860
24429
4638
7050
13500
15091
7258
8110
21513
7459
27585
11479
8886
5602
32115
1331
28045
17634
8237
29468
29132
23923
14538
2960
26061
7324
12298
29921
29926
25962
28051
1453
12943
30600
1077
20497
18626
29712
29554
27930
26024
9377
8766
7292
11377
14514
30467
3207
11651
27941
12520
24150
10712
21023
26195
14922
9633
8984
19628
2231
3632
25902
11621
8924
30484
16319
11319
4121
12934
17206
17070
9052
18692
4645
5351
3293
5179
8341
921
13323
298
32154
8018
28101
15749
23338
24835
25294
21591
18478
19391
14971
32236
20698
23488
23983
9966
31034
26283
26121
29390
17934
20756
3420
15717
18392
15685
12640
24540
23603
5947
16295
15561
6502
8690
7634
22426
6201
27107
25092
31543
4104
16586
28567
13283
30997
9900
19470
8291
10530
17433
16459
24163
7744
22959
6659
5653
27618
18655
8558
26907
32309
6644
5955
18599
10164
9040
20195
30433
11511
13817
14548
14217
17099
29525
29042
29661
12936
12338
10209
21949
6303
2313
28998
7693
29043
2948
23607
14939
26730
6461
22640
24001
7491
26569
18119
8461
21418
16885
17762
28192
16649
28239
3111
14996
27810
24297
28020
21922
21979
3673
20240
19778
21720
11780
12130
11923
26959
2461
2785
9598
27544
17384
13772
16278
21508
20676
32283
22083
3184
20584
10677
25632
26
12269
9443
18849
23987
13069
29957
17657
16309
19242
17284
8507
12022
24465
5383
24767
13182
27393
234
26311
26517
4711
31980
25698
16673
6380
4391
3217
1327
21809
2118
21417
6608
3033
28658
15864
10790
21321
32141
427
20670
25771
11043
32751
15392
32313
8349
22871
421
15032
15672
8574
4745
578
21814
30189
1857
30793
30676
31807
13583
2777
20859
2947
16851
1821
32314
1249
10788
22309
24692
8065
28063
19686
20438
11176
21887
7811
13452
4388
2415
30667
25269
3307
26268
17666
18964
29183
19725
6884
19976
29076
22327
24551
22974
11893
12236
6849
1189
8100
31189
2602
23330
1600
32512
27107
8070
31404
6203
2295
5949
21742
1153
5441
14407
29781
8692
16430
19181
10847
15661
8388
21420
19673
27344
30435
22902
13128
8035
13259
23578
9096
31072
27615
3840
29107
29064
5545
11289
22341
25979
14877
29462
17789
12422
31266
10456
14086
18108
3406
11048
17622
1608
7665
27817
599
13057
9814
27914
25796
20543
13125
384
14806
19693
12236
372
29089
13792
7744
11129
16312
25191
25214
22144
22424
20260
374
17231
18500
6938
31211
8751
15148
23302
6772
8421
6739
14067
30919
5348
25009
1545
28214
5569
8151
23718
15738
7143
27089
16560
17840
30604
18000
30761
26273
13284
21513
9731
31302
14996
12120
10550
1932
19305
23337
29201
4692
7242
12568
16845
11454
13675
7383
2152
11687
24004
9936
21681
12400
11202
4620
2719
16897
3644
4436
21478
24334
25000
22422
32460
10137
25999
1930
16185
27577
9790
18068
1550
30105
11967
30445
25272
13507
5895
23806
8965
11935
17009
13324
9526
22582
25195
30234
4181
15676
4463
23307
26313
6222
6710
21256
10023
16504
16168
33
28491
4090
5654
29495
21928
10316
19499
12313
27868
14175
26144
15597
9607
8742
20656
16594
606
14421
21836
30147
21115
21865
18191
29118
26103
4840
31732
2854
28859
28650
26183
23655
3987
4568
25177
10968
9093
628
3192
13541
30560
3865
13086
11117
25495
11588
14697
23145
25680
2132
32203
17615
21945
7310
6403
14262
19099
868
2380
6330
12593
21751
7636
29602
14906
17114
13935
2880
13901
20505
11149
29081
23917
19066
29290
27462
13533
26882
20868
8730
1845
13243
14674
27397
8886
6325
5427
9016
20955
21067
10405
26762
16944
679
19639
12571
19815
10377
8641
1591
22697
20803
2386
26237
15914
11273
31850
4928
29952
25191
4585
19757
27445
23059
18760
17454
17947
17381
28039
16015
31967
7204
9318
15200
353
3
32216
5146
27459
31851
6069
24965
22849
14843
10671
10200
31936
10830
3463
3618
937
6780
6017
9450
21623
20195
21269
18
20623
3111
30695
10242
4304
12663
11001
9730
20588
18450
24607
12262
31222
11274
28596
14065
2748
12872
13452
24052
16470
28625
17961
6838
17535
1608
9010
1688
19236
6579
24608
8825
22203
21378
11835
4568
5846
5837
20165
4408
5368
18909
18037
11209
9127
22766
25895
29764
17346
22067
30161
17687
29717
23323
10937
19394
7979
3795
6629
25473
7011
30220
24019
811
28998
28670
11883
16986
23576
1196
1586
14796
14509
26730
10176
17161
22143
22685
6004
23366
24317
13763
23910
11658
18213
32435
9117
2063
32596
4389
1155
16619
21853
21364
7573
19951
15577
11171
14943
5072
29119
26527
11176
12420
10549
31427
7914
17647
17573
13473
2565
447
15122
21760
