32563
31637
11437
8481
32063
2661
21667
24135
4082
14367
19770
21877
21711
655
23068
17530
14336
29826
11506
24619
32143
23082
22581
19440
27353
5315
25665
10882
9280
20855
15020
11250
4897
10111
23509
15598
26630
24972
4800
15168
3356
30309
6945
21399
7399
29905
28086
27786
12596
26295
9946
17114
7759
28548
15192
6903
28279
10701
28541
11206
12687
2102
17521
9890
29974
15762
20423
161
30809
28747
12626
24856
28903
15620
6970
22881
29510
19582
8272
18907
21476
184
15519
6195
5200
32091
19523
6882
12458
3924
25727
24055
24921
14275
17161
9495
9467
24084
18344
20162
9890
28011
11265
31959
21565
24902
28078
9819
14676
1374
7825
30326
29177
27854
3944
7358
18939
25718
2209
29369
23644
25762
1391
6812
18181
17895
9501
31577
18105
15694
18083
15833
20296
25525
631
12166
29701
19569
30373
11789
13433
28472
6434
98
345
26943
1117
16644
3510
22943
29208
15746
16500
23805
22646
28478
23037
27754
23893
29041
8758
9096
5085
6255
12979
12782
14425
3629
12583
31694
24134
6144
3614
11733
17578
27047
7150
18515
17576
10636
4586
26012
3664
2631
20442
16302
10172
7524
30120
14612
25176
17254
9052
27914
14977
23819
30026
2785
21842
8658
4234
165
4282
16315
21417
14590
22994
10318
32670
28756
15726
11998
27904
25910
26355
23567
8566
26621
360
6806
22894
3500
11983
8512
23058
2587
2485
15926
8055
30037
25864
26495
15128
62
15913
13510
30340
23673
5442
9822
3667
23432
8154
23939
6494
2357
2470
10723
28720
17713
14242
4189
10423
8188
16737
12040
31295
32516
5281
8823
7586
19473
30499
20539
32184
13280
23226
15018
19477
14350
14241
16863
19956
6201
24849
30210
30062
22113
2067
24266
6896
23188
24724
23615
27371
31178
7351
1221
23501
25614
12911
9302
16433
15838
8012
16655
18770
26837
7829
18670
3526
16263
1432
19674
26729
18605
14910
27875
17303
9602
30690
22988
9374
16236
22115
4038
2930
30943
18296
11903
31395
25982
32324
4699
15245
19844
29995
4865
13007
99
1507
2842
22782
15019
18382
3413
11162
9004
10375
27311
10816
9055
29371
28145
13346
7938
14138
28794
22965
20227
19533
11326
30377
17311
22347
28431
10270
20939
5223
4892
29461
28627
20684
24759
12068
17729
19180
15707
2415
29184
27924
19437
13267
20673
5700
25154
5220
14494
25919
30690
2330
509
14814
29195
5063
21176
24745
28921
588
30075
7336
613
26381
16493
887
23884
30114
20242
24473
2801
6096
4976
3342
8485
20151
624
1064
29126
13388
24456
1690
21382
12554
27543
8914
26605
14821
31504
393
674
10880
14171
12696
5606
3999
3960
26125
18529
30175
7142
23166
6177
4261
31171
20893
12000
19796
24884
25101
19333
9923
31495
1396
25838
19694
14743
7634
27117
29931
14576
25873
17040
25888
27188
31453
30374
4532
3646
1205
7550
23875
17284
5186
31474
20950
11074
18408
28068
26130
27093
22940
4744
8879
1636
4085
16803
15404
28102
17797
18450
29889
7328
31337
845
23190
13518
9247
16813
13874
517
12184
3116
15670
12726
27022
15725
23883
16949
16664
2556
13145
27930
6268
24022
762
4328
6212
13100
16942
24044
14484
18020
3408
19048
29882
19297
5960
4593
23815
2052
27139
17430
31453
30706
2848
9794
15114
23960
22764
27876
21076
25709
13201
4044
20565
14455
18058
15832
21642
14097
1626
13265
6566
7403
13950
31376
19244
21842
2976
20581
22844
20146
15885
16825
16045
30809
8297
13553
27997
19837
3746
28054
21701
4481
18722
19123
14033
8564
4169
17535
16110
32475
5146
27964
3940
30640
3124
31071
14566
4010
3076
4849
20583
3775
26426
31797
5936
22760
14969
17803
26928
29476
27731
6804
26003
22975
14964
27287
1430
3028
10013
28708
5529
28689
23253
23543
17525
30394
20059
10014
15633
7408
20702
20575
32304
13620
15984
2260
25741
6439
31417
5080
6954
10387
1000
24103
26085
14767
12783
4160
31308
24223
30192
8206
23218
9275
11762
9672
26499
11793
24793
30742
6868
21421
30357
21365
8766
8984
16537
4316
19181
27806
26255
12192
29684
15316
2890
13973
31459
25050
15868
12406
22172
29918
2985
18310
21602
26849
17627
17528
11059
9662
19352
29836
22872
15976
32145
15100
58
11635
3740
20886
12919
15062
26468
31914
26677
28399
23647
13862
3511
14023
20737
5120
24622
7576
6960
28116
3281
16268
15095
1487
17967
22984
14974
14539
17348
7081
19002
31163
24523
7501
28001
7242
18260
8022
19105
12991
28822
30698
29969
804
19334
20734
16744
22439
24745
7125
31597
11840
21030
24003
4014
2964
29471
14903
32117
29978
26945
24057
9464
22140
3226
12207
17872
22080
31147
27046
16812
23975
2495
207
30535
22485
9595
32008
18839
27699
9653
9885
10056
14354
13962
11535
9832
19345
28842
11028
2148
28096
7415
11230
14899
27653
22095
5536
9425
30911
32165
7503
25071
23850
13399
10150
10473
643
20667
15212
2040
5740
251
26873
15785
20113
4132
19191
18061
3980
377
1126
29490
31494
30221
24546
6739
10527
4241
29737
15180
4368
19306
29144
9424
25871
29959
32373
29662
25972
18033
16562
32497
28441
18467
496
376
18694
31005
2307
7045
30030
27700
4661
31177
2356
20396
2189
14784
20626
4872
25681
24105
16508
7969
21193
26553
32032
21622
2886
26128
30448
17347
30051
5356
25348
21717
1163
22941
4793
20380
27835
13497
28319
31618
5257
31760
6290
18683
26726
28898
31014
14685
29472
1616
15433
30963
24491
27665
291
24396
18464
12646
16705
18905
30214
5200
13043
1208
30673
20736
10994
13770
12200
1423
16710
32267
16235
32239
15719
17699
30197
31778
3491
25400
8606
20649
19903
7431
27652
22336
8417
9779
8972
11208
25262
7644
4899
11141
29615
14708
22218
5769
9465
4558
16209
25968
1805
18040
15074
10062
8189
27467
23490
31718
19664
29760
25812
32285
21032
4998
32607
12974
24610
15825
32272
20254
3454
18676
20803
27891
3584
22706
4222
32033
10261
3537
15678
4037
11706
11121
8951
17429
31898
9884
30806
29847
18806
21534
9673
29586
15050
10391
21825
27587
5806
16078
12087
14672
2042
6216
26861
20226
16045
19482
2038
31662
28560
6139
32504
9204
30486
1949
1969
17452
9095
9790
24120
20126
27229
28282
16773
