16661
8600
14762
14102
22172
13983
2308
28665
16477
8278
10794
30690
21461
7324
26770
7485
21320
7152
3278
30757
24827
14293
2401
13282
12964
26747
27089
4528
6431
15771
14333
2242
12386
7843
19377
10119
19379
22035
14456
6700
29209
27687
19889
31330
32528
5302
23781
19553
15232
13402
14936
19757
752
16593
11230
30232
18679
163
14832
22920
4852
28165
5887
15610
14847
16638
4360
5191
2336
25800
16745
16934
3006
23673
28403
16883
8282
23267
22080
7855
9085
4536
19527
23367
18158
31730
28461
12313
26921
10097
22879
16820
269
16870
2781
13535
29141
27889
31961
17374
23369
7558
4992
14576
14901
2709
25112
29212
27931
28394
30027
21037
28965
8786
6082
17148
27485
19967
17654
11501
21024
16429
15939
1980
19152
8966
30271
26746
4042
6851
17993
12498
29336
3861
8805
17297
20071
9155
16199
25190
32443
9364
24237
6373
11873
26735
13810
22738
4774
28609
8928
11165
26310
16927
8903
7465
15271
20269
16331
17361
28615
22206
26754
2477
25459
7228
26047
6929
15675
26955
25256
7767
21154
9129
15119
6367
2330
31320
1023
9555
17199
28160
660
24368
11778
14479
1296
10114
761
22562
21036
9967
4533
16680
8876
12534
9796
31684
22838
27769
8088
12404
27748
25977
19000
26609
14104
27682
21302
598
8976
25863
26465
10627
25018
28334
21179
17092
10057
79
13358
9134
7176
26073
6522
3658
30702
15670
6002
14454
31859
22736
12904
25223
16547
11092
10982
16691
881
8374
671
16047
30797
2165
19876
22292
16889
29984
9179
5127
3992
13593
18094
27545
4104
18585
20224
1644
12145
30964
30565
12568
21278
29982
22162
31948
1932
5998
7698
21305
21697
14499
12603
427
11487
13349
10337
32633
10489
397
5193
29600
2085
1894
5600
15787
9427
2869
7725
1494
21597
25272
27269
6258
25823
19052
4350
4235
11592
1361
12582
5577
25521
10737
7412
12692
11758
16543
3582
32635
8291
5885
15085
15575
7961
27841
24878
31659
21778
23992
5867
31951
13785
11531
31034
30030
15708
21953
2708
17164
25086
1157
21896
21676
27881
24233
10160
18608
11425
14956
30949
2018
13791
11384
21167
24307
9884
3759
19455
23395
8044
25639
27937
28576
26381
15987
4076
8818
27712
2085
4156
19862
6615
22672
24738
12202
12560
13523
22361
21833
7713
25107
18300
7542
31508
11527
14967
23870
13525
19130
23996
26265
1674
13964
30903
30354
16162
12666
32515
20135
1329
18080
4830
32115
3323
30972
3034
6794
29902
32373
21974
31141
15254
11292
15405
6399
1451
30641
29997
20222
9197
12905
459
31510
4371
24814
13716
15851
22848
21672
31463
31925
8151
27195
10082
13289
14225
4433
29850
23830
205
409
28943
27660
551
16656
32095
10052
28491
24447
10681
24444
4620
2884
1941
19106
18864
25430
17314
1523
5262
10884
7168
868
22492
16381
1712
26177
22978
277
7241
4884
8626
30790
6892
30408
13052
32117
5497
18702
21917
11127
8963
19968
24920
20180
8834
23300
16137
12747
26312
8948
5173
27030
24247
3452
19685
2287
3504
7619
30645
23506
26702
11341
10280
4229
26965
30752
21310
29142
29413
21285
23113
5796
20468
28114
14332
10912
27131
1542
965
13397
1774
32052
16221
31846
9074
6596
8861
31255
15691
30646
22931
26895
8723
27785
26837
27741
5682
25179
11285
25272
26634
28241
8950
20491
17266
9785
30
49
22886
31086
11916
18172
12284
4348
16684
381
11930
31493
169
15487
14951
9572
2947
9301
30463
27535
15457
8662
32619
15298
19112
18597
11088
5978
22860
31414
13414
29311
26599
25869
20524
14085
23048
14793
4571
28308
2253
19298
10392
22535
4788
27951
19949
27667
23982
15659
30842
5417
32629
15096
9960
7837
32
20516
22303
7943
10997
11692
32185
25066
24958
8894
4534
5267
9439
20675
113
14916
18790
24733
7634
11154
2148
7469
25798
9484
25659
5913
7148
10525
4793
13772
12946
14644
24996
22974
27103
10785
18838
29685
7761
6083
8971
14028
17771
15328
12729
17395
29607
11348
31264
31671
32434
17518
5473
20867
4056
15767
30547
18855
15037
15156
23252
1113
27727
19918
18525
31225
17912
12656
27354
19610
14616
19281
9912
21181
30386
10931
10047
16223
1894
4363
22050
2871
8095
17762
29012
825
1037
14075
13086
8286
4694
13110
16495
3239
16904
12980
20851
31072
12755
444
18534
10914
5365
18398
10923
23579
5365
13014
12312
25361
31636
18611
23701
12709
14593
9528
22501
8021
6732
9858
30659
6853
17437
19691
12337
10431
17830
21039
24077
21624
22486
15309
8165
29973
7375
27824
12556
27757
29595
31247
31469
17169
13338
18322
20640
17802
26431
11958
2235
1761
20348
13682
26987
27749
21883
6171
6851
9896
11535
10885
4947
15307
18026
21611
13053
1787
24464
11536
4
20796
18956
31271
14950
26469
14561
5616
14700
20844
10947
165
18303
3812
17543
8468
28733
31940
12249
30861
29900
18538
21037
19966
23150
5088
28664
5213
18262
12125
4127
4166
8635
3087
13231
230
9514
19479
13776
20503
25120
5078
26612
3532
23512
103
15956
15024
14434
26476
8349
9738
14069
17422
13030
25316
24710
30015
10982
6252
9881
12610
1380
12698
25688
21102
12270
12307
30178
24879
31438
9806
23013
32589
26426
7413
4463
6257
9675
26510
12801
31717
22833
11354
24038
17307
28964
9085
5826
11377
12701
20832
7790
17331
14919
16468
23043
3553
8752
32120
27445
2739
31685
23772
29667
14939
21757
18662
14315
2058
2004
8437
4419
15797
28411
27461
27206
25881
21198
24083
12875
14845
8838
1025
124
4535
19888
32699
22758
23537
20958
13019
18380
8365
20636
19466
18241
8071
16805
104
8950
29754
5463
29743
20048
25702
23397
5779
24765
14993
16844
29932
11337
21099
8
18710
8812
14934
647
18200
31526
3621
27230
28165
21070
28452
13627
24608
12072
15705
8602
1603
10805
30218
9020
642
9551
23424
31701
13835
18933
18954
19462
24144
16867
24132
12426
3433
24037
20632
16308
435
7918
10758
31513
8382
21860
13857
2442
6502
19135
22106
19781
28991
10578
6785
10859
311
5736
17033
4533
9590
12947
3468
9059
9353
29761
31246
32374
4544
4240
23430
4127
11988
26212
26907
30583
4301
8118
10667
20848
3107
32047
24849
268
11300
32757
25256
