29496
1646
12518
6560
10689
21094
25998
31807
8542
10592
21098
24204
1301
20127
8389
11126
8108
32541
446
22380
15457
8051
13470
7528
32731
250
18280
3373
19809
560
17842
20173
3146
3677
18868
16237
25012
16502
9119
19276
12921
11585
2864
10498
351
6330
3972
23046
32143
6838
14638
5235
21833
30406
4743
31244
8405
11102
2629
16509
31165
31798
25679
12004
4665
31729
11472
5263
24811
22781
24970
7431
13516
29114
17774
9550
17767
29662
4713
30310
4933
2840
32128
2322
11432
25331
16671
14049
10876
32766
8622
31847
31114
13354
8294
12494
17391
12915
20579
22158
3788
1474
506
27000
24640
28434
14412
19961
403
28370
7451
17821
12724
32139
26333
3282
23526
14275
25871
1519
9910
289
9932
5492
28464
25298
28574
5011
1106
10538
28308
30448
14017
1167
27541
7334
4283
12691
24307
20874
19021
27744
10051
179
19910
13145
20845
11066
24683
7422
9983
3390
17260
17680
30407
5163
24855
5366
19360
2620
23116
27488
1420
6975
2097
26410
2307
5785
17958
22915
30859
4745
6140
9038
11401
21681
97
456
23895
9170
7071
3692
13206
26327
21127
30228
12998
13589
14759
11104
12820
15313
28868
6235
22386
7426
5764
4956
18669
11097
9322
6955
2107
10111
18183
7781
11412
25246
1647
21026
28356
27170
21227
23508
15229
8385
18925
21107
16369
26808
18249
23255
9376
17240
5793
25445
27247
2498
22817
17133
7675
8943
29549
16083
21804
23283
6104
15469
11021
16258
16599
8621
11739
9651
12213
10496
29532
15620
17288
11381
18289
21406
15459
11298
10479
12251
16077
5060
2219
8966
11122
933
32468
14690
7961
8387
27270
11117
11990
12334
12187
29797
13441
434
1733
12812
16230
28086
5082
12713
32062
27236
13934
20047
12127
31754
18599
1121
47
1216
16461
24150
19678
14156
26145
7866
14165
12610
6000
19317
5225
112
17895
32336
2645
6008
10665
7861
29543
30143
22943
26806
22777
1670
15887
25938
6819
31575
4465
14323
5551
9635
25470
25914
24781
5033
21129
30463
28680
29849
28434
8596
13561
2042
32153
20042
3899
7241
2736
12087
8479
24803
1364
16438
23712
3877
21373
22830
23705
11985
5364
13720
24117
31155
2149
5435
28327
8837
18101
23098
8476
785
18581
18513
24814
30101
27224
18780
13339
23915
25089
23321
501
8937
23457
2606
12827
9863
12256
7790
14247
28479
26841
23640
23721
6202
2347
32736
25045
16808
18764
21619
18040
2288
16161
3637
19633
19465
9164
18573
3549
15399
11206
19939
13139
923
9517
3240
10066
756
20575
23959
21047
26987
9927
32571
14323
11390
1015
27314
2493
8922
25847
26032
4
18046
12765
30151
4264
25118
17822
6373
21865
11717
10276
26398
13984
7871
11937
427
11821
28342
30242
29491
14000
7707
27751
25930
15100
30152
23282
20280
6600
19427
10334
507
4520
4101
17394
13711
10556
25243
28534
31596
26535
15245
23365
14929
28995
25630
18596
5952
23700
18452
9810
28617
21370
25112
23393
18828
21674
18271
13379
23290
10590
5770
9768
4443
25420
19915
23688
14357
30421
19530
17659
9515
17792
711
3409
3844
11430
6016
18399
28526
27759
341
10775
6114
31485
24106
6492
23306
6118
2189
31252
28544
13288
12440
29950
28633
216
31769
9925
7138
15836
29169
28118
16169
5082
13498
19055
24767
5680
20653
1273
8253
15270
8386
3736
25605
25504
3864
20480
15562
15257
13464
23178
8787
6348
7126
12167
28027
6708
11063
4564
13181
9911
31321
5551
26222
7071
5807
25288
24331
16201
31596
23707
13237
19489
16547
9470
186
10190
17836
11510
1494
6825
23241
18383
15610
7028
11785
29804
20043
841
32621
20699
1390
15824
24650
27692
11267
18869
494
27268
28015
7513
22406
12141
10207
17352
3904
624
20106
17900
9900
25062
16694
13312
7784
30731
15613
25414
4348
26196
19025
13309
12547
23299
19518
29582
29324
9464
5359
12038
25535
14794
9076
2504
30916
25110
28354
27780
20192
23
25083
8291
10977
9335
28144
10884
14013
25957
21477
31660
17014
11240
3476
18489
3136
27507
30324
7256
21478
30649
6714
120
15722
27842
19616
16895
18156
23871
28262
13371
21964
15131
919
32155
7955
11858
32526
17695
28431
19974
26424
21517
5182
28624
14364
32742
29038
340
9880
28824
31521
8216
10477
5877
9270
25494
26750
26468
32198
3471
212
11478
3661
5283
12262
2044
9226
15647
23447
28344
9896
13334
4225
16337
11293
24755
24049
16106
21715
24525
13106
3253
13061
23996
8719
28516
16749
17003
10899
32608
11548
25519
29715
3134
30377
12759
5999
19951
11917
4741
24212
13878
20686
23996
7493
30303
987
12601
1820
3375
16055
3591
9931
28951
6746
29774
23208
10924
21077
29036
31337
29532
14516
21574
2603
11353
8488
31712
7866
16858
1894
29740
22284
20099
29898
21792
3854
4897
26944
6155
12196
5787
19300
22313
16362
550
9192
11125
7105
3511
10294
7358
29575
4286
22615
22525
31013
2833
13332
8166
24143
14886
19291
11197
2055
3718
11748
26731
7011
5502
32275
20433
18321
11032
11041
19036
28952
2122
5751
20186
8800
364
10330
13452
25973
2287
6093
27516
27400
19021
27059
3856
8887
28988
27445
1760
10382
28967
11107
10693
11213
24798
14366
5938
13035
16013
8757
15048
24796
12267
3278
11812
8080
4787
19464
27900
21436
29016
22238
3946
32220
12277
4175
32391
27769
1410
11195
22332
25511
5454
12433
28501
24019
15529
24871
12503
18875
26849
2281
16276
27070
2417
30134
7420
14422
29300
8327
15926
30179
17248
18770
18544
17322
9712
2606
26483
28701
31074
9655
29306
22621
15843
5300
21316
765
21576
5879
25448
22537
26110
19333
13289
6726
2372
5111
29450
1468
30103
18208
25699
14194
23662
30448
7989
17017
14888
19864
1787
5675
13123
17903
12865
6581
20942
17173
13241
8403
14113
19286
31116
7643
5579
27217
14062
13565
1996
32345
3061
5321
5381
29979
24491
14321
32236
15233
8290
29777
7812
25815
24135
31532
32141
19757
29754
11961
23543
15100
13021
28894
22685
17420
16875
20283
31792
31124
11212
12394
16753
8100
18278
26245
28068
29632
29749
19177
19777
18125
23710
18234
10476
28210
12928
28584
1703
20535
6669
4720
2887
4016
14040
24741
4132
6880
3886
5168
