22659
21371
15483
25137
17312
2451
4903
21908
23687
23021
29738
21143
17041
22735
3009
22875
9969
7666
20690
2808
21735
31716
28356
15370
2614
18091
404
4205
13271
28075
22565
1092
25327
27850
12504
1600
3583
22737
9309
1823
29274
2837
13001
8818
10717
12376
9960
17572
18650
16106
17364
29240
6229
6163
28870
5202
16499
22710
22317
28281
30511
7470
9981
8603
1871
15484
30026
24657
17302
16036
26901
14437
14908
4692
10854
5522
15515
17863
18331
24970
3883
18153
1279
25918
21936
28348
19102
20313
4018
23546
9304
1037
14638
24828
2101
6675
25483
2266
22264
10477
23247
30676
19191
19567
11027
10992
18729
381
6709
23269
18561
16406
27084
1592
17274
30354
30049
26277
26612
18983
220
21952
31038
16562
19260
25820
6260
14260
14731
11308
26379
19611
11793
5416
14250
6724
24521
9266
16699
28605
17937
1402
2115
25679
27813
24863
29294
27836
17358
14999
14447
21957
16599
24400
10758
18415
25281
10391
30818
14471
28472
5306
31402
27620
31685
31593
8407
27884
5956
24930
2244
7642
10137
12110
27016
17982
20383
20453
18691
16964
29025
31065
12215
14138
8333
9714
20185
29005
6437
32757
19624
20115
3704
17611
11006
23375
26193
25439
31781
880
13422
22984
23019
32090
2611
5672
21241
20969
28320
24276
16992
9651
4737
1461
17781
10126
5348
27374
17375
18515
27600
4798
15854
8161
17716
21160
21807
9060
29726
22994
17213
4311
15917
6316
13017
13255
7497
19409
12093
26458
18833
11826
7598
31121
8085
5745
30033
21450
14022
907
10559
3209
15403
23738
30939
18039
25941
26778
6756
171
3988
16266
29638
15401
24427
15701
21942
6824
29762
13842
27901
23193
1115
29256
24084
21604
29959
13910
16114
23797
17178
22802
25378
12663
20380
11697
11800
20575
25793
17639
24517
25517
1819
18766
3945
8302
26383
31500
18601
16262
1670
3761
32481
29612
26340
29534
19131
182
21310
17452
9729
22551
6856
26827
6575
24230
20364
10602
4685
16289
23906
14807
20091
28913
3356
32744
7118
19631
18433
6425
21978
25576
12157
25462
23440
28317
23830
3516
28363
32014
24226
29371
12837
20025
17079
17406
14607
28573
18788
18350
24097
2627
3358
11700
21422
255
14333
16414
8860
17396
6441
29380
2930
32086
11919
5675
32179
31604
30424
12713
6507
31733
8091
18634
28423
15457
25553
4083
29033
29668
11914
21573
20028
6735
21983
6852
8325
8288
552
15033
12667
32067
5487
30549
15257
13656
10020
23702
25585
15927
26641
25455
24003
25586
657
8483
27726
5018
19197
1522
14054
12036
21608
28407
9031
19916
15756
3921
10793
3995
18947
29825
23061
25510
7099
10771
31862
26999
8356
16513
4339
20208
2219
15188
4860
20365
22508
10892
15779
14569
26915
29506
16814
6276
29796
2956
8682
30403
28173
11681
10690
17208
20984
17981
12815
22052
12021
8775
10290
11066
1655
8114
2913
14758
21645
26017
21566
3406
21524
26574
31406
1368
21292
14636
3560
23532
11240
29131
4812
23355
13642
11260
7287
25536
16494
23735
21268
10181
30213
2873
23796
16426
10245
11249
24034
32354
27551
8861
176
8126
3954
12209
16150
17902
16894
19704
23485
22725
31835
15741
17046
13628
1322
21676
17264
19898
8141
14517
23242
8082
15315
9265
31973
8653
14518
27400
5918
4395
4553
18066
15227
15716
1644
11516
10884
15283
4738
14318
12116
8853
19237
24170
495
13007
29592
1528
9174
4526
24188
12032
27353
30866
28487
16503
11821
32174
20467
14013
18878
23049
12019
14790
27590
20680
6507
24185
24735
7088
17824
5973
20694
231
25006
6234
9600
30202
14969
12839
1745
29732
20197
26720
10474
25038
9034
18258
23283
13650
26914
15578
3178
13572
20229
30850
15546
30835
3288
5870
2320
3820
65
7287
19562
28480
27997
789
1521
5319
14262
24450
31112
28069
10095
24988
16037
32332
3778
13324
12639
24131
25517
32549
31177
29221
8679
4878
7551
1772
2329
32036
20350
12911
2891
3226
29241
7466
32668
2658
32745
6462
27959
10321
19748
10936
642
27518
22961
25878
3225
5611
9115
16904
762
21351
12420
21875
31618
11698
16700
699
6808
3043
25490
5954
21416
16647
22122
28204
3539
28171
29712
358
228
15068
5836
3046
24198
10956
11191
8500
7093
4152
26572
24105
28275
25447
21314
5878
21436
182
7962
9833
12731
4594
30964
17004
27198
9990
20774
31183
29032
16854
18191
16199
15525
22890
12201
9654
7651
6223
27230
12716
24320
23098
30749
25646
12670
11503
2220
25271
18046
22625
29248
24701
8940
12827
18251
11509
1015
16350
32405
2969
26564
28044
24974
14569
3683
23108
13539
16560
1794
207
20303
2440
7520
16187
4788
14752
15237
453
31594
22717
5041
5373
14806
21375
9874
25380
2623
17382
31161
8409
16094
8980
4687
11509
12340
18517
2052
10163
1953
22876
17481
1300
6193
4048
16831
7809
14777
30727
24559
1970
23075
3345
7995
10960
14598
22008
22804
28630
378
26694
18542
29501
13866
29640
30321
4056
9130
15250
24434
16381
19723
8259
25633
6629
1709
8074
23300
27477
13141
27881
22052
14462
22399
1977
28934
8739
30454
29295
15068
30457
28833
28445
4349
29779
19616
25916
32147
31230
12440
21672
28307
13674
28234
31212
22771
2059
24683
1984
7191
11519
2479
6608
14732
25073
10792
17599
13560
5949
16078
26476
12369
27477
8031
8564
6222
30051
11881
4856
29979
9008
20388
18848
13137
11844
6278
32479
31013
27727
28434
2937
23520
32455
2801
13379
2447
9683
3267
13354
15099
14952
8119
10103
475
5041
22873
15442
18249
23477
19372
19588
3699
5940
32121
17537
20371
25809
15590
31653
32545
14199
74
25022
5446
4085
18752
9675
10645
31211
15867
14851
30454
20458
27865
22809
23522
2775
28218
28863
10966
8336
22674
5481
24321
13778
15037
25427
2368
10075
4243
28869
2381
11851
26045
13718
26420
9168
6855
3055
24838
10242
117
11857
208
12300
15707
22233
20174
16269
12712
25539
29661
20798
19779
9518
24623
13012
3097
14366
19010
22568
3253
4807
6675
27029
29969
9737
5263
4513
6571
14391
23370
19936
6876
23836
5235
18198
27749
12096
20232
29852
31563
11879
30534
3845
26086
26459
28516
5632
31284
18667
8320
28032
28275
18996
6106
22043
2030
17951
