18381
14741
26053
27915
17004
5276
11074
29471
7630
26078
2188
30292
6195
27364
7189
22055
8881
25027
14256
14572
14049
22524
1003
29130
13528
24737
28063
2055
23896
30137
4549
17285
15432
2278
7051
25229
5986
1861
18600
23756
13612
21654
2028
22427
4137
413
26139
12164
19024
16839
15611
15105
29885
25617
22700
10886
32679
21286
1848
10690
26258
24775
18027
9763
27845
24688
997
24216
32255
21817
9069
8346
1894
14074
16264
22125
23744
4786
22602
19107
32229
2602
25709
17635
20596
30421
30880
25576
8646
13307
31009
22732
1312
21526
2446
26503
25133
17789
12025
20659
18347
10815
22586
2194
22116
26450
16521
24401
22624
12013
24652
32398
22617
2610
24621
24601
19823
9744
17008
8695
12061
26472
13955
23469
1388
2670
19159
22715
18790
20819
28911
23654
10702
1569
1975
21178
2062
21478
24598
4816
16753
15124
28614
5709
6290
9512
9828
18987
21269
23434
6339
23740
24468
26036
30342
11499
6108
4759
32238
16070
29530
12602
25072
22841
15824
15525
22155
12572
9804
32509
14168
17777
14939
28656
31843
20710
8570
21076
28985
29858
11469
21770
25154
61
3860
15145
13393
31504
20698
20312
6778
21168
21743
9852
24100
21173
281
30100
27998
18880
24327
32480
9079
32700
18822
23113
32712
24931
31224
7421
16085
1284
2561
9306
2453
27780
15747
2061
12045
10404
10445
30587
7204
16769
1807
1632
1458
2145
21777
11445
30938
13996
1061
32216
17818
32313
22875
23271
30624
28363
19699
9324
20831
21724
32280
12096
32099
30105
3787
169
27105
19501
31773
5574
659
11330
18081
14893
15554
28101
32545
12754
10661
1514
2960
14891
745
12657
14400
9873
26001
5159
26965
7146
12032
29103
122
12165
12372
25474
19154
27973
11254
12341
2865
2306
20847
10235
29837
16172
11134
10858
10415
10417
13415
14722
3886
1569
1165
15851
6302
17937
20291
24702
16901
19133
8672
7431
27790
13041
6417
29257
23938
10793
116
21315
31347
1015
4194
15794
5563
9893
15884
6615
24357
2331
20937
18298
19689
18436
14254
31791
4318
5677
15968
22232
28139
3117
14374
19563
446
6987
12866
20982
22209
10140
13954
26592
21066
3436
19218
27249
21267
5599
9364
19348
5097
7896
15986
6620
9896
31258
19827
30918
7014
18350
16525
28222
10223
20356
17403
10596
25458
7773
31375
9871
27257
27111
24904
21650
32542
42
4391
7999
31100
17956
21311
810
7269
2480
15116
3760
8787
10925
15109
29751
5792
24411
26484
4534
20217
6152
23430
4473
6416
17901
29854
2078
28817
2387
22511
13284
20824
2810
30282
16677
31201
1210
564
14368
12799
15723
3132
30716
27089
31747
14732
25354
17650
13822
18621
8267
26097
32003
22768
5682
3585
28612
10010
682
25841
12838
13727
21595
32094
12450
4643
10537
26919
13034
11676
5630
29217
464
31404
7114
19212
9316
17967
28104
19654
30813
32272
27906
5055
10683
23136
32023
4525
19882
7337
5692
26497
9384
22911
14465
7065
18410
89
9302
55
17916
5535
31821
24114
29353
21252
13345
14315
28186
8726
28920
14467
10050
9491
16101
9035
23929
16895
16305
22396
25958
25587
14043
15401
13603
26296
5853
10353
31644
24725
29617
7161
18232
15972
32404
23450
32700
26091
28426
18006
14188
21098
32034
30353
6003
24433
20731
893
27524
13812
2951
30423
4290
4001
19599
19153
19421
17521
23031
1103
19070
22142
19524
15701
21478
28692
25691
13248
27858
2058
28299
12341
29345
8275
22222
22872
29112
21200
21068
18238
15142
8296
16929
27428
32132
13915
13152
8033
25887
7635
8280
29593
1882
2493
22294
2356
7501
14038
10539
5134
20914
4617
18607
21360
9730
6392
30341
5952
13019
10457
26081
9588
18341
12163
30984
5068
11637
29384
15191
27073
4401
25094
15495
7865
22774
9721
12591
18556
26806
25299
31882
3563
6694
24719
1915
12784
27607
3458
2254
19121
11170
3891
8897
30985
8266
21868
31171
13368
30301
25489
10363
32217
29787
17457
13580
4629
14874
23259
27544
26647
3945
2099
16899
5823
1524
21572
10489
29083
29288
4888
28210
29203
215
14214
5108
16611
26717
18508
16858
29647
516
11102
13013
21393
18149
15229
17520
15895
31120
23562
2904
30955
32430
32541
4379
2035
10469
20946
7984
23642
31740
739
15160
28622
11072
22396
14467
8172
22310
586
726
24056
20017
28886
1643
1746
21782
785
22842
30501
14879
24879
2423
12258
14285
25529
13660
7917
27329
16862
20520
24598
24284
31243
14440
2634
30630
10427
885
23818
14316
16783
8766
25117
11438
24225
17223
22402
32568
6678
5618
30121
29326
9714
21246
26083
20493
5680
11853
32022
1872
4371
5610
3765
1361
22967
25162
27631
1744
26859
23506
25383
27129
2115
14746
21413
17217
9064
32113
10635
14737
17331
20769
22026
28070
27130
18676
6101
28856
15018
12150
10198
3673
12310
15997
7713
28065
18191
26983
8998
19848
22965
7331
16682
24723
7308
5747
27128
2995
29139
15599
1235
3178
1809
5454
6320
18991
28912
16481
26274
22292
14670
8288
2198
25510
5010
3049
26688
10772
11068
12870
8789
5268
16577
5359
10747
8963
2197
14927
16510
21451
137
32203
5444
5130
12119
8449
8707
31473
635
589
5937
21610
15941
7314
27836
16125
13357
13367
27388
24820
13158
21871
16358
30909
26550
1982
29826
19601
6788
23225
22175
15699
2611
12301
10949
187
19374
26306
14955
18099
27204
19393
4714
19969
14775
29588
1458
11303
3727
24942
18491
19591
20660
8043
13887
27339
7228
11288
7079
3204
25730
24886
4035
15889
19832
14267
14653
5827
12094
3354
3664
18495
30707
19908
25909
15651
24523
10479
26846
2796
9057
12694
17895
15127
14415
4289
9162
12166
12285
11526
15954
9766
15542
27472
13138
8143
3329
27871
22678
11883
28974
28304
11802
28251
32559
11615
16506
12054
10409
29738
4010
3859
30539
14008
19943
3818
25439
24057
2797
24502
30878
10639
8043
28861
15689
19086
27828
83
3957
7040
17591
13307
27815
6573
3633
31696
22432
921
31009
17699
20602
16589
22397
16486
4852
30426
28195
15944
3851
28572
21010
26658
20426
13500
9690
22418
17506
1144
19281
20837
8061
935
23944
10171
16592
20727
1789
1893
23791
23930
2066
13458
22374
11873
446
31403
773
27655
