6118
21152
16162
12794
17673
19204
13769
4299
14727
12028
26835
28954
27023
29765
16404
63
24235
2449
3467
11787
22517
17893
20279
14160
14985
26432
17195
14756
26166
25725
485
13411
17017
5754
4828
6899
6059
31866
12120
23628
2169
8136
10118
951
16277
23198
7628
22229
9643
1604
3162
5348
13207
21628
18690
15166
13525
22558
31561
29474
3640
256
14526
3255
23775
3864
15242
11086
358
16613
26441
1768
27481
16650
4120
26360
14574
5949
14319
14954
32499
8287
13874
28899
19717
20972
32130
31051
16899
19606
29657
2441
17602
557
4310
5005
13570
29378
13909
2964
10401
17676
30531
25511
2319
15883
16561
24677
9474
23530
6438
11011
2667
6186
27194
17553
15528
5373
2144
15999
6907
14832
27908
23647
2875
973
22230
748
15561
3008
17509
6220
6086
2488
31983
14738
11395
22032
7031
27015
14137
11887
20505
7338
3067
16877
19355
18037
32488
18551
2372
19426
7333
10612
27377
32558
18187
30120
23397
2269
2588
14425
27361
25086
15676
25521
6644
17328
17566
23652
18069
12261
1788
26771
28527
30566
27531
1519
16764
24856
29742
27425
9173
22141
18409
14442
13769
14717
16793
7046
29484
18279
22243
27351
29425
11571
27499
31679
29692
12554
25670
14414
11313
5384
4017
14365
3537
5952
13571
24697
30470
13056
24800
20420
32700
1879
16816
6169
22963
1749
10319
3375
30418
21650
262
10624
27071
29297
22715
20138
13484
9382
16996
25877
31348
11894
12482
7894
17894
19518
6219
25043
23392
3767
28008
7464
18593
31608
21216
3530
9944
5821
3220
13930
17152
14950
2670
3741
8304
24131
8084
11577
2478
13710
14817
29186
9093
17849
11669
29318
13911
23147
26955
11845
8628
31429
9772
19989
11818
17385
26723
29381
12639
19645
25552
22273
14430
30444
6401
18549
11311
20782
15966
15414
9386
28362
18851
605
23948
22617
11668
23797
459
31180
8172
32279
16679
12720
31638
12627
25602
26033
4895
13394
20849
16477
1900
698
15251
31787
30376
6482
26146
24508
6017
29799
15175
20320
5268
19822
8883
6108
15397
23530
20203
22123
22548
7568
29923
8706
16908
27049
8655
23000
2046
21433
9014
15654
13518
8542
13640
12331
4428
22394
27505
21108
29029
8852
1838
19034
24987
7804
12576
27084
18610
16686
18527
4175
20908
27897
15376
28226
12792
28129
9018
3431
8167
26177
1749
17055
3423
28341
4644
27893
31443
27958
7493
9694
30322
26503
17927
18111
7071
21713
2811
26544
9890
12938
7374
15232
28829
24730
22997
27897
26561
2241
10218
24933
22465
5427
8311
1105
5767
31366
17104
144
26919
22734
8390
2691
13585
14343
14713
8088
20874
25523
30317
24337
3421
10691
32480
24583
15565
187
21851
10414
25551
22802
29576
10970
20598
7639
22595
27074
14767
10395
15347
11524
13870
11402
24347
25834
8104
23771
10028
9196
13891
21099
32158
20854
6219
29860
9534
31211
25126
27044
31178
24553
2698
20891
19899
13007
20205
20853
23138
3708
17469
12474
30262
10330
24530
3762
1389
19868
3233
29388
22729
5827
8370
15424
28341
29799
18132
13556
19088
31028
12431
19357
22089
1331
9306
14630
556
13898
15374
5461
5883
16903
26523
7852
28225
7321
2041
14733
1251
4383
13922
27298
7160
12070
3007
20604
23514
12652
31840
24698
11645
16874
7151
27373
15872
16146
23975
10873
24706
26198
9409
25279
16951
2025
14639
21048
9403
10185
29837
31588
4774
12285
15189
2341
16992
6171
5714
21093
6967
9742
87
16639
4270
11286
15408
8157
18456
26640
18137
5214
15462
26616
14830
18170
21566
6060
12899
32552
7757
23539
3957
13951
10205
24253
7648
26396
8618
28845
851
6469
18161
9172
32289
29771
15051
960
19769
22197
20409
3765
21592
14746
28032
21562
20605
25423
2359
23767
12446
11587
25502
16158
26265
24870
433
1512
17517
29009
4989
19425
14762
4194
15667
12359
1318
27686
30331
2286
12018
4029
29706
30088
24204
12536
20343
14371
24918
27910
24906
30451
30023
14416
343
19282
11233
1441
8522
16901
31075
26762
30082
12481
17471
14085
8227
1261
2254
28248
4710
28586
25923
24380
6196
4881
8670
25919
16884
5307
2402
11623
8353
14727
9672
20504
2079
28311
13621
16951
19407
25500
27434
24976
10593
6740
20986
8309
21993
3921
24706
5288
24885
24571
6164
28028
25438
4568
16052
5430
10398
24331
2439
441
20321
11291
19336
30819
3231
2806
31869
18738
2664
28470
11306
17707
5313
30626
13764
29692
2222
28920
18344
19680
14736
30186
4941
30403
16561
20582
14711
21415
27422
26
18094
23366
14773
2616
21487
2296
10110
30326
8097
24792
10815
7514
13002
20514
8522
11188
26243
27872
9882
32620
23978
22726
30238
16765
18134
19290
24405
24898
31376
1880
29979
21745
18880
16212
28611
17253
4197
11681
30053
31520
24713
25458
15481
23184
22901
4927
15525
3473
32545
23146
25044
17460
9710
20003
30088
18110
18071
20361
12913
2804
20069
27409
13886
11926
16291
18220
17843
31530
13906
26148
5884
22266
9502
16199
5697
18272
24208
29512
22650
26689
16004
8162
12421
31960
2014
5822
6773
32181
19065
31639
28974
18437
25952
3484
8751
21011
31041
8214
21422
2319
24350
1610
12522
15375
30534
30369
20669
14419
25732
10502
27248
31437
1942
13456
19668
6880
20192
28769
19342
21097
11874
23502
5811
18172
21480
20928
12437
30832
27520
2905
30172
30877
2097
13787
27608
20580
1258
8134
18709
13808
29113
16705
27696
30780
24893
9147
13546
17365
10846
27858
29563
9442
29243
4212
25129
27233
4708
28228
23832
20147
12106
24127
19556
2395
4852
28831
29805
11779
8179
25855
8306
31935
28823
7361
23394
1942
30307
3245
10990
20799
11711
29146
227
18728
14829
19922
22199
18621
32062
28145
10081
30182
390
526
15214
11985
17613
1630
31570
25331
15943
1172
15356
32073
12167
28749
14765
17380
5615
8876
13577
20644
20587
14657
26223
1860
19807
23600
15238
11414
21725
12175
4888
784
17180
29711
27428
4232
18213
6879
13614
28988
31184
20685
17626
23573
24815
17583
3257
15405
13001
11521
7523
910
28106
20687
6854
6973
6264
6102
7101
5239
15785
26086
10213
32570
30963
17802
18348
2567
10085
9707
23210
20199
4212
12274
10293
29100
6968
30381
24111
29561
