21576
26034
9412
15883
7539
12662
745
14726
23167
6166
28920
6095
7047
16789
11768
13980
14071
7166
23510
11256
14145
25162
31415
9284
20689
2691
11917
24955
29762
24362
744
16314
20690
18391
8464
25343
23315
1311
11344
29232
11236
25530
14484
864
19360
10981
3895
7503
15765
18950
13846
29231
24504
2447
27881
14254
29334
17188
5331
16432
23950
25856
13879
14684
830
17557
6350
13275
14907
1138
8694
22620
15877
4458
27981
28124
11322
31475
21375
5412
25097
10956
21340
23955
19946
16355
4398
5917
2444
4213
24649
1428
20495
6007
2787
22822
9332
20789
19494
4136
15442
19257
12420
9746
714
27502
20555
13258
18364
12933
6265
25893
28475
32152
5585
26539
13631
2829
30254
13978
22938
18110
13336
26670
18478
8534
8341
24608
4444
30462
16193
2924
18112
18746
10401
2392
4123
20493
26293
26034
3216
9828
32716
18521
21524
5554
9116
15871
11552
17623
11922
32300
19112
20038
30567
21126
9809
359
6900
849
19167
21306
14919
27954
8940
16958
24310
9272
8160
12689
31155
18460
19741
32600
12065
28104
9082
23137
26343
16919
12531
6919
20738
18908
26783
9046
21855
25381
12002
2672
8617
27585
30179
5935
18784
12543
32320
19980
11307
3257
4097
5696
5743
21393
16331
14889
20512
30843
5206
18158
3543
2428
8225
3942
30757
27057
25445
22070
15656
27794
2631
25402
24667
13944
23377
2087
15538
1629
27171
22638
27879
19683
25190
6243
3598
13464
32514
10142
4208
32633
401
27297
2710
23989
15891
30652
17060
8627
3811
2862
25065
30037
17642
1677
1715
29823
26642
32616
10344
20691
23549
8490
466
25279
15608
26177
30139
19386
2346
27776
8634
3530
27153
26818
4940
15434
12848
32209
21286
10730
25345
31366
15050
14327
20273
17201
18521
10973
11532
27194
25768
10218
11575
15369
20373
16468
27037
16932
9884
11646
16555
407
14757
8823
28864
30873
8736
22211
2015
8044
20564
11871
31656
28805
756
8959
32134
15341
23796
21146
24361
18919
3482
22312
6967
4307
16088
19371
22078
594
15833
8812
27630
13227
4570
12423
23685
25966
30011
4777
11914
11863
25814
20249
6334
19828
14735
22773
2128
26506
44
22719
22352
13238
872
24088
18278
23376
15426
24266
5316
4372
7323
9996
13657
9092
26624
7938
6215
3720
3781
2436
31128
20568
16211
8224
7724
1435
8642
12386
3062
4305
29099
7762
4713
20718
27191
28735
14124
11079
14460
18363
23317
27826
26634
27623
11093
17897
32192
18673
13040
26416
13541
2266
8305
32568
4724
10621
5083
8514
17078
13261
2274
22151
29974
30814
12635
24280
10802
29991
21490
25730
10286
18566
795
10100
2381
21892
16459
25508
6338
32091
24423
30382
29123
4661
15997
2238
5344
26423
9650
15537
26515
8638
25467
11127
21016
12264
30992
11964
28542
2135
27422
16071
1023
5937
2748
26530
11661
31851
19105
6523
685
32584
29844
22602
5000
23324
21283
3764
319
18774
9112
2095
8064
27837
25641
22120
21591
506
21103
9698
10822
31063
11802
17887
18583
24006
5090
26499
17905
11557
1217
22583
2346
1472
27999
15180
11356
19736
16846
1760
5691
13283
375
18438
15781
15187
14164
29217
19323
8091
19040
15761
3760
19376
12876
22930
30367
14924
25716
30048
1954
26681
3345
25760
32224
15308
26800
25339
4710
1456
20963
15116
5754
32484
22326
21628
22827
26631
28004
28011
2861
11732
4555
786
5348
14057
28958
11687
4799
16076
26202
29569
27591
25135
26107
22397
13944
16499
10607
9888
24527
22124
11979
18686
18596
30308
24765
6618
19770
354
31425
2830
27413
17836
32152
6062
30987
9866
18423
18920
9630
29005
10108
22574
12169
912
30181
7576
3225
9918
5764
29059
29374
17620
26606
8831
30562
23144
32244
6248
14585
18923
14292
25042
18138
29739
1712
12458
15181
14875
30782
2587
15333
19415
22978
11695
21520
26851
1849
30647
24044
30131
15063
17132
27996
2673
28852
3414
29020
24314
12995
25709
32657
14378
24835
23679
32292
14937
18937
5969
8145
17701
10077
7689
26171
15474
21268
4683
7811
25264
18526
31395
3096
10333
17745
11811
13777
5322
8326
9037
2361
11297
10002
9779
18474
30375
5815
14812
29853
3391
2140
10474
11968
20272
24251
2426
14665
9511
3418
14412
6154
30080
19388
3876
31942
11713
2264
23151
30276
1383
13002
21034
5537
24038
9929
6656
32234
25579
23897
3250
4587
21988
9921
22204
13377
5058
3008
9270
19895
23549
9852
26104
3535
23001
1979
29185
6558
26857
31829
794
7389
12753
18154
23478
28990
1103
8656
4125
20476
4733
7503
15305
16822
29008
11793
9744
16509
613
32724
6660
16428
11005
24674
30104
4343
31814
22211
13316
20551
12508
15025
30570
23494
9103
24652
21945
31413
9063
11279
27858
12678
18661
8963
489
29607
12428
19250
12334
10140
16032
28767
27309
12624
20526
8436
21875
30381
32076
30524
14835
4714
20642
722
6824
10532
6185
26202
10747
5297
13107
32110
10342
22961
428
7899
28122
7013
22687
20238
8798
453
8187
30409
27130
17868
32152
29211
2003
22551
12661
2958
15511
21934
1860
14242
25627
16162
296
9338
5699
9688
8125
29142
20259
17316
27481
9537
25187
12441
8849
11916
15848
11040
12799
4218
16304
9800
22851
445
8958
4701
8520
6689
18616
5052
1993
24584
24333
7141
1043
18966
11354
6354
18700
2349
335
11912
26740
11932
5710
12011
15211
659
22547
17366
13363
7899
26522
32619
32056
8643
20797
18088
2381
3422
16158
19003
31033
9963
10948
408
31346
27285
21001
23624
808
26461
29491
7556
3973
5972
5217
5634
17460
2061
23081
12303
6688
26450
12671
478
30590
18454
20696
23072
23053
13227
21648
31444
30364
23349
31369
30305
29134
32095
16662
25314
5658
21580
27927
22465
11029
8145
15205
27015
20980
8161
16752
6130
2892
4936
16678
25161
18973
3740
29719
30188
14351
16241
4567
11055
3835
28621
5540
17512
11181
24028
1865
9031
15849
15332
19266
26726
14763
27770
15905
12577
28083
20215
7985
26536
25409
12326
3672
22866
27422
13119
8514
1845
31707
18201
21435
25843
17757
31643
22365
31190
7578
19316
1644
6176
10909
11787
32254
7836
28112
1465
9055
30841
5242
15927
6323
20312
12679
12114
25821
9124
17544
