13516
18343
1759
18513
4952
7707
11389
24260
13145
10320
4728
21834
13218
25630
28756
12839
15103
28783
28514
10037
27244
1700
20116
30320
16261
9012
30863
32696
31550
8598
16386
23507
24788
20322
13878
10418
24836
15027
20455
27381
1402
16335
19539
10417
12428
6666
4752
8560
1320
31719
31010
18297
2827
29313
11213
24146
25396
6185
9128
25220
8345
23121
25971
7838
6424
22185
31274
4476
17072
4999
21978
2505
28913
6028
8372
6851
1713
9349
5728
20030
28673
6543
28564
14316
30816
16511
2532
19931
20782
2688
16860
10815
23651
32766
13132
6770
3968
26563
21475
7993
710
26976
7167
16969
166
11983
12740
25866
10618
18774
19052
27802
32626
23982
13789
28437
28369
23397
18561
17940
9817
17281
5970
10867
21507
16998
14900
15704
6644
8442
2184
8816
20397
20742
1022
3964
25474
6368
26026
29965
28749
8775
347
9355
23395
28814
29480
6012
3783
509
19275
15363
9118
8308
11315
27303
4323
9553
3796
26966
12892
13460
8514
8106
15309
13121
29566
24683
27755
32006
26255
27732
5779
7454
4565
4634
20412
3701
4763
4010
23723
18189
31211
6322
11750
4768
19622
9828
106
135
18900
29815
30368
26842
27448
20334
15758
19673
21543
6172
4682
5770
8859
8296
15285
31652
22148
17742
19557
1964
17246
27174
16611
4446
16392
14633
19991
8014
2260
19761
29696
32719
2011
10432
10409
6164
30611
7748
12120
11925
5027
3481
28680
13492
19445
6864
25369
21409
11789
16943
25927
16507
30874
28024
2009
7096
3403
28271
12570
24518
13540
662
8461
8946
27025
17467
11869
12426
7034
11444
20371
15678
9111
3050
17547
15052
22726
6420
29737
3805
31515
197
21064
12585
26999
5161
25075
29922
21852
32139
10200
336
26879
7707
8441
15801
5023
30959
4517
13443
28694
20295
16551
12700
31150
21013
29373
8218
821
3261
14924
27423
9300
27929
28497
26112
4380
3264
25499
32678
4066
8072
10040
17716
333
11081
28973
30697
11949
27876
106
14921
21134
3716
2300
6263
3982
4900
389
28646
18795
6994
25833
31280
5216
26418
15435
32582
11954
14789
1336
29386
14470
363
18465
185
7669
27047
29455
19789
26466
14883
19602
27682
25611
9972
4858
21143
25311
30238
7114
18807
28048
7771
1898
8665
14824
17176
23836
12612
17760
12737
9009
22807
20207
17470
18301
7464
8992
19646
27656
3500
28263
28339
27654
2135
2485
2333
11530
5316
30026
5644
4214
24598
30155
9056
6454
7136
1940
18644
6574
17474
7247
16187
32240
4437
22213
32009
1587
6089
14581
31764
1409
23757
30819
3228
30895
24879
27827
22921
2450
26565
19574
501
21104
31499
11332
27626
30133
30221
29707
13421
24039
5256
16038
24763
14812
20044
22450
13522
2347
484
19357
21299
19680
12921
15871
2535
12404
23796
31278
28864
16124
10339
29197
15585
30880
30110
7972
28032
23631
4650
31222
13803
14769
4701
31630
18633
24413
5827
23900
26787
31053
193
2879
24995
13198
23160
31715
20635
30012
30188
25421
23368
18350
1894
29620
15833
15854
16151
8339
20907
28780
9725
6140
29015
24819
16907
26159
24046
23259
17796
30571
2435
9089
19880
27652
27370
3828
29842
29366
16064
19697
14945
7481
22955
530
2454
25365
28643
322
23229
18104
30194
14708
15184
20678
32440
11157
15320
21936
15025
31934
2389
14728
31867
30895
13792
9748
26258
6265
29839
26401
9823
24954
19609
24857
24689
12430
1978
21976
12810
17796
24537
27580
27613
8911
12265
11003
27158
5502
11277
25914
11675
31087
25855
15195
6801
3519
6834
13718
35
28036
8758
8651
19838
191
25309
11286
6176
31116
11932
26021
22355
12700
31155
11718
30964
31717
13712
12612
13177
16024
21233
29684
14643
26964
12106
6283
12495
7065
29030
23218
5923
3967
6480
28509
28200
7336
18292
16216
23874
26483
32514
12322
9928
4210
26515
28415
5824
30751
21007
29257
20202
27338
1230
9479
5121
18646
4861
28865
61
32549
17220
6546
16156
25553
18853
8318
13922
19229
22696
8198
16478
26795
19893
22266
23408
20719
31937
21903
29384
12003
24365
177
9328
508
10730
24474
10381
30813
3810
26532
15842
14668
11667
14939
16277
13282
30461
2519
18486
17926
2239
5961
1533
20380
17277
32723
9299
1529
8324
19357
28308
7066
2737
29477
4116
4118
16015
20182
5472
15442
30143
9437
4806
28404
24989
18744
5143
11546
14624
1039
14763
27467
24066
12872
9894
21166
23841
21590
9338
26233
20006
32593
8109
7597
22116
25676
25053
17665
21251
25059
11521
15643
28253
21523
7153
26886
9384
5711
27689
24801
31702
27599
5321
15572
29369
16940
20193
3145
27499
554
29420
19800
5357
25300
20378
30850
6158
29391
24019
29859
2958
19432
30200
1826
29572
9455
27244
5227
20477
13768
11091
17567
32486
8639
22425
24713
29996
23580
24374
31445
4897
15095
6833
14716
6178
11342
31715
21379
31095
16725
15358
5861
8314
1037
10958
2766
21499
19224
830
521
20708
32716
26909
12732
22041
2694
29730
8275
10146
22849
27694
186
19724
13415
6866
19919
3852
21990
22033
14871
30822
30343
10343
18351
24077
17788
14858
7302
12940
32311
24431
26314
10404
4227
28944
26016
26935
3789
20589
27160
24677
22210
15952
25696
26100
10272
26198
20792
17653
7621
17323
7077
26276
15629
17173
18154
9361
3930
17972
29876
1533
31220
27656
7061
27783
18452
17075
435
29704
6971
18048
20418
2491
13768
21029
20527
32417
21450
25669
11934
6435
1555
24121
19351
27130
17294
8208
30844
26700
9426
9684
12223
6423
32246
2575
7505
17875
19111
4494
2910
1619
8313
9317
1847
8685
7035
22580
21136
3034
30990
28584
29931
32479
21751
29508
340
31789
15538
18273
25679
12679
3337
25459
19983
2722
19942
3727
3304
29137
102
17706
27655
994
4910
11300
27233
15170
28930
13573
24041
22120
23956
22406
22278
32113
5273
1107
22596
27400
24354
13583
13898
7305
4906
15768
13324
19814
12651
17037
12097
16841
5495
30990
28952
9339
27651
5059
30502
31748
25478
288
18595
31508
19203
24295
11223
12321
4898
18158
20431
22610
25990
22818
15956
22940
18011
9932
10782
10283
29742
25363
27972
6915
31234
31938
19447
29671
10144
1356
20336
7801
25646
2318
19751
27300
3843
15571
