27707
21372
1661
13209
6294
10400
28595
22613
14993
32356
30342
31168
18915
13814
24187
22558
9554
5198
29883
30659
15471
5393
10088
11038
385
25782
10029
32246
14271
17895
18201
26100
29122
26154
3757
23650
21561
26048
12851
17714
28895
5837
25938
18242
19882
14266
15328
31198
27717
11480
3319
2951
26049
32070
3147
17906
28296
5908
3514
4948
22162
7848
10021
26845
23003
19809
9343
14978
21780
9083
547
23552
12952
28979
24939
29470
9123
31531
11134
24370
31166
15887
22121
14822
13438
5497
114
21820
5998
18962
21928
23248
23626
19195
29631
28766
21870
5739
16411
1411
5261
5529
25643
11976
27046
28636
25592
12764
20020
6416
766
10017
4262
7997
27450
21610
21518
31603
19076
9476
14365
27128
23071
25331
15695
3494
1167
5501
14691
25230
7594
10477
28686
17377
24818
17297
9200
2321
10786
27653
13255
32307
7175
25779
6115
15272
10641
24731
21466
8444
13610
30032
12412
30478
14918
28227
21001
32113
13628
25924
32418
26387
15700
17478
10494
2588
1313
5219
4958
18201
13585
15904
7875
27482
21570
7921
6750
4760
13207
6144
10056
19420
3852
31274
1139
1435
22854
29514
22241
1318
25967
24763
16915
27970
25408
11032
25797
6162
24927
3910
3544
18494
18924
30901
15760
30030
3414
20706
18175
14167
28532
26657
9665
5594
10961
23449
23530
15849
24135
7312
27709
25483
30927
31977
17567
21090
6039
25834
11467
29067
2645
5699
3398
16070
29148
8268
8854
1239
11500
27023
28847
20780
1871
29318
2734
27839
24353
13734
713
23614
13424
18588
5766
11114
22277
8918
27436
1981
9856
11589
28279
28239
6315
32609
12176
28922
31240
28014
17468
22204
7340
19454
3668
7006
26960
3256
30069
4691
1702
6231
26872
12515
2793
2550
15909
17289
27576
12170
16035
4761
8228
29616
31539
14885
10504
5289
13983
14626
29593
19618
31980
31687
19005
20281
15063
25910
18337
16446
27008
7262
5
1974
8800
8224
21723
10022
12160
26288
9873
29710
27629
3135
22699
23475
2151
21719
23572
5153
2137
1414
13238
24177
2830
22718
10056
15944
13601
4604
6247
19104
20021
29864
11753
31691
26343
8764
18798
6836
6913
9129
31543
13673
17392
8695
26684
15574
12153
4651
22136
12243
11943
22637
21384
30562
4360
9834
10612
22577
24601
6392
5581
7527
28414
22776
30456
24733
4726
17281
25545
4905
5391
23867
24916
11427
15254
5384
11007
8866
28114
6634
16604
3527
22386
18465
12342
8189
5443
29075
19050
20478
17062
1393
15864
24090
31554
23320
17882
5684
9462
9269
25365
29453
5649
18989
21645
1733
27590
15036
16669
19614
9434
26588
18407
18436
21664
32488
27369
5322
551
6913
2002
19639
1970
30385
21267
26177
1640
24782
2360
28824
16973
30881
19065
20710
31345
30024
21644
25813
4456
31833
3774
11859
6649
19400
7234
27794
7194
15115
26825
18002
9757
22395
25427
26978
32292
8190
23364
17252
2010
9187
13242
14290
12901
2317
24862
30526
662
15700
25849
23518
3427
22312
15369
28487
30360
26999
29333
32121
18377
20177
21245
22812
13195
12235
25237
13577
6372
18593
8371
14092
23295
12831
15367
10216
24868
12737
12843
25756
21224
21785
3451
29925
25761
23665
13607
27396
18461
14514
903
28865
5524
8324
5806
9648
16602
183
3905
12979
28377
19426
12682
14016
16191
27977
7368
28901
24180
25348
3273
19337
29647
17246
22971
11508
16393
12668
10816
12562
32754
1343
3008
12403
26466
10858
25859
14487
18547
31496
30463
22889
15085
6408
24558
27657
22530
2859
21668
14030
24124
8480
1056
4748
20915
25325
22881
29970
27779
3984
3963
1271
29565
28390
19433
6807
17181
31437
13093
21080
10428
9093
11126
5170
23559
13149
16905
13422
11440
5515
26180
4525
14436
1115
28503
21549
15612
25228
8212
12872
23287
17398
7424
24125
23592
26993
2218
307
21164
13299
14907
26491
9247
21240
16975
16918
21775
12839
12803
8567
10417
27186
22607
3465
26835
14590
27031
24308
27154
17668
17788
15773
8269
12279
20216
26731
22362
15526
2730
10833
25591
3109
30574
8329
24835
13863
21809
13853
19694
16559
19972
30892
7022
15080
13678
10859
3955
32592
20999
13674
29022
24860
25922
25625
30061
18649
25995
778
26234
1103
7826
20472
26854
19882
11238
23049
27088
19932
453
14160
3722
7741
30771
13206
14413
3444
3145
23642
28715
11163
19408
3606
20294
24990
7950
26308
14144
6116
25824
16801
28402
12338
5385
8241
30561
22220
23754
9347
11501
28381
27059
182
2252
7704
22200
32700
5815
15264
28551
2910
29411
9765
15897
21376
25651
17744
5767
31399
26284
14946
5408
27576
14889
1048
17080
15619
18768
6609
21314
17535
31940
16882
12962
16727
20124
10122
21436
16038
12821
29490
30161
4991
9091
27448
21515
9265
29838
24316
29526
18633
10394
24985
626
31960
30087
6088
70
15478
15515
7426
7288
12934
4028
17381
1594
7228
5859
13785
7527
1501
27085
13811
14798
17606
12788
2842
31950
21168
10429
21864
24867
28210
17907
21202
31999
9351
12916
22284
10844
10386
21290
31399
2449
6943
61
17789
4644
10348
15495
22606
9696
7912
329
22955
23079
25402
29212
10771
27529
25989
3370
9053
3989
31723
11165
26453
6382
18000
26200
426
8610
32608
13029
24840
12216
24275
19631
27521
2056
28911
15986
12849
9040
1871
8175
2082
31107
9956
23524
109
5988
5945
4667
6050
12884
30459
27266
3178
11880
31160
27291
11115
19135
13031
9653
4716
26643
4649
22395
11962
7565
29902
16266
31434
4062
28827
20777
16159
16011
15306
2868
23150
15240
22099
3162
21761
265
22634
14217
17241
22933
2633
31909
15383
3676
10543
6528
25885
20426
32169
26375
23536
3164
10000
1721
32096
10675
16467
1118
20588
21479
16886
16373
6240
22301
17755
13294
21056
14172
3393
27545
8553
31388
30602
15839
28534
22816
15425
8240
17249
18438
7643
9660
5098
4637
28349
32486
6461
29430
4095
3317
25039
26686
19824
24077
11913
11594
15066
9567
23080
5364
30343
924
20452
13734
29955
13231
21839
7092
14884
28587
11137
30191
9032
8706
19314
28791
9950
14073
16807
12752
11560
8792
27921
11832
26174
28006
9522
17720
16727
24852
2945
23930
26948
8313
3088
29402
27197
18302
20844
19135
25824
