19886
1095
15920
20936
948
21961
24114
26219
20750
4143
31461
4839
4389
6029
17691
28046
18062
21369
30759
11840
19513
27501
13479
28141
9964
8812
32161
32597
2800
5608
3026
17682
27147
25572
27458
10457
7598
31830
5916
6141
366
8655
1981
10548
4536
23901
26379
20382
25281
27057
24328
16131
957
22909
13991
25949
8785
32032
12510
7574
586
19333
25084
32658
7567
21064
28477
29040
84
28955
27803
24077
13713
25705
19688
13514
22451
25401
6170
5776
6545
21588
23526
21521
23457
24234
2704
8528
8556
22770
15361
8803
31551
23697
1306
13687
14372
32701
22856
7702
29712
31458
10840
30117
22110
15684
14989
1329
5244
13543
21744
27755
3301
19884
24552
14832
3663
27580
32266
22734
7973
25897
12594
30532
22839
16083
13267
19146
11697
12425
31883
21841
9545
13425
8187
4044
28861
9642
1237
7663
23933
12847
7734
28471
676
9215
8247
28970
14893
17787
25279
14048
14948
25871
26267
14786
25498
15380
12496
6034
5661
15605
28719
29100
9320
3217
8491
20875
13718
10977
9192
13966
11293
3803
30868
12540
25784
14742
5626
11847
24997
1198
3668
23181
13841
12266
30305
15204
17873
29212
17080
26583
11602
4425
3932
428
26067
17930
1424
21481
31185
28210
21485
14998
24003
21169
27825
14275
16648
1209
32346
22989
27422
5663
23156
22238
30996
12547
16047
435
3906
21171
13364
31650
21303
11725
31033
18395
16883
30628
10451
9198
13911
9445
5388
18829
13273
22907
1846
32147
18812
4015
23167
4166
8448
14996
9413
13017
3669
26530
25003
17974
13142
9121
21484
1786
2996
9929
4335
15040
30000
3111
27292
17058
2062
6210
11119
14077
21446
21247
22730
28789
21500
30914
28560
8761
12722
1750
20207
27016
9405
26383
17789
30325
2421
32429
29831
12775
32433
9348
32165
1251
8179
16986
11922
9486
12255
9617
7995
2669
18162
17158
30230
29296
23152
29240
18101
5167
12190
25517
16027
27123
3890
22161
5198
13304
19720
20897
27822
6257
30742
25415
10884
1229
18082
11526
23646
13369
4786
15897
15515
32614
31429
343
30658
22924
31424
16986
11544
7855
4395
3552
23921
5921
17565
29041
15430
21576
7541
24131
5896
19105
26571
13146
18100
19717
20903
13043
24488
19755
14704
26403
5045
1391
16551
14780
31349
28625
30421
17264
13278
11841
12481
5689
6424
18458
24551
1784
28556
24812
32294
14940
21054
19582
25017
30981
17756
9235
3432
3817
10263
16621
20735
14839
30897
16400
19968
27643
7895
29512
13461
25538
12338
25453
19656
24958
25401
18406
8182
31339
9289
5996
22145
20403
247
5648
7622
11408
23973
1152
10831
20400
10579
21638
10825
25565
952
1745
15416
27613
2449
5624
15849
9623
15162
4796
1960
10360
12667
21902
26548
17173
5284
26961
29168
23570
2524
4960
30683
23106
2742
7379
15554
22543
23301
16638
14901
9757
4338
25915
2231
24874
25419
32234
16569
7993
12830
17589
26570
30703
32135
9241
15880
27709
16070
31777
32730
28991
22420
9333
28641
8804
3000
20372
15659
24272
14549
13150
6570
22014
16518
6869
5349
18346
22700
17700
3822
31470
13831
13793
22420
12459
17668
23183
19929
5418
25814
10599
5031
29955
22728
7512
10686
14654
25554
13132
2033
28345
17002
19629
1426
23753
30364
6951
9771
28452
6749
31152
7790
30463
11293
22214
9583
1907
2459
5112
26129
28965
3325
32424
9406
8486
32
17935
27996
26392
23085
4738
23932
26259
31597
8691
24276
14279
23390
3514
26095
31586
23814
7574
2339
26036
15751
19438
964
1296
20724
24413
31127
18294
355
15726
3721
880
17475
23204
9889
2106
31216
27582
25140
31013
27525
15416
10840
30781
23282
19989
24986
25642
22862
9948
3316
11604
22382
28129
2297
1611
9398
16325
8019
29541
20527
23360
4207
32169
8154
2846
25975
3307
4676
29064
7809
11577
7771
6277
4358
17270
9600
27585
2709
30021
19421
32652
3016
18473
11001
18725
12152
15338
4745
11321
4653
25658
19338
423
19928
17816
4492
31622
24005
31093
13905
2665
32459
23957
9110
10209
24518
21177
12081
10820
13895
20091
30044
1453
2953
17529
11601
7748
21927
10933
11287
4032
12557
7484
2459
3626
20012
25862
7170
17379
26483
26142
15678
20712
21370
14594
3807
20309
1920
29517
12332
296
7703
25491
6771
2888
13854
17549
6045
25030
15856
11126
1797
18786
32475
13748
25739
4689
31956
14779
17892
28733
32360
32559
16948
5006
20726
16968
30686
26600
7452
1659
9370
7156
24431
31831
969
22116
22895
32429
26374
15409
3770
27379
15614
11303
8831
22762
31361
21412
10550
30079
6617
157
17038
1263
9306
21729
4007
20527
31290
16034
22914
395
19619
23089
31670
13453
32263
8457
26468
15648
23732
2575
21100
27125
27560
32536
26337
17958
11686
19372
1723
7706
9865
26890
30668
19368
1753
19307
3062
3455
13724
5259
6554
28101
11374
20326
22611
31742
22996
6463
30181
24112
32206
23527
30576
32068
13483
32060
15082
20656
9249
10224
11467
3411
32413
4492
1546
15264
20696
25012
9801
30975
19883
7852
24141
26736
3108
17179
16048
5746
27609
24847
16090
21539
4988
30274
20525
19880
15792
21916
12672
24527
18459
18936
5839
28915
14525
22059
31024
20769
11648
13890
8969
25976
27152
1548
19585
8918
30700
12505
23604
7089
3262
3712
8235
9538
10984
20903
4875
22505
12383
11070
396
28365
18364
18253
9261
19139
28560
1776
295
7281
3064
7071
10911
31155
13938
26547
11551
25149
16367
18470
16967
30594
6442
11163
7104
27605
5431
6814
23154
27854
14943
5420
1527
3312
5419
26998
6223
28808
16831
26594
29141
16856
8041
6227
18801
12405
25210
21674
27920
32750
30805
27789
26193
27054
29125
13927
22401
22052
26516
12719
9418
12577
3417
7790
15783
23937
26257
11771
6811
3085
20977
12553
17187
31136
24315
26340
28649
22665
8656
20984
7482
26929
31045
13715
8634
1534
31544
8428
7511
9846
31525
11107
21627
7592
24308
17930
19334
6087
13845
18021
13947
6937
18127
3694
4345
4111
1493
30172
29294
5302
11291
22693
29319
8014
24295
28354
12779
13367
7723
20786
23336
13077
27922
20545
12269
32556
26841
32522
30331
1804
16864
6203
23382
28531
19201
8216
6976
25967
4896
26563
2407
23491
15619
21946
