15413
5693
28842
32329
15205
23573
5165
30430
24976
3611
5061
11613
15230
12363
9353
32590
31278
4852
27553
31504
14608
20505
5649
26722
29813
14359
8914
14889
17475
29065
4903
19821
12013
20585
29998
6564
10402
10360
31925
13875
4805
7903
7760
22834
20382
16150
24744
13167
15951
22277
22550
19894
13065
24169
113
19280
16255
28026
26916
13770
24475
1739
26499
13816
24176
14449
17247
24120
1905
22631
4567
27131
30688
24625
12914
5762
9353
11200
8811
30950
26543
8086
6732
30043
11079
31274
10686
15285
868
21646
17824
27948
19699
5711
31830
20316
9384
24733
17508
12432
19000
13483
6459
24895
17353
22873
23122
26327
21926
17425
8313
19386
8760
2286
32107
12422
1586
5668
22946
666
1291
16028
25711
31702
22961
22494
19017
20385
32636
28468
9574
10545
18272
23052
23688
24327
19816
9631
25626
32696
25183
10704
5499
7155
15824
17239
4250
29120
3122
31006
23491
23814
11612
4331
13752
12624
14143
22336
19972
24784
4307
7808
22412
5285
14674
14674
10599
6745
4005
29770
25071
19118
11803
21191
16408
19866
11873
4887
9985
24464
27055
15842
32713
31745
2367
17605
28068
4387
31491
29757
2094
8433
7831
15559
4095
29555
15989
5957
20863
15935
10600
2212
10747
25920
67
2236
25337
14518
3026
20599
22473
21630
12049
21302
6493
1172
18844
26480
1115
21206
7783
25244
32111
8714
4783
11346
18406
31267
22832
3245
10873
27072
23961
14835
22118
8438
1085
27000
17606
10575
4619
26559
32282
24338
20672
31715
39
4037
17243
6709
13828
25073
32465
10791
13937
27173
31491
25449
15466
4413
28653
1617
3580
12260
4896
29568
17752
856
18802
26307
12326
24430
8436
22839
14619
16853
10020
20145
4046
10910
28516
4700
711
24060
23979
9892
16345
29513
2427
27731
28339
21834
19731
17658
22961
6068
21733
13459
6392
17903
17226
18020
29633
3865
15477
14631
27637
29518
28325
13927
10235
22055
27295
6445
11981
6784
24668
2012
10834
11135
5119
25946
9192
5842
7946
23920
28479
7223
20944
4212
14190
22082
18734
8741
25152
24667
3190
12246
15823
7686
18348
29135
11349
1895
30197
3056
16958
7941
4172
20887
2690
29902
5239
196
25905
23131
30777
14459
13392
11382
23754
11882
19171
21977
5764
26572
21067
28473
23775
31117
6610
8323
13983
5039
1157
10086
30284
23532
2370
10001
23267
23453
30993
9534
10443
1242
32695
22639
20234
4835
4745
11127
27833
18878
16767
6717
19125
22818
7817
19389
7576
26260
12070
3407
9192
720
7218
4908
29838
3690
5119
8750
4489
20917
4776
1751
4835
19428
1186
32149
32228
32111
30612
28740
7303
12729
19817
11509
26922
3055
9635
31214
25225
23347
28914
10994
23533
31226
25349
7106
7585
15538
13984
13283
27046
13225
30703
22434
14503
17450
18714
27222
17199
23785
21785
17893
11034
18848
25802
19337
22858
27131
19008
29140
25499
20402
5726
29682
3864
2036
19621
1583
17007
5132
2379
13240
31906
21823
19853
18854
9216
28659
26182
29496
16724
27159
8383
27488
31580
2238
16841
26498
26236
12557
29449
8056
31924
20568
6804
5849
20944
3976
20668
2939
22494
21952
26665
11574
18405
24128
15403
747
724
25993
14670
8389
32441
12737
21551
5055
5171
31322
25231
9831
16426
29423
2726
25313
11709
32110
15545
30254
7292
18300
27375
22703
30424
22293
29537
24548
11479
19059
28784
7546
9997
20274
25435
12165
26055
5297
27921
26122
8329
15803
2371
25024
31163
5479
32702
4119
6815
2876
32760
10362
19334
15001
6888
3793
23620
340
3867
16203
28897
27042
6917
10074
1681
27447
18837
4095
17638
18350
27916
32071
28485
1578
15374
10006
2711
21054
17657
28451
2880
16906
11127
30788
8021
18343
25679
17132
26889
20934
25473
29425
15721
24467
28817
8851
15178
3040
5411
26299
20095
21375
22984
26752
29519
6895
17688
14319
20006
14140
20737
15372
27530
32288
19038
25620
15441
8558
20171
32261
8721
22960
23736
22112
8153
9231
10685
1326
798
6004
13101
3137
6392
5357
15598
10940
17295
22354
12936
2518
975
9768
7803
9946
19300
12229
11222
7794
10978
20149
26117
15654
12355
15965
10987
31008
2455
734
817
14642
16375
2109
21725
3354
7867
15552
9254
15108
6893
10907
22150
18000
20221
21707
11282
21398
24245
23363
25351
3559
22384
10822
14757
29014
24711
14612
16960
7863
20493
7112
15764
7335
30652
27777
28505
10701
15918
20416
8471
1119
22609
6161
18236
19175
14101
19694
31852
23111
32103
6368
18200
19706
4707
25319
23890
32670
9157
5916
23263
16047
11425
25237
7566
406
21589
26249
15305
22242
14779
9908
18794
26069
32419
14077
24272
10530
10112
27735
5681
18165
9057
5349
29489
10804
4131
31585
26804
16644
3813
14782
28913
1168
15549
7948
27593
11782
9129
11421
14166
15585
14281
28262
14022
12910
13515
12967
15210
9865
28582
25807
1034
6568
28811
3994
18044
10268
26904
19068
30580
659
23248
5698
17566
20448
456
27895
29930
23551
22434
2308
9000
14419
17087
10140
1748
12595
17841
19031
16179
15525
17135
15389
21663
18025
10445
23878
25630
32058
6571
31487
10554
1360
25708
13808
23053
13353
24874
15388
2460
14729
1575
23048
1126
22976
18695
10015
23356
7467
8253
20821
4178
6397
14532
19467
6807
13631
13327
26162
13122
5142
578
2996
8621
32325
11426
13839
31079
30962
9290
20547
32389
26797
26913
4591
9272
26030
7432
5559
22949
9566
22360
12008
6384
7450
19595
16991
27802
16947
7737
9895
24334
2873
26439
20321
2166
5753
22619
18409
11987
6596
30866
16694
11341
32626
24182
14082
4039
21671
29994
28715
11191
27861
8680
24154
1845
24194
23982
8418
25938
15692
5939
12011
22186
13610
28960
27855
2365
27380
12413
12484
19066
17958
28521
31420
28573
2017
26639
25481
6203
21298
27605
1861
32539
2711
23254
28401
19784
9919
12179
15708
9060
27282
29413
9030
19775
6257
11319
24262
21417
3263
8689
18921
24708
24992
32311
15516
10525
0
11220
17868
21180
16856
32625
32715
1401
2476
267
1014
8530
29529
27044
16789
18811
525
10552
15362
14837
28567
2290
29710
7010
225
15776
160
18712
954
32357
6815
15732
23001
29613
8210
6256
13599
4710
21126
29816
26909
