19618
3091
23250
6608
9175
5808
6539
5173
6707
26423
24673
7342
22298
26064
7153
15920
1849
25536
4726
14302
30652
6613
30875
3718
29121
26117
18573
22383
27149
3154
3923
8274
22782
32497
9314
6310
20161
29098
32620
24608
6085
15490
8314
7803
1392
20888
15930
18549
12048
19021
11930
13850
16148
20391
15765
28228
8316
25080
26189
19299
8334
17338
8795
23930
22731
3006
17251
11626
29985
8838
2795
17779
10850
12015
29805
8952
28917
13842
26026
30082
22476
29293
14658
20232
917
9790
22402
10606
11829
27952
20861
25931
14962
20793
12894
9711
12271
9923
31484
11941
13150
29706
31663
9525
20209
26565
99
23981
7953
8968
746
4961
14163
23145
22423
13105
21416
4706
2056
6922
10708
31478
20547
29360
28449
11927
29189
442
26196
22600
21078
9950
2528
1279
5473
21614
9818
9293
11395
13859
31021
31808
2722
25626
10127
5257
29376
18204
8627
23770
5327
4642
17984
4754
27847
29976
23043
10652
6135
27874
10208
15508
5272
21661
23823
18476
8104
7207
30085
13775
9462
18401
19631
31108
30073
7603
9830
18196
14309
9041
17440
8815
18304
20925
23139
20300
30002
8718
31360
25616
24284
22383
17533
1009
20715
10858
30035
1115
26157
14695
9562
402
23011
25199
19201
9882
16407
27190
21954
11348
6192
5209
30037
21481
28099
4324
24868
24683
31660
25367
13312
21434
1374
9578
12306
29349
23159
20174
32532
21586
14488
23862
17089
224
32627
2390
2441
25418
27429
26538
31626
4751
18631
6843
21436
13840
22847
31390
31083
2361
22108
21949
19947
16995
20003
11994
647
24825
18531
7248
2746
9946
27280
11420
32418
16639
3533
29725
433
25438
31563
10264
422
23566
17106
27391
25019
25003
24477
11763
26144
8444
8043
19335
29609
19923
32723
16327
30660
15157
30168
8569
3245
16059
21437
16546
11749
25400
16667
3660
4320
11932
31024
12679
30205
32537
17274
28078
1468
17284
23172
15851
3628
4861
13569
18941
13474
26578
25879
6201
28592
417
509
8399
23893
12989
20424
9807
18802
7379
6530
30572
30845
8398
29053
32255
2681
1527
19430
16207
2598
7265
10141
12687
31861
24196
14660
2728
1086
22056
19607
27705
28213
18565
20475
4316
14619
28072
15961
24236
28209
14104
23340
772
24050
27066
29913
31625
5377
3826
8512
12394
7521
267
10384
998
24548
5849
4703
31503
14822
12956
2298
25550
6970
14376
1785
7208
16485
11843
791
24255
23818
3919
3649
14492
19110
3369
6125
3115
3966
19536
19629
17799
20949
23114
17156
9208
2913
25411
27256
15547
4352
27384
28904
6913
17064
3283
4640
8505
30620
1879
1451
3986
31462
5823
32488
21436
11265
25314
29537
1519
6102
1114
6999
14127
7658
25829
24738
29902
30165
32523
12216
9522
10486
16642
24331
8665
21605
5838
8344
12953
18217
24492
12732
20013
20651
21169
15690
17389
21355
5807
9180
13021
28658
4440
7782
29161
23560
12710
28433
19823
14886
14714
5190
15870
1326
19075
12808
31838
25690
14945
9608
5840
31602
29194
30451
27542
2883
23661
7567
11446
30284
10326
18950
20732
32186
24978
11010
5694
19095
9555
24569
30947
5950
30166
3659
17574
3346
28994
19594
8856
10863
28628
22552
18532
17633
19769
18680
11479
31636
24891
14302
26016
11788
27552
2696
4692
19222
30543
23121
30901
3071
30901
10500
13875
28675
11111
22510
10931
3080
29449
5431
144
653
17262
13170
30175
14301
21504
8050
19192
5768
8803
26719
31282
30739
2133
3594
7405
1519
26841
2430
8662
9896
14484
17368
14438
19295
25975
28504
5548
12666
24990
30391
30285
27802
21880
30395
457
19661
15657
30218
29439
29958
29996
20284
10740
13770
31293
307
2768
43
24694
22959
20009
1274
17848
11805
9860
21561
17228
5808
24345
4303
8906
24499
22487
3199
23098
9502
680
24603
4986
19559
17910
21493
17120
20634
26734
11415
4383
5292
27140
12212
7279
12301
28215
30046
21736
27004
7062
22904
30767
21535
5251
8559
28757
17107
27959
10789
6652
1473
17158
12846
13756
9778
22756
5183
2245
5284
23849
1507
28869
32028
15505
11888
28428
13759
9863
10810
28398
31644
9891
19974
19304
29133
30577
16066
22535
5822
29300
12659
28934
9164
16746
26478
22198
2834
13522
15051
22563
1919
25516
20247
4341
29484
30848
14921
16020
22509
20385
14839
28816
28199
19123
18634
6207
32225
32107
10288
15272
22045
6038
12880
20383
20072
12381
2115
32050
1712
22215
28801
22084
22870
2943
31129
15736
13188
2008
13606
1361
18369
30222
7934
2711
20162
32463
1196
19964
19075
20473
289
20735
32663
166
24742
14865
6333
30310
277
1014
10419
12235
585
15471
32335
6187
23251
5654
32459
18593
9454
20873
31329
23125
14262
16842
12055
11773
24724
28646
28125
19620
20733
8661
5589
17834
5212
18594
23026
11789
8780
6604
1220
9446
24843
22507
11922
311
11307
3734
6570
3299
13195
17797
10485
28926
18054
28403
9422
14151
24426
5446
16916
1267
812
3058
8062
29357
18778
10139
11567
9690
8272
16762
12939
3873
8623
2561
26184
29227
2827
28354
19656
6823
12004
6029
20646
25234
29144
16088
18831
28085
10262
26980
25939
15983
26390
16670
10043
1972
8072
5956
29086
24662
5002
20936
19887
15235
32029
18425
26009
19088
30938
21088
25806
11252
2273
4584
12955
2968
17427
12867
15105
6222
1409
11144
14784
29342
12323
18209
15284
30921
23246
27620
19044
5128
30816
30080
30169
27413
20542
6939
12460
7660
23296
10553
12899
28371
22378
4832
21502
31896
11166
7674
6860
29210
26257
12026
25987
20234
30140
30658
28560
11763
25364
3524
7852
11128
12091
11112
20144
21214
7160
8366
4010
13258
31461
14101
2608
1355
21607
3259
32244
31258
31459
10949
3737
10785
24111
23297
21189
13627
13127
202
22904
827
17474
31021
6556
17711
31876
17994
32733
7142
1332
2556
3770
1967
1521
5052
17628
1380
24000
1474
15783
31911
26697
21870
16400
25452
9028
10983
12206
15032
18478
25602
5139
18599
11840
15973
10844
13236
2209
27884
13575
25397
21723
7243
32261
18725
3468
10997
16144
31014
30046
6205
25663
12486
3640
28347
23768
13570
4278
11762
28261
10505
30679
30511
15882
16962
29942
436
1045
32143
24572
6678
7639
14804
