24367
3926
25169
2432
5183
4358
10710
16233
30299
25464
15221
5616
24030
17380
19603
26031
5776
3650
19287
7688
25816
32178
11636
10414
27437
19482
8515
9831
974
29969
21781
26897
25267
8188
18631
20195
5059
30070
23959
25334
10567
25590
6197
26372
11935
6059
18718
10863
13107
10667
3877
21125
429
19021
26706
30722
22374
27347
17648
15830
12317
10829
20706
17705
31215
2490
26422
8861
17795
11119
25597
14547
18054
8637
18521
7216
14423
4302
25815
25569
31491
10192
32255
3100
31859
13653
7978
19881
16868
23290
3988
3746
9624
9287
7602
20599
7371
1239
13510
16180
6633
441
28848
17927
24318
2581
9223
19709
21614
17171
1128
1036
14310
19192
28942
24406
14226
14227
1955
10412
19857
21463
31574
19025
28582
24777
25134
14081
26416
23965
27806
4914
25948
6939
15193
922
10137
7752
18279
17649
16460
5699
4217
28920
22469
26989
1402
5306
31090
7628
23398
31762
16723
8370
18015
22125
32174
12697
18686
6353
6404
29778
3559
16671
24643
28255
32672
24213
31037
29597
4771
918
7513
17958
30129
1198
27785
28021
7274
10449
27772
2251
22555
12003
2068
8402
29399
19582
8986
15488
201
2543
5681
15679
23496
8065
9992
17995
32044
14335
20692
13147
10720
15476
28926
25219
9401
3381
11288
21849
23302
19489
7958
27991
16233
7208
12475
18304
18149
31242
5969
31558
15415
4705
26269
16556
23914
14562
14866
16808
30630
25824
20293
6859
30025
22289
9377
20259
4664
19605
28764
13153
10872
25396
937
5175
22264
4840
28208
7172
19633
24731
30139
15283
12785
11825
13874
6880
24052
19401
32201
21309
14005
11840
14712
31541
8451
28407
1452
17359
14039
30935
14140
11732
14309
1682
28830
6708
26737
22059
5979
14758
21092
13752
15808
8079
7327
19815
21718
31781
27791
19135
14997
16852
1538
20776
30805
14817
7481
21422
17797
19533
3902
15362
8863
32508
29816
705
8283
28694
16764
7417
10020
20398
27174
25322
21192
7329
15081
21513
13939
10433
23651
23627
7390
10291
13620
32415
6340
20502
7697
2236
31126
18533
7188
13342
30831
29983
5462
22603
12618
23205
13248
4699
15475
8547
27166
1463
31803
31922
20341
6689
29424
30973
17559
23285
13580
29987
6132
23470
19373
19229
7091
17835
6981
27617
25090
29492
8851
29318
5034
15288
9682
29352
5350
21848
6704
1550
27765
28586
25985
23946
8430
27574
17973
22817
84
21829
30599
27500
1514
348
26104
19518
21064
30211
2044
16008
27055
32586
12019
28025
11418
5518
25690
9449
16021
30969
10051
26871
20306
9800
7682
12529
31226
2257
4138
18805
11969
3524
15544
8662
23229
31921
24717
2241
16888
14666
290
7201
16324
21099
20343
28735
24910
599
14156
12846
3702
1093
28308
18790
13534
25371
6439
15535
10561
9593
21687
24129
13063
31481
16645
809
30230
20149
22612
18926
12010
25354
11294
13429
29928
23196
23047
6434
30447
21146
19727
12096
26161
29252
7947
15011
833
5034
11862
6795
364
27062
15300
16332
13389
18284
9431
20012
15260
27761
3638
27917
8519
31434
4698
2892
7620
31207
18571
6760
30373
2784
14347
1255
11117
12798
2961
25589
25762
22909
6392
14415
22819
29072
4409
10847
7612
20902
27799
5544
4856
16108
26393
25445
25910
15379
8509
30829
21247
1619
14571
14938
11671
25520
28328
28650
18386
9852
11020
166
18217
2589
30838
22465
2829
19728
17662
28226
7804
11310
171
16486
26577
9006
27623
12863
2784
5740
10799
10146
12610
18920
27919
21312
11502
18834
19278
275
10505
9925
6246
24572
23808
12049
20534
3754
30163
61
27387
28605
10676
7564
11645
2347
10704
27200
18822
29411
26221
11613
25240
6321
22837
687
19167
21346
18897
23822
3173
7464
16570
32225
4741
25920
7244
1505
1954
18129
31773
800
15129
10008
30348
8265
9075
32450
19613
22825
20704
21145
4100
22638
25569
8035
28543
25263
23620
15623
7529
29357
21589
31986
1165
27353
31827
1977
16184
22
27169
15872
1170
16831
4414
8346
45
25324
30455
1010
18399
10481
30427
4777
25549
9000
11120
25472
7369
4081
20260
9849
1246
4854
10630
11577
28200
8372
23734
21169
17385
17207
10010
1533
31194
7204
27987
31884
1471
18429
8304
20354
5950
1697
21601
2138
497
19730
6830
24784
3514
9339
30057
14846
8535
31346
30305
3781
31542
18042
24216
25966
27786
10444
20983
1169
19102
26199
29505
28470
2665
26117
31814
27707
14948
4928
9817
7414
20120
18869
30467
26394
29435
11863
17657
13791
22524
6567
2380
22109
11613
30515
20704
29497
16193
15965
25119
29572
27014
26718
27374
16608
21844
1931
19168
14565
13558
25558
19882
19907
29161
16535
27096
6696
307
12173
22462
27748
20982
5407
5296
3275
2629
16872
9846
17242
1590
17779
13050
24734
19769
24131
16452
19922
29096
11031
12456
26696
3743
364
20286
11274
22541
3394
147
29120
28939
7715
27550
17364
31853
17762
12022
3797
7063
10657
30274
12569
20371
13205
1008
11687
28768
30734
810
1619
11916
817
13829
299
21253
26888
21500
23826
12588
16190
11422
14763
32555
25635
25219
13945
2184
14070
21124
3396
28411
9572
31531
11198
28029
12876
30825
4198
20898
22981
26503
28333
7976
30306
18271
24151
4560
2997
10444
6693
29036
6673
17247
4529
27706
24468
16980
21145
27504
10853
24004
3295
5656
8251
5148
13968
30238
7967
6093
4772
29608
7026
17733
7974
6821
7985
13599
11925
24233
20088
16022
12425
20728
5445
32320
28057
31969
25215
13561
14973
24141
5175
4892
26224
9879
31021
17402
26840
17310
2966
19844
4649
23833
18716
6219
17415
15403
19495
13227
29867
20792
2651
10818
391
19446
23650
31399
5421
31175
13035
2137
9325
24134
7410
6390
18109
14879
834
12718
28127
29733
15673
26870
16573
6302
25292
129
7576
25313
32714
23404
1889
1316
3173
9401
615
8847
20206
14846
9267
12181
2784
11870
23216
11395
8480
31161
11920
28249
1411
10272
1258
27098
11665
7564
9256
13535
23689
16847
32
12784
28837
10442
4481
6677
5534
2785
15473
22762
115
8620
2676
28402
6247
15599
15248
20013
12616
9165
29359
25837
15095
5688
324
19173
2597
684
5681
17539
7771
17437
21481
4224
2365
31790
4561
13237
23311
