1439
21620
16679
23533
25518
5153
31700
10499
17997
19167
1806
5950
28962
31240
14801
20598
6712
9426
23184
20772
7342
2095
1924
32620
17324
2545
31043
13147
16795
9010
21396
5229
10134
18931
30850
28754
28955
7683
4527
28401
30727
23843
17387
18350
25793
25191
16645
23528
28341
13535
11233
23238
260
26999
715
21044
6009
23580
1035
20776
26560
1056
16570
32554
10962
26592
20948
19731
6836
29604
25486
8981
30817
14278
2793
12283
11781
21015
6535
15794
24939
1662
25533
12041
2745
19170
11499
2741
25435
19018
11784
14232
16701
9027
27265
20035
12861
25987
18244
9145
27616
4811
6167
29045
25411
10002
5935
16047
8533
27615
31486
28380
10052
6903
7756
6516
30517
5176
28297
3831
5432
10949
5218
12082
5243
19811
2706
29887
1214
3619
5883
22987
21510
19778
23029
31259
30870
2893
26598
5713
30491
9864
8467
23660
6439
1937
15285
6543
26592
321
13392
14595
16122
26579
6208
13438
3042
9032
24212
22950
3388
16649
17184
2257
9872
18639
22478
20751
7232
22720
16437
3434
19390
19675
19309
26476
13307
30101
24609
25314
25123
8644
28389
22240
5767
32701
24266
30725
13787
6585
10288
22528
23201
29054
4572
32339
6885
32571
17483
32343
22059
6067
10053
11905
8102
32157
15797
25827
6314
8779
29623
23798
20324
22923
4851
10902
30153
1227
20778
24142
1228
31104
11534
16086
8148
9928
3415
15322
19565
15949
22035
32253
21053
25709
26685
14366
22331
11161
16274
7642
3099
24315
8864
9042
32012
24668
6432
27182
23206
7492
7301
32738
20254
24419
14037
20783
13245
31791
952
30445
14992
10191
18383
16393
24672
28472
4678
7370
15076
7574
7341
20312
30518
4333
23811
1406
7300
16896
32276
16303
26376
882
12806
10567
20282
15403
4910
17940
4420
8445
1832
6421
18614
12679
22566
10369
29819
31834
30856
779
30476
28251
9389
10853
26339
12649
22281
1795
17203
24127
17016
18721
24790
1435
18130
23303
9094
21664
5056
18572
22353
22648
28110
16345
15943
9535
18881
3951
9846
25628
12842
17772
7192
3249
11067
21513
3082
19894
2266
24424
27264
26848
27380
6285
12792
1544
21524
18858
20076
16777
3636
30623
18636
31210
20947
15553
18091
8381
25415
16602
12857
4806
6741
29298
7793
15200
2047
25933
15251
1821
11933
31285
28629
27053
47
13306
26709
31489
5874
23990
13907
28591
23601
26197
19613
28825
4446
5461
29002
5578
28513
31947
30635
2208
20528
19623
22143
4400
5792
27448
28262
4838
18555
30451
5273
15468
3794
5488
13783
28365
4244
13237
9635
8155
23392
7095
28076
15310
20120
798
12685
18989
15543
30537
31414
23026
14052
19090
170
30953
14023
26323
16748
14937
6811
10537
32307
4326
10116
10999
28773
32694
1571
7214
19139
26323
28008
4812
23265
28368
28584
29603
24282
22448
7664
22620
25409
12035
30104
5819
15707
12626
19483
19749
30091
23229
11558
6239
13837
27363
24302
22168
4583
24578
199
7082
14365
11615
30707
15005
26405
12521
7863
2156
13466
11289
27060
15372
32053
17436
30581
4011
4344
19764
15941
1846
28588
25948
19523
29
10638
8747
19896
28250
14406
22010
19879
27312
25624
12361
25766
30256
2398
15711
18925
5890
21046
2353
31405
12898
14456
27013
27555
18409
25579
13143
30956
29198
14520
24444
2075
20460
10782
25221
4233
15430
9576
15334
32236
30152
10524
88
8491
7311
23670
25467
9073
10476
15124
1216
12161
16229
10483
902
17737
1533
666
7811
27577
24246
32149
25190
13525
11091
27941
11194
18441
32354
16182
14
26301
23930
17809
595
7978
30914
8019
1669
8556
31666
22174
2190
27352
23326
1678
2663
15247
17520
7535
7552
2643
4661
3885
7010
27290
27099
3083
20883
6369
26296
3992
9401
8515
30287
23520
28419
21578
18895
13535
7621
32261
221
28731
21090
4955
29075
11570
2671
18846
12745
18640
4885
19556
17811
25190
19383
1426
5898
1081
31701
11193
6992
17527
16433
2726
18638
29295
21296
14900
17088
9216
13442
14181
24052
14162
29701
5041
25294
7365
9191
11934
12432
32039
13836
11665
9688
4138
18607
9700
29291
14101
9803
11576
13872
12217
31932
17421
4480
29607
4001
20112
2717
6048
27142
4019
27775
16205
21312
23171
727
31024
2839
28087
22350
5851
4395
11652
21517
21856
31632
12217
28547
27144
8380
19975
17762
18248
6307
12960
16619
11760
22816
4869
15468
24230
29079
3352
14855
32659
10713
23161
6580
2652
2119
19983
28809
22100
827
20453
25914
4848
24995
19256
13788
18043
3823
17102
19182
9482
26158
32649
31641
21427
14451
3387
26423
27642
4734
31164
2067
21388
1432
2618
25455
15408
30655
23249
31436
24570
16131
7259
25189
19905
3120
25738
8445
22996
26797
17460
15578
1769
19364
6125
6674
31574
2659
18139
3589
22148
10243
25542
19499
31392
18503
25711
4112
7827
18886
25379
10396
15413
19277
7823
18584
11965
8319
11222
16494
5501
31166
3809
1328
20172
17231
11511
10460
8003
32696
19853
10207
22828
8557
7519
12247
6199
10156
26559
17309
25967
678
31277
24707
22381
735
26153
2266
715
22487
5445
22456
20188
25066
25470
504
666
23413
13260
26753
7648
7482
13048
8140
21210
518
15534
4256
13241
11665
5843
5664
26795
15013
30488
15624
522
5250
1744
2100
15059
32642
22783
24162
16219
5369
1715
1336
19517
13919
26007
19849
14743
15281
3269
21716
18038
24852
7132
13
14478
14268
30802
5024
9263
7692
29964
3252
28788
766
6188
8108
27582
30918
29483
32756
1120
23218
16679
21754
31132
2645
16254
122
6351
2020
29851
6655
23272
27104
22800
17319
30238
30709
5861
15398
14307
27939
21296
21005
15123
9499
13798
7245
20082
14572
9201
7158
8021
20190
24451
11077
31903
8606
681
24030
17903
668
2083
13910
23320
23474
22131
21748
8146
29702
308
953
26543
31793
13485
17309
24144
9633
32678
16156
16344
18747
28538
17905
30113
24901
12910
13858
27438
23172
13377
30268
12129
161
26885
25824
13806
2514
14893
24958
19728
1462
18918
21089
7035
13184
171
19436
14993
855
6419
15651
16600
18173
7662
17773
20652
21935
3729
6039
32561
10061
7534
3613
10124
10939
15592
21669
32339
23431
28261
19149
31041
23244
1956
1062
