24305
11228
14937
30101
31864
14332
26389
32335
11970
20471
21981
17420
1160
16877
28000
24469
3327
5010
17045
24526
29194
908
9366
30267
686
14876
6833
19652
16838
27905
2236
26805
19704
31385
28074
16137
12263
16458
28764
24040
30634
12320
11961
20334
6782
27063
769
6574
1975
23132
13150
32759
29693
10351
16317
26966
13748
28171
16859
4187
17852
1770
5027
24608
14427
30082
12215
8840
17015
9076
77
25541
7945
295
4156
12061
26830
18608
21078
2285
15424
26614
29433
18926
13764
22035
26593
16311
8229
22525
12864
13955
26433
30821
1809
20533
8962
14047
20905
19609
20112
12868
17551
9965
32709
21076
27789
11424
13026
13472
31239
29017
32384
24744
13452
17467
17353
1856
19627
2664
12007
20792
8
8899
7101
315
17327
14075
13013
27896
26791
7621
21146
4480
28363
12904
6344
18159
31189
17791
8224
22351
7356
2810
18016
31929
28480
10599
3698
2749
8642
20080
29412
18181
858
27812
15512
13620
11812
1658
12733
23060
19930
10898
12541
14833
13480
1343
3320
5696
12859
11075
15346
11909
24860
473
12232
2163
24124
26617
27177
852
7888
1239
8450
15019
22622
24493
1850
31768
12056
9402
3488
21629
7786
15242
12322
30815
20431
4729
9023
2959
21480
17267
30143
3081
29135
30205
31393
25628
169
8825
3925
26571
32634
6821
4651
16756
24382
31590
7436
4527
13109
27588
22632
18041
15230
19765
31343
28050
32231
16670
18052
1571
24836
10135
8430
5540
32126
31599
2769
1021
6574
12143
6749
747
874
28899
17222
1190
15391
29527
884
1473
11040
10655
18427
11857
19006
4122
7757
3665
153
27703
1455
31045
8118
9527
29929
17694
14033
6709
26690
28766
12404
6500
2987
29564
28232
23705
21819
16778
22316
12041
9179
15381
2948
8275
13891
7757
13267
26817
3621
9061
7565
25290
5031
27709
6694
15836
3351
26687
21615
20057
16090
17799
4130
7904
18342
11334
1979
9933
3314
18792
23690
18947
19370
27764
19719
1513
8486
15540
9573
28594
8285
18839
7786
26594
18262
31315
7805
9997
26848
8398
4353
2018
24195
13247
18401
12905
5814
29712
7020
3209
21330
392
15460
5069
11335
8870
27729
1128
10894
17360
4123
29046
3935
29101
20696
12932
7075
21199
16099
19027
27564
25749
11054
10969
15140
32591
10969
31369
9539
26020
30979
16084
13637
25393
10976
4080
23324
15987
27147
14808
6242
487
10526
28308
31121
24687
1665
28090
12150
14584
20863
17717
23779
32090
26015
3909
27813
127
20529
20935
949
28616
29735
25271
25523
31660
8230
30195
20879
29603
19165
14401
21642
22850
27030
7060
24925
11943
5386
14475
17847
1047
28794
26939
26605
2278
1787
302
12013
9111
4882
18091
9845
21829
25728
4408
13186
27714
22623
12638
27914
18941
5998
1452
27885
16425
3754
24831
11562
18715
22046
9728
17742
8052
31227
15341
7219
30977
23019
16541
25062
26847
4771
7102
26089
11491
9655
22370
7579
27192
21427
25018
28404
7498
23655
7200
4981
16611
6530
23387
10079
28820
10083
15647
14628
2647
4139
30420
27931
4978
11543
408
2423
25759
12813
18311
32378
24937
6004
13882
16102
16089
22089
23181
31925
7506
10863
27046
7689
31162
20295
23347
32358
14810
27265
30962
20511
22536
6450
1911
12814
29187
21286
27690
19848
16158
6263
29839
4240
12705
7518
8906
22603
18284
26698
9058
8117
19933
5679
20549
1681
7412
14625
25868
17574
3509
1313
18561
23848
12238
16183
3934
9845
634
8897
7256
31234
13477
12554
348
8340
12369
7966
1561
20147
30008
21981
30654
17755
1715
14415
9733
27382
28890
9271
12656
28807
10477
24811
3794
22312
19699
28770
25618
27062
1696
30351
8748
32459
5500
10989
120
5868
17474
2140
15663
11012
19846
12075
18219
16145
29595
11638
13550
3358
20404
8626
11494
23665
7241
27526
8944
22789
32445
24284
3866
32571
5181
11577
429
28620
17899
31049
14443
16386
10300
18623
6421
6696
27038
18524
13616
16959
5215
5708
15113
21234
10186
1721
30711
18124
19603
5787
20448
8617
10357
205
19966
20074
5401
10598
13027
1261
15930
21318
9147
19517
27399
21487
24274
27909
30408
14743
6486
26699
15557
6011
27229
18010
31587
27765
26409
20992
29329
22481
21675
5114
16738
4189
4679
8877
18171
20927
8663
6679
2736
13323
28914
20484
28522
8597
18286
6277
13900
24324
32547
11934
5270
22952
26866
5439
24777
12302
775
1141
6924
10449
25690
14050
21710
2994
380
11115
15277
4331
11920
12080
19350
23233
663
17345
27694
11609
32754
13711
32113
22732
9761
30368
6041
2429
20689
4487
578
29355
2070
18580
9931
1858
9717
13640
511
13559
29989
31755
22773
21907
11542
26657
13620
19087
28467
987
27675
30434
10597
266
13697
2839
472
1465
5528
22434
12289
12572
7703
6516
26336
27843
19096
29901
13442
24083
31806
4690
31435
3063
22684
4703
25970
3283
4050
19102
333
20666
19961
473
22735
23520
23490
7692
14799
1362
12889
30911
2186
3556
1680
19858
17388
9067
3897
30490
7947
9261
2771
28139
21493
13974
18538
15862
5035
2349
14264
26134
14189
20166
17552
21989
5944
19192
381
32212
10638
721
26022
9595
20597
26057
8692
31789
30658
757
20855
6096
26775
7805
2310
21995
30251
15184
2598
21249
26569
27926
7470
27678
17436
1639
22184
32431
25001
30522
19449
23190
24733
28576
31557
6782
29129
6834
27277
22124
3819
1479
16922
25751
2095
2027
26143
7290
2805
15757
21402
20519
1493
27768
17531
28638
3552
25605
24328
3038
10537
11662
29824
10363
8837
8485
4862
6257
19086
12934
28321
20856
18926
2635
26090
28441
26842
16223
9573
22463
28636
17589
11916
14353
1494
24378
17896
18559
12100
14344
3193
4379
21185
24284
18520
8107
26317
20682
8347
25596
11469
22319
20601
9849
7507
21224
5551
19707
27040
18369
24097
25059
13927
15408
30917
4455
29652
16708
19901
4393
30413
14040
25027
9742
14200
8204
10442
15437
22781
7158
27618
17862
24205
22164
18013
21142
12707
1541
32304
6120
23945
18425
15260
22797
9247
29543
25613
26320
20440
12926
7234
10499
26373
30941
13742
26206
9302
10758
2846
16010
22685
1040
4253
2680
6614
8861
6804
5879
25445
11788
8246
28038
2974
