13644
9129
4436
10370
25368
4330
5352
11776
19248
29476
4591
29197
23268
2238
31298
22511
32234
3554
23413
12476
5016
11486
7595
20180
17494
19914
9391
29359
19284
2411
1857
29913
2168
17240
20654
20794
28315
12123
164
30619
8692
17946
15683
1382
23252
27895
27511
19629
24724
21812
8582
19566
12492
22107
10213
32278
9926
18397
31824
7235
14131
7673
2841
18126
5148
19935
4801
10249
19739
15638
26053
32581
16330
16411
32442
13464
27772
27723
6812
23005
811
16642
19812
15611
15538
27653
17624
28523
21564
11549
11687
26356
13565
7429
28341
7097
12320
23430
11956
18294
20224
26849
22516
10759
5530
11885
3708
30506
18755
31361
19545
20869
3990
29588
6198
30443
31153
18083
2605
475
20385
5332
4829
25673
12314
25688
14525
32673
22635
6293
16303
32266
10418
13701
28377
20712
14412
29273
26800
30884
3728
24419
18773
31151
21437
9010
32549
8900
3632
4863
4492
2158
16347
10824
18969
22987
30706
9658
29656
29327
11495
17748
9436
20043
29337
31178
17947
16624
24777
295
19839
6287
15821
14007
24121
3170
16776
6692
17241
7440
1177
20959
30875
18989
28627
11457
13700
16640
16365
26355
11950
26762
29051
13835
353
28355
10525
24695
32098
15143
27639
25631
16656
27249
15457
28742
23468
14247
28383
14001
27129
30294
19283
22540
24837
543
20081
28553
31558
18290
8052
458
31720
18842
3599
21249
15462
18938
11431
26710
14424
29846
23231
14473
2956
13781
21428
20440
5719
7557
5546
27427
15405
29471
13510
20046
28784
24396
28318
23015
1414
20137
4589
9224
29230
29127
3724
6271
276
32375
16797
25645
7843
5700
21001
12204
14618
30272
12590
27957
26338
21508
5073
15808
18207
3058
30554
12652
20613
1213
1856
26402
620
27692
30402
20341
11303
12570
8920
5837
16018
24258
4201
31429
23531
15673
6846
3793
6627
23356
26167
13348
10740
25900
27452
18641
23540
27991
11639
21040
12011
2425
29504
9859
25634
27011
4441
23001
18556
19354
7900
29235
10249
29027
9585
9958
8153
31358
8644
12096
16910
18512
26679
25710
16437
20230
16852
15005
4055
30678
21893
21856
15690
30856
12679
15186
24781
17462
2332
27900
27093
31056
31360
25337
13473
28898
28959
14167
7700
21274
30725
32321
2500
21765
4246
4571
3663
921
24959
21870
15342
16376
20972
13253
12620
20723
25852
23767
29336
11725
26993
1702
14040
26178
20909
13670
8065
19400
18394
20194
3653
16405
21096
32028
3373
19681
7356
9267
31975
26861
14374
28554
32097
3652
26900
14887
17559
1473
21638
22105
22441
3025
8642
30878
23088
12922
25673
18883
26578
9373
25097
25677
11284
11896
2516
16664
11376
12142
11793
22334
30888
22795
22450
29498
13657
24387
17766
2382
13523
32250
27407
1826
4648
30666
1398
26797
643
29184
5693
5208
20667
20967
23574
16993
14120
32586
6963
29566
2998
12340
18942
15044
29239
8698
30217
24262
2302
25467
30024
5633
17321
5287
14206
25208
26686
16190
19445
20635
25210
11482
28530
7533
24933
24112
13928
2022
29482
1939
10092
20886
4902
14010
23017
12940
24127
1474
27925
17526
24951
32630
27427
10506
14016
6351
27835
28580
25619
25527
4263
32304
12476
24338
7119
330
25848
2047
21863
10148
10177
4187
29543
11432
28393
24200
11067
30303
13670
14956
15036
19090
27629
19388
32096
24367
22466
19834
25005
18925
21454
6844
21236
4915
10226
30896
27451
28727
27291
16861
379
26723
8342
22187
26636
27132
3878
30502
28509
4613
29780
27135
232
11105
6535
5331
26213
10553
29780
27056
4414
8349
18839
19926
30276
1390
1731
23994
20896
11899
17782
12881
26380
25834
11601
2954
4675
730
10246
1053
15285
25926
7090
12931
1408
13612
8046
23365
17564
19439
24096
6266
6741
14075
7064
6795
16895
7847
4056
26170
26341
5215
3250
13283
5762
3074
8601
21505
8948
1161
12721
15603
2477
9194
12328
9729
12908
19003
30409
21402
6763
24603
27342
30943
16346
25678
25590
21094
24973
31911
2520
24119
26354
3627
7031
21787
1093
8307
21782
18711
28423
4178
26702
3379
13996
21944
14941
19071
5524
24790
23745
26200
20028
21123
29702
7656
26806
5087
220
31468
25686
4406
16236
1466
12719
7207
4332
22658
2237
14597
9073
30676
28516
23421
19461
5218
1049
22137
18170
6664
24800
837
21118
12297
10870
25584
22383
3740
8143
17654
5232
19879
15811
8731
32572
4298
19204
21146
20538
13471
24659
16511
27730
24896
16627
12114
8448
9738
5982
22005
26278
673
27192
20431
7463
308
23937
10539
30385
17923
5134
2778
1242
14366
17722
18720
7151
10095
23257
22990
136
5114
11117
30123
4960
31332
9373
26904
28516
18866
31202
22516
11786
26196
11140
30910
17892
24162
31173
2809
14197
13093
6235
3285
31811
23513
13860
29707
27693
26033
11542
28169
3327
21788
28277
27471
68
11335
32584
31257
860
15075
6413
13374
13774
6952
17068
17496
6623
26
30122
17957
867
14603
9119
1581
26835
3681
12266
25765
19104
23449
12707
24468
9415
2700
4561
2100
7846
21489
23005
26523
27917
26916
17991
5786
6809
27430
29080
3302
10813
21220
11160
27509
18466
11964
20672
17963
31921
22845
13810
12470
5614
3374
31848
4791
15111
31442
25067
1826
24108
17003
24901
19175
162
30717
14072
32466
32019
5204
7728
16559
19497
30536
23031
24499
30555
24384
24232
12311
11782
31221
12198
16902
12479
29305
17741
32697
1768
8311
3881
30433
12929
15548
26214
20805
22081
16118
1160
16556
485
18620
21085
25085
6345
16847
9007
23461
1717
2464
12349
15161
14073
25106
26733
22108
444
30592
26683
13028
913
10754
11765
14904
4939
31724
24106
15356
18963
18840
11360
1009
20919
11878
15365
1814
27973
15104
3496
27668
28633
24803
19561
29400
5555
14107
4014
32642
29580
31821
25880
19582
28714
31227
14006
2032
31795
11524
24952
24662
31807
22378
4070
17513
6448
24408
11537
23107
27334
8036
970
29127
12398
3089
24083
30270
3163
21144
14547
9022
29912
21736
24526
208
20445
9963
1491
27345
27872
28939
11575
10137
20717
23541
29827
20955
2297
27036
7018
6604
30324
24449
21502
8584
18973
9779
13347
30897
8474
16913
23363
31577
30792
18775
8259
6178
27088
31577
23478
16803
26875
23817
