2800
32027
8038
12938
7616
30251
18164
3560
30416
1470
13110
13939
31359
13058
29108
23139
22962
30876
10889
31030
28290
32402
697
3248
20786
11112
30917
17185
14692
20617
28541
12006
32652
30185
23318
3890
21156
2281
17532
5647
30242
29307
5865
20383
7207
22662
27575
3752
12281
3724
18547
591
9395
31114
818
22820
7227
27423
16680
5471
31349
14321
17270
30313
14518
3405
30276
7071
3452
18957
30224
17490
15452
24255
32581
20754
8763
30979
31760
27180
20929
32309
9327
28529
21515
6476
25739
5433
24992
24578
32071
21160
10151
21302
4889
1328
27991
16014
7961
27991
11694
15200
30295
26811
31078
23251
23410
3411
13605
15169
20070
2551
2036
3296
3750
28707
3570
18850
875
19192
9033
9305
32331
10115
23394
29471
3085
29250
30805
6389
18364
19940
30372
12970
25594
18257
296
2815
24215
2794
24907
6664
4706
32530
16248
5077
6975
26605
18384
19026
16506
30823
1823
26220
22875
29817
5134
15477
24571
18600
22682
16330
9813
15054
4036
22963
24992
6172
19338
10122
32733
1120
5911
25632
31660
20100
2359
92
8803
28247
23309
12069
97
3985
22280
26754
26528
19985
13331
10240
17546
1896
12556
27221
13582
26011
1144
11842
5618
1829
29813
31934
31339
26684
10991
15440
16875
29013
6679
21437
16442
20202
1297
24547
11208
30331
237
229
17986
31955
473
648
29539
8588
18581
25565
12813
13269
17447
545
11160
13427
15311
27361
19818
22790
21821
6497
8391
21646
19202
9023
21739
2349
26437
6228
12118
1839
5815
6619
22120
32071
10185
27861
10797
32283
2588
2988
8058
16131
8760
31510
20793
13326
1410
26172
15361
11591
12904
17948
22506
22838
6367
6187
1183
20649
1807
26687
31668
4020
20044
12717
15674
32758
13385
23470
10897
30750
1160
21768
17278
21678
22037
4842
14717
3583
22900
30487
19801
28549
17112
24902
11001
21589
9366
28617
14205
3300
19928
13166
1418
21010
406
23203
25569
26983
6594
6109
14903
24220
27331
18234
10305
30301
31525
5989
6926
15949
25487
14778
19609
24139
27381
23978
24991
3828
13070
31585
6574
22888
2313
12711
17791
1105
11900
15108
30597
21026
11933
15912
8902
29853
5044
32137
7146
22936
4304
10830
12433
13568
29625
24172
18666
27678
29479
527
18306
17945
11569
8251
7001
1469
27144
28339
14395
20602
30437
3354
26957
1712
11584
16216
12775
28970
31299
10047
12449
26600
31358
16751
14513
22049
32220
10614
5492
16264
2006
26940
11338
10959
8166
22431
28839
5481
1599
19034
24167
21653
8379
7979
28258
1944
13333
24629
14657
32585
15704
1955
15504
16083
32663
9870
30228
31159
6623
29472
18782
13072
14698
506
25504
25115
15381
11988
4544
16374
22292
30819
15531
8872
5605
21376
32748
2402
17794
14726
3709
15877
8155
30204
23004
12259
19331
30580
12130
27594
938
10162
16337
21823
31819
3857
17708
1287
22182
18211
15051
28908
14833
152
23470
16573
25675
8289
23314
29847
18417
14357
2882
16483
2228
23955
26288
16544
28075
9705
12100
27747
6949
18292
6132
26779
10465
10057
11413
8346
26754
21972
27632
18385
28733
16063
18457
10459
15829
4117
252
26046
1481
7336
3385
3437
716
15792
1330
10897
22901
30644
17505
12168
25656
26286
13552
25518
31637
13674
31107
13788
3727
9263
26969
6191
8032
25249
4755
18699
30827
16614
14035
11615
11634
31752
30217
8234
15625
10650
7050
23358
26186
1695
16739
23876
1739
11687
15852
28928
5325
30779
4000
14806
2486
3963
15147
27021
20674
28678
20421
852
3573
25882
1471
20482
20820
16125
11099
26530
2644
18587
21473
29743
20371
16496
31983
4508
20166
22696
7697
28439
30962
645
22161
5519
16096
2306
11665
30580
29131
16054
6230
11710
7259
17146
15079
1584
26583
8782
5847
18142
24982
22009
7263
19181
13494
26352
20912
23706
11281
14329
1158
28797
4205
15120
14849
9743
14067
5642
20657
12651
21475
31352
2287
4689
25989
13518
26484
15472
19299
14021
9764
5349
23989
8445
10027
26879
6429
4071
7755
16965
12948
12258
25716
15290
10148
23716
10646
15455
7897
20444
30899
15098
11378
8981
16952
28438
20315
10462
24717
4939
14944
24872
19179
7359
15771
3311
27246
3053
25646
9501
17771
15013
6712
14507
29955
19284
28417
30217
6392
7558
18296
25536
15808
27561
5344
3158
26840
30228
25542
8561
16219
24392
22326
23104
31443
7541
25646
4375
8271
9536
24915
25689
11702
12739
16099
24219
12634
19925
31467
27142
32720
652
9658
4861
31744
20225
2709
24064
9592
19795
20652
13521
24838
10479
10317
11989
12165
18958
22616
14524
18167
23167
16371
24421
16852
1958
8318
16891
22690
9669
17354
28517
22982
6266
21125
13021
21402
9353
28409
5086
9407
3804
26615
3396
26293
11464
6157
16303
26280
18834
17663
9000
8333
1330
4981
31751
28782
4182
25330
5907
28162
27050
9733
4332
9857
87
2755
11430
10422
24521
1908
32183
5974
18614
8077
26899
13712
23388
29919
16789
8677
14090
30989
929
13114
13025
21315
29704
11308
5084
20005
9771
14499
25614
25094
11620
27050
20267
12123
32161
9086
10314
32111
16210
12772
31977
4440
6790
30400
22834
28969
15696
26340
8573
26473
8560
18726
9493
23236
21807
27573
20031
19969
19339
17325
4984
7220
30612
10984
3583
17717
14102
12312
22931
24144
20600
11538
8574
31550
2020
5997
32466
9044
4009
16204
3059
9979
22493
28792
20821
26976
326
10674
28551
29293
30587
24135
10865
23799
30278
30180
14810
30009
32333
32428
813
7041
31985
17800
8316
16169
11127
18622
22725
1481
26981
14534
28020
29355
5679
31577
24874
8831
11795
25802
7101
28496
11842
7065
3968
4279
1088
23110
17348
3151
3213
867
26782
2664
25733
15341
22507
25344
4997
32732
10130
30447
20303
25849
12553
10593
24496
32752
12827
3465
25952
8102
27368
7316
2089
21196
23853
2012
20555
27573
4293
31583
12064
30308
368
25711
31484
21738
6612
4267
25175
30191
24513
14637
6702
22926
13753
19973
19366
22630
21936
5606
1267
24813
26896
30240
12664
7944
25088
30414
23855
16857
31206
22353
18252
21464
31018
18173
2077
22822
11326
5649
20021
10270
10715
29421
30409
12332
20109
1919
1370
8930
4465
2815
16020
13128
5693
