21601
5075
27546
24669
4728
31980
25970
30124
25421
3183
5162
10241
3603
20238
27323
4936
8345
13998
390
25638
29564
24008
23600
22147
16027
6671
16815
32070
20939
8787
23205
14175
17868
19365
2541
30219
14716
8636
13172
14419
28491
24215
25931
24534
24303
1380
5882
17097
3929
9377
29462
7996
19687
897
24342
21407
4059
16017
13666
132
9996
6043
26029
30631
31451
31946
28549
7211
31849
2832
27432
6182
5383
4037
5274
2912
10734
19857
3316
5976
2097
2187
17919
27784
19695
7586
19457
15594
7629
10557
25047
14267
17827
286
9028
29311
2422
1420
8585
25413
18855
3505
11830
20524
17257
29505
18495
22566
1656
348
24402
30972
29449
19126
24936
13971
21500
10997
18075
18285
26969
30554
3895
27250
30458
8868
26643
18929
11141
22577
26914
4066
29598
21095
8773
3950
3418
28754
27235
10161
28662
20110
9404
17342
23497
26472
28794
7139
9847
32320
30345
7215
5992
23090
18857
5170
26744
5109
3266
5124
16112
31490
21367
6793
12470
22009
28925
30962
10688
577
10542
3975
17870
14063
30681
18340
29273
28394
25181
28418
27846
15948
1910
22584
28896
5899
24918
25730
11141
16600
28152
23232
17823
2119
12721
12226
6999
26929
18440
9154
29573
14423
30407
22834
19306
4167
30546
18617
2721
1412
27192
13944
13139
26081
10504
3217
25259
1838
27238
16106
13705
26902
27741
7214
25979
11848
6391
12309
12777
12501
22795
6886
27023
13785
2391
570
10288
1118
17870
32514
7305
25469
32563
11467
27269
17350
3815
15937
32175
6115
15616
15090
24556
8311
27802
19029
26730
12108
25202
12299
22228
9646
22961
23908
11976
12818
23301
15397
26506
4348
2550
5769
17402
21791
23672
16517
26307
31429
28860
26192
30422
19057
30028
9251
26647
20163
22359
19262
15445
24989
11081
30763
20608
5252
927
24134
2582
30793
10746
27773
30943
2024
28274
12117
16602
15024
300
5165
24695
420
2607
29127
9990
13346
29555
31236
28528
12226
6459
30959
29477
12161
21669
1277
18773
7711
5248
1172
26211
26565
30813
11465
12183
3819
8681
23918
30483
2169
12410
32332
29704
9004
6887
16813
2857
32316
23453
28702
31584
21308
8943
8562
17088
5953
942
1802
20412
14150
19962
11092
21142
29647
3159
19090
17178
8141
22276
10461
28299
18114
29064
2409
8670
32293
26253
11018
17446
26120
5617
28151
30032
7416
26907
1743
1296
11045
8587
25305
22043
10435
30133
8592
407
9135
28688
18271
20175
2134
17514
3497
21292
4563
3966
29708
20065
1367
13512
30439
5861
15566
20120
3865
10918
17599
25702
24332
14332
4468
23397
12531
13019
3932
21850
10831
19022
4781
29103
22712
21024
27213
9411
31706
29916
6643
6533
12478
16889
32650
20801
25163
27726
26582
30138
8972
19660
22105
4472
21555
32107
1144
8803
15838
8293
23514
14993
31898
10147
28689
9053
26661
12404
15228
14009
22393
18309
9067
25285
26117
10510
1925
2976
7742
20809
24679
16253
11606
28968
12686
28922
1099
6983
21111
11182
2596
15648
21252
30465
17272
14462
32546
23361
4911
12596
17833
15602
30860
25358
1668
613
28268
5128
3089
14220
20424
30398
13258
9228
25985
4388
2598
1940
349
31607
23994
28781
19020
2931
3492
24659
7665
16327
5929
13188
11101
32710
9885
32278
11038
863
12163
21389
22648
30543
20470
11437
4082
12693
840
24461
14101
2598
26600
24045
20848
11235
7305
11721
26335
29128
30848
20527
7949
9318
9070
2637
13880
11155
20512
17614
12084
2144
7859
30055
26291
11083
27132
18092
27587
31414
1063
29225
16792
7576
9885
174
28300
24179
6444
25834
31844
14982
21602
9275
19925
28995
9017
453
27975
10243
2042
24514
14552
30201
26715
19224
4004
27748
17642
25905
25668
28425
32687
8199
22676
28897
30221
126
18105
26895
29162
23287
23395
5140
13840
15906
9552
21830
10706
19
15890
19583
26610
8601
28689
29714
13506
31691
32211
23299
8074
27619
28283
20343
21290
29008
912
3433
23040
29190
15360
17823
22796
6425
2149
4316
1618
906
5254
9048
24192
12129
18977
21613
24017
24827
28904
20115
16433
29350
4041
31630
3234
17003
29554
230
28638
12843
32277
24728
10814
28142
9320
4619
5338
27767
15345
10053
498
24092
32384
21087
31885
32212
26365
24374
11103
30866
19299
30052
23280
24273
22541
13935
29435
21616
20529
3135
23316
29377
14250
15318
4750
4317
18938
4155
32668
26170
25231
12727
14774
15231
14917
32068
21311
7574
7725
28739
26212
18179
909
31853
26951
13173
7463
22540
3421
4507
21950
7787
11796
1849
21463
21643
4794
31611
27325
9751
1946
23433
7367
28314
4712
3419
4829
25328
17887
1231
11577
28411
30888
12025
4459
7063
25470
10170
22944
4303
27280
28052
18723
2129
5670
1980
10788
17439
32392
21105
14521
23944
12060
25997
16162
87
17614
18778
18257
26186
19380
28070
1450
9925
8178
5914
24839
11976
21980
14023
15359
29983
27995
24578
25448
16088
21650
20594
17946
2042
32193
15975
23030
25716
3177
24941
21031
27988
23985
26914
2728
3641
28680
22084
19718
18187
28172
27150
21096
13801
24746
8133
9932
32099
19591
25742
20883
23274
16031
386
26432
388
3117
27652
26749
3269
18890
28754
4703
8186
15832
27227
1002
1447
21025
209
23768
25396
18620
5758
14742
21731
14385
26075
12432
1541
4828
31455
13486
6510
15767
32533
286
30246
31123
3057
29269
19553
9607
30564
28752
26289
6669
20142
20000
7035
9544
29556
17061
29352
27083
3858
24218
21404
9398
20530
9169
20332
7970
9886
8640
23371
20160
29010
15165
3910
27068
21206
31110
15666
29160
8138
4228
29666
31510
7106
30801
17053
12485
30805
16375
20686
24321
19057
32123
7678
644
27121
32538
32256
9249
28530
8658
9579
867
17506
28964
23118
21617
31065
29721
7454
5428
22189
19331
24051
15804
23361
1413
4596
20448
7581
19029
15632
2597
17220
17985
17392
16866
577
29936
6697
10401
24836
12779
8373
199
10348
12891
18596
1400
15397
19477
19983
2485
19764
11731
8014
4807
6864
27844
17514
29153
13684
2888
23253
8449
30770
23796
31065
26391
11338
27613
4175
1897
2811
17171
6673
54
4505
17003
12210
7321
23520
24450
21996
23985
30856
30718
5721
32511
27673
6423
