25016
15859
31179
1815
17771
7606
18740
7950
29746
4509
16393
18727
14168
15384
15378
23776
30194
24374
20784
20579
30742
25355
17974
4616
27208
6996
21497
6938
13621
4190
23211
8158
32164
20259
356
209
24745
1206
29698
24882
16411
26850
13107
1728
13129
15374
10960
26309
28649
23652
621
1107
16209
13875
23598
974
21482
5009
30172
6058
4833
3908
24631
10870
9759
12003
16526
27162
27260
26680
20622
6237
3631
5609
4184
17578
29577
8023
24278
21267
11236
22471
27726
29846
7894
22720
15159
29855
12714
23475
9036
32719
784
22242
2784
18428
3859
24954
19057
10617
20300
8962
28287
13719
11093
20985
19358
18027
19841
1467
6347
32722
12234
24485
1020
25011
29963
20345
29947
20356
25200
30468
29299
12560
3370
28926
23883
4215
4199
32561
30260
22902
24449
25566
24958
7656
2165
27228
7472
909
31384
25346
7511
16139
9605
5703
670
16434
1114
29480
7967
29572
26916
31946
15737
15605
7319
15201
24099
4079
9731
13392
24320
18585
20355
11666
16691
10841
14968
16472
308
10136
6197
32499
13603
22213
23292
12789
25949
14492
29482
28819
21326
13224
27822
6222
8838
26886
191
26579
6158
18029
28623
16671
25596
31083
14266
22246
10565
10225
31300
18742
14291
4626
10178
30040
11479
264
16919
31991
28001
10104
19426
18563
12078
22263
14326
2264
960
11980
27915
31771
6580
10231
12723
31205
10321
8819
5263
2724
14685
22457
9410
3646
17716
22149
3750
13815
21787
27612
28862
21908
8145
7502
31980
20416
21607
6265
14820
8624
1874
15310
30945
20995
30143
7320
21399
18156
4902
11833
18024
18322
5410
28343
15066
11447
29056
15480
5705
1176
661
14666
8409
11797
17877
24231
22703
12050
26786
10038
1377
18973
5986
29076
8106
5969
17108
85
24931
9338
20388
15174
4526
24698
25661
5621
24949
21995
18654
16244
27667
30981
3568
32601
12368
3266
27799
25609
5523
25409
5511
9783
20819
32104
25113
26023
16591
19918
7069
9016
2815
8920
19698
7201
7882
31778
21077
27259
24953
20256
7031
3840
8556
32517
21458
18450
8459
3043
25916
23039
19968
15636
2237
11395
30884
19162
22942
24974
8118
19266
7874
18760
9299
26190
15930
22354
31266
5458
3859
32079
10192
29087
32114
3748
11196
22111
13540
4475
6387
22976
17647
8462
94
24917
29677
17698
31290
21945
13338
25297
25545
14709
28395
10893
9543
10019
6817
10082
5152
31444
19999
21371
17760
10928
18168
21992
25707
4828
5581
19871
25070
14497
25814
19904
3861
18634
3262
28445
30975
21837
27572
6905
6255
5678
12991
29456
10692
12705
7505
31448
16683
20335
18208
26119
28435
31642
5169
12373
2273
7236
24373
25219
27109
32461
25113
10396
16525
16444
3289
7547
15321
5344
16021
28557
11535
13111
5350
17112
29104
26126
17778
29756
14762
2538
13758
8697
32207
31143
17732
7538
14982
11871
32198
10801
17089
5773
7649
11818
16175
26738
12773
14148
11698
29624
12004
31253
29971
13910
17417
11757
24821
14515
22059
27159
6663
29966
22946
26715
28286
19997
32346
20679
32451
22772
25126
29360
8808
32297
15702
3827
6497
13878
15755
6016
23921
25886
714
2074
10210
6484
29392
15448
32633
12760
22181
26352
25257
12195
30324
3636
25095
13893
10138
12765
16126
32717
253
32264
25284
18409
10655
12158
16780
29262
30067
3384
32254
28762
17519
6947
24804
10744
22498
27168
31014
28101
4616
10575
30712
11377
21467
23693
7506
871
27949
23611
18592
23216
21236
578
444
6676
4069
10323
3609
14723
9028
23412
26177
12468
16890
26808
8065
2572
11752
10061
7650
7361
6011
9148
8796
12863
15744
4205
2375
6859
16186
8042
19730
30054
21682
10596
8503
12020
24911
17915
14702
31901
5286
14650
4386
21876
3475
23137
18209
12118
13193
22504
24983
789
14886
31936
3645
23510
779
23260
13006
30136
20970
32496
25019
12215
1760
4473
1823
21711
21254
2301
25077
100
6979
20884
7561
8673
32100
3495
7980
25504
11118
21496
23596
30986
4402
3810
19459
6143
30755
24803
19151
8568
7525
12887
2
15722
28198
19590
7515
28142
24113
9697
2581
23968
3264
17289
20062
27972
11154
21521
21258
17584
23614
26501
18825
27366
30663
26795
20502
10624
29808
15240
9778
16209
24018
9510
1361
9801
4907
24725
29139
28825
16377
1328
6197
280
17096
8737
2697
8933
30280
13096
29219
17486
4258
21144
2454
22769
3340
19618
29407
10017
21404
30677
15839
1164
4953
30438
13071
17946
664
18349
13935
26392
31110
17265
22207
11157
6913
29797
23794
16908
32684
25714
28640
10308
5954
18743
8251
22389
13354
12623
28868
31660
30028
5842
11966
14960
548
31518
11939
19622
19732
28631
16663
28594
20479
12588
29722
29151
30483
13660
29825
24065
11750
21881
9127
2649
17093
29549
13664
3768
5193
16698
27182
26087
15658
3462
14776
15943
12888
14678
375
15797
1864
15130
2995
15536
19596
21226
686
15550
15527
21519
9247
7691
11039
10181
18657
22612
27092
27967
5357
15107
6287
23276
25478
30876
4830
17657
17331
343
28704
27927
6386
28943
18908
32638
13355
5210
15447
24881
30947
18682
21861
13188
25266
15732
25983
12508
32503
21502
26390
18103
11978
11422
28711
4332
17714
6801
25104
6707
21912
2282
19362
1511
18044
4731
12663
1803
31847
20728
12421
18572
12577
10074
12020
10949
19235
2946
3885
31304
18767
4895
6452
988
5855
18385
3639
10690
23452
1679
6759
24125
7248
28230
6406
10065
16253
8642
24257
4042
19023
24786
32321
10624
27088
15527
15101
1242
7259
27518
7762
16785
3923
32639
25301
7350
1300
1252
10728
8183
22314
19293
12171
22046
26818
24243
28789
10458
7517
29356
30308
19394
10188
17968
16049
22679
17752
16809
28455
201
14657
21680
19733
30781
7274
22245
10914
32078
21842
28702
15969
8722
19526
19397
6437
15070
12245
7035
11799
5644
23941
11521
8453
24827
17092
5977
20221
24152
18977
17192
17691
20892
10428
21087
6559
17366
8187
11034
23362
1451
1919
10697
2763
4763
13143
16013
21213
14726
2675
31205
29203
11886
24923
19593
2895
27006
27937
32406
20558
30539
25235
8684
14976
7771
5558
980
17943
32228
11632
25063
25438
2517
16261
26155
4685
2074
26821
11902
23642
29468
