9744
25112
15064
14462
23693
15183
6246
18040
6126
19837
14382
31344
32602
21880
3257
16789
15573
16522
19520
16146
21871
29646
10873
28303
20923
8925
25777
20474
19075
31146
21531
135
11706
7595
31336
25845
20402
19002
15511
18708
7312
3130
16399
6276
32252
24829
7659
5311
18717
15461
24725
11353
18628
14922
32662
22407
14311
32540
19884
7647
16466
3018
3357
10590
20889
2274
7756
2735
25681
19705
31882
4778
32127
8781
32046
25884
1617
4009
1256
10438
19468
10377
10066
30888
15430
10367
25800
31359
12629
24021
31354
16012
25351
10100
30911
19607
20372
2564
5037
564
12496
8277
25062
9797
20901
27390
32180
21952
22465
17220
15449
11698
21900
30013
28576
22148
14429
17717
26040
21629
26349
25680
6978
16777
9228
6257
21417
21561
2450
7003
2994
22538
12185
29974
31316
31466
21481
21909
5065
5112
5556
12693
17125
18316
6532
9928
19623
11383
10609
27443
4622
22156
9623
19412
9261
27231
22727
32393
24194
7756
1405
19245
31620
19643
16146
20484
22395
31651
25395
25945
21908
32077
18322
25701
6965
3675
28635
21875
5518
5384
24554
18754
32113
26033
24123
25003
19811
12437
15010
19843
24051
31961
27964
15299
7242
21711
8613
2534
3844
1911
619
12691
7486
9030
22723
14716
19440
3623
21627
11654
25982
24256
4144
25130
16265
23286
9665
1819
4875
16307
26371
19753
6819
13798
3767
9061
27437
6348
32185
20358
14998
29039
22650
25995
2286
19308
6319
25250
24511
18168
26443
28489
7070
3109
21163
3251
29695
866
13585
12653
13646
30529
24404
6465
24891
894
23510
19547
10581
30012
23989
8618
30682
145
12358
16521
31437
28485
15039
26015
25930
11479
27699
28419
23319
21441
9156
29604
14971
8189
26900
27113
14419
27336
2300
8596
610
5030
27265
5356
23529
31398
12291
21787
26743
28647
30904
5589
6403
15451
22105
7226
28472
10187
19227
5374
2832
8220
25569
5575
13988
26064
17072
19926
25667
25040
11619
10730
21185
2152
29856
28513
19473
28051
18186
4769
12822
28281
17592
19638
19895
5174
26343
13372
5170
5085
4075
23936
22194
4028
22380
17890
4131
32226
26318
3710
17733
22495
31217
18955
11007
30667
22555
25090
1783
18058
22834
22275
32351
8013
19247
24694
18194
3164
19407
12142
28383
16660
27275
22738
11556
29995
9931
10942
29343
1340
7767
28967
11138
31871
14
28094
26565
27607
5850
1815
24000
12819
227
29451
31481
6509
26371
24667
30523
28247
18555
25493
7656
29560
12004
11068
16783
22257
24168
16163
3521
3300
22065
20250
11041
13111
13602
21708
27067
25237
22213
3304
26007
4278
15493
2943
22925
26593
5918
28590
5210
14255
1105
31356
17396
25361
21724
3333
2843
28564
28329
20953
5425
6628
8006
5535
7243
5007
29333
4862
5512
19980
25029
13757
30626
30460
28288
6440
20418
2479
32358
17846
6297
6634
2747
29162
1964
15336
30812
19063
17647
11678
11256
1447
16534
9540
11900
17917
6952
26896
30159
4122
21461
5189
9664
22493
12553
11628
23869
26830
5953
29153
25541
11709
16926
31378
19231
7078
5047
7684
22861
17368
28212
13207
20156
20822
19353
7178
23741
30078
2015
13121
24633
2024
4425
3910
13471
23953
29429
12431
13090
6969
28082
1919
12834
1801
4881
29486
6375
7545
5823
7533
23445
28017
18961
22533
29532
32686
30177
24384
9968
19816
1689
9643
14137
2610
16013
3353
17483
17697
25230
12523
32408
9520
5307
9615
30820
17635
20891
20807
11130
28971
17257
16940
1822
20362
24495
9586
6722
12151
791
17389
11773
2820
32637
10196
25656
31422
20552
20422
11947
8405
26875
4874
12808
20349
20999
6939
26997
28307
2020
5732
7744
25732
20575
2120
1998
1643
31286
23141
10197
21369
15074
4890
14027
32666
7860
21830
13471
4437
16163
3411
29094
5876
13157
28532
9176
14054
28476
11050
23612
8033
1043
30733
28833
6476
30793
24521
11663
16987
10445
26983
25725
12924
26859
2510
10820
4210
21605
32137
22996
22975
1990
28618
12070
25032
13043
4783
3698
19508
14851
3269
19361
1685
22608
24523
1541
1354
31182
11448
27720
18340
16028
30975
31906
26439
23769
22801
5455
14035
21689
9251
26945
13252
10968
5426
11538
20375
7374
32069
4156
21551
1027
27379
22156
26486
23237
27428
9684
29255
6039
18204
23521
28300
21196
25525
172
24739
27221
9707
10452
7
6104
158
23628
21292
11522
3988
21841
17066
27165
25534
11168
26526
8933
25788
16357
6477
9623
27554
31606
32267
6220
31485
14401
9052
16517
14353
25860
24920
26887
2405
14780
3412
23017
32386
4191
16318
5867
25847
13773
12617
22537
11936
18180
29514
28752
3368
28308
1890
5873
26317
5716
6750
18068
2147
24914
26203
9966
14492
528
46
13462
4230
16621
5123
6932
15701
18145
21827
30011
3939
109
9660
26554
31349
11474
14332
18925
27456
28034
12541
20729
5676
27092
3336
28951
9047
23291
19411
26928
23517
5177
10221
11435
15447
23376
23899
8067
4257
9530
17284
22684
31969
2841
15946
24151
6084
2929
19066
4452
31243
27541
10598
14807
26439
19807
28624
27262
29664
19748
31754
11890
19548
15335
5980
13549
478
18893
18086
28507
32749
13521
3654
21940
3959
20409
11580
17672
2838
30025
5004
11356
10385
15286
6116
31668
31654
31838
12415
2417
5639
949
13129
25053
26786
32131
24900
13573
18981
29005
16682
22215
18114
25360
3412
1323
7472
27702
14554
26871
3314
24770
20476
1149
23003
21710
14273
1208
10450
5687
4317
10391
6611
28311
16856
12953
17206
16755
27757
6298
29236
23222
21041
26093
21671
350
27765
938
28689
8822
15212
23369
2528
10308
4241
1904
25840
20931
22595
1802
30802
7764
9906
9881
844
8624
3071
5069
8864
21537
29599
20309
19217
13042
4865
28917
19748
17699
11120
29145
17956
22626
9018
28969
8808
2615
14866
9949
5337
29055
23731
30931
10158
31771
23494
26142
19066
21737
2566
15522
361
26099
1442
19678
6598
19175
12514
4104
1985
18376
7694
29791
20848
6114
29324
17341
11027
10499
1352
22635
10396
5864
15449
5178
10351
31478
28129
19919
23398
25643
18484
10303
3608
2899
1341
2268
5979
6015
27934
8014
4103
1715
27671
13285
14333
3807
16297
12333
11368
2832
32507
5571
21315
