3063
4895
16526
6651
10554
9945
29207
12665
1972
8400
14153
28389
13738
15490
27316
23390
3404
19121
15397
16720
25064
31172
26487
22518
3422
32107
19884
18462
29140
22914
9277
28205
17322
21560
11949
32098
12208
21360
13924
26719
12695
10599
13499
13029
11942
5271
25428
4319
10414
30428
9900
30370
7488
2006
1779
32371
25885
1678
11035
18249
10222
11868
2607
12501
14390
29448
18150
6336
27524
18479
27000
32052
17133
30696
27568
10397
30649
19624
19266
19121
16477
4707
5728
8878
25002
13044
9864
7906
24643
29119
32160
5489
26196
2709
31044
31315
12673
14296
20575
13980
7453
25567
3832
1280
7325
2459
1103
30614
14924
2171
22313
2780
28224
28558
13416
27132
24972
1000
19422
18509
29111
1606
3939
29725
2157
31733
26661
1710
7029
32495
22080
21886
26851
22856
11919
2251
17295
28616
27329
31575
965
16346
16303
18281
28734
29860
28140
9492
13135
22392
158
32187
12385
8043
28301
22741
19873
25667
20858
1518
1529
14487
10162
10222
22334
12081
21475
1438
24747
20407
20269
17256
17806
16011
16764
27231
10305
7151
29718
24703
20828
24173
21104
13877
22313
11382
27974
27938
22872
31049
13290
7196
9460
26902
22493
5237
21654
16483
3740
27776
16601
25264
9660
4946
21773
9302
7481
20934
7216
29621
15372
23748
6682
7566
21243
23746
17655
12462
8629
3722
13050
17613
4638
24894
20560
10421
15848
13722
12627
15271
29283
8826
21761
30202
9878
25244
27564
25861
6030
20390
30194
7743
32502
3691
20464
28069
6120
20586
31923
17244
26115
20119
17903
9368
29374
24927
1012
9148
29947
23014
8669
9155
5856
147
12811
27358
19938
23758
9938
18526
31010
10760
881
20949
14845
7676
6472
31608
15070
25653
9541
4040
22615
29393
24992
19058
24689
7300
24520
6771
23616
992
16029
20351
6074
21459
4319
13988
23497
24945
2022
27179
3742
6899
13972
22719
11849
26624
137
18385
22918
24364
2453
21818
23258
29887
14707
15394
27103
1719
10164
24865
5852
27152
1017
27045
5273
23874
20069
25236
21618
1036
29778
14898
10409
20592
9539
4420
24833
31999
29722
10102
5512
31830
6284
26362
5044
489
25809
21362
8625
2047
17312
24592
3066
30462
21082
28923
12583
20969
27526
3061
5
3111
13693
31804
7148
27782
2406
28077
6989
8575
18021
17199
5259
27324
25872
11343
27916
31703
24355
15912
7823
31845
16244
4998
26304
18739
28201
14411
5385
23247
3368
25617
27308
30026
30927
18448
16655
1341
16614
29762
27222
19978
11729
6086
55
19812
9738
8323
5386
30738
1999
32269
31520
13295
19224
3020
5718
13110
32716
26203
27626
5372
31796
12334
25741
28414
20400
2424
29881
9373
19881
16203
8004
12071
17606
30209
1590
15192
13923
21212
32216
16417
8767
26857
22029
29351
14964
27946
19941
15247
5037
30195
25968
4473
9619
18837
464
23754
12168
58
6034
18607
21912
32016
20287
9567
2476
682
22573
16288
5377
26275
23963
20876
21977
10372
20989
28821
1393
28647
1173
7367
6706
13789
13635
21837
6699
7566
6814
22071
29119
16415
3651
25466
8859
28633
21358
17720
24300
13959
11207
22850
25806
4895
11902
24028
11783
15013
5529
22976
18421
24653
30093
17765
26565
18656
4876
22912
3814
11616
19231
9932
21437
12527
16756
23302
8859
28141
18681
22332
2796
24161
15018
31560
27825
9114
11942
19096
6704
28950
19337
20016
16873
7842
8182
22513
13517
9667
14963
2843
23723
3669
29562
19985
30443
3698
7628
2396
26494
24981
4361
22515
14357
6911
17022
3257
6033
30554
24638
12616
28091
29085
8820
25069
22326
7983
18167
10995
7602
5967
27423
19237
97
27059
14296
32654
24751
26735
5108
15491
10030
18713
20678
30692
29903
24875
1260
26782
29784
424
2412
24436
24594
13827
19715
7424
4034
27196
29113
18676
8923
15436
26809
28326
6898
31939
96
8908
31346
8880
6292
13955
15249
14017
29015
7063
13187
31147
18331
24062
13805
18892
13400
22181
3228
3087
477
31600
6007
7185
27492
28796
10418
1922
31464
16039
28997
6349
31035
21330
4509
29947
9299
11621
8849
20692
8164
23444
19095
328
21557
12257
13112
27406
12076
19554
29377
5515
31658
27973
15932
25845
17183
5137
30622
16312
27989
30766
27714
8985
4752
24744
22422
27417
13273
19248
32277
20892
19863
1124
29813
26826
30815
5456
26401
5302
3085
10804
30185
18493
30996
22151
30712
2354
19474
23101
15367
32696
4008
19526
6353
5358
136
20055
25031
25810
18383
11756
5124
1887
12182
5774
20355
29945
1475
14673
28816
2571
8485
3490
23932
28143
15553
3903
23701
24846
7526
7559
1621
13896
13704
24564
10202
31638
15179
21478
10646
5613
25821
26530
20040
21606
16137
18074
24107
16029
21001
15087
4717
8790
2204
18484
21730
9319
3417
25461
10234
22738
4675
27767
19185
9777
13981
19522
28229
30807
32512
23773
3181
1588
5034
32345
15048
12025
14617
32016
1748
12925
14041
11567
13216
18655
8346
24434
27524
23918
13701
4911
14863
28869
18896
2454
25153
26170
28304
7735
25850
16506
19407
2245
19379
4461
24799
27673
2924
8544
7917
22137
5093
4450
4569
5915
24337
31982
2886
3301
5320
24267
1005
21111
5820
15665
10038
27499
2222
24877
15625
22235
10466
7494
26081
11044
3280
26465
23843
7914
5660
18914
13743
9053
13256
28692
17588
29626
17321
20939
11976
15892
10263
16968
19256
18772
26089
26204
20892
15487
24225
21969
1455
27447
31459
27653
21854
19333
22828
3032
7455
30933
21696
23240
1668
26690
30948
14171
13584
12820
13390
28350
13641
5255
24794
30123
25102
5071
29566
10383
13355
23384
26752
22253
12331
17490
16358
7677
26222
9581
7727
22170
14715
20449
25920
6747
24214
23986
22945
9215
19606
13618
10217
3854
3313
26055
24183
15037
8985
16878
12131
21522
32267
23168
3764
19274
10276
16181
212
14456
10551
10342
11585
29550
20190
28183
2436
25312
20237
28724
12391
18119
30957
21531
14691
516
26599
15195
9304
10054
27902
22459
11649
19757
8803
127
7590
28080
23875
11494
27283
21692
29156
30711
15306
25117
32240
4477
10101
8866
11537
16465
15262
1148
11197
22999
10146
10984
15444
21195
6627
9486
8808
19774
9662
3112
22619
18395
17853
19686
17200
21103
