19981
8209
22683
27561
25394
30320
27482
27678
18681
23528
4552
8847
7598
5606
23216
1391
21904
258
17503
7584
2690
29148
10749
3710
29699
7498
6941
24350
7008
19382
20882
26839
8232
23489
14724
3842
8417
22572
16324
9215
7161
9465
23133
8057
23808
1997
32620
2538
18964
3993
32305
16737
9628
8057
28261
31619
6201
8413
10702
10447
5881
8422
1042
7463
31182
23827
13513
8588
22079
796
10197
21290
29278
10270
10230
29588
25594
15097
6041
3664
12309
30198
11249
6038
32408
5038
24137
26709
13894
19239
1945
15223
5359
22335
23127
4198
6118
3406
11919
5839
18613
18183
21558
1958
16910
9119
24508
3946
261
25650
9440
11690
22141
26466
21448
11720
3296
2113
27729
7421
5652
25713
31652
24989
21930
19849
22538
22428
23384
27067
20225
5714
8617
18356
31119
17275
9459
27076
10966
6018
26250
3135
11497
30463
12339
11043
16350
17790
11227
2810
3876
21890
9097
18690
4375
6601
32146
13964
1234
31698
18700
930
580
31645
28292
31980
20615
31922
22772
24789
30316
25700
10991
4073
14683
27991
21535
7297
32346
21568
6897
32163
16747
16876
28303
26916
5915
5764
5391
6415
27736
31247
2537
75
30851
22072
8367
12919
5574
7505
16376
793
29608
665
18590
8184
22494
1978
32041
10950
24932
918
32138
5634
461
1603
11021
18717
8408
15956
2185
20444
7747
17243
27353
6397
9700
27052
3472
2077
2549
867
24553
24281
6064
12968
7677
16692
6684
12593
2617
22840
32550
12553
23310
24033
21235
14992
12522
310
1397
11204
10344
2489
11836
15550
23748
6913
17039
11647
28305
29094
29116
237
25262
5725
7084
26905
28022
19556
5562
18627
32311
16161
12741
28192
7909
13062
15236
27355
31760
15799
24602
11609
10516
18799
13291
16193
29840
26528
19117
19772
24857
14041
5570
23545
5679
24557
31941
20085
23919
28242
25699
8569
11
1991
5996
100
6264
18233
17961
5930
11366
16104
4081
17821
8949
26054
19191
6123
27430
29727
32358
10344
26255
29567
17072
20110
27732
1489
31778
16194
30802
10180
9149
601
23197
29299
4673
24923
31533
8260
394
13191
1492
22800
14367
11031
4723
2437
4873
1989
7534
18889
25057
21133
25693
5984
18733
1717
31493
26192
7917
19467
11398
19843
30064
9838
31957
21100
18540
16015
24173
6126
78
10233
28738
29817
16335
18511
22519
13174
12232
17365
3152
1509
15687
4914
9194
26180
32226
9845
31786
29619
11851
14677
19571
2135
32549
15549
31132
3836
9238
31112
15777
23550
22814
20617
30616
3433
21031
15310
14311
13919
18653
29989
23733
22970
7359
26080
21150
30707
14710
17366
19883
13379
14182
32682
3713
21767
27268
26704
2008
9065
21351
10188
30767
28221
9889
32061
19390
13353
24143
22555
23213
14601
2543
14525
22403
2705
20594
31262
481
14388
22674
26848
29040
16965
2918
19345
3352
1117
25908
16430
627
7932
18566
4837
20865
9331
1920
29215
16541
3329
6000
9150
19631
13884
8871
8099
27044
29106
27784
13172
10011
26321
15326
5020
3425
19460
16243
32147
18080
15135
8414
20319
26707
9469
14748
14427
28925
10343
7778
26423
19995
20536
29874
22848
32343
31935
18093
12001
9214
31845
18728
10602
7092
6032
18433
13841
27495
5063
11443
10807
7553
29206
21289
5356
23650
27828
8400
18868
25101
30691
4592
2187
4129
18968
12604
26408
17420
12124
11688
24447
15227
11250
634
10121
7444
12858
26020
13895
31080
28629
28753
6661
22563
30218
13758
988
9606
16744
15435
11386
5144
25773
3282
30246
18072
23271
19511
28670
22069
17625
4928
7811
2306
5536
30887
11608
19620
29335
366
28231
18765
19063
27507
18821
8431
26563
1604
823
11945
611
3636
31284
23174
5262
15791
17421
21862
30446
2250
19019
20796
2047
14110
19703
2426
25273
20439
28256
12234
26734
3080
11288
4351
8693
17218
26944
1611
15368
1636
28165
1714
8939
23732
107
27838
334
22319
31306
17525
9845
28190
149
13704
6038
23786
16354
24013
20611
28721
21031
12271
30600
31257
12738
10853
2199
24805
23997
31392
15266
31686
4943
24713
10825
12787
16550
26154
30901
4091
5347
16299
1476
18266
20839
26497
26214
19531
16461
19170
12359
1502
29751
6780
22446
17482
13646
4966
9381
29060
16260
21591
858
12305
13853
4886
13253
23576
28781
17969
7307
8891
995
5874
17698
9127
12102
12175
15158
20714
2879
14753
26444
262
9240
8407
5286
26435
24771
28140
12390
26185
23326
19926
1014
28909
3445
6465
28326
27980
31048
28731
25239
19990
11087
15921
10457
22061
16572
14874
12496
14959
20928
14066
28380
5583
25936
22634
3640
25515
21033
32734
31267
29786
12562
1415
574
4100
17505
4594
7734
15286
30912
11184
5282
21685
25393
19792
2351
30227
24656
6026
13818
23681
14552
29629
21565
15460
28521
15004
30766
15915
7049
13091
25636
5343
30184
32209
5884
25339
31208
16401
6587
24959
16476
9209
20596
32064
30608
54
21101
24194
7307
15431
3453
3784
22928
17642
14520
12523
11755
9428
23119
32618
17130
5541
25777
1281
4649
7451
12022
17277
16658
2694
19582
15566
21925
26748
2005
4702
10357
14029
1242
11937
14323
185
20001
11502
16623
9057
20885
29581
16476
22652
4194
13329
16980
22859
1554
17895
8796
11727
2805
3888
8424
31801
13767
28620
29218
27810
141
25271
10727
29948
13504
18841
10514
8521
25261
5784
28670
11275
26652
18545
31302
31483
18992
27847
1999
21501
26254
7355
30473
24148
16321
10172
5233
17426
26846
24736
859
2003
21603
16628
9198
25259
2661
22161
6768
15965
2539
12144
23492
8142
22933
14272
25392
5561
2945
15925
30052
32675
14446
4770
5304
16658
13858
29386
2742
13562
3338
14708
10968
30072
28961
957
12946
19394
16914
16562
27283
23647
22177
24350
27977
25491
5959
3489
13987
5662
11292
16642
24858
31270
16891
29894
13298
19569
10976
23042
26301
17879
23956
26733
15906
21751
6285
1465
26076
8234
11279
14116
11269
25525
12184
4426
405
67
9851
23101
25638
19858
22475
4567
5370
1388
23930
21583
16702
23257
11970
19211
32656
4499
10692
8117
18112
10682
24688
9617
16851
29641
11428
11534
9550
8393
20376
13723
27057
8900
8313
29115
3905
29053
3668
20828
20234
