16410
11939
187
29124
26475
28709
3353
29765
6742
5211
9430
28211
32351
13060
10182
2784
28961
21672
22626
11954
503
21884
17179
4390
13309
28551
12271
14357
7223
12291
21049
14390
12303
23558
10957
24293
22533
2145
20548
10530
6818
26824
4501
11229
29613
6708
9958
20849
11170
27782
25761
4206
17248
28525
9417
32667
18466
18057
23183
27451
9136
2257
1056
20368
15575
12082
28354
23710
31766
22136
287
26417
2202
22642
32736
27425
20845
81
126
725
14058
24146
32341
30726
26740
32413
17915
20933
19047
1900
10959
960
30799
623
15061
8897
14168
21872
25793
17015
27910
11827
17489
24697
28198
26016
2272
136
14853
7715
10809
24084
30175
8532
24489
22274
15514
16595
3416
29613
5812
15990
7128
12331
11899
32679
28159
27345
5244
4103
26866
7161
10301
14168
17027
15106
31023
9881
2493
29849
13278
114
7612
5687
28523
16595
1731
21227
28476
18393
25992
17754
11506
3057
27858
21252
16027
14143
6470
21705
27945
13377
7038
10411
3876
28079
10332
4309
31643
17830
9118
989
10592
2054
22706
21062
20085
23577
13771
17737
5057
31093
15668
6868
12551
9251
8421
724
1305
13312
15444
432
32329
11108
24717
23573
26401
8450
9861
28665
27476
271
15275
7898
26867
27047
23745
11591
25060
9836
29418
15266
8593
3952
1796
15396
27357
20309
32567
2593
16988
21682
23246
1678
10435
29369
24646
24000
22941
29975
29093
23158
25152
11036
31502
27162
9472
11804
12177
13892
7330
26389
2119
30592
29716
6033
14751
25937
18011
27086
4851
26486
6860
19485
31839
27755
29055
7048
1746
2355
29697
25015
16997
18005
7753
10773
20204
15909
29677
12846
23243
28740
5526
31067
1036
28266
19122
29602
20398
18019
21352
25560
11071
19800
5841
8456
11437
12368
357
19225
1113
28150
10163
12970
21869
7581
342
30785
26736
10113
20516
9893
27671
21072
1960
19592
14430
18921
18643
22889
18392
867
17902
16825
23363
8785
8915
11837
31584
17220
9565
15027
19714
20370
18973
1976
27492
15958
4430
9193
15551
26296
6155
4169
29980
18287
20928
25571
15207
26500
30175
21168
9414
13400
30164
7098
31273
232
3898
8834
31777
2640
20047
14239
6389
9614
5285
21673
18675
31369
30747
20309
1284
28754
3596
18401
2947
11945
30406
22195
26447
22723
15678
15677
27935
25930
24322
7715
8982
14246
4206
160
18072
24187
4387
8998
25691
7026
9397
24900
14017
6205
932
12493
15973
27861
22670
31287
18675
23302
7586
20545
23102
25390
28248
19160
11148
5698
8543
2364
13620
18705
16087
8031
30316
3277
9921
29326
28508
4295
31668
18770
375
20858
9681
4761
10762
14539
505
10257
19221
5007
4413
4053
30299
78
15509
331
28341
15174
213
12620
21419
27571
5854
10630
11077
22094
27665
12063
15903
6420
32522
31899
31164
21576
29834
21248
19740
25787
30900
9784
13201
4939
16509
26806
25038
23978
16222
14941
18753
15457
25931
32413
26019
2580
30953
7647
2253
28679
25084
30243
6349
31713
30750
16103
29753
17072
10679
25675
28867
13614
3881
7540
10254
2371
15947
16942
1728
23754
29209
9173
20953
30104
23210
28021
5699
17082
10594
20272
13993
767
11624
30944
2957
13495
5210
10238
18837
12985
9024
19651
8742
8875
31679
2700
21044
6269
16784
6019
4953
4919
13360
16252
8996
14069
4312
3613
21683
26671
20655
25666
24708
11326
5951
31903
26248
29468
25893
9128
22137
11884
25357
9901
12910
22970
22750
15946
24493
22531
9522
30718
31168
19064
18697
25370
23499
17535
23486
1245
21532
251
31546
22493
13828
31949
3175
23208
15845
6811
24551
29100
31629
13263
3847
8276
14018
15075
9454
23924
542
21213
26651
1767
28702
21
22542
14455
7797
22078
13124
2556
2982
18340
6505
30920
27345
31155
7626
67
27085
17081
24073
9683
7544
13549
28948
31743
2123
23215
16983
24787
28466
2065
11569
31622
28826
26007
27813
15706
4555
6203
13139
27076
13944
10932
32678
27085
13972
7160
78
28344
1640
14080
7409
10213
9443
6091
30493
4085
17457
421
30594
5423
24719
27305
15198
8482
14685
24709
30264
17292
24692
10877
7121
1147
21435
19635
26200
8626
21749
20645
3293
15182
29661
30455
15880
13226
32373
13939
13067
18047
19355
11342
28373
6992
5085
25004
32136
22277
19598
2663
18478
28886
14617
8460
20648
20074
9878
1063
27110
27456
1435
30913
16478
3919
22101
13862
18102
22761
6871
24300
23236
7653
17329
2864
14009
26621
19141
18467
665
4213
28758
12486
6639
16126
20066
1009
22974
20441
13874
23450
2746
25919
3119
26964
15288
10241
5623
23574
8292
31596
28336
21310
18482
10351
5533
725
16791
17408
19182
27925
32120
21691
11997
21800
1763
31692
22262
20275
25341
9488
19894
4499
11579
631
12376
27495
17365
22189
24300
1102
6264
21241
29353
18802
31036
3173
28292
11205
26069
19487
24066
5002
17677
16159
22090
11544
3698
18698
3454
29402
15435
32342
31819
6299
6609
2480
15807
15360
16796
154
8539
32342
24668
27481
9066
27534
4041
1038
16273
21126
24029
28963
20902
29323
21568
32488
30917
8731
5124
7294
12449
21231
22930
8181
5401
5945
31972
5553
1036
3114
16885
7954
4461
19895
3446
9300
410
22429
20931
23987
15849
30626
18453
30675
30596
13598
18937
22368
27768
20923
24321
16369
776
18297
21177
25139
12103
26613
26332
5443
22246
234
30152
16219
10058
10744
6448
12721
4577
8100
10513
31644
25271
20385
9959
30969
9540
31310
26912
8141
19337
3455
6865
20780
19291
7296
25512
12633
9726
6487
19490
19246
3573
13130
12797
702
7961
32417
24817
6970
23785
18861
9115
21521
27425
17161
24762
24923
13454
21792
6301
17272
29728
23279
22236
16884
21569
4621
27719
3502
6245
28136
1308
20026
1250
12369
28541
7811
30979
27451
9760
15541
28503
20415
29513
29018
22607
28260
16373
29123
776
19614
25432
16809
2150
29588
1674
22548
27746
23590
28798
2940
27045
23599
20019
2350
6997
30983
19246
23538
31023
17229
3623
17899
22998
8163
28163
29118
28522
8761
29442
16119
29277
23503
30778
11688
28290
17653
324
11602
26215
8918
6197
21257
16613
3764
18383
15060
13557
629
1529
6227
10181
3679
8813
15012
12556
7200
