8682
28480
21585
8212
25942
4004
1900
19756
276
28821
28753
30356
17115
12933
20733
11362
14393
13136
15396
29067
26399
29882
12756
30201
28576
18200
28502
14045
31478
3149
30293
31047
7110
9976
3905
21236
933
27116
19190
13670
12762
7137
18329
12090
32613
25449
15555
22455
11329
12069
4834
6307
20967
28216
2524
19034
24339
11516
13045
22049
202
27124
16882
21175
7324
14082
31102
20269
16423
31450
14030
16376
10716
26295
24705
16965
20230
29773
15562
10636
775
32766
29392
2920
9189
21328
15189
15782
28678
13215
1174
31387
26936
18703
3443
8123
26869
29125
15312
14952
18916
21847
12859
22280
19106
19584
26831
18010
3523
28953
19800
19722
23316
27204
11960
29059
1571
18667
30601
23556
7682
2153
31747
31990
19015
1926
24352
28029
31063
3497
21247
15949
17381
12361
14470
10431
10677
11429
25164
22051
2982
2485
32438
12632
1775
5728
28000
30363
5545
6127
958
30109
6286
15554
1283
14808
11776
10049
20801
3362
31309
9494
4050
2179
17713
26266
22776
10052
4252
19084
8896
4168
3254
4617
29996
2464
3360
4280
10640
19033
25469
11590
14653
7832
17202
17938
24413
4586
4713
20009
4638
5077
19548
13940
5907
19123
22736
30512
14039
2240
31967
19871
21491
6001
18683
509
26881
19719
10288
18870
12818
8293
29865
6614
1358
12062
13686
32193
7898
27091
27021
17956
25599
23228
1038
9259
24968
14980
32203
1269
2411
18266
8199
16709
29612
4677
27774
30074
9855
14007
18086
5569
10669
12390
16949
4745
26936
17239
15075
8503
11074
10811
6513
32027
7467
32511
27114
13475
15354
4511
10025
22223
7166
8507
24475
5349
21429
11116
5958
11366
3564
17880
2826
11584
1832
13828
14631
28741
31301
15210
21248
20956
16477
16332
31775
1271
10219
25031
31352
4677
18224
3499
15346
22440
19926
6282
21795
7145
6612
4495
23899
2731
5009
15761
19429
11421
5452
28904
14985
12276
25019
15232
12629
5401
28146
6956
24478
5022
647
10300
26177
19319
30708
28753
5934
5735
4668
29552
20008
3512
16338
30550
18118
6191
16310
9483
5054
5183
29409
9402
7010
29309
23779
11200
15723
21588
6091
12547
1526
762
16199
15237
4556
21154
5900
32569
2022
17908
28792
15381
19505
1466
4982
4968
20366
220
11939
18286
8477
18574
4783
6433
9403
31944
15621
14419
4809
23798
30126
31226
9520
20722
1138
18635
5537
32303
16705
1034
20770
15671
978
16544
1222
855
13962
8302
26555
5272
4255
13281
26250
4594
15229
6598
5019
14269
26473
20832
248
24680
4964
29368
26450
8045
3154
16693
15945
2180
26459
19564
10728
30488
31634
4921
24943
27127
7892
23823
29526
18253
10739
15756
2702
7379
2068
30289
6410
12356
21846
11024
2942
29713
20661
7142
27239
13397
9517
23020
3147
4107
20002
10761
15682
4735
6911
2570
32693
258
5662
3060
19046
12514
21224
31640
26544
31129
26429
617
23057
5957
5142
15755
27109
4440
24936
31276
16500
31121
12620
3095
13359
5931
3678
29318
10807
21076
14690
16184
12575
29664
14894
29636
14579
3391
30660
18733
3193
7340
7102
5558
28598
16808
17647
17656
1972
5543
19783
5681
28547
32009
9975
5343
7806
1099
5334
32654
975
7551
16899
4334
31542
20985
31948
24360
32518
15436
6351
17778
15216
24181
15455
3042
26371
10325
7466
16767
1140
16997
28696
31902
29083
28837
4214
30060
26559
8661
8787
11975
20755
32488
13354
8530
6016
3766
9154
7368
20645
16881
19027
21392
27421
31578
13290
17554
16640
26676
26126
30538
13228
15609
31140
15898
13509
10829
3088
29413
24698
7728
19357
25049
3338
9591
8991
22156
29575
381
18647
32587
21979
17942
13462
6831
17928
5060
16677
9072
29364
16942
31973
28286
7396
3789
28083
28494
6920
9193
19470
5746
3384
3012
31100
32365
9917
25621
13865
23237
12499
26039
22994
23898
10925
5283
5089
1525
10938
11292
30426
4132
25895
6953
21237
29510
31653
9544
9229
10466
31340
31585
5816
11581
9855
24825
26808
28203
306
12712
10386
7205
9450
23245
6268
4508
24357
7552
14460
17549
11194
11464
15311
30294
30049
31758
28040
5576
16245
20946
18553
1917
7417
29341
18006
18539
6362
30775
10776
7866
29555
10521
18848
19667
22870
25637
6813
31418
30538
29845
1711
18845
3984
25138
19149
17837
29803
4550
26084
10796
3039
18899
23232
11207
16568
28549
18736
15655
1230
4070
8805
451
18568
2385
31900
25336
2975
26921
18941
31579
27428
20938
30402
19534
20677
31936
12955
29137
10060
11576
26961
18587
14440
9907
11946
14954
6064
31746
8590
9367
16101
19054
2663
3309
16247
13623
14542
6331
11595
13632
25699
31272
9916
4360
5372
18375
7648
4316
22019
29291
18188
17227
14617
19773
20634
26075
27647
23563
18409
17914
26039
23523
20390
11831
28390
14817
2890
13234
2429
27717
25572
30673
31640
25032
2585
12853
423
31537
22889
5869
27595
17187
180
27881
10883
22585
5116
26801
3719
15701
27500
8023
16372
1076
29593
9641
12458
1606
21257
12204
3570
8125
2290
17478
30053
8420
26947
22843
28937
27059
6632
27483
32444
25504
30026
26361
9942
19895
30230
29854
26122
3821
4160
32255
28301
690
6983
32557
1146
29637
12730
30732
31094
14668
10747
4614
2960
10788
3139
19968
11114
23158
10726
20109
28062
22411
14809
4706
11099
21985
7793
13067
5711
1406
14445
31708
17354
132
27447
27945
29472
2054
13927
32698
4943
794
2185
15481
19425
29743
12064
31854
3348
22689
2027
25837
27449
9867
22374
29710
18778
23773
26772
12638
5919
22958
23036
22228
9714
27347
15345
1543
22882
19632
25623
23965
14021
2894
6691
775
6178
31150
482
29804
1614
13149
26237
14050
32340
23625
19195
13540
9754
4819
25607
24833
13378
18469
24308
28881
3919
29382
6654
17453
26633
20331
12755
19615
21282
9233
2130
2328
9753
14664
10386
27105
7007
32210
11302
12500
441
2156
1439
8652
31461
27628
21587
5978
3456
4492
9565
20410
3623
3462
17893
1541
9181
8673
2722
11175
27564
25482
12444
22036
32655
13734
15159
13495
25744
3879
29549
9003
9262
16029
27739
11182
5377
8271
12543
3539
5793
31371
32576
7543
17603
29754
13358
3573
26021
22967
19852
32158
6061
9186
9356
21859
589
30064
17881
20693
3625
645
2778
16976
26748
5764
22582
26482
21943
11302
9619
25042
5996
19401
12964
10223
26987
9227
3426
615
23083
4248
19865
26986
619
832
10663
22125
24600
845
18560
24099
22642
14099
29942
9897
9579
11208
5688
3585
12879
20374
4504
5313
11178
20975
31121
24844
18023
24097
11784
28098
565
25642
20946
14836
27439
25549
14711
3227
7867
28133
14133
8329
6066
20474
26696
19615
1474
7698
26473
31809
13329
3785
2197
3079
17187
23972
527
24245
14846
10147
9896
15982
12940
30229
5438
24100
9536
27568
387
3923
6140
18401
31231
32751
13363
13409
20313
5275
2123
4361
210
13083
30789
12775
21010
4364
8607
17297
28199
23250
13945
18873
15307
18131
5112
27650
18149
26851
6120
1298
25427
23038
31141
10217
27879
2109
10811
3953
18607
17155
32716
11350
2938
22391
12338
17687
27031
20792
24294
23646
21472
13132
16928
20877
26104
15705
9024
28569
2512
4375
15981
24091
29808
19461
17788
10404
24564
26971
2579
20561
9940
64
4878
7072
9321
12862
8481
6274
32429
24051
26303
1202
15683
27145
30523
4164
20919
15464
12590
11905
29958
12713
10264
26866
32353
10446
20810
26811
5934
30513
30723
10795
28752
22715
15577
3728
23720
12374
9306
16464
29915
11429
30964
7477
10326
9458
1042
6921
24464
17000
25224
23139
5007
18818
30769
23488
32430
6083
18134
2773
19101
10664
11346
5156
24489
15579
19444
14542
14654
25257
10021
5288
25514
5814
10571
2704
1827
11759
10989
19202
9228
12737
12311
10470
25716
31624
26112
12460
9952
9291
9194
13723
9802
7334
29514
18790
25449
263
25385
20993
13107
32286
10954
12722
5793
22926
24461
13675
16306
29417
16915
15703
26546
20699
26275
21427
23228
3749
15564
9695
23678
15821
14924
5045
19004
4116
11569
18713
7703
23977
31038
5585
14224
23452
17552
30616
3400
5781
22402
2669
11273
1478
13261
21297
9994
18974
9972
6257
23919
28096
23519
15745
14608
14259
12229
21450
19067
26587
20048
22116
26172
28456
22780
17384
10076
30733
7617
2687
31527
21300
8433
31295
6706
7280
32355
12728
4765
11251
26065
14537
18326
10177
13951
15801
2590
18788
32285
10370
12048
11233
24303
30832
18015
13804
8491
8171
22431
29784
29603
21137
18375
30929
8099
31113
19509
4301
13341
16915
3826
26816
27651
31331
26680
28559
21493
12463
20785
3656
29468
18567
29698
2064
31574
31333
32008
5725
17555
29061
4449
5477
6015
31734
3759
21718
2913
242
30744
24775
31554
12651
13458
22254
22099
9958
605
7188
20361
25740
17360
1479
12426
28286
2393
19535
21452
27498
31936
22755
2555
1116
4523
17436
28316
30422
8039
6313
28657
3362
18405
11845
3612
28903
20483
12518
5510
3067
19725
10295
22658
27512
19332
4937
11310
22802
21278
27781
11418
7847
27661
10726
3117
10264
2436
3429
29252
30552
32120
22964
11547
7874
22948
16174
15089
13744
25039
5391
28263
31561
29521
13024
12842
7066
1492
32310
12241
19177
10584
156
24073
11077
9594
6606
14831
12386
7669
8744
12221
30116
24681
4445
30377
14970
16219
32108
25610
30957
7805
1488
31165
19065
5168
32503
13255
3867
17480
29174
22843
2731
22543
17531
21599
27756
14220
7427
22026
29922
26629
22349
18512
11747
13250
7438
21601
26865
32532
30438
32687
30663
28310
27027
9295
21298
17075
29541
18594
9250
3176
32241
6708
25345
8011
6154
4068
323
25805
3053
30534
20799
29884
9660
28997
8253
5900
15918
8717
14032
4822
23940
6184
13158
28321
2751
12006
29469
1505
6928
28675
31960
6077
5520
14468
8851
13077
32561
9442
19699
9156
8948
2154
9505
17698
10845
29668
4313
24013
6693
3955
13502
26794
1838
19388
28913
28454
6076
11850
3041
22722
9441
15665
32613
21454
4153
19954
7176
15220
8664
15263
30371
7929
641
18496
21554
20032
9752
11636
2016
3984
14938
8284
30564
25238
28108
19636
14736
29870
8945
2883
807
10846
25536
22390
22000
25123
10581
18504
9736
21617
19431
4196
27004
13557
12026
18830
17943
31005
32214
3903
20857
26586
3127
11407
5993
22181
12102
24920
23149
14272
8904
665
17047
23998
20118
31256
28321
6213
77
26956
6973
3603
27974
29561
21670
30783
4297
29469
26235
8897
14973
7819
32205
22069
24867
24534
12663
3804
3460
25584
25773
9444
29096
9491
14296
18921
73
29792
31649
32699
6279
18119
23116
27746
6622
18726
11080
12127
29780
32693
9476
7221
2295
29857
24836
32296
28294
14839
26163
18757
28271
17092
11643
23714
19961
22395
21651
14823
14275
10646
29464
22029
22893
19072
17888
26470
2453
2483
9355
21726
2565
32285
30042
10880
14890
16073
4933
14140
19913
3771
23111
14311
23533
28
19965
13187
23076
21143
3695
27841
22506
4354
3886
3268
3686
12865
17567
27432
6228
16743
15254
5955
26179
20767
20262
1706
17152
15947
28856
3319
31826
1514
13915
202
999
12863
9051
12814
7311
9008
24341
5502
26536
13804
19977
18791
26329
4048
16689
22447
17924
4236
12178
22806
373
12161
11792
23996
15456
18542
6534
16100
23434
6988
10006
15863
14406
886
20158
5324
32675
10765
17452
23334
4580
14235
29140
25982
30256
18678
10815
259
13963
11112
934
12512
14341
9228
4543
20669
25393
18043
29143
16520
12505
7848
23841
32117
28400
12809
13646
19523
20936
7160
16221
22722
9606
18776
181
28306
13266
6011
29297
12077
12755
23107
32507
26919
19034
3464
32220
29877
6237
13754
8658
14701
9640
13256
3363
16716
16847
4160
50
31997
17767
439
22096
7512
5493
12907
17620
9770
31527
2343
4206
7732
9154
31079
11448
118
23772
7869
31246
21165
24779
10099
5536
1306
18269
21106
28613
32645
28362
1122
7315
32642
28902
14355
4780
11251
30875
19996
19546
462
2967
32706
32479
32288
7234
31003
23558
10578
30707
24179
4606
26539
25955
16622
32104
13079
1890
18031
16815
8743
22472
2233
15256
24664
20143
28628
538
31640
2527
2995
26991
11014
2186
12563
15467
29434
20282
23974
8205
19013
2055
10097
21844
9402
29453
15218
19795
1773
15133
12167
17288
1850
691
11147
21098
24585
15656
11714
13889
30545
10281
28279
12858
32603
31080
9955
19387
5321
5265
16209
20468
32214
23936
10368
22455
28383
31409
25673
15753
30755
7160
385
14841
199
6514
3873
6704
29469
32443
19108
17610
32293
22113
3505
228
4180
18841
16122
13174
28565
26673
19044
1764
4750
11462
25704
12495
7972
4407
7353
18993
12865
18265
1063
28073
21716
27117
27075
4115
16922
14799
29508
18268
25373
15216
5289
29588
9082
18565
11040
32325
870
27137
16167
9220
2803
3649
12785
31813
656
28551
23051
13172
5327
16042
21311
11073
15724
26124
1465
30011
10634
30923
10344
23456
27967
8764
17063
27763
12883
10645
28957
15056
17477
24041
29153
19069
7567
32346
15330
22977
23083
29322
9607
32121
13142
26450
24210
17256
26772
9143
16714
20175
14836
10777
16089
9021
22421
31150
27379
4521
27241
1071
27320
31678
6713
11217
19164
24950
13546
23927
261
27882
23294
6950
7284
28777
21854
2745
27112
2759
30806
23766
3775
26103
14305
8224
24415
17372
20775
21678
29908
19805
11588
21437
17850
22456
24907
24481
18014
5144
28554
28674
21536
23913
11792
3652
28700
6251
30317
22087
3337
23045
697
28497
29792
18397
7128
4424
1729
26405
31995
27173
23444
19896
4202
30629
1004
26981
27010
10561
29872
20874
8185
24161
23548
22245
28778
5325
26053
17832
17933
23396
13244
3531
4549
23824
3189
17830
4705
6137
1481
15039
29211
5369
11897
1249
23909
13137
31507
20334
30438
23706
31258
19701
19647
13566
4961
2311
13074
7079
22200
3143
10181
3960
7626
1729
9091
19451
1350
29821
31748
12955
317
28755
15247
21524
4300
10496
4541
11815
21754
11386
16767
29074
3811
32129
12386
25663
18711
10103
31506
13244
12349
17521
13085
19435
24316
10638
10746
1531
8475
11656
27978
17302
29158
15752
22621
19036
14804
13375
24312
29585
3944
10034
30038
1042
32597
7765
14700
16526
8165
27100
16754
4594
29595
2638
13214
20005
24344
24283
2867
30966
13883
3567
11962
4435
9356
23559
15247
16059
29915
25796
10912
29429
31780
27197
12914
21507
11190
11930
2661
594
3732
3039
29496
3891
13852
15877
10447
14223
23014
4943
8500
14037
12015
30427
15581
17976
14839
2424
19501
7192
8487
15543
3644
32701
16631
9285
3291
17739
2127
29047
31187
17906
24556
19751
29038
10342
8454
959
17977
3471
24368
14227
14855
30081
2431
3444
18489
28846
9966
1921
25917
29018
12801
577
22357
20816
22441
2031
3226
24532
7528
28181
4672
3032
12981
29021
4379
32371
29090
17315
29538
14734
21180
16462
6068
3809
22579
15073
13656
798
13371
7117
21961
29035
11953
16266
1906
790
3586
19429
11702
20356
1865
28572
4659
14443
31159
16424
6984
22081
31032
10714
19412
2293
27731
9769
28737
220
16722
11339
7362
21486
32420
4098
24792
29490
12927
17081
21531
5239
1482
10959
24631
25669
30265
1331
27701
5139
31674
1329
19708
6330
7440
9867
7959
11562
14269
26060
28088
27996
32550
21209
19197
7560
30450
12745
15731
29079
27827
7670
9945
26843
13512
25428
2086
4606
11906
514
18125
19256
21381
4127
22335
21189
22129
28127
28849
15255
5314
32734
11808
6728
24565
25524
16531
32338
25069
21193
5793
2946
8340
10091
7474
18346
25797
14365
32138
28823
2154
32050
31875
28226
28641
13467
24345
13642
12965
30718
30764
11682
14122
30984
17282
29063
17928
22531
12812
30902
22620
18603
2922
987
9579
31037
2224
23628
13193
28626
3179
15351
28730
20971
7135
29082
5014
19021
32147
5426
21234
271
8464
24757
9916
23025
13285
259
10151
27887
2030
29466
18184
27926
11990
16778
26240
29079
28379
13866
4828
21786
29905
21512
26169
8020
26474
11686
21868
11484
16308
27491
27809
2362
2787
5687
16193
12097
31057
31395
3866
9120
24259
14312
28346
7603
2030
20344
25371
12959
2362
18602
18566
13981
27333
15537
32433
18582
21931
24271
8235
15345
9861
21702
18681
21673
2351
29584
12418
2466
463
13391
6824
16701
1810
30087
25656
15402
4537
23691
11908
8829
17749
27445
28238
26372
5710
7642
25064
29912
4394
9597
12954
23347
9996
4675
17732
27521
9083
551
32324
32186
12133
10223
31898
20206
1380
15967
4170
11810
15167
15276
28674
27482
17588
22836
29181
15607
4981
17259
19495
3907
30832
1561
8066
29259
10835
2243
21192
6637
5456
12134
82
9265
22558
29548
31544
6621
4672
2264
12218
23875
26505
25540
25311
31582
23776
12813
5467
4893
29249
7501
3510
18175
7684
26889
19883
27872
3426
16684
30415
28691
20021
19636
25203
6576
17919
22700
28874
13103
6702
12122
21327
14134
28062
28601
22113
1200
5984
31018
28208
18463
14010
16230
2781
3891
18542
6839
30685
15003
8511
26728
19103
16923
29106
3961
9326
32479
14098
15768
19352
28687
15798
28749
24528
11683
6279
7797
11729
32121
12732
5617
26180
16036
22760
24991
15332
7944
29239
19337
11488
20260
10996
20317
31616
10286
22351
4382
6668
30821
23902
11288
3562
27043
20833
28185
3590
13873
10058
21214
24695
8160
7549
21452
15199
23893
17620
24545
11538
29093
18918
4073
20347
8738
25481
27381
19132
32372
2709
20233
27413
12011
24299
21013
19975
32019
23990
12070
27321
19081
19697
5086
31130
27150
42
25122
32584
3802
23173
14866
32433
17970
12803
24638
5752
12093
30724
21526
3482
25876
19211
10915
4945
20248
21954
373
13880
19336
7998
7645
22192
26707
12419
3164
6275
7722
13131
21594
6088
16858
28163
5147
25863
8153
16663
6384
3229
30238
2415
18346
11617
16438
3130
26964
25223
2453
20458
12322
1221
14890
1663
2212
1717
4406
27913
2879
28795
16989
17512
8670
16039
26878
18263
13797
10333
17856
16809
31335
4275
31341
11473
9880
10074
14340
30120
13445
31873
4873
20331
30722
3062
29216
14339
8676
910
19162
4490
881
18632
8399
29962
9749
429
31469
8840
2903
9466
17167
12865
10506
21889
17361
27443
30152
3277
14499
25311
6556
22789
9245
19022
5887
12818
24723
3154
6
10756
7912
8462
3033
31922
18343
15032
8295
17057
29263
12190
9304
19240
26351
17767
11587
25041
24051
16796
24098
769
29246
25447
2563
17372
31097
10906
28416
29027
13994
4082
7536
10975
6920
4766
24415
31619
2318
16123
13372
14157
19918
4770
13522
7981
17544
24996
29562
4201
22651
8468
11406
17216
22779
15046
23328
23758
21444
20055
1516
22575
27022
877
22668
2791
20705
20800
23787
18561
31531
24410
26876
26999
4112
25499
5292
14674
13057
8575
19477
4114
18192
28324
20980
6864
9474
24710
18013
6050
30630
1933
1453
2239
12902
23371
29633
8932
22044
15358
1893
31478
30759
11613
10767
14056
16317
11921
16334
17887
19842
21377
27517
25492
16730
850
25404
27386
21116
46
26913
15394
11721
7237
15402
14683
3675
16402
5494
8093
17504
9696
1461
15912
7721
28300
18142
20840
26494
29580
22048
1308
29493
31280
27162
25015
25347
11304
6478
10502
8593
31047
17619
26132
17106
18055
6987
13387
16021
3660
18453
475
14678
21997
8900
20832
20314
7280
29391
16063
5627
9877
7049
19280
18240
19479
17492
13635
19376
10798
20754
24124
5736
24408
16093
1345
1900
13401
14584
22486
18491
22144
31237
7782
22182
1837
19832
2021
12769
25744
17739
22708
24027
12211
30708
197
12491
13243
23188
23807
7947
12907
2929
10212
31018
31209
8358
23921
20541
1989
20249
5701
29813
23863
32174
7686
16887
26792
6330
18689
12263
10356
14779
19728
21958
27375
30534
8641
23295
20390
28992
11188
1212
28135
27985
14149
22014
17539
6038
1643
30189
22226
15254
30176
20589
6904
2424
32131
9457
7527
15219
4090
30612
32165
12165
7579
6246
10320
18792
16013
13571
29279
12482
18474
10347
31146
16284
20904
32013
28333
13589
27641
21797
11144
87
4335
11592
15435
14283
3492
11581
15473
4233
27673
31503
11690
27155
8221
17504
11230
16962
31601
29184
8814
9600
11561
14783
26301
28472
20565
639
23535
28299
19937
20109
1008
17221
5562
8241
8632
1807
29490
3203
20686
5862
166
28801
13835
4299
32350
31839
11681
22972
4276
2334
6748
16356
10617
27744
14887
3343
8340
15995
9169
7520
16364
18124
21009
20038
18057
590
24520
22956
9974
30826
22919
29040
1257
21009
18513
12055
13861
26377
22946
11199
19104
13700
18607
21588
24545
30711
27888
19975
17325
19753
4572
32508
10722
9867
31732
3907
31139
28871
16130
30218
30133
10907
18851
26385
17449
24040
18947
13406
6460
12038
20456
30769
2427
30299
20466
6970
18219
6188
27681
2826
20199
3762
9623
13512
18315
23153
23455
6181
6481
19653
15343
1681
58
24766
2090
25264
7600
5677
21673
29703
19817
767
9339
8956
16782
3786
1706
12541
10781
3238
6336
16639
27532
10046
4746
17450
10415
21287
16156
7890
9179
15216
1813
6570
15180
23674
28709
29492
1220
16649
13772
9596
19573
5532
24420
13318
31521
1530
30561
5637
10112
6414
18392
4301
22242
32500
16446
5771
12565
1364
26739
32052
11145
9711
1278
8635
28594
25463
20635
19335
174
26788
28403
25636
25640
7556
31914
22329
21116
10003
24734
11962
12827
1291
17006
16222
25138
16893
19002
31060
6278
27041
3498
12594
22178
14699
20018
29998
14901
16222
27796
17040
11446
23333
13734
12135
13897
21856
27733
23675
30694
316
13546
17284
4280
7238
17804
13721
29379
24705
6
7659
27338
31925
22731
23731
24432
26379
12087
20073
2973
15831
31512
21303
14371
10933
29549
27309
14498
31703
4718
14262
12201
26525
6860
203
24093
11878
569
102
479
3751
25899
6586
1961
16186
26589
17825
5177
25592
10391
19414
10418
12425
10032
7268
26175
11643
17873
23902
13561
21394
18171
209
21003
29023
27852
30455
2323
3860
7550
20653
7372
17559
12592
26151
8939
13781
19689
21987
22342
10585
28378
28635
10811
27933
4067
24831
3664
32160
32345
13026
18711
9016
22023
29620
19285
31146
14706
6768
21602
5624
12386
31574
25811
15994
20381
24732
17495
26928
3574
7009
7903
29783
27270
8418
32002
19770
18490
2032
7071
31051
8846
31394
26308
13682
32663
28743
7118
8101
17223
17310
22226
7865
18413
31050
3900
31864
24571
19072
18358
26099
9484
18435
30028
17946
14373
10578
25037
11913
22331
7199
3444
17061
27638
10244
21447
22760
30645
31346
22464
18041
210
12010
31531
2304
25895
26479
25935
17080
13777
18747
23760
15558
51
12721
30932
25545
10302
14227
28005
29362
14320
19573
30487
16342
18459
4721
10730
24641
26216
14877
10097
5453
7323
31930
52
14452
32025
1710
17492
6499
22695
26165
1901
591
372
21075
23488
22156
16218
24077
2194
32604
22881
27608
32719
6917
22661
30034
22259
8742
26553
31536
18218
30538
29995
12663
30902
5310
30922
15344
7570
19616
1030
3797
8021
20281
32470
18385
25688
27533
13824
4904
28699
15919
7829
28977
25317
16986
29370
28685
7339
31038
2990
11667
1843
7064
7433
13706
19322
2437
13634
4123
30290
27800
10100
5253
20559
16426
16994
21523
27876
13297
30904
12620
13514
7381
24212
30569
28577
26622
8260
1548
4314
17458
22098
25902
19412
30046
23229
21849
13125
1650
906
12312
26588
19826
26235
11437
6693
30154
2591
23809
25516
1251
10251
30433
15205
3315
25702
15718
2379
537
7851
7861
7496
26025
16298
23017
3413
15301
10448
16718
16098
32557
10409
27856
8056
1879
6307
28851
20637
5315
2069
27780
19192
30601
6271
1615
15541
1076
28436
9746
10027
19154
24437
1394
32700
17484
13248
26541
22525
27124
13769
3536
20759
27485
23975
15146
24174
30319
18803
24064
7040
17850
25164
12418
14607
26891
21150
26110
17794
31805
12708
14420
21641
16466
2092
27050
18944
19139
4763
3680
19478
16147
25648
13126
8366
18090
20365
13325
31237
15073
14451
22012
30357
13658
13005
31460
22586
31378
4848
86
13972
29369
21281
7955
12460
9409
29271
24260
25050
26549
12355
29164
7654
15948
19086
3610
14445
4286
8034
5219
23430
14550
22827
7695
12710
5192
1951
16787
26305
4422
18940
9152
17586
26958
28304
10553
28381
32326
11135
23594
275
3530
21697
23095
5558
11973
13162
24243
30493
19774
25134
15635
57
6261
21284
24482
28793
5935
25290
7798
14060
22094
7242
674
30886
26020
4859
18861
22116
5897
29995
15683
13683
13227
15388
13099
4045
7078
7500
18809
3974
981
8441
13061
31078
17895
485
10267
10968
30389
14935
20340
12034
14034
25186
13157
12086
29028
17257
5975
17033
32051
17635
16759
24769
21504
5724
3247
31861
21528
15036
22228
2159
16425
22732
7969
27733
29011
29942
26852
11401
28546
30797
13943
18765
25596
10445
12402
6443
6710
30435
19743
8852
748
17456
3118
14535
28016
1930
6826
24564
27459
29251
29484
15521
4578
31406
20047
4686
3810
28640
30563
5460
16959
31412
22886
5139
21234
12306
22576
15180
29121
6256
18925
31180
15963
20632
9424
18251
676
10156
13574
21139
14414
24168
28393
23269
3241
27560
12663
14488
22204
27178
3330
22787
13204
5012
25128
12701
15580
27833
27910
28259
3502
1816
4265
24442
2473
31653
30405
27158
6724
717
22442
154
22113
19892
32371
26113
18470
1217
23937
16508
17672
3932
18216
16220
3112
2294
7847
22579
7907
1866
5470
24374
1956
5603
18491
32486
765
2783
20854
21232
16119
6386
8830
10833
9382
17070
14899
13501
24576
4865
2901
8002
6639
16127
10044
25641
6308
5345
202
21021
14895
23630
23455
3727
32076
3034
15243
5976
3200
30669
26697
1952
32613
24101
22890
9215
17986
29662
7823
29155
29663
22384
6107
24114
22936
3226
4776
14128
10671
25950
7801
32162
5095
31821
11824
20788
4174
9220
22914
31768
19546
28663
21159
25072
28215
14957
25686
21998
8800
19404
3056
7225
10093
1815
1020
6803
19499
16309
21203
31802
5106
7284
12700
19723
30003
11213
24443
20461
26193
3434
13574
5229
11442
21733
3065
4006
8725
2515
20266
15460
25638
26881
18111
1673
8783
19197
29854
1455
32210
21464
5413
19214
12309
20523
6172
18080
27452
25432
9703
1924
10493
27410
1280
23457
23472
15392
29605
4747
13734
7261
18894
26538
31420
7684
30562
22425
4144
16426
12970
25804
16051
30860
27398
3958
23231
2699
21471
1193
18218
20341
7132
18623
1532
21510
9305
24826
19326
28463
19733
16487
18323
13845
10282
31752
6475
29021
10819
2609
8374
30631
11017
4403
8950
4440
18910
2360
29848
18845
2766
13678
7717
20653
16322
14440
12019
21326
4599
18369
12865
27546
16303
17154
31363
3843
25127
12741
14075
7573
20424
27931
1929
30331
28321
30764
708
13765
2837
19485
25161
32616
1745
6967
18772
31622
29698
20293
22925
26608
28868
18237
2596
25322
22237
6179
29983
21294
5035
21803
3827
4403
15451
8990
31826
13742
12892
6910
31301
12634
27667
16365
3194
4596
13777
3147
26079
6282
32514
23071
16240
1270
1959
10936
4428
15014
518
4500
25103
8862
31903
18048
8284
28351
10339
8961
15033
8777
20257
3827
27040
927
3649
8304
24530
23370
10676
29427
21743
9281
2859
31165
7748
4455
16775
20856
18916
3158
5265
21787
28666
4443
236
31245
11869
3265
12360
14221
613
7507
16855
32081
29950
24604
30469
32109
19706
10609
6244
19831
15276
20274
9957
8937
14258
26700
11598
11974
31250
9602
17896
23681
20873
10094
10360
30746
16415
30146
21617
32650
5887
31700
11112
9057
1158
11866
4040
15022
18586
15985
23495
11807
829
32229
17561
7785
20833
22700
32227
18922
11262
1971
12658
30093
15715
24798
7981
23791
8394
26698
31048
28096
16430
1749
20667
21099
17505
2528
9715
4089
19289
20563
29127
15154
22730
18658
15021
2310
13563
9615
2606
15916
11730
26736
22167
16905
28208
11699
13554
22739
24453
22239
26420
18678
18843
31580
6840
28599
9398
16950
27372
2327
20959
2334
31819
12026
11645
31922
17291
21384
12325
1534
19735
15060
4531
12610
6335
14267
8858
29173
23982
12304
20344
26635
19101
11254
750
2676
5703
29836
22958
23269
29725
1488
23765
1754
16698
22461
13948
6620
32153
17079
5257
9471
25990
809
11723
32688
16210
8301
7495
1453
12619
15084
1996
30293
13291
1414
16334
22818
29776
28212
23409
2932
15084
14827
28899
23440
10878
6084
27887
21736
27457
28507
14287
8605
5731
28276
7234
9538
30136
6629
9439
13539
27568
26032
25513
4165
6023
6255
22499
112
2491
32245
26150
16235
7363
11570
5808
3399
17918
25943
3583
5726
29418
17979
29599
3805
18070
26621
15168
10112
19290
5612
1035
16285
27845
12451
566
30820
19927
31608
9942
3429
20336
22808
31221
5715
23305
15211
23269
5639
17826
19134
6867
31431
24315
2080
9631
29641
263
28428
11500
16371
13214
23113
2419
23013
14450
12303
18076
9529
4932
6507
3151
265
25176
18660
23303
25522
6950
5215
20009
25560
32594
26176
22677
21163
24030
18898
12154
19304
29855
5865
22382
23586
1517
198
1982
11202
30367
3130
22530
16717
2103
12559
27637
20581
857
10915
4484
12051
26242
15318
1317
22723
27894
27174
20586
8848
506
29721
30422
1218
29764
1756
25839
7573
32176
30505
21908
20797
29492
365
8593
11046
12566
21803
11633
25728
5980
28571
27028
13307
10885
2456
6273
19151
11382
7353
20348
8960
16823
17341
25948
736
30431
31276
17303
22997
14925
32571
19871
23132
7705
24560
21105
30030
30282
27784
15466
6755
10058
7446
29533
25076
14487
10604
9444
1029
32698
22590
26355
16514
30589
18821
26803
7369
5977
16418
9613
6761
16174
11972
20100
19241
2871
3083
24009
26189
9276
12782
2185
17172
24585
19546
778
23685
17952
6939
19190
17003
19627
2816
27639
7071
25012
27194
29315
7557
5272
15366
250
7385
29625
28556
15086
7084
29300
32262
31425
30889
27475
13348
1398
9117
4739
10927
12481
31543
27784
12910
12128
14348
7471
14150
30638
2269
8900
24228
30838
17437
20870
25888
4101
21166
9048
32602
31107
14316
12217
16936
9347
23276
24566
22004
10968
29957
13214
31071
22698
18832
10551
5930
31434
2797
7983
29527
26435
4295
16662
13195
29746
17304
21770
18103
20695
24943
32114
28663
29931
32753
17135
30907
6708
28573
31375
20004
29784
25685
23620
3505
6895
1818
23957
17690
23003
21784
9364
27004
23516
28642
10000
18871
25439
17150
18955
20
1431
8868
5486
10028
7119
18371
20476
22021
24319
19781
6021
10109
24989
4756
18780
20716
23477
10077
20235
3077
32060
9364
9028
22525
15010
5816
8987
22000
18342
23896
32627
17536
13422
9174
25270
24255
24791
22379
7882
8783
14858
15979
30528
16583
30288
5322
23502
16473
17191
20960
9983
4018
6549
31593
13609
4386
11452
10704
26528
24829
9903
8621
26665
23361
10116
9868
16561
9336
15018
27376
6975
14816
13949
16791
15912
19658
14872
29696
6274
27968
15722
25131
29402
18410
26509
20384
6186
31539
8018
434
2821
18343
2593
4869
6933
8095
27904
8270
28359
23073
9201
12890
21829
3330
9089
2386
29861
21069
14494
11581
10335
31977
31401
26566
9221
117
9164
2879
11822
4215
17294
10983
1972
15030
32676
10344
21279
228
22282
15012
4192
13696
6995
20913
195
8187
5182
31778
1823
11290
393
12681
22607
10395
28426
9786
4070
22811
3835
3153
32031
24375
3734
26102
15379
16114
6370
19679
28463
598
31692
21271
11492
16479
9081
24830
30112
2836
24539
13458
17918
2295
10370
26092
6458
15775
21173
5389
28647
17828
28098
9435
12004
2491
14738
10087
27276
11554
27520
24433
29229
15167
13675
31534
12219
22660
17162
27721
12230
31381
8576
295
26026
27565
17713
9071
6
7486
8659
24522
24943
3543
2248
6887
4453
17995
16811
6083
14725
12816
4393
13095
769
22245
8722
30834
26702
12215
1199
29592
20252
11974
14423
25707
32395
11012
29501
14105
17820
15549
7308
26102
26085
19837
11446
10364
5770
24367
26632
5008
13160
20098
10115
3847
27795
5265
9191
17513
2563
19394
30480
27381
6026
31726
18309
5349
3337
29123
21071
25075
18148
9575
18183
15131
25267
29790
10803
31651
21563
12974
12755
11097
18076
22337
20534
11804
7627
18314
24850
3229
11331
1644
11476
14951
28920
19031
13877
32029
29069
16052
1550
22787
1222
29827
26989
9920
8512
17986
21992
13923
1120
13073
26673
9123
17801
29973
12523
16235
10642
22298
17340
12950
19063
3452
15524
15863
26446
5703
12173
15260
28797
25757
13859
17747
9259
23384
4069
9326
20212
23281
2172
28356
1249
26273
6220
29944
26263
9413
29514
26110
18126
16007
31245
19418
17413
25275
16679
17835
10868
28679
8885
8937
12867
2631
3637
17387
28153
7983
2712
25516
32055
7730
7832
11982
22438
26531
4940
19423
17454
14107
17658
14556
20585
3354
30252
8691
23639
23537
22790
5517
3667
31711
17110
14732
17221
10874
15853
26065
20250
6480
28078
18434
8561
20431
30948
29834
8855
25698
28249
2273
23734
20701
22436
17165
17737
26139
28226
12905
15059
8933
9960
26021
2769
29206
1816
14862
5101
5117
30963
12303
22644
14083
4430
26872
5386
910
31751
12799
12189
7973
665
16517
4759
27348
24815
922
18520
210
23670
11970
27363
13665
20854
25081
15319
7926
10914
4854
30882
27034
30446
7085
16113
31120
4512
4631
5482
8504
4266
19765
27806
28211
27959
15187
11321
20936
6788
28042
8316
10374
32497
31880
23534
25899
856
10900
24910
25285
11421
26316
10699
8727
29574
5553
23416
30270
20173
17126
17402
25749
9076
8245
27523
15317
3929
30163
21509
9857
16906
26597
14495
15489
22490
13634
24924
22540
27445
21371
24348
12748
20528
3097
17362
2109
11876
32549
10992
22103
27901
12014
9760
23916
9486
30982
25141
1619
3624
8334
6241
24006
6442
19891
8104
12297
11610
9849
12948
1996
15285
25784
15659
5203
7300
3427
18206
15060
27440
11536
20035
22305
21591
15797
9541
28550
2591
6576
10907
24565
21195
8203
27574
16480
25996
28157
2175
2663
2457
20916
27392
16947
11137
23121
10081
9890
23744
10549
6167
11428
29073
26747
2648
18917
12548
2757
3794
21164
19280
14396
17052
28419
2666
3282
9325
27416
28887
3019
18956
26339
15038
27771
2567
10505
30017
9297
28072
6400
8205
21012
32549
9332
3376
28269
18455
5098
29484
26022
5165
4772
25929
32433
19490
28100
9775
13164
31980
20148
2227
24099
24375
29892
21234
24662
29457
12821
22428
9917
999
12215
14739
11914
10416
15630
3509
28654
5224
11898
20213
20958
19136
3894
22705
2839
3348
10881
23360
5216
5021
12284
32458
4111
26344
30548
10332
19150
28038
10016
5435
14751
518
17165
16505
6430
9504
25912
18119
4614
8243
9947
15498
1783
11250
31788
10801
28535
28505
1922
8901
25654
27367
10170
10433
16534
9223
17881
21797
32106
9423
9714
29894
10494
9196
16203
4072
8281
26845
24507
4110
28094
16480
7766
30737
28793
5418
24909
25200
12760
219
31503
14823
2935
26929
8884
24643
704
32124
19356
14196
32179
10322
8275
16612
13539
18819
9400
18183
1729
19535
17247
17716
4125
28119
18995
435
11754
18386
6752
3607
19522
29569
3952
8653
9898
22757
25011
758
23958
32303
2021
29042
1328
27512
23563
18493
4437
30386
1950
18687
17120
3039
31467
17886
31276
17793
29626
7575
4820
26961
22318
15821
11453
7475
25324
8097
1623
26730
31103
29314
19487
21768
3580
26950
361
17833
29409
23930
26204
21345
4163
15607
32574
18419
17705
30134
8434
2116
30771
21478
9918
783
7039
1595
13650
30681
10188
15496
12038
10792
21216
5264
15716
21744
1320
18714
5094
29262
21151
22339
20480
11128
31472
3608
6753
1269
13535
15460
28023
6921
18661
28871
9521
628
16154
8
15368
8540
9305
17836
22848
5255
10910
21192
5227
29901
10418
32531
4656
4301
15627
4159
24138
28384
6125
27530
9939
11083
12502
1424
15555
1721
27417
1123
32180
14568
28105
18397
2792
23458
13016
19509
29068
495
4480
6865
10302
20361
18402
15707
1486
9360
18414
26391
5441
12671
19330
18548
27420
1887
29654
16609
24543
30778
30743
25313
21455
23507
10066
32354
24568
3220
16788
9547
6259
12488
27728
24148
17381
9226
17920
31258
11336
5373
23823
15987
27886
11070
3575
23550
25026
18839
3239
25087
7122
16502
7463
9322
32522
1181
16254
18494
27970
15898
21204
27156
8828
17274
29652
4856
9830
21818
6740
28535
30503
11646
14904
31993
20823
14341
27539
8530
14671
1629
24080
24723
10660
21587
7057
9510
2798
12462
24085
19994
22734
7709
31967
30651
6191
16493
13525
12902
715
27135
20518
7067
3057
7546
28975
3412
8838
22461
1184
22421
21579
13848
7898
14405
13917
19643
18588
1340
14082
16750
32479
15517
15522
32387
27134
28518
13844
4617
4122
14917
28
3395
1725
16558
17457
30809
26557
24106
13443
11852
3428
498
18748
13615
22989
26812
25350
26261
3473
10453
30414
31814
29092
17520
9928
21814
22649
13886
27828
1719
14957
11326
14687
3565
29026
25815
11628
13698
22442
25124
20308
924
20008
26511
25260
17420
28081
30113
17575
713
26552
14360
29147
2716
23083
6714
6472
15388
6808
30058
24726
20701
15508
3577
15774
24293
22365
21054
2348
12383
20158
4073
12035
17300
9011
5012
7970
1814
3406
26267
25670
9790
26713
7982
944
31193
12349
30372
2600
28959
5795
6674
27202
1765
29528
26909
4064
5907
5110
5900
19704
10327
11969
25122
920
32283
31951
21802
12583
1717
16236
18259
16109
31198
13500
3646
15318
15206
16290
5718
25458
22054
18145
21856
5697
9013
3969
19282
10030
29023
5749
1385
8793
16594
11642
22390
28953
26395
24386
16249
32578
12113
24274
10096
17827
19088
1577
31089
24019
9385
10274
14839
814
28952
14747
7290
9498
1079
5591
17986
28303
19633
25121
13180
26326
312
21682
29326
3984
22139
25301
10664
9211
20818
6729
6811
23921
2364
10727
6383
24881
28428
23940
9775
15202
27615
4377
10376
2901
27729
24354
28563
17675
11249
3651
31598
11255
21746
561
14865
27396
18467
13264
11999
28122
8481
29849
14460
24413
19146
319
26847
29047
14326
10130
9128
21016
5218
931
30387
29051
493
6185
24813
32170
13831
17955
31590
14148
2918
26559
14504
894
23546
4731
11848
24424
14116
17546
7354
6258
18467
377
10601
28206
207
8722
32519
343
23689
23425
18466
13331
20338
16821
14329
24437
13787
18697
5517
582
22525
2852
31995
19717
21994
21277
19208
12076
4036
13539
26366
18869
24109
13277
24247
27357
12030
15565
2295
30504
23100
30458
8703
25509
17224
12430
5726
9587
6741
27197
28683
14980
21023
17959
6577
12193
7643
24064
27722
18350
2921
17518
15087
10288
3537
13746
20718
12044
3053
15243
5662
21905
18275
18519
19823
17593
12247
3452
8645
32428
30302
4358
29959
16774
30005
18066
9586
1882
16307
12138
15668
18295
28284
17905
16438
23786
31736
14402
3129
13892
17667
13844
32548
12957
486
21985
22428
20440
19334
21831
982
3625
220
14510
21161
11477
8357
3627
15080
9273
27483
22436
11502
270
24931
24629
8826
1259
29064
211
24766
12299
27560
6191
8370
6225
2989
14813
4526
12681
12479
22710
27192
27377
5305
28795
31515
17912
6105
29371
30905
19013
29883
31478
28321
31483
28808
3586
4452
12604
23403
26798
25253
32748
30020
8614
23408
1207
2721
8854
4301
19029
24042
15506
1684
8204
12507
23478
9346
2679
567
7689
397
12679
21435
20903
31093
28615
3153
7712
16540
26340
19079
23835
27159
15724
15167
26175
5125
27094
18600
21075
11807
11971
13677
31139
3729
11395
30764
12710
18697
11227
27433
3551
31757
1541
9284
10241
2193
19961
2344
13142
26569
7915
29638
24417
4924
13333
31490
19907
13082
11702
13227
8027
1743
10075
32177
23729
15320
861
12690
15765
9941
4011
16918
5123
4832
26569
9788
24138
6942
14361
8052
17517
17043
18010
12302
1226
15931
25454
22003
5113
9558
10848
23955
29687
31747
12453
24862
1668
19472
2978
18423
24265
16401
20335
23142
22078
29871
27355
15757
26827
29763
1200
27549
7214
4260
15928
31817
30364
3900
32511
20859
18603
23394
11739
31814
20079
13028
31530
28189
27619
226
8283
19010
2187
23267
14512
27520
20056
21538
5953
29213
20428
6953
15941
28171
22878
5537
23437
31070
29216
28265
28241
22275
20383
18917
31279
27054
16651
5273
27505
5908
21912
8182
4239
27483
16931
371
19700
4302
18969
26592
26885
28630
12181
23287
9056
2853
28360
6453
26465
27701
18590
2024
19691
13297
24734
27016
17765
9138
29203
20042
6658
12908
24681
29427
8006
554
9945
490
16838
18871
27465
27282
20527
1694
14445
17110
9865
2901
9011
26374
7869
15798
24414
19425
27221
6574
1904
14067
14724
19513
7118
20769
21350
31374
32031
18306
904
2454
26101
28272
171
31139
10159
6879
12485
10847
11934
9710
28233
6915
4454
20156
12968
31433
12199
28285
18968
7587
9181
13005
29844
10541
3205
21059
6180
3552
28802
28490
26718
8329
17086
7468
10029
26618
18708
15216
25297
29440
27246
7014
21799
19093
10282
9216
18475
21590
18115
26595
9147
14647
27053
25022
2206
9333
9856
19163
7364
28364
21337
16372
27855
2539
5245
10311
1747
16421
27968
4844
12890
7273
22566
32359
27052
3700
10823
15994
30797
8005
17912
29757
25286
18897
24743
19568
31656
19449
24583
30735
18895
953
4718
4903
9188
11426
18043
28137
9509
4490
1531
27644
24425
1666
30733
28184
28254
16136
11909
31185
20502
21630
25231
5040
9922
4315
25749
32648
18365
20897
17250
23303
15308
5903
28295
18060
5284
5015
22525
4152
15276
20370
22797
5448
7685
13619
24173
19874
22984
6329
8108
13741
20622
4329
26063
2662
17206
13244
9533
2993
23266
2901
28376
14572
17219
22325
31853
15306
14871
28082
23630
30047
14319
20901
61
24951
5686
20580
13196
17452
22127
15344
15491
21944
28350
5487
11522
24711
16298
15324
9831
1425
5921
29437
5298
6886
25788
22165
9448
22666
837
3548
31413
18308
15223
21292
26964
10034
25604
9213
13236
15583
17117
11539
6099
16791
5037
18166
10606
25146
22438
5795
16349
1488
21121
9857
31545
19996
22720
2966
9407
1652
21303
27387
28281
29904
7114
29581
22043
16672
6008
8166
12075
26339
12697
21644
6244
25845
7267
11879
24669
8104
31411
5497
7526
10519
22283
26569
31922
25527
3030
20640
3260
13103
244
8184
1763
12138
25202
13874
23639
3562
13465
22535
2617
13663
26923
32449
30974
12152
23017
30891
27413
27897
19544
28102
16073
4110
25285
7357
1896
12510
7815
25627
16805
20580
22404
27580
10043
28026
19703
641
26067
28727
13168
1096
15656
24443
25628
23580
18537
5320
4422
30376
30431
25172
9246
14578
30671
24412
10169
20294
7586
20154
25946
26735
31811
21434
5616
12590
18121
26922
19679
9188
12374
20144
3
146
21566
24673
20722
259
26988
3214
31618
7496
17666
23521
3468
29797
28736
16297
19439
11594
21927
6771
26839
25605
18782
14042
28479
30517
28884
8352
1972
18882
19879
5117
31324
19659
28613
30518
4664
26080
4817
4722
17830
1394
10952
31178
18474
391
9188
23967
26989
2226
22976
13616
25990
16707
2494
30571
2681
26811
17574
22020
22269
1923
9103
11973
30339
3293
17411
10021
15987
26394
20318
9755
4281
27662
4471
8244
18304
9665
25218
27108
3645
22375
26677
1049
19440
20114
29226
5910
679
21671
30085
3967
18499
21646
27606
4528
15486
2222
6465
14163
8237
17689
32220
19250
29123
12803
30296
30537
13079
2681
20452
6432
15463
13136
21326
12376
16540
15963
2923
7043
26319
11745
19130
5945
7437
3149
13380
13160
2135
11304
19398
13035
13805
9285
20754
2398
29133
23611
27315
27441
26230
15640
25552
9212
27121
23124
339
10002
7186
9988
12873
3673
14844
2896
8076
31577
19171
28199
24224
3730
2582
1842
19420
26899
12860
3334
20426
27720
3549
5021
5072
11284
28965
12039
27151
18207
229
11869
27787
6514
27355
759
6028
32065
29491
10206
25413
3591
31565
7556
8372
8665
26049
19891
7625
27891
31649
27588
21706
920
14078
9489
10998
11801
5805
13741
617
17203
24394
13650
9023
31901
28030
12442
16380
31202
32126
25202
6444
25965
3028
8652
1094
28642
13154
22421
22998
5557
11428
4327
3803
25333
21045
383
32110
10600
20117
2673
8357
23773
22313
6426
18359
2494
6275
29271
1121
6629
14308
15860
22664
23472
3583
26216
26399
32600
32512
8383
11339
32382
5069
12503
197
8711
14476
15823
27777
6698
17509
19133
3213
23751
11913
10143
4155
15867
5235
28309
4482
30449
30062
24909
19618
3835
18263
15038
31495
23265
18596
18713
21872
1657
13221
25596
336
23671
14090
4841
28020
16519
22438
30712
25063
3993
8050
21192
18195
23164
15829
12219
26664
11951
32034
5987
13506
24948
12643
21047
17862
4389
1109
5259
10636
20683
17075
9919
15172
12781
3767
23990
2450
8358
7135
30601
4220
17914
22509
12413
19078
25706
9521
9267
23835
25286
2570
20255
25647
31043
31147
17467
8483
13518
6683
27389
4329
17567
11135
22918
11624
17936
29852
7964
24098
688
22680
4826
23572
21651
31232
31398
3293
9453
3856
7780
6435
14559
19246
7017
16947
16529
439
3123
15079
23681
26110
22615
1997
3355
3218
16570
10885
16521
4544
31748
7275
29388
2393
30546
23671
5132
7094
3884
5217
10540
29688
21686
6408
23202
25492
13098
18964
25990
24336
2437
5338
8936
14343
3201
7809
6503
14451
1220
22883
19711
812
15703
2486
16675
23979
13913
32108
24844
18196
28661
31575
16976
116
24977
11665
30134
27206
29000
2843
23113
23357
32667
1220
9899
21565
23395
31053
7340
13738
12810
13514
6939
23014
20475
32587
477
14613
17751
32444
7227
31268
17130
28682
1408
5385
17245
31624
15300
27212
21677
10384
21763
29638
5596
13421
2674
29353
15590
20600
3602
16064
14582
2946
24197
6904
17626
27250
3361
13088
32180
29743
10819
9965
20979
13505
19429
17985
23682
31667
25203
25260
63
22971
20443
23092
22447
8605
29924
16209
19696
28748
10432
16956
28143
82
20196
16233
20699
19571
32535
5970
7385
17805
29641
13175
2809
8131
12967
23715
29544
31450
9068
18032
15080
27107
2298
29709
13438
7707
4265
23103
19306
14607
27615
25254
2396
2564
10209
13378
19685
14997
14312
25910
17452
11934
25976
31179
32738
7001
6893
21687
12920
6599
15447
31904
28559
14418
647
23260
32688
20400
3178
22395
7229
7946
6806
30343
10151
29534
10531
23178
13794
24098
23484
20561
30998
16170
28661
18416
26264
9675
10719
24326
10264
19777
28379
24642
11548
14414
683
23590
28845
12324
6863
16139
18255
10885
15374
2150
18743
23337
5715
1865
11449
29792
21178
16429
9472
23288
2027
24558
6401
20833
18599
24599
18097
24079
160
16480
9846
28960
5006
31093
8924
3391
29311
3321
30858
30664
7022
22219
21108
13356
14104
904
30290
20120
18699
20561
5456
14801
9728
30670
5383
17507
9322
28786
25772
26874
15183
24577
12935
32272
855
26704
5543
2248
20003
12621
32725
14106
18399
21566
3014
17713
22299
3150
31637
21009
11990
20549
31600
26493
18140
14743
31889
14616
11859
23712
15471
24266
27792
30254
19510
3685
25647
4672
11381
6281
27746
4109
20759
11461
5257
10056
8597
10494
17923
21155
18794
30741
14404
17298
27846
17348
27432
17233
5510
32201
7047
9512
27748
1095
26122
11758
4715
25961
3133
5324
11951
1608
4069
323
1082
12559
6291
10864
9289
20061
22393
31631
4281
19946
23933
25023
25276
622
6028
9988
18896
29886
25905
32402
30450
29240
32102
9801
18446
23138
5546
16764
18363
28622
32595
20726
21797
12353
12070
27711
2122
30739
25381
8219
9834
29913
23208
5716
15032
11074
21679
27321
10070
5183
18551
20839
17024
5479
3147
29255
21512
22681
24221
7640
1794
18147
1365
16175
9152
10914
30569
12092
9729
15595
17582
19790
869
8746
12270
217
13860
6665
12090
2168
24576
26260
18049
14894
6520
11930
28770
6385
16703
24406
2367
25449
24556
20814
28819
32757
29683
13436
21637
27119
14804
1964
23485
1073
17554
7973
8566
29911
31335
32395
14292
28231
18870
2564
9336
2415
10817
21146
2899
5454
16028
481
31671
32694
10722
10457
5044
15184
28070
30229
28065
18144
25644
5917
3065
14794
10969
18706
14185
31190
4329
23696
806
32304
24160
12504
27524
17331
1859
27183
17093
22118
7943
26497
24622
5191
8266
15178
17761
3400
23745
11191
11750
9368
10610
32264
15627
22307
6947
4408
15854
19292
26386
3040
10712
3642
15334
8537
26828
8576
9958
12832
96
16194
22889
19327
9420
30373
25229
19050
24641
1510
12588
9640
17532
5534
29196
9011
23194
14660
7766
31968
17710
22771
20042
14402
18577
26733
9264
13772
11641
3937
25490
15159
12749
9961
2216
32035
31672
12375
29716
27649
17149
10545
32464
18480
9354
24698
2660
16742
21583
12595
24924
9554
8528
17954
31737
24960
32761
19154
32039
23676
3762
11739
31663
27194
18612
22627
27566
24501
23323
32485
15430
2519
20540
28466
32147
2969
1336
32693
8928
26475
7634
1018
13595
14294
27261
27250
2439
23392
29881
26480
20657
6064
9632
20856
4517
30706
15036
4793
25953
27261
32028
21464
1674
25011
28327
17391
2398
31785
25008
8662
20458
30729
11978
27297
3709
30132
31965
20841
29788
19883
20345
25680
19639
32175
20331
703
11228
28967
398
2290
31915
10435
24548
21687
586
1375
2277
1906
8730
14890
30999
10597
2537
10759
735
4654
1641
13363
30871
14993
7648
13352
15584
23416
17186
14530
11578
32312
13501
13985
6866
25110
23667
14798
17818
23306
17133
23201
3487
3523
27565
31202
20120
11498
11589
2094
6586
7083
22982
23708
16852
6514
19324
24225
28055
23282
10712
1841
9269
13420
31406
32039
2095
14638
21409
20711
13415
29786
16347
6978
28541
7912
11777
922
10584
30446
31333
28998
30467
7199
27006
27703
187
5522
9878
28892
5702
25798
6851
15172
23942
18914
12312
19843
20301
7489
21788
13654
30323
25133
21627
21770
9510
30443
21756
13209
5250
1529
5555
6167
8801
7315
14968
29772
8565
2683
15512
25251
28564
28410
21450
15171
18002
5922
27492
1147
31189
4439
30670
16995
6629
6670
16439
27072
10563
17875
28808
31273
24380
3217
1942
872
10109
6670
30108
6691
21545
1973
32488
32700
13865
25496
14036
373
4036
10421
9976
21208
5487
3192
30366
26454
28902
17794
9846
3886
31355
12201
13452
23440
7342
28992
15478
3586
5631
1432
26578
5892
3328
20678
17136
26607
10926
8359
18891
7203
12033
16162
16702
15713
13250
31149
12404
10102
4509
16915
3745
20250
7031
19572
30959
28695
9218
20109
1212
26286
398
17465
514
14390
1058
23864
16918
3846
4555
30768
13974
11669
23860
20209
31900
7392
27255
14333
10296
6668
22067
8520
25630
1869
4831
10300
14747
25606
4189
29440
5326
4146
466
12026
22804
24322
13750
22675
6596
15559
13351
12346
19229
27667
6019
171
32636
7707
21301
6769
1234
27232
23759
10409
30294
27023
27482
17162
5751
30629
16617
24866
1301
24918
12917
4834
9712
176
25060
8797
19297
3324
24171
717
31048
8677
7958
12503
21573
16860
2981
26640
4395
22458
1946
20927
30897
31655
13200
4325
21355
32571
22734
20346
20985
1252
13084
12538
17791
9864
3286
20000
15445
28523
24894
7665
22271
11602
30998
28669
26975
23785
13679
23522
15401
13666
31932
18961
664
5983
32298
31189
22623
25362
16180
10385
23523
31138
10097
15945
14503
28113
32433
9059
13831
10205
4425
9135
7722
163
28331
678
4402
6154
30266
9455
6325
27295
9820
29480
3953
27261
25040
23010
12603
8048
8002
2797
26425
4698
14108
25559
9297
2005
17312
7599
26081
19993
18228
10766
11441
8737
3324
24921
550
28681
30638
26176
23992
29371
12962
25226
32421
30410
31017
277
3559
17566
26656
18712
7268
30162
3525
16044
20838
14810
11209
27787
23882
19945
24486
15127
1148
11281
9522
14494
22179
13741
26484
14044
26136
23804
5047
25025
5021
4622
25310
13173
16972
30436
19703
27034
1997
7891
23315
24529
11468
23849
19284
29567
4522
26387
15175
21713
19315
19646
19572
26877
3345
3517
30516
8651
12479
19627
32707
28245
30144
26129
16790
10506
18000
28297
17647
9977
6619
23588
21166
19533
18285
24330
31338
18963
23658
11616
16064
26948
19327
18031
23531
1791
2008
28930
23701
9750
24723
30991
28909
14796
12405
28826
15354
3549
13788
30679
2863
28607
9973
20623
11327
32040
22063
16580
21811
15312
31472
2200
21177
24184
29318
28523
28863
23339
3424
11332
20800
14020
15486
11634
9566
10672
13094
883
31922
501
20697
29460
7904
26227
26501
29402
9070
24426
12796
6049
15318
18493
3749
13443
25561
3702
21105
12795
27671
25097
18449
24650
4829
15069
12135
18714
7998
22408
20794
17506
12901
6491
31533
21641
17193
24990
30706
3534
30690
21532
22459
3303
21115
8931
7409
16616
25289
18245
8489
3175
29467
19490
18004
478
25363
3434
18485
16208
9396
4317
16921
11568
4027
23573
15554
9342
32563
27591
22692
16435
27972
12358
26708
24031
332
13128
3901
4497
17457
19181
14485
4343
28405
32253
31375
22982
1930
32113
14802
5980
16360
22326
8491
2981
19294
17965
16766
32571
7717
17270
28163
31953
19259
15598
10414
23505
29806
5366
13039
24132
183
20343
5788
26099
3274
4131
15148
1227
18923
19965
23333
27782
16131
24603
28119
392
8179
18346
22859
5383
12072
23348
119
2671
23920
14110
435
27653
7180
6005
14705
13002
5382
32490
23848
17826
15813
20250
17041
29621
30686
13843
10006
28182
13357
5396
2952
1187
19493
17557
30736
10796
1380
22919
15464
983
29578
20445
74
1986
11340
15947
14377
28395
452
30542
21024
32333
14091
15212
12072
27468
25354
24765
15501
24403
30093
5034
16803
24252
4761
5365
13749
5872
14336
6394
12862
22479
24882
11316
21851
15442
7510
16642
10369
18030
19354
19115
24427
29244
29127
2464
855
1112
24856
27906
24178
6023
7500
11620
15249
11676
14842
1234
20001
18332
8741
10258
22113
18720
32272
25897
21967
11003
11091
2850
26591
16669
31535
32522
4851
6071
11039
8767
9608
11168
19375
28139
29613
504
2449
26571
2234
25355
3310
21557
8510
15479
25338
18777
313
28306
9675
1991
31372
2310
22123
15409
14253
15038
7468
3698
7839
30982
25659
8656
24610
8685
120
27262
1831
7662
23685
31845
7302
17616
23069
14117
13043
2507
23976
29526
28463
13036
14348
5395
24699
8123
25285
10169
15698
25370
16952
26348
22615
13424
25156
22747
24973
31751
24859
24005
18374
32435
31824
22717
20062
27829
29745
21930
11048
22494
14678
20625
16553
21752
6266
535
18564
19553
22666
21825
566
15865
32508
27263
14851
31806
11874
19433
15408
8886
21311
14024
2163
19342
4889
7768
22952
18560
12751
19404
21957
25338
24877
16275
31248
26492
11966
14298
6032
65
993
82
29633
8995
27679
28467
24972
5817
5564
13185
26229
21186
16524
22670
16407
16326
3848
8896
24013
6650
28065
10644
8883
31589
1109
21219
973
20801
26239
4964
22149
16548
29939
6259
25435
15967
9802
16144
4312
24102
10619
31787
15043
7410
5804
6687
2456
10916
8775
28540
24118
30443
1615
29449
9688
1383
5621
20745
10822
19727
12134
26046
12877
9936
32744
16684
1644
3958
20005
6175
11728
16592
16070
18031
30595
26127
18244
18051
9184
28528
17147
16916
16970
18715
24193
8243
5917
31050
19765
13454
7653
27053
32027
29679
31694
24590
15591
20997
30300
27185
2135
11367
16988
16638
28358
26326
16155
26337
18431
7362
29141
1394
11087
3088
21872
20049
23774
7451
21098
25428
9534
11257
29457
2533
18245
30463
10226
11685
2072
22151
12435
30294
32137
8688
31845
29943
5795
26087
6132
11312
4738
20453
31329
30705
22889
29433
18194
6231
27662
18888
22440
25551
23864
6610
8753
25725
2444
7159
20383
25823
420
3641
5754
12205
23138
4803
11729
1796
22404
43
27766
5828
9336
1780
26731
26167
3953
20567
10903
3315
31418
31298
19133
12033
30795
5282
1967
1086
17306
990
12223
28418
3507
27811
28023
26112
20363
3303
19594
13677
5777
9768
2825
23397
32647
23797
2778
906
21392
12720
30567
26094
31626
30354
29587
3379
15773
26351
25586
18416
30996
17340
10553
18775
21612
6478
24307
15637
4523
4708
29302
21114
31988
31848
9750
730
10583
24818
21656
5939
28653
22670
2282
12559
25893
31423
15889
23212
14425
3908
23394
25179
12709
25753
16629
1318
16888
28609
30807
11445
22891
6467
23935
17523
30674
23411
21507
27116
11153
5618
23692
31865
29362
14968
7816
20512
12852
14033
14878
1974
14245
16422
30311
23110
30963
25470
8155
18359
1663
32644
11017
168
25459
2955
28556
1439
14422
20431
3898
16739
5085
29438
23966
8870
11780
247
23465
30951
24926
20177
7076
6295
20137
24607
8553
2683
24230
12658
4819
19025
5672
3104
19571
22710
28778
18244
11908
9287
13221
6662
13857
3591
29666
25373
14006
3329
14349
2450
18357
13614
30028
23238
14986
9624
21647
2486
11472
8640
30311
13182
2757
23101
10523
3356
5627
10407
17657
7799
17489
17075
8938
11936
2850
10399
24905
17751
27324
21201
27381
26065
19988
25275
29861
26296
4792
23297
25724
2932
19716
8926
22494
17065
7321
22724
15233
11776
9483
14402
10695
22315
32474
5931
843
13859
13476
15861
30137
27828
8344
8031
25828
23356
15918
13142
27154
29360
17429
31002
23962
26591
6765
25757
7858
11259
311
15148
3458
20053
31498
9040
27517
11112
20487
27639
5616
3353
15631
20175
20187
8253
9011
12787
2049
25436
19307
11465
25659
29364
4747
21546
25361
21889
4468
4548
27275
12412
5511
2749
9029
418
32096
22937
23234
18742
19904
8030
24578
17417
4810
12278
3671
6905
24947
24020
31348
11192
3380
10459
30151
20175
26113
21627
23561
16098
4735
10525
24339
1333
23154
25793
17651
3951
30068
7909
19519
21150
12781
9129
10921
8060
2111
2610
22996
3057
28225
2636
9830
5592
32495
21843
13663
25350
19040
30291
29609
17032
25080
32110
9199
21293
29918
31358
32435
29509
4272
2812
6299
23975
23158
32545
780
6137
21461
23114
23290
5675
134
12961
14847
14149
6
13306
15786
32611
28558
18939
6425
13053
10309
13696
25802
14188
11701
4413
8366
23722
24699
2470
7295
29786
18755
19467
14932
23048
4084
28936
16243
20657
29480
26140
10086
22918
21471
6808
11601
26605
10612
29627
32642
5833
29136
19483
20810
17147
29149
582
16139
12073
23101
23210
14483
5309
9277
14514
26024
17969
15108
29490
14564
18059
17681
18437
9412
31267
8676
13045
9979
21676
28666
11226
7692
10354
12031
4102
7447
31457
21056
15073
12787
583
22367
4561
20862
12507
13642
1885
24113
28925
14189
22929
31992
30399
6439
4004
11328
19109
30075
31448
20817
29097
24329
16034
12254
22146
13372
9227
32730
22566
964
15446
5518
8590
5447
5859
20457
11961
27219
3667
16663
8947
19352
28909
17749
21591
13908
2112
31747
12435
15886
17418
22266
24299
13959
3161
13345
17281
14830
32496
13627
18387
24403
7148
18947
3205
13662
9640
8315
26721
21825
14301
28545
22684
8683
23054
20387
18010
1918
4387
5684
17781
20228
13396
26271
12410
23134
2376
28156
17909
23676
27518
31969
10991
25044
749
29563
30388
15628
19943
13277
11226
11258
579
3735
17022
18639
2491
23947
10193
7055
7571
16636
22228
24517
17788
13032
28255
21108
15799
25752
26728
7248
2173
6773
22146
11310
11935
31261
18340
5562
29546
32438
15148
18536
32717
1923
17699
12973
18622
13492
18371
9582
13529
1667
26166
3001
17738
29308
5281
19123
17902
25372
26977
24017
18613
21918
5013
843
28747
2578
6876
3278
19959
31151
19552
10354
22211
1898
30995
13803
13277
7880
26936
31747
29245
13552
10534
21064
21896
24580
4936
4865
21044
30897
15209
26983
29422
31237
7982
20498
11576
4993
16356
21426
26967
8560
2428
28159
16748
32631
10964
3315
15329
26988
17209
6710
1286
24171
2345
5850
27644
14887
20061
8008
9939
30847
1287
27514
8687
22354
10840
8043
24240
19091
14917
32716
9554
30368
4235
24313
3601
9423
23280
22059
9617
26186
204
7919
12414
22814
9161
8407
21103
17294
7655
1903
7185
31149
8387
29810
17537
16684
23064
8766
4601
10096
16774
2694
13743
32231
29586
25927
7930
28829
15855
5117
2487
27402
16636
19734
19435
16175
19085
7079
9898
17121
19950
1886
7735
22372
7461
30904
7532
3899
18296
11635
26716
26175
16687
20807
8760
16367
14491
3793
27247
8199
15447
11472
21785
20820
5838
2963
17046
28358
765
5810
23154
711
7803
32509
11660
12491
15542
20658
17272
7464
32639
14835
5921
1833
22729
5494
18099
18781
22957
3455
31416
13365
29362
27403
18561
30414
2380
25934
5063
2572
1698
1376
13202
20968
17300
29236
24154
26891
30205
14537
8556
19099
821
25764
26512
20053
23515
31869
21225
10972
17617
14137
28188
29264
12679
32024
30901
15651
4989
2352
21190
30504
17155
16154
19408
749
25924
2283
22759
10059
29570
20837
30226
31547
18339
28271
14065
17387
20973
4035
19106
30994
23566
1511
30436
25472
32095
30046
20093
2553
9321
18975
9946
24643
22953
32582
4342
27774
8080
3850
22909
22196
5070
7919
21552
5809
13776
15420
30347
13333
30343
15536
1445
19623
30060
6001
23385
21740
3777
19013
1699
18169
7961
7940
19276
13189
8218
25934
17610
26946
642
29817
12386
9838
26984
2509
8847
2212
10949
22260
11175
12025
14642
21676
12220
16964
23283
11711
30144
22461
21045
22069
12781
25034
23188
8904
3940
8981
8160
29848
32021
22498
4641
19744
16862
2464
15064
24169
7159
16573
30600
27517
28557
2239
15733
3359
18605
31377
19116
11961
13412
16666
26691
22422
13605
19476
8674
5201
22122
9500
5763
5262
9118
6917
18037
20711
1595
14194
679
19754
20272
12964
24867
19137
28549
22928
23257
32625
9281
6709
30366
9288
6540
10796
9588
28880
18705
31617
13324
22153
6054
29633
30089
4246
30255
6484
2951
23479
2495
11021
28508
27255
7937
22016
8349
27047
27863
32148
7397
10506
27200
18905
1233
15442
15231
28699
4687
10315
31354
27063
17433
28759
24160
3373
25212
6170
1678
15735
16734
28022
27828
9113
