2061
17415
8810
10878
23033
8212
3346
4439
18236
12319
7601
17526
2342
14795
28337
29363
22786
32711
11342
31332
12952
2632
2879
5493
8182
21431
4760
3003
29296
11686
15599
24453
3302
29193
13501
10356
9029
21667
12296
4237
4944
26814
12095
10125
15009
12063
9062
124
28138
16441
16242
19845
30081
26273
30967
28165
13084
15810
31744
8930
21721
10450
5694
23838
14721
13829
23910
23212
27149
16896
5332
1410
19561
28560
5748
18671
29561
18332
17122
20783
12378
5464
15568
26941
18666
21180
29609
27368
30602
14645
16755
29993
6178
19098
8186
23732
9830
26209
14635
2765
29016
16147
22206
15965
10254
17405
29976
25413
9142
21289
32111
29682
4823
18316
27439
6449
27098
14209
24732
31813
15560
30582
28345
32568
26197
13541
5225
20334
8222
15751
14549
1664
28719
18116
9485
19783
4040
18797
16626
13622
12129
17837
5971
15341
15339
829
25942
11532
2393
8664
14618
22085
1631
3567
25498
16822
23929
11677
16853
27253
10032
23005
8492
8044
4505
30715
17163
2151
8478
18248
17355
363
28288
14098
26839
16458
1565
22739
6670
30836
19567
17065
2665
28944
3030
30214
21470
16715
3991
7849
2692
9968
28708
15821
2807
11066
29854
5536
2046
2534
11672
26870
7019
3723
11550
25407
24131
23598
32757
15542
19487
21265
19493
28380
30162
2253
14517
3365
18252
1696
694
5617
25791
16904
25475
20413
25344
913
11334
1691
24367
12267
15038
15839
14746
10047
11072
10780
30687
11971
27644
1871
4689
6285
5506
8025
12445
7589
11397
5299
6574
7773
12510
17757
23245
15589
7635
23063
27149
1562
16282
21972
18406
7327
537
14700
25632
6703
7408
3985
18930
6961
16569
29956
22380
10381
10638
28936
1042
29631
15052
12824
31434
6442
2071
725
2808
23726
28575
2882
13543
5244
10657
12851
21867
13865
28976
13059
13508
14850
10805
15238
31942
18592
10421
9790
23095
26300
32082
9426
19833
4932
27413
28347
28264
2989
27242
18497
10118
10892
23916
30118
11350
5216
22883
28321
12037
9906
10635
26126
6479
23905
28440
31203
19617
8759
630
8038
11643
15039
31189
8093
32281
18523
30949
14342
19538
3729
11742
13193
30400
29606
8132
4011
3361
28526
12777
516
4093
23650
179
29171
21386
24307
31647
14992
2508
22302
24710
18658
14336
4161
31776
27219
6971
9005
21446
24416
16463
15996
7292
1685
21230
18725
9006
13241
26642
4941
2618
1862
18331
2400
47
23068
31034
7521
21460
4469
6287
23166
2413
28444
13454
22248
21817
12762
15911
30689
7999
6705
18982
15383
29771
10061
10840
48
2099
8248
8687
29094
11614
15693
14631
9173
25991
1519
29738
31570
28607
13947
28977
25471
30641
17018
12781
604
18986
18204
5157
24224
13017
482
15776
11273
26451
8090
32581
12784
9049
30608
29569
32
23134
1795
23529
26088
8772
16598
545
24431
15207
1416
8188
27976
23004
22374
4836
2630
5115
7935
24189
13202
6682
5081
17029
14074
7068
7522
26623
15244
32043
16425
27024
14436
17473
27470
15145
19906
23533
14904
13542
13408
5844
32389
17718
14082
4726
9799
3645
27214
24498
21101
29302
5854
5260
12671
21661
2452
11055
29327
3788
15917
21038
25708
25828
6169
4623
5400
30254
7562
27658
1404
29250
26828
22030
17755
5416
17364
14341
2949
11966
8731
20057
7757
14681
27821
5559
8252
17327
21628
9235
5383
12789
7931
4844
12991
6724
8424
24273
21320
16449
23401
24612
6668
29693
28507
16670
8688
22554
23271
5395
18312
21296
13654
29943
25478
12398
23846
17698
2425
13189
19549
2128
7860
9153
1821
25580
23947
4729
22649
14734
6342
24746
20871
31170
21327
18399
16054
5131
46
27220
1890
10279
32439
11866
11174
23701
9986
26877
21618
32341
31388
7141
10717
19951
19836
19066
25532
7606
31545
10828
18547
9550
31866
12977
3595
11884
28845
20400
20869
32477
28668
15389
6254
9162
14716
18182
4276
570
4520
2126
696
20696
25871
18584
10660
24311
841
8294
26111
19667
1583
4738
32383
6425
14668
9630
25374
10154
5518
16695
9839
9628
9537
20927
8499
28290
25662
30714
29736
22254
28768
18345
23585
52
7736
22886
3163
6512
17922
13263
783
12746
23767
20454
3140
32760
11812
15544
26343
17157
18778
9789
16413
8273
30695
17280
30936
8922
20326
28671
27049
16313
13330
29781
6357
1008
24449
16918
5802
20322
16271
9979
29715
16675
16792
15167
1899
14578
24042
3912
29583
4612
30585
23690
9527
31492
25557
15785
14982
3927
12122
12765
2271
5540
29094
28571
13563
1940
18001
19058
4408
18134
15832
12339
13876
9063
23257
340
2459
5904
28550
18582
10045
23088
28500
5606
24676
13755
2291
129
17764
13955
7299
5212
28019
9654
25093
11971
28859
27304
21519
3648
18606
14803
12996
6590
2714
13597
13060
8942
12413
24921
11744
10218
25626
5391
25681
22553
76
17536
11049
24658
15515
20197
4937
16964
14093
12536
25109
15125
20542
16565
28197
32073
3507
22114
13373
16870
30316
1741
14464
29909
7608
21205
2016
140
20558
28715
28121
31978
6040
3930
12895
17762
1874
17157
29717
14940
2388
27760
29375
12760
7084
20803
24058
23381
13552
16010
31787
6897
17107
23807
15797
8145
30453
6796
4207
14787
22016
19724
1877
12834
15600
29266
10877
11259
20658
12652
845
20333
3057
296
14572
17494
24365
6104
20726
16428
5901
2131
26740
11048
31990
12348
30987
8362
26076
23431
32371
20185
9048
16696
4139
31113
2811
15726
17259
9315
2019
27809
26971
10303
27275
3112
32130
14293
27367
17406
22657
6037
4273
15813
31489
3283
30206
11531
1258
18471
6164
11469
11477
20244
10879
5689
19397
10471
8290
13496
20753
21218
24588
31532
12965
16282
21707
7798
11627
26014
21253
14652
27139
8537
644
23785
22970
28218
17170
13301
24506
15122
16198
6502
6782
23997
8605
18839
24969
27140
8140
4152
19288
28610
20565
6038
20373
25670
32345
15644
22925
15097
28589
3866
24292
28992
20784
22470
20103
4516
15707
22913
27619
29233
4377
8283
27221
12827
729
3288
23777
15016
12258
31733
20006
18249
5095
12390
5265
14602
7900
24866
14034
14637
23816
4385
29836
28434
25946
5220
18257
19803
512
26167
28621
14925
18230
13491
25409
6008
3164
17798
11572
27802
31564
6135
6501
14785
10730
26660
14851
13488
29181
30606
7712
30084
31549
16088
19556
22167
11180
27852
22014
2981
29226
22175
5600
13357
8004
15734
28716
27930
16462
3368
9705
9635
12465
30790
4347
15216
21893
5465
23634
8702
14179
24938
3169
6468
28276
19400
27602
14231
5326
12037
12408
19147
13057
23362
27781
21659
23276
5548
8189
9802
25814
12615
32362
24459
698
9451
15570
21663
7649
17036
31718
8125
12982
29630
8828
25014
7895
8055
15423
30169
5480
7447
12453
7444
11692
22695
26146
25693
16342
3166
9628
19024
1052
13162
21022
26650
10254
6637
18640
8597
20006
11845
32039
8372
11168
30608
9561
8226
14475
21871
2836
18726
9761
27915
21615
10442
3924
26454
22817
60
6057
25748
22512
29812
27721
18713
8301
24855
23382
18260
1247
21148
30075
19212
10365
27565
28103
10730
32224
14800
11195
15672
2487
15686
17313
18664
15805
10291
18720
21464
32744
6400
12302
21844
12771
21502
12165
23517
19647
16460
23353
4392
25830
11258
26376
16234
10832
7022
18643
15315
14585
10247
11405
23128
19858
12801
28305
20150
12918
27033
4153
7860
30945
29553
23212
2472
21084
11317
9207
2364
7804
20351
27232
20338
204
1528
14838
26086
4872
7873
4205
21076
1932
30737
13097
25689
20491
23327
11161
4222
7300
20290
24006
31858
18034
10326
27948
8343
31812
21603
25544
8896
16652
11385
20338
20026
5243
19678
18797
19721
22285
14444
7229
1651
16001
19252
31672
18115
28300
16487
864
5191
2510
20343
28400
21915
20229
9337
16693
11561
5761
14286
19743
11761
17368
18690
21784
19846
32730
244
13460
14169
20167
32567
18410
25914
22208
22201
1634
8476
27260
15778
655
21529
11324
29823
17631
18102
23809
10400
13424
13927
11260
21950
549
25686
6726
27362
18938
352
18129
13953
24212
7008
13983
24044
29469
28593
27953
25576
5966
18158
26947
664
14797
15868
22966
23716
9402
8267
7886
18836
10372
14168
27549
16765
26882
13175
7103
11232
191
4559
4424
5583
28309
9126
12027
4945
381
6879
17085
20488
13989
16320
29769
4881
15811
13305
3108
14892
6058
26338
9940
28701
794
7941
10317
8786
11229
15580
940
31173
20495
6876
11047
23332
20414
11954
15428
12848
23219
20428
15434
3171
12430
18203
30965
18133
10009
3095
24942
21344
27350
21252
27514
22786
11738
20596
22770
13188
14558
22030
29043
5721
4756
11405
1110
22217
12599
20236
18147
8527
27238
27520
25281
7743
5426
19590
18609
18859
4726
4191
7037
648
12135
20792
18218
5389
5739
8879
6261
17500
16943
2196
26750
5988
9971
19180
12478
27910
1577
19260
6974
7030
8255
16132
25355
7909
14521
29577
6373
7005
8322
32471
8247
13804
14980
519
30796
2308
11894
24766
9663
14370
15861
4598
20531
26286
28631
28161
26693
5666
1468
7626
27071
12143
28645
3935
3598
15261
13130
5036
759
4017
30182
2441
31109
28627
9558
14840
8518
28080
27554
18855
25527
1566
26203
25533
29692
16894
21478
467
1748
24167
11031
30015
18125
16385
20738
5529
22708
13742
24845
14456
1104
20080
15178
22141
21840
18055
19716
403
18561
20441
18328
4212
22852
14743
14726
9072
832
15134
15816
26218
3156
26139
13667
13347
10959
1011
16187
32443
23524
25186
25131
8564
32344
21346
7509
32698
1406
25678
21175
5472
22629
4167
16384
23597
12624
29143
31137
10903
4454
14292
7206
28622
7339
24967
10183
28924
29231
1550
14906
27595
21638
11007
6860
16937
13943
28238
19632
4936
32760
1905
7063
26088
8027
25537
22145
18392
15042
25124
11474
1722
5592
29161
25000
26120
32707
6387
18796
30292
23892
9498
17831
29140
9089
3278
13079
16925
22038
17149
32259
4911
24231
567
20683
6066
20425
21265
4291
25215
26754
20935
7489
31074
27645
30501
1269
1310
8578
26791
9593
17074
4262
5087
26921
6619
19903
6423
5941
31962
27291
18744
27125
30071
24434
15082
24444
838
24
15101
30831
12073
20855
7176
22808
30742
21309
10575
182
32027
4562
16618
2839
2207
5261
22820
12393
24810
31783
29986
30542
488
25968
19653
19758
9257
25664
11216
30929
13613
10929
19534
6957
9439
12427
12334
12924
11359
28416
15921
21394
29188
1178
9734
3438
11938
21873
20403
11023
14344
31649
23094
18313
5325
7163
28012
26711
32077
29435
25395
4595
28142
11770
3019
2724
11944
25765
4483
16279
29636
18094
16273
50
31715
20930
12353
933
20291
9146
9810
27842
1086
15637
5532
16398
11539
18342
7927
24
21225
13706
857
25609
8721
19549
21054
23677
11148
28845
22349
23185
24525
17839
2872
3389
9919
30001
3044
2277
14602
13264
24522
3370
7827
21867
2205
23814
30273
1496
10540
23832
27399
31189
17035
27708
31263
11329
19565
10847
28307
31628
11477
8594
13826
15212
21230
1372
29345
3793
31030
31829
28288
7708
21218
10224
21519
32139
10367
24217
20448
22520
10197
19456
32686
12740
27408
27572
21151
22542
31522
4595
16070
20520
20835
30401
28652
23371
7290
30519
21392
25225
19585
286
9772
24324
10852
23740
26042
4702
32394
18670
19831
9072
2744
7543
16103
29503
23346
26520
15385
15915
13091
13537
22316
23914
6206
70
15122
15541
16806
30069
12692
22593
28171
32359
19094
22257
25878
20277
2205
5322
10248
25646
13966
12711
5534
9766
19129
30766
1335
10512
31509
12546
7480
14544
26317
13882
26800
10314
30972
23315
28728
5823
26805
31713
23070
8025
31303
19020
21954
9988
26047
10680
22079
15488
1710
12293
24654
16052
14636
7801
28520
15686
2076
26362
13867
18280
4274
4481
15871
7413
16179
5579
10745
30140
18684
32082
8448
21276
1990
24955
9006
4049
6696
6673
20088
8717
27997
12274
22162
17354
5192
26632
13325
30047
4021
31355
20163
3666
27618
18981
10100
20590
22334
12359
17585
12565
5744
12410
26361
19671
31131
10472
18467
14659
14049
21179
27131
10492
20006
9942
14384
5648
23062
31427
366
26246
29289
27117
3015
16182
869
24336
18519
30942
16037
20973
27176
27505
2330
3394
25683
946
2639
4345
4968
22274
16625
25760
5648
10614
16526
28185
6385
6701
31901
8339
6610
27105
17599
6073
26112
4027
22084
29480
22512
4204
9969
1575
6181
19321
19712
12178
25940
13014
10345
28184
10183
8375
12640
1191
21503
16291
4127
17187
24733
14538
25061
18270
21379
7320
20287
19013
10806
14730
22406
19799
8582
21825
30121
15452
8306
31701
556
22355
19014
22891
30321
30892
31750
21002
30007
2999
14607
19370
15456
18269
19196
24206
25591
270
6343
24532
3697
11258
31024
31307
28211
22660
1123
18820
17493
18419
10453
11052
15526
26731
1903
15000
19184
19741
23278
10914
28029
30394
28298
29108
30937
45
26581
31778
20698
905
26599
22717
13022
19264
18360
5029
30036
9111
29645
13150
24702
24662
11031
3110
1140
27332
9496
23942
12397
27602
25415
28200
28474
26263
12726
6632
11539
22268
6898
1581
27286
10425
21290
28794
8461
6784
24212
19264
15344
24951
30477
7415
19371
8428
29952
21868
21920
2629
16264
3421
25968
14645
2009
25667
17270
8246
21468
28783
29845
6451
7193
30040
26420
28292
218
21556
29062
28704
23181
27333
1295
26894
10603
21622
15204
2333
10327
16806
8242
5845
1801
22852
23681
32173
3947
22684
10042
3199
14915
25968
7911
30776
30483
17995
28859
30420
11069
29970
28882
1674
11371
16348
1977
13635
14894
27651
6449
31825
15078
3964
18480
1118
16353
5219
15401
26018
5319
6874
19341
14426
24117
11540
12178
2421
2984
31149
9523
1936
8349
2109
8056
31780
6390
7212
28407
25854
27808
14792
667
16880
30323
404
9636
27335
16985
21987
24303
380
1715
32422
21880
21679
19704
16259
24093
18000
3487
5159
5797
2720
17216
1756
12800
21336
14582
21854
22992
15143
6151
22506
18729
1378
30919
24217
1173
1528
31417
30956
21340
17828
10232
23464
24066
13926
10197
22756
5648
3123
1218
7776
19224
3564
2415
11800
4339
29325
31026
17689
23373
7847
10156
9364
29284
22032
13226
28977
9484
13784
26953
7333
23543
2688
3934
3463
29235
22119
9236
31071
30452
7301
19671
9473
15508
17243
32113
32537
22744
9258
6771
18694
31349
6756
6871
16876
14290
10080
27875
2052
15120
32337
8785
9271
28488
3193
10156
29676
4883
20890
2813
25886
21584
7342
5543
14513
22817
215
15760
16134
23095
5785
12673
17101
12880
23879
1232
5658
1789
20667
15932
30139
28329
1866
19992
14026
14295
27640
12204
29310
13739
26855
14808
9286
13740
5654
25338
28185
712
16456
31762
30471
6553
23617
10020
6165
29158
14904
3294
19271
365
3466
5499
4350
23519
7340
10471
16260
5165
11619
14884
28902
17154
311
8684
770
22160
30245
3224
24032
3984
8084
32576
29766
20356
27530
14372
12934
7232
10272
28234
20379
31912
32051
13417
13428
4795
11869
774
28048
5841
14627
11741
23243
6176
9072
18562
4472
9861
3651
15944
9391
18818
24740
8546
18408
26755
7900
30024
32713
2149
16869
30813
21821
568
8992
12494
16070
5956
20550
16573
13332
1611
23457
17823
8150
1550
31868
18146
9168
18706
5080
30675
25390
28324
26976
20672
18200
1307
13471
17241
29062
349
18033
3676
21078
20389
26295
29810
4764
24963
14927
23124
19001
23844
17732
4145
13231
20947
23873
19028
21043
5568
8268
3330
15876
12544
17328
4001
2812
31190
20283
23328
32100
17969
6314
10130
269
22133
4962
15644
5788
23934
18529
23570
11046
18915
2675
28765
3581
13431
15017
5152
30921
6166
12551
9627
24026
13982
7549
29775
28860
20283
29977
18786
7436
2536
16250
20294
24459
15410
22664
7318
13681
27455
31330
26176
5636
12048
9112
7401
10856
23299
11675
31117
14265
3996
10097
15718
28503
6532
18605
10512
6529
16850
4255
28394
20006
29578
26056
9407
12279
23139
18832
30886
24001
24270
29756
11558
3578
9011
27930
8350
2202
26238
29438
25572
29484
28634
18674
9261
8996
26556
15146
27693
27251
16932
28726
127
4697
7712
23163
23366
30842
16017
24036
2837
565
49
32213
30988
23089
28885
10081
23108
11320
27632
27580
20590
21321
24665
16115
32182
11752
9038
3802
4078
3257
29880
17990
1768
28493
6320
4221
14883
828
10819
28907
25002
6516
2930
791
9786
1488
5757
30421
31907
7405
29794
7356
20592
17465
15520
5850
16842
18508
16960
423
31386
28028
12822
10552
24302
28331
26181
7861
7326
24164
4865
16909
24111
7719
12441
5096
9463
24576
18100
25566
3714
26206
31962
12006
2357
30243
5175
16913
15409
12024
11932
30072
9851
15843
1735
4978
14681
7707
32228
16395
29183
23579
8788
29874
13930
3829
5036
25650
31117
31721
26625
23268
27307
6198
30307
28450
13316
23856
10919
5630
3251
8851
18026
28724
8663
29463
13138
25438
6897
3908
19095
21351
15757
4744
13762
4162
29733
28295
19637
19420
15426
12466
5356
11343
16356
17947
17922
20056
7716
12679
30583
19467
10008
26565
23472
7109
3831
17983
11327
23395
23677
22479
11109
23473
5777
23508
24277
37
29990
17284
26555
18126
6495
6532
7165
3207
4342
1974
17601
24944
10462
28498
9775
415
21287
18232
13432
17938
9251
13444
6679
8680
10951
4451
29527
32721
10323
22054
25365
5060
27446
6293
25799
29936
20779
5510
32701
5108
13481
30894
16295
24914
18810
22198
5720
14369
11433
3473
2761
24835
11170
32526
22881
16727
1685
22953
26995
2736
12827
25511
15369
32389
23580
31842
14304
6698
14320
18401
30387
16126
21956
14507
30652
10983
2368
27613
23417
21755
9063
2939
3244
640
958
11012
31397
10263
17584
21065
18627
27444
1841
10878
5945
22481
8610
402
18702
7780
13812
6076
27496
28174
29457
27479
8713
16149
1399
30447
15642
8596
31526
5532
23591
25713
7869
398
17004
10384
3552
8426
16463
13382
3804
5333
22061
6929
27022
16077
29785
3462
18305
12352
31842
25994
24406
14423
26517
17093
28521
1043
14019
19284
19377
1180
3909
25790
744
4054
10556
31018
24300
28468
29469
7375
17510
20689
3694
10155
13737
20157
2506
6008
31965
148
31787
19932
16732
19286
25961
32480
3164
25458
30717
25507
207
13604
12299
1360
19079
9985
23456
13389
2206
27345
30776
32693
14101
20636
2435
16649
23483
20488
19816
4130
31312
15330
29003
13162
5099
21498
11403
24652
13721
10548
25679
24553
23111
2012
15491
27661
9186
23610
14877
22625
12220
17766
23205
23522
2610
19038
17652
3729
1420
25942
30524
28524
30756
22863
5704
1694
9675
1515
16901
30707
22632
11648
4930
6542
27618
24939
9908
25310
20800
2215
22845
18382
19727
13470
6509
21564
29956
14398
29258
7085
12515
13648
13132
20799
17055
5125
22956
7135
6595
6354
7903
31419
30224
3198
20573
19962
7528
10874
21670
22443
10475
18800
391
18684
11615
29214
10137
12205
17109
22629
30476
22468
12169
27293
8610
30081
14859
27436
24062
11156
26268
18519
12319
16782
9179
9816
6952
7830
10913
20400
8290
23645
5417
32702
12163
1620
29044
15249
27697
22812
21227
11515
27842
5693
10055
13286
22086
16412
21166
8683
31175
21031
22302
21537
22223
18771
2831
7987
10027
4296
9044
16822
22511
9946
5187
20665
5050
3644
3605
21149
16955
24432
6288
31783
8436
3714
4579
17363
22846
14582
5329
16235
14222
4095
2577
32729
26614
13042
26869
24378
23535
3577
27467
30003
15701
4364
14465
9608
4787
21277
19468
31978
30913
30099
6921
20497
5419
23546
15653
20747
9876
3065
7355
3796
21979
18820
29245
4902
11421
17234
3797
4754
21755
25490
14924
25296
1693
6362
10282
11092
17654
11104
18463
1057
21194
29292
30113
30434
32494
32269
19159
5687
11856
2316
6838
8013
18231
18206
22122
22961
25035
25437
25079
10598
25047
17145
7200
1845
24014
24619
7560
21316
30476
20843
29463
13802
1887
20707
22431
706
18374
22563
12479
20990
21624
9238
21256
17406
12840
13621
20831
8994
14472
8186
23458
22492
1548
16792
28815
25353
24816
11497
26337
21121
10620
25512
4539
25580
16775
12256
1098
18904
3386
12708
14503
18185
28950
29953
7674
5136
28984
9265
20965
17184
21980
10769
2336
5660
31009
22742
27488
31476
8716
26875
26238
8754
4302
25725
15573
25552
8266
21067
21228
26189
8402
13816
85
15360
20529
14260
26580
27307
4847
2170
6852
4435
21200
22155
2999
8271
9886
26138
5213
22432
10024
8777
4775
32640
5515
14932
24875
3901
14000
7948
11979
13896
2070
29832
31121
31625
12754
19479
12510
26358
22996
14968
17092
26980
15467
7758
6320
30365
11788
10958
18252
1458
27215
2747
30115
27539
21562
12180
16263
17372
3010
8460
5935
23538
31887
24762
27173
21583
18944
13842
3424
27674
15471
30356
13484
11003
5046
7747
31059
23853
25329
19545
13302
5589
22918
30777
11708
11154
7523
29349
27823
25429
6791
1841
8034
15731
27588
20983
27607
6392
16579
7565
9633
8511
25928
23860
12102
14783
19895
5970
2791
23592
19672
21539
24099
7343
22231
25771
27960
18597
30095
5615
20843
21327
20999
9316
28331
1266
30525
936
27761
8237
12835
20080
13802
29067
13032
29378
17752
32089
21368
28260
16054
16309
10054
12180
7578
13032
14409
28153
31328
4086
5444
4058
10885
32115
5451
28558
16465
8343
29827
5427
11705
17557
11817
14499
3715
3113
14294
8100
23979
24944
513
11359
6662
6141
25029
12308
7717
29993
18404
22027
12156
4778
26893
15054
2243
20328
15194
917
25501
17036
27933
2562
17784
25817
14556
28686
5044
25663
15002
12356
13063
21933
10840
32301
13856
14632
8156
2827
24458
1050
17329
713
31444
9708
4463
21811
20719
15062
3901
8035
15319
24822
7827
18811
7541
25504
19013
11418
15813
12534
13757
21768
21556
19896
4487
13492
16460
15197
14612
23009
13714
1122
23991
32284
24239
25314
25332
369
15311
13671
20474
9694
16455
13824
31342
7944
29562
10131
20074
18989
6397
28021
22470
8794
9209
16696
28822
17630
31185
31428
14579
6654
18437
7849
15359
30186
29015
9908
26147
17904
22060
14529
12443
7664
31796
16335
9781
14864
22861
7002
9557
18608
17829
22757
829
4257
22815
11222
29835
18321
14329
6022
24323
11466
4779
32665
30863
15389
23826
4747
22404
3352
205
17036
22567
12928
3816
16526
31600
11771
13495
11676
8974
19468
30725
30317
20138
31812
32367
3385
15984
31159
25610
30155
7884
22446
25932
22488
8561
18075
24617
2959
10144
9554
28796
21617
24999
12917
11177
15971
1960
29232
16256
20737
3995
7207
30821
3382
1174
9645
29358
26889
25420
15415
31565
15802
8149
17424
25519
23566
14509
12110
19684
15079
31486
16644
11775
29719
23586
4281
6592
886
3171
25113
1904
31795
9990
9451
8973
10343
9097
12611
26791
18160
27688
5113
3850
23420
15782
32601
1437
17636
13385
13340
2442
3516
10791
30360
5663
11048
19104
25651
13429
7664
32556
15645
28239
10711
6487
30271
26692
5929
24073
10094
26401
12948
22027
10725
17545
32568
1991
31474
5854
20225
32335
14063
4197
13621
16801
16500
22948
1865
9258
26571
27407
24569
2440
9892
10724
22680
2708
17418
19540
27812
6816
29846
18659
15261
4605
19171
21777
7447
16833
3137
14138
15119
29894
15790
28603
9851
502
32002
32086
6692
21446
31337
16600
24504
2305
9750
17400
2843
4807
26166
26499
32767
29653
26915
15542
30132
1287
26587
3563
27969
25370
27824
23161
19891
27063
29249
18901
6837
24493
28328
23037
31073
14463
7925
19734
30550
3870
9948
6739
18443
15863
22698
26138
27747
14384
14717
17762
30849
2095
5557
20576
27613
5981
14758
18530
20375
9001
8847
21755
3852
847
15312
7264
16040
9562
31831
15122
17659
24935
30812
24253
6670
3117
15182
2144
4343
27194
32269
14767
24491
26751
3417
4534
22804
15887
29835
7358
3427
23332
16514
23412
17576
18787
28385
17736
1951
24929
23928
18964
10957
31077
19967
5886
4044
29040
21002
8863
4324
16506
13113
17509
19163
26367
11183
23349
14605
27322
710
18261
22463
16305
25089
15242
16560
17009
30275
10621
30193
10139
12606
19811
20215
1183
16173
7389
15343
21960
1222
7453
21329
9593
14698
25675
23992
14518
29088
18983
21489
25829
11713
3055
849
29398
16629
26499
19532
13058
9309
29127
12100
10000
2706
11337
7071
25758
18255
7716
13596
5437
24426
29732
871
14269
21769
27690
16363
1708
1042
4050
13799
10265
8931
596
26820
2717
15172
26024
29862
5021
12185
6894
23873
713
8285
25100
16110
12008
17867
7321
5629
32728
4574
14330
4173
18896
11900
714
7451
28137
11246
29056
12056
25565
29588
5707
25790
4366
21207
20545
2787
4298
12894
30137
11663
20941
19845
32245
11019
11527
32267
28165
32058
22944
28682
3303
11564
25146
21037
8947
9457
32630
22045
18551
21419
31673
5436
1950
22503
1072
11670
21910
9262
2833
11029
9969
20950
7972
4340
9036
5662
23683
6005
15407
3451
23198
29143
11061
20780
15233
12418
7021
2836
16474
4998
511
31689
1845
24899
27155
9961
22027
5481
14318
6573
5883
31780
10078
32704
27095
3472
2393
31313
28386
7539
1249
28007
11992
13099
24362
14196
17455
7653
3839
1838
10653
6416
8034
17306
20954
5394
9587
14953
27815
30777
19859
2184
32015
27636
17352
28915
9453
2627
31587
5578
18862
32620
6625
18342
30296
29680
2320
24365
7883
21181
29811
21732
10312
16293
13798
2885
23343
21007
30085
32530
8717
26604
203
20968
14805
9453
7415
25367
14190
29171
22708
27313
1646
4296
8440
19169
17702
6156
7469
2942
8670
27506
5775
13280
7521
1068
28373
30451
22205
7587
27155
25993
17476
6764
20447
6901
32214
13687
10163
6101
31843
21386
5266
16175
29355
2286
5102
10688
9032
10089
9162
17296
22511
26732
5148
26570
24051
1932
1909
28363
11274
24886
26339
25209
5460
27039
19735
19670
11673
4091
11459
21717
17107
25071
13894
7532
4076
840
16523
6890
3272
19949
14638
21131
32646
11794
24545
14409
13059
3759
20751
7926
30368
27185
9151
28296
19270
21359
7866
5300
24999
2783
18672
25534
19910
29706
22808
21391
5049
32573
18583
22792
29101
23426
3491
18326
2860
1230
16552
28934
22939
636
12522
30619
1543
27130
11373
1630
4129
31171
32530
25526
26246
24717
27906
4664
21572
1219
11343
29632
26522
24629
8665
8897
13824
17423
25967
30169
8551
6407
20791
25001
706
28635
8272
11491
24005
30203
24757
10916
493
8834
15461
28421
15552
12139
24001
12781
342
13058
29493
21545
10520
28056
5658
15038
12744
8059
6363
29821
7362
31526
87
24025
21377
1972
11399
14070
13668
1947
29793
24578
12978
14230
14588
12232
6365
31203
13300
6274
29699
16815
1296
3823
10682
21199
17186
26534
12557
10672
5167
7850
3010
8081
4304
15678
25823
7919
30424
20987
30828
31809
28471
12063
10361
18150
27423
25384
25443
9820
23653
8098
16212
6066
19753
573
28425
8000
6841
29730
29656
17045
22451
4999
12529
24241
6506
23425
17380
11893
13451
32282
18019
5463
11521
9380
23881
602
23829
2637
14556
32574
6106
9459
27215
16371
19144
20537
12940
18004
25255
11994
11824
28178
30639
13885
726
29934
1261
6218
29080
21292
12008
32637
29395
30788
23941
20792
16171
16346
11560
27230
27087
13040
31516
2589
28670
26971
4405
24331
25035
8051
13491
27253
2077
21519
7274
11763
11257
689
4640
22336
25348
19965
17207
24137
1347
11888
1164
18820
12326
31054
3486
3203
31429
21468
28403
13513
16233
26320
18359
22748
7758
26118
32423
32156
7591
16500
557
26066
2787
3168
21452
12
303
976
25279
26281
14652
9539
31197
9776
1602
19614
17600
15846
9285
22633
12326
3743
15255
12091
10647
11220
15774
14707
585
17142
32471
9001
31040
3330
12827
31333
12473
32342
10529
32142
4809
10435
32325
11813
26946
995
2951
31667
11478
4012
21207
6911
20351
1350
15248
23941
1566
2586
18754
7460
21858
6444
12212
4119
26091
5802
26665
6438
25519
16837
11235
26653
27805
30911
30694
32382
21121
837
32254
27763
13352
22272
9987
23046
12740
2663
2652
12436
16529
27095
32450
30847
25017
25317
10310
16164
16502
14835
10134
6413
31606
15873
20092
5223
7555
28358
32167
12214
2403
18687
4014
10439
23805
11528
30034
14310
4030
5033
26372
2898
20539
1330
20391
5870
25880
1738
21654
3129
5416
29188
7913
3712
23253
27315
18932
30547
26307
26368
6929
16181
13744
32185
26272
24215
15775
28396
17995
15112
30261
6837
1167
29862
16483
23124
24951
10200
28997
28546
5291
30527
1098
32262
12458
29161
14486
17283
19284
10696
7588
404
4011
3683
21296
19994
7386
24524
84
15829
22135
19922
17905
7474
2565
6007
12368
11108
3517
16037
27657
2998
15502
9244
16932
24864
29538
8111
8063
18456
29603
26800
11119
8874
20221
25257
12714
27339
16486
8780
25445
32491
5724
16045
13241
7369
4718
17071
21323
32395
25086
21180
3884
19982
5189
23226
5886
25211
12696
22586
28249
31771
22505
5362
3437
29292
144
25965
29928
2164
21324
16385
14618
23381
10884
16386
18518
7970
11475
26933
28828
7665
8132
16263
26742
11569
22490
1791
24352
3390
27092
16370
22507
26419
302
13174
21731
23808
32747
9240
5296
24508
19346
30418
26554
16444
27511
26679
24721
11748
23611
8689
25483
6077
15510
17517
22959
9160
14164
14549
2769
12434
20126
24383
25343
5385
27771
27940
10012
4750
23703
4115
23755
11595
4930
10406
27023
24263
26043
12726
11568
22199
6063
10187
7008
15896
25085
1238
6302
12410
22204
9251
7771
24479
18047
8841
27227
5444
2775
3812
15711
1855
23066
32453
27905
12746
2147
23399
19679
11295
23002
31461
13051
11077
18998
22955
7010
10025
28032
2090
12044
22000
19993
8401
12804
29068
27646
23096
7368
31629
16715
2462
25843
29498
28670
10645
14617
12769
31998
14588
13299
24939
15452
1582
19132
16691
21208
14969
31450
11545
28839
14802
31425
6866
10611
10950
29205
386
3492
15028
32014
24460
26846
29242
32545
21160
18890
11757
2269
30263
14106
3917
21779
31700
13767
31224
8505
12844
1181
28957
25872
28175
12538
26932
11653
2503
26835
25068
7893
28328
11767
23653
25077
23784
20120
416
305
26033
18183
3380
30739
19317
28863
20546
31366
15490
8869
24746
14139
7126
9870
18559
6476
19508
10242
18873
19744
12663
64
2602
3214
23591
897
15284
30277
4938
13185
5304
29803
12412
31548
11473
30340
578
22517
4547
662
10396
4989
10414
24970
8153
29618
12168
27350
28079
838
29385
13145
9355
22466
2920
9094
12582
30922
14599
14533
9817
19618
11371
30230
31538
11761
22062
18424
28487
3781
3512
24457
2378
19672
9323
18670
25566
6930
14622
16629
15529
9294
24525
3577
31147
19297
29070
24583
6350
11352
6343
31806
15806
17154
28063
14204
20986
23215
14002
1079
27436
11062
8713
6056
27574
18237
2633
27183
4493
16308
7210
5875
26442
8355
28715
24265
19326
11046
27781
21079
582
28853
861
26489
1312
13225
8509
32227
1277
12540
24517
5896
21144
14161
20638
17723
8453
12084
29872
5652
22157
30882
13205
31766
24505
16844
26445
31630
14509
15128
20531
7870
8375
19561
1327
30011
11304
12192
13358
8852
10339
5219
18127
16436
1587
12573
16223
5770
15970
25925
25096
29031
25735
20708
32325
5031
23583
1361
27801
3603
25567
13119
5249
32134
27465
31226
3751
29775
26238
15342
14168
4823
5203
7273
17720
4996
27302
2722
14389
19932
7411
32249
13497
29934
28962
18304
7972
5357
22179
7355
2937
5151
29629
16292
21847
15093
7459
26610
29740
1916
27593
20891
24485
20468
25845
5272
6249
30909
26777
10728
10502
16763
23008
16855
13099
28018
13831
20352
23833
19250
3438
28049
13140
24441
4847
78
21150
14165
13678
14553
28197
9609
30641
23984
1532
28466
31346
31863
25032
11178
27827
26872
9148
23469
22098
11624
1991
31674
28893
20459
8971
5564
679
4443
14226
5610
28700
2373
28732
26348
30545
17205
6396
6463
18912
16692
10052
6618
30962
1934
9918
15378
26525
5593
24125
6843
14193
28978
16627
5264
25421
9162
32740
26581
31863
21922
20378
12602
15852
25234
13851
20995
27125
4496
29976
358
9723
20783
25703
3380
18588
7526
20660
3516
19967
29331
12915
4333
26212
29119
20760
186
21247
6692
9867
18627
1286
15340
5846
32561
13065
2108
20513
5345
22658
25201
26337
20678
21421
22186
588
6792
5529
22918
11536
22641
6271
13615
7748
25738
4180
18327
3743
23809
2458
30209
28136
21454
27259
31172
3245
8598
2584
27211
3640
24528
21023
10337
14015
20006
7835
3755
27099
10014
20497
2934
27963
10233
17352
1972
17306
20444
9832
16192
13294
6701
21703
28266
20707
14400
16127
30895
5255
3635
452
27848
25671
30486
10740
2535
4378
5199
22128
10813
10236
11325
11307
14015
9886
23580
20608
2090
26716
8489
24009
22852
24431
32006
1581
11877
28260
14687
22713
22071
30156
3790
23730
26554
27190
13052
30506
24971
1626
4618
20178
20069
28055
14127
8719
4840
21152
10402
17232
18585
30322
15034
12190
18987
5001
7763
29557
21757
2387
11893
20946
25571
23525
16688
24973
10025
23533
32714
5353
15829
2791
2589
24426
5165
3988
26938
28134
2937
20136
5458
9439
20234
31683
4823
22800
31355
13987
27358
30278
30007
2200
712
2161
10043
22072
5921
23291
27422
6483
24008
8792
24910
30506
4944
25567
2204
1755
30631
4056
16379
23584
32245
470
5508
10809
13255
23367
1726
4903
9069
27721
5661
30491
13728
7871
22984
22574
22121
6052
26527
9810
24894
672
17021
1929
6253
15321
11450
28757
11198
19468
1013
8303
4691
27356
2576
22459
15316
31594
16251
22396
23753
14117
12982
965
23111
31460
26897
14640
6351
27186
17591
10961
12915
23784
3050
23661
22586
19202
30096
3304
25286
10923
24303
9469
22068
29850
3765
32306
23876
17057
10555
5642
32698
15491
14858
380
6148
18183
30367
13476
19484
10570
7787
29369
3504
7257
7198
31295
25985
30975
19493
16765
3593
30684
3185
22322
8544
14263
31099
15236
24160
32278
31877
17721
18696
26123
3874
26409
10782
29008
22520
27123
12824
12182
1221
28144
17213
28699
1440
18789
9992
12667
3458
5885
13005
17352
31748
2166
8094
20700
5226
20890
6512
16110
9697
16241
18810
8548
2309
20405
24542
11240
5798
23686
24715
23486
31692
12383
14178
19285
3832
5705
22424
25628
2733
14926
27227
25238
20783
28209
20664
24753
7563
9820
31932
23124
17879
17178
26073
24631
29371
31238
7308
27895
28721
29636
16701
4202
31624
29166
25191
25904
12975
4433
1528
1162
2224
31834
25083
27759
25467
8651
2164
3037
18149
17330
2699
26990
12528
29340
22253
6187
2893
18694
22384
28324
22047
31508
4598
13377
28674
3718
20627
14547
8012
20199
5362
2670
16531
20999
23284
15739
15983
8364
28315
31497
13952
22405
22823
18788
28595
21599
10622
17129
1474
17307
7121
12056
28154
8672
25725
12779
14657
1549
8751
1382
14167
18290
15180
29040
24412
21567
10896
30177
8595
19516
32501
23260
1637
13243
4822
7007
16041
21196
15956
24088
2338
5295
2297
28795
4425
31631
7835
30737
11085
31853
2947
19987
4441
22362
975
14647
1557
16361
14869
31178
111
27108
2377
23551
17563
20030
30177
17543
3672
15433
18998
27489
12406
2857
21038
14580
19861
32649
31256
31067
3631
14732
21719
23040
30681
16134
19779
25964
18885
30189
1740
29021
652
8970
12641
13081
29482
16628
21648
28163
842
17215
21998
28780
2757
6641
16057
21163
25701
2357
1212
11376
7662
10580
23155
13397
26975
8928
19056
32182
13173
31539
8701
18627
881
1304
28419
6355
2075
18887
5418
1276
30215
32279
15938
30432
6935
22511
10722
19401
19265
22525
8270
3065
2706
23467
3230
11323
6259
2895
541
3518
16428
30882
12528
12323
4774
372
3576
18901
28021
19102
12793
15001
29461
26423
13307
3174
22644
11
752
30326
11185
3912
664
5789
30756
1147
28578
21722
27550
25787
20244
9516
24818
15140
27884
7078
29620
28040
11783
1734
320
18784
14659
1027
15102
23817
15329
17061
11749
28973
19757
26841
25406
13951
13664
20229
32427
31659
7109
1369
32103
32652
24603
22439
31439
13216
9019
17268
7714
698
17146
5199
5509
28663
19793
6753
16970
8691
11963
12102
31345
11837
8159
32027
879
14600
5743
15320
10799
15651
15696
22752
7255
4139
14331
15575
26316
30463
13603
9140
15736
24180
5272
15127
28747
3146
9323
31452
12671
23647
14675
27632
4385
24099
9807
20835
20941
26188
22413
26559
31417
26827
5259
11929
19188
12030
11644
28773
29168
15911
6125
31887
12607
541
16040
18375
19354
4161
2264
26268
25895
5812
23663
5708
14588
19399
8133
18394
18399
29107
32385
24930
25679
17035
30141
10666
16329
22638
27493
4601
23876
26113
21728
21036
3326
21276
12531
2822
21882
4548
22754
25288
28105
16218
27864
20481
11530
26129
24456
1704
4909
29350
25877
15208
20220
12875
18735
12603
25947
27876
28800
17722
24014
28533
2374
27828
6205
6875
12097
22909
12276
19131
1743
14472
4078
10425
4950
16056
7251
16362
19682
30708
5439
25739
14607
3194
5829
17395
2858
28789
23092
12486
3987
12753
7320
32620
26213
22606
20100
1729
20825
3027
28943
6414
6376
29958
17437
2361
19632
3097
10720
4152
25369
18918
25502
9931
31800
28479
2996
10091
19444
22143
28891
19581
28519
869
13994
24268
12679
25891
24412
10294
773
32433
8916
32422
10613
26983
14046
31554
27056
26059
27832
12773
12662
28328
18385
31951
1112
608
29136
12443
12245
5762
12248
19570
2756
27039
15626
31359
17394
10074
11852
29858
1035
4799
17225
8553
26302
10966
18617
32060
3868
32119
28643
9175
23361
7263
16224
3582
31543
26756
289
22379
28439
10150
20916
8460
12401
6183
13506
25451
2798
30492
21213
17774
26676
11428
17528
19264
4874
4729
3639
29071
13757
2244
12906
2296
6082
19766
31700
26047
24220
18516
26032
14276
22017
17682
17654
7858
824
18084
5850
20090
1989
28817
6293
22528
5960
13577
3177
27155
1187
15736
20447
7843
10843
16731
10068
10286
12865
16211
25267
29564
81
19575
16260
4492
17626
28143
11302
32206
31199
12479
20568
5267
20413
29664
32511
19905
19727
6293
29987
4043
9679
3324
2618
12000
3518
25827
13737
27747
2565
29918
3464
2716
1564
9110
8869
18605
12267
25956
24012
23239
24367
5663
16966
12957
3104
9522
14752
11289
6481
18417
19630
29262
29911
9773
28110
12463
21677
13573
14449
25726
4695
13312
18904
25223
27078
89
5916
25869
8060
12954
25713
13829
20976
14956
16811
18818
31284
27822
12290
23665
24533
14276
21778
27526
1027
29234
24358
5750
18417
30569
32437
17255
21119
1760
6445
5796
30999
6503
6384
4758
12244
8377
32412
29680
17642
25936
6032
7721
27458
30333
32172
11311
22628
24759
17495
31066
31130
7732
30407
13982
1106
30134
19325
24582
26053
15272
12558
9821
21974
10601
6185
8494
4413
16104
7894
23792
32484
25201
252
6522
17553
12998
29222
19645
3782
16242
17542
15793
4070
7002
315
19344
31384
32149
21967
13635
31600
25725
31492
29977
30157
28422
30928
1215
2045
24655
27558
7533
6824
375
12023
18525
32619
21938
4345
21377
25283
21660
29607
32373
5421
7885
32521
29619
28555
24749
18613
25094
22218
22409
5270
19009
8898
11495
4844
21808
27741
7191
16276
17871
1788
5643
18058
23482
10518
22377
4524
14821
2082
9437
25536
9613
27576
8628
9401
12654
31731
29863
17206
10551
20249
12020
20300
20795
31358
10676
12933
20073
10917
19816
10536
19070
1705
30677
24763
10361
25307
29714
24519
23887
1709
14559
6875
16609
2511
24888
23251
27435
3223
4906
22618
29118
20390
18662
12462
6512
28361
12308
6052
20562
17181
4969
27371
994
12407
636
2708
10114
25090
11221
6866
32553
14890
7495
4863
601
31161
24193
15840
27473
25152
6623
3882
18051
22457
18310
29253
5704
17770
3759
30287
24275
18957
20803
31588
11875
28461
5545
17693
30141
28627
17115
5718
17626
21090
25280
14901
16349
22976
24246
7784
24648
4534
27245
25261
22126
31386
4348
408
7980
6187
6190
30353
8660
26556
11805
1308
27242
405
5379
1373
21523
27030
16716
23003
14282
21277
7664
29316
29525
23594
27391
241
23671
961
27262
16876
29800
24464
20337
47
28546
21714
9017
13423
25917
22643
5408
26265
15453
31349
26675
13404
10090
16530
29520
8423
17761
5155
26495
4596
15017
18240
20613
7685
22088
29993
951
4077
5975
16868
28941
17299
9907
15656
2679
16371
6390
27770
13684
12901
3238
16534
31456
12066
30892
31248
26893
23300
16135
16699
23574
25229
22465
30026
8304
25131
10274
30389
9154
9146
23077
28895
10231
21835
18472
26357
11409
7460
20711
2073
576
12040
10155
3776
15539
18104
29887
12120
30382
11193
23076
23087
7261
8792
12421
21648
12264
28140
4205
27951
15431
18523
31672
20422
27224
29407
15176
15361
27694
17418
17657
9112
12972
22280
15830
29626
8531
16421
27789
3506
13401
27278
12320
12997
19707
860
20190
26457
6164
5582
12690
4445
17133
15574
24314
21988
29271
3544
19322
31251
12279
8366
20754
19262
16866
22767
25486
21070
8298
21617
21756
22118
32311
8972
15971
29382
5785
11169
24754
17391
13852
25179
4599
28679
12637
13365
2769
3712
15901
19389
10280
13045
25236
4887
29979
8020
28423
5956
4410
24898
13725
12453
18166
24251
29807
5306
26197
5625
9694
13616
14315
5272
11049
4123
7173
27127
1343
21888
10791
6369
4049
1558
25785
19565
29356
28493
21757
21538
15686
10384
9028
11103
24726
30151
32610
4090
31529
13089
27999
27688
11123
11792
19055
6045
23651
3989
7716
13300
16442
15293
3043
10320
28060
19052
30869
68
21223
32089
14494
12784
29637
22362
23059
3949
9469
14562
24359
26476
14991
9671
31975
6425
23551
6217
12840
8006
29425
1361
19133
22213
26614
30198
8941
1045
8614
23109
16164
23618
31215
31042
3048
5382
7596
8746
23055
16436
2681
763
27439
30294
7878
18486
8791
5269
28715
27108
11516
4570
23547
18903
14390
12083
1564
1842
1581
1912
14870
11052
30669
16942
25193
4880
24258
28075
2596
15240
11168
17531
7347
20764
19553
25091
22521
10742
20245
10852
9375
3304
7381
27043
18603
27056
24825
28166
10324
26234
28811
8641
2324
26278
17915
26577
2816
28364
25875
16425
19541
2557
15150
30476
27475
5196
20389
25530
23118
3725
22667
31310
14850
24413
1946
13543
11815
9571
9068
6150
24645
32469
16623
22071
9418
27197
12563
22260
30298
9341
30405
9414
15206
10256
22817
1709
2560
12692
26083
18626
24045
28037
30751
30747
29948
13132
5939
5615
17815
29048
16889
1530
17304
12107
31297
15395
26462
18296
9342
27997
11039
16427
4031
18379
29311
25674
14817
30247
4194
506
9219
29284
24319
29286
19259
27538
7735
20156
6535
17155
3108
30327
25351
25772
27636
19172
17257
32461
28408
17375
28580
23765
13304
16862
20457
27008
20682
16690
30166
7234
6690
21129
17134
21992
7596
31926
21318
28797
600
27573
128
1642
17142
4329
4349
13538
30466
6313
26447
23933
7617
22779
17901
11043
8077
7583
31531
24108
31084
30032
2409
9157
18152
25670
8074
31894
7707
8191
30120
30370
29194
14399
25093
15982
28468
20822
14917
19301
1642
21409
21723
11131
6624
13395
16066
12817
133
15221
31085
3608
21392
27436
21760
2938
14939
27707
15040
949
10357
9160
31688
16841
16883
22115
30719
23893
23046
31812
12614
20733
16339
10964
7926
20494
19838
14192
21897
8037
28040
30569
22167
30093
2652
16719
7429
9767
7204
4975
14713
7311
18657
922
4880
27068
19131
23592
8276
26984
4245
2621
11368
17009
19685
16715
31878
18048
26307
30680
27052
29928
320
8578
17041
9425
3320
19008
2526
6805
6123
30442
25755
3178
20360
28412
19687
23106
26891
21399
23789
31983
25609
10184
17939
28811
23369
11789
18548
7703
22486
16149
16017
2146
23122
32200
4419
16428
3725
3207
10229
25484
23895
10165
10511
11407
20626
18806
7861
21282
32139
15030
21426
17970
27018
13678
31919
17
7335
31778
425
31260
22240
2735
31650
923
7017
17475
14998
32744
1603
17069
26544
20436
8208
10967
6078
27206
9254
10896
25059
26661
27874
911
20107
1912
31294
18357
12964
27084
18086
10899
19212
4566
24072
3116
11333
25690
27435
8444
23152
12364
12097
23353
7545
564
6079
31064
25999
18135
26220
24019
21463
275
8120
5162
15201
5899
13136
10024
11867
31364
4847
11367
27524
12431
11127
10518
16356
31849
29760
13306
12475
12703
2224
30899
439
29045
12
65
27497
22409
30605
25286
5626
22964
695
18061
11290
24369
30182
20556
6714
21249
16170
26790
19963
13709
16724
31476
2534
29070
25937
4421
8541
30762
21943
29091
12497
26719
6302
8345
9782
17829
31665
27890
11700
463
1669
26818
22176
24115
26409
29611
1194
26634
3326
14937
344
5146
26056
20303
16819
15762
28934
16614
13376
3125
7551
20626
11057
1466
9502
12136
14045
20083
23295
25565
1134
23854
8138
15569
5337
9817
28736
30156
24596
617
16915
28807
14467
21372
8955
10158
691
11836
19974
16100
5450
2567
11056
21512
21822
15438
27955
30134
25158
17211
16800
25361
26510
9111
18223
30912
25775
24042
15955
28471
734
16100
10258
20024
19043
3835
18196
14745
19534
25942
14074
31559
5221
8682
3569
28299
30560
21219
15494
12428
4441
2373
8124
14870
2174
24787
31067
18073
26633
16176
17036
11381
10098
3652
3235
2676
12770
30177
25660
28312
492
22694
27273
23064
9592
6180
6378
18085
15871
25664
25278
4337
20734
6616
10618
27762
31908
29866
14072
17508
25806
6257
12817
11789
27702
13648
16749
20548
3559
19316
20634
25652
27381
20982
11100
13150
24682
17662
25412
14045
14723
24366
13188
15342
21021
574
22274
12719
15722
4835
1195
1063
17640
19446
1546
10375
21396
19666
7193
16047
8539
26366
9815
27636
13009
28428
16410
21281
293
5312
18471
19899
24149
1653
1664
19082
27038
25533
25725
30036
10295
17224
27422
3052
5694
20487
31648
1132
17395
16784
30286
26814
21284
13253
17306
2913
26856
8624
29548
31081
26512
1970
26298
19912
1243
28893
14169
18893
4201
29598
21011
22250
32370
24991
30457
21946
2744
12011
5114
24130
1978
21588
11701
21880
11819
12562
19084
31745
162
12204
5114
23103
6035
12828
8742
11659
27006
2350
9656
15039
25446
31529
25579
10744
25989
7601
14563
20378
30782
1772
5186
1684
19795
6628
9206
32741
24920
29228
8532
11103
20840
12999
29803
7594
14614
15429
8594
6029
11430
3631
13636
4713
9086
22437
8750
30214
26327
31558
17797
23442
22712
2640
1437
487
10021
31496
16056
22285
16276
7773
29212
15104
5792
6344
27496
24499
6145
25206
20519
27220
21180
4777
19878
14802
13719
31324
22787
30365
28624
21030
13703
20397
18958
32608
13621
2245
2968
13450
26531
15865
16325
28907
11017
110
28596
9080
21400
12385
9276
29943
23821
14442
17446
32100
23173
3586
8858
26772
6291
6980
20952
19992
9616
30192
3625
16484
13362
1973
21780
22321
3168
2992
31956
14623
32325
1328
24586
26783
2980
5052
29104
22544
15211
18519
19790
2344
19338
24578
6000
15254
13573
1923
16983
28389
13896
3173
2799
15268
22460
8000
16897
18372
7831
2874
13738
23105
25080
1742
20236
20997
30259
460
14403
1033
8809
5281
7834
17597
5213
29913
25855
8362
18050
4834
23221
2133
3161
17683
19017
29543
14585
9196
29895
16140
5103
31648
19757
19353
4169
30416
2080
7537
31214
26266
21470
1321
3377
19410
19572
4842
11429
1423
49
22807
10546
18666
6234
16944
20584
17922
31263
32247
13588
7748
29646
18897
26129
4073
19015
6254
1889
31423
15024
23724
380
8749
17514
31673
15080
20593
20291
10872
4106
16173
493
14887
32060
26914
23727
6206
12064
10555
27738
1434
27955
19149
10623
18650
4773
28445
22495
24586
2408
27683
31267
30079
31623
2189
11725
7169
11961
14599
879
5680
15926
17082
10010
11552
9929
26386
27930
23111
22822
31941
5856
18585
18047
6673
25664
28913
6994
13381
17629
21939
7301
22658
15841
8623
23220
25027
22513
11849
12234
20507
10592
13527
15054
9534
20642
12107
19968
27203
29444
11282
805
17064
5019
6460
27167
12439
22138
19164
1472
28263
1064
16562
2784
358
24914
28423
5549
27094
11964
3801
18755
5173
25981
14648
3453
28610
876
20976
24330
20028
31702
1384
26051
28909
8306
24010
17723
26343
5782
13156
23448
8334
11434
31823
25250
23638
9182
16206
10010
20686
16920
11768
19021
14302
16432
10778
16873
8012
26720
14935
2574
8837
30966
12817
15784
29083
8012
4237
2301
18826
7930
23377
10882
16831
31050
30673
30195
4827
10477
18507
3490
15028
17900
4080
17936
8604
9697
25156
26554
9447
19558
8647
17205
10919
16334
20949
19325
8890
5651
16331
10891
6407
19984
18283
1061
15620
18672
13954
23290
636
30695
5063
19438
16271
4640
19719
5043
27642
26358
4223
4761
26008
8294
21898
17063
24105
2500
22652
21482
22099
11950
3533
25357
18918
26175
20602
32298
29028
7812
20392
27616
15553
31796
32650
26790
27495
8859
4486
20062
25981
14296
14227
23086
14953
31048
14054
1163
26771
29762
3533
8086
21100
14085
12507
12204
1200
3566
9029
12856
12776
8431
28300
18124
1842
1340
15708
28273
15940
5959
7605
21819
4271
12527
11848
23072
28769
4084
15140
18697
10606
175
3473
31530
20752
8448
29500
20879
9708
20359
16533
15864
17814
6935
21110
19943
23384
18023
21253
27639
11311
13323
17883
19311
9239
20131
8038
12823
18568
16723
27531
5195
13377
5235
18320
14157
68
647
13114
19936
15906
6513
32050
17170
26488
31717
20141
10073
26298
22302
6732
29665
7471
24783
29249
6181
2621
29021
2484
1469
30695
3659
25957
11894
20628
30966
32658
10408
530
5506
25371
28100
4570
15892
484
26413
18070
22081
19067
15689
2784
12999
16635
7383
27981
10619
7984
26243
25002
23939
16379
31927
10117
7109
23032
9141
31216
23455
19807
10211
27777
14297
2344
15973
6557
29656
19315
21489
1526
24852
16678
15839
23891
14540
18648
384
27792
15864
23790
9649
31973
15231
26883
17072
29803
12970
3726
17454
24539
19928
7358
4517
18841
27508
16297
4331
498
21797
10918
14088
15522
30532
16887
6981
10138
11411
1964
16517
24320
29228
20419
2264
25206
6071
32660
1870
28575
16352
23661
9225
26079
17673
11641
18070
5987
22075
13542
31358
11106
24675
17478
16919
30114
6075
28726
2976
26429
13702
10046
31885
31909
15872
12281
1824
19686
25237
21110
32313
7723
21585
12509
7023
9092
6808
4950
11103
18406
16919
11046
21572
10868
30714
4379
10953
12284
25951
811
2331
19909
24331
9560
23617
29064
15708
18903
23472
10940
28799
1136
24346
30998
9443
3368
18056
25681
3054
13854
10408
16683
7406
30899
15208
18352
25170
24045
10947
24250
10010
17950
20955
16569
6284
21440
2633
23984
12329
32164
1457
7808
31199
3148
26009
28009
2688
1685
1403
10190
14963
20888
11032
23864
30890
2003
4368
32670
18899
19332
32688
26852
18387
6230
26635
22945
13680
22591
13644
21797
31309
16297
18506
32443
6940
13520
20829
23595
527
18027
31857
8579
11151
30094
9048
27159
2865
22223
31333
711
15590
20136
27446
10624
22130
27932
4561
26118
27935
11421
4083
24560
9138
6190
10916
22004
21662
7365
26127
6756
11384
2547
5009
14585
18603
1478
1552
10704
11885
30703
24718
13746
11761
12320
13053
28568
1502
19384
22869
26478
23297
7842
20709
31256
22590
9082
30694
25267
2765
14066
27478
28957
20131
8821
30468
2487
24365
14858
19431
21097
24644
4474
28851
12519
29534
3253
8366
32307
11521
20338
3264
4964
32382
20502
13002
5029
26587
4567
16185
6016
1553
18977
11483
7517
20856
30008
5873
25413
8319
7712
29061
3564
17056
23994
7166
16623
18323
21807
497
3162
18114
10129
15930
21357
15102
14016
29772
4256
18032
10123
21445
6884
29394
28952
31302
20524
16863
31622
10113
18732
8711
4560
30611
31328
7016
10997
6037
26193
18682
20054
10349
17684
29193
5983
17386
17683
22505
7273
22545
18704
3045
15583
19633
18278
24952
6816
10046
11922
20672
17061
8411
29427
23855
18660
25273
10702
21636
23412
23712
21909
31225
4337
27083
18281
29118
30242
14329
14813
167
7897
9409
2301
29730
15899
1318
11151
18027
2433
2923
20888
21251
27614
16169
19490
12126
19234
15262
8765
31707
25983
10312
30532
16634
2506
8114
9825
11466
12067
30863
14163
17568
12248
9477
4207
24334
11143
7243
2533
31251
21635
630
17989
16784
11385
656
29762
23035
29780
3819
23989
17239
21341
31668
26597
26724
31143
10187
26885
11795
16810
10194
30462
5948
5422
10117
4975
20627
6507
30025
22770
14553
26222
27655
3490
14671
19902
12090
16090
624
29760
27975
19007
223
17240
7182
30720
7839
30033
25534
2652
9346
16639
11245
26213
20452
26786
32488
14852
28824
12302
14151
17214
8995
32265
11205
7349
31528
11509
19791
13170
12836
20143
27483
18913
11868
26550
4731
11293
30227
26000
14642
31086
25343
21609
12038
10001
10750
6142
470
8247
2822
11193
19822
10063
15706
11805
10585
23688
27652
15205
10486
3474
22143
23400
8655
12965
27060
1728
11301
15557
25896
1835
4560
6468
24691
14129
8006
3720
17652
25864
2809
22031
4035
23732
26342
6063
28647
23922
20586
10787
5321
32343
21080
15555
16617
17973
11594
20115
29904
31422
31284
5759
17990
27372
23359
16613
14276
14496
11988
9812
9260
25993
30966
24468
4792
10055
30422
23270
1840
18128
4257
22156
8801
3859
7581
25740
9930
3804
11892
23474
13720
12792
20944
22996
22485
30105
1831
15193
10204
15356
21465
11260
12048
840
11896
13518
19405
954
13414
27514
13215
30975
23974
9933
26034
6881
8940
23670
8586
2342
18934
3082
13812
11957
19487
23371
15421
24571
2866
18345
5025
14477
18556
4361
12550
31759
4645
16838
5867
32340
6848
30709
2459
22214
12064
21486
21414
25353
15981
12296
11921
23771
10360
1443
9165
1855
17996
9068
31206
14042
24838
6364
509
14749
2790
31490
22904
24996
3749
26243
29688
14174
26889
25311
395
5871
184
2805
1316
15570
4170
7882
12104
1475
30369
25222
20745
26076
24957
28351
31544
23294
1611
22010
7639
24178
23870
17263
15309
6608
4769
30477
1757
25376
8812
17086
30681
17472
21013
27884
14099
4486
31912
7236
26901
21413
25882
12474
13202
2261
731
11725
3740
302
31914
6668
13846
23125
17837
30681
20333
24155
4289
15213
6019
18914
3599
25116
11500
15746
9952
3802
19037
24171
11186
20479
1377
27211
10378
29255
25934
17010
21389
1309
26232
12852
18890
29721
15780
29838
3675
22983
28608
15629
32684
28586
4561
18412
14106
16256
17708
13692
1728
31176
17385
13513
2445
5506
4501
16763
31130
7478
9255
30970
16571
19767
6453
19158
30549
26409
19304
2149
17775
24257
23598
6062
23051
17356
1454
19845
27830
3443
18689
13048
32094
10941
19615
14826
18020
31829
32535
9470
5362
7054
20996
9911
31631
4772
8508
31709
4848
27205
6730
1314
15633
12367
14367
9221
7813
23516
9988
24311
16907
12924
9427
4284
6753
4801
12647
10005
22109
18433
9041
13468
15161
19287
29900
23023
31023
5611
23796
18960
11845
26739
2354
28172
2923
11258
2811
27611
20419
20448
19898
5256
3648
18723
10506
32146
29042
5852
25385
18833
29088
28685
14249
25628
12568
32409
13929
13547
29379
19348
3780
3641
24316
16573
6920
23148
2722
25417
16426
19704
29804
11235
30136
6785
27773
8176
2574
31808
6713
4119
30413
679
5206
8193
22921
31560
16182
31581
25794
28147
25972
23592
23830
29982
16061
17963
30388
30090
22753
7109
10004
31012
5929
28650
16102
12586
15340
14700
24648
25486
12381
19321
9531
18335
32423
14182
2648
5606
12860
31658
29119
20302
4713
9262
21073
32649
27439
16324
26399
32430
22606
20212
29473
30247
18082
4095
27948
11466
8114
19486
10270
24134
21383
2571
19292
8641
13498
18882
12158
9151
23249
11657
29512
14150
32460
13358
23772
576
1530
26768
23343
18720
12049
10848
15290
7624
5502
29737
26738
30122
32506
17038
16889
27438
10078
212
27158
11860
32440
7840
4707
26779
3486
13057
9029
6177
29634
20656
20257
9739
13511
28567
26061
15399
18259
3985
31813
7632
6758
30833
15520
2067
1258
15173
29250
23824
21387
22748
9810
7842
26824
12677
24687
31810
9034
8730
24478
30760
32373
29245
24455
26548
8510
30690
15842
21261
20284
5134
5164
30728
28673
27869
6558
29771
8362
2250
24927
23218
949
12075
18681
14321
17171
12795
11018
19067
30846
1244
10812
29091
28685
17756
10358
6145
30982
6264
15956
7448
14579
351
18133
565
13560
5496
21332
24218
1379
12709
7098
24284
26501
5322
16113
21386
8641
905
26524
4879
28130
22864
10501
13018
23985
10902
10326
23484
28104
23649
26125
15761
15009
21772
15274
26146
3058
10823
25002
32586
10813
28767
4537
14424
12962
3776
6436
24245
23801
15800
28557
27079
26653
4477
9698
32276
8330
13938
16784
11179
13611
17062
22515
27584
20077
16541
32273
8598
7064
22356
24713
8866
19039
13183
6086
2541
7350
5653
3192
23226
4323
11278
69
13929
20440
4972
3771
10651
21952
12664
14986
21655
2264
15950
23280
29420
12928
10651
32116
1624
3730
15526
4055
10473
25842
7565
26184
19042
24934
6097
29143
23776
7592
19989
15148
13501
4538
14627
30073
8117
24186
6192
15789
30535
9846
13921
23019
12894
26881
10638
3386
14897
4999
28229
21374
1640
15645
1298
6567
17536
16476
29949
17960
3696
10096
22357
9642
29837
7788
20652
4098
24235
24544
6947
22881
2181
20398
1512
25547
7519
14361
3580
25803
14057
23839
29754
13156
17255
23049
29845
12874
5903
32064
673
10835
11442
5730
12117
10536
22943
27285
7183
14400
30917
17180
7896
15
20759
18984
31721
11130
15157
10736
22639
8079
19016
8707
19084
23411
31789
1757
10910
5275
13527
24505
2499
25407
2286
5799
29085
4876
7100
28382
20818
27674
5194
13651
15319
2077
28102
24459
23407
2015
10024
3245
15982
15598
5654
7387
24899
7057
24836
21186
6581
2305
25759
13168
18285
22998
2156
6246
28085
5312
18092
10223
6783
19831
27524
10160
16041
11253
20314
23935
23423
29666
4226
29305
10626
8272
4122
3150
7272
26536
13874
4320
26723
15332
16689
18445
27814
6911
9331
20424
10022
17322
14903
5743
5533
8769
19641
20312
10197
2557
15003
5550
10019
3691
14985
12667
14129
4381
541
13061
21505
22431
21504
22622
28975
15788
14675
28983
7799
22434
27213
13557
21878
6452
10789
16135
21685
21599
6706
9590
11235
9375
18513
23997
23906
6754
31879
25564
14598
15037
2535
22440
21529
10078
9910
1125
17058
706
4046
1686
30182
25768
31552
1044
25648
29381
7741
10846
24014
29113
18999
26416
13148
25154
25923
3927
4421
32431
16834
26563
13446
11416
6464
17630
23733
14029
11932
13340
8002
25484
23401
25555
32766
15095
3221
15694
29401
4548
29256
25885
10992
11319
26383
5550
23239
3405
21050
2082
18898
17979
2435
24409
25403
23062
30192
18767
8671
2516
32762
19116
32154
7283
1774
26774
15812
30584
26516
9418
21755
7067
22031
32747
10787
22977
3844
30233
29356
21546
9214
10694
531
8172
26385
12485
12972
6816
14782
14244
19358
18523
17175
28476
2095
19936
20771
30854
9282
23315
27012
17073
4637
6577
19799
3953
15728
29759
29788
4505
32659
18752
17239
23020
10512
24235
438
1584
17505
10652
21107
26245
30203
15946
13372
3317
7563
31801
19666
31564
7295
19121
943
25386
26056
31086
12267
11350
15070
6553
23904
13653
14853
25335
27917
572
8656
31073
5304
19906
28131
9844
471
12441
12540
23433
9137
21247
20533
4071
24769
23696
899
20280
15195
5726
16259
3130
10642
29507
27766
2999
9304
29302
3721
31671
12775
4189
17243
2804
28512
14754
14521
5262
23986
29833
172
13312
30142
13441
26293
21843
18361
3065
10839
5522
10705
12404
17110
1917
14867
1248
4159
12417
14220
7715
7592
20968
30382
30200
22713
21070
29942
16377
25195
23380
20428
5372
23824
32664
8875
26787
23444
31972
4225
32047
22018
28325
31833
18837
18249
1183
13623
1492
22593
4576
6467
20869
15337
2034
29738
10420
8435
12885
7362
6894
23682
17964
5613
30875
12850
6711
14015
27279
23897
6913
7651
10203
16268
20315
29754
15849
22629
264
17094
7880
27268
23994
24519
27076
29140
9278
14115
8762
20239
12787
29195
18602
19589
1152
16860
2574
24601
966
21059
31082
20108
10260
9893
1957
5118
20634
26302
11671
13745
24097
24200
31843
24849
26105
13662
2055
31729
4402
8289
24625
2584
31759
5147
2901
3068
10679
14690
14332
15053
24622
10623
6239
17845
132
13712
7220
29791
12108
15659
31944
21174
24912
22596
20302
18927
8323
22609
4470
19145
7479
25771
25666
27923
24464
13880
26902
10351
11577
13895
29966
2647
30549
1211
3731
3421
25785
10604
26929
30135
19544
29898
21411
22266
13310
21444
19504
10022
10050
6888
12091
739
31414
3275
13333
1802
20320
8107
11285
25447
27246
18003
14315
2750
13605
16447
26417
9227
31003
13569
30275
8462
11430
7907
7761
7687
25492
18638
11186
28351
14364
25450
20091
31943
16405
30087
22865
23300
25190
11196
25211
12908
8382
19277
31547
27658
10629
19538
29023
15432
17938
24342
20243
29549
31006
24766
3321
14181
24952
811
10876
2753
13563
11297
8289
17662
26558
20392
24990
24586
21386
18866
24176
16132
29585
31487
15784
21059
2140
11582
16453
15515
14342
629
840
24027
32424
29602
5060
26266
788
8867
2357
22836
9158
851
6674
7183
20503
8182
24230
291
436
31959
13851
26297
27215
24367
472
21874
10644
31561
11021
16268
8031
19940
9867
17761
11820
9433
27354
9008
463
6909
3205
11296
11877
2889
29881
30338
15242
16184
26126
7511
28620
23665
17317
15122
28768
21926
20083
415
2324
25276
19676
5027
12421
17452
20612
774
7314
21929
3682
6319
31504
13315
32022
18830
8895
31307
11644
31968
20605
23096
4481
1966
17594
5065
9525
407
21804
4140
11810
22224
18116
9183
1245
15209
992
15381
7386
25554
706
31579
16004
9885
28737
2427
10125
27525
29374
6816
1411
2992
6490
29116
32421
1841
19302
25127
15604
13265
19484
5257
12173
18703
9868
4857
30261
