8065
30706
29651
23234
6064
18276
4541
16260
1063
12037
23564
17476
5409
16306
31606
7411
25747
18970
25154
1478
17588
810
12020
11076
22461
19657
8748
22685
21741
30406
11212
24637
7889
3086
21337
29345
3778
35
32676
22377
6575
20681
25001
15535
12829
28675
1719
4248
2923
2621
21969
6440
8795
31947
31829
15963
11982
4242
3547
14961
25295
19717
23392
9353
6867
30548
17828
2417
25407
4575
3792
1725
30507
28657
28508
7190
7270
12715
29232
9941
186
15422
23561
15313
31857
606
8735
21364
24087
12531
13317
31765
9090
5137
7376
1665
17424
18474
16251
24795
28720
2946
12938
5031
27172
17380
32494
5409
23557
3220
17961
26323
20231
24708
5042
12646
10238
13514
23963
21177
19745
5970
30833
4656
22798
9680
612
28495
32527
28921
2471
16007
1180
8179
29210
2127
29729
26634
24103
24183
27905
11428
7913
7097
13530
23415
28564
16786
28171
22777
17
26704
6003
4376
4840
30059
14716
44
12899
3096
25688
18474
16625
27676
25483
9754
26824
13022
19114
23499
11982
12993
16226
25029
11450
21680
9403
30079
13942
14331
2974
22482
28360
1121
3222
20398
3890
8814
28371
17676
26391
19975
16500
2083
22046
14147
17414
6367
17884
9596
22343
655
26285
20646
14128
8158
13282
25824
17715
23300
802
25673
12738
15933
8970
23317
12304
26746
19735
6624
5915
14935
28358
27201
5098
20302
3577
29091
20755
5930
19613
13904
14209
9150
20362
31439
11380
32470
3242
25456
28873
7278
17502
6693
1404
15650
10781
25747
14699
21734
95
24681
17501
18935
11193
23025
4930
8210
329
28901
10685
25571
21588
32643
15583
27328
1838
30691
27446
14999
9050
11145
13830
11813
15603
12599
8150
10601
9546
23812
5166
29273
12497
32434
31904
467
5176
23101
9989
24790
7381
3760
24841
26098
18505
24380
27882
26365
32609
4747
13180
13064
30778
23634
22385
26769
937
1318
3543
31739
18905
17552
24546
571
14902
355
14828
5075
12938
27725
27578
23556
8550
10413
32257
10303
10180
30628
296
3038
32234
6511
14672
27665
8082
22772
19346
2075
839
30106
20615
20926
24850
24414
28686
10739
19542
31012
27209
21983
9465
21834
12777
16387
9156
8323
31660
22963
1549
12003
26403
12489
7315
24374
9401
3482
16809
18582
15601
11561
31383
26173
23791
27547
18493
13719
19514
29419
27385
31387
28608
16863
7627
7772
32283
7995
3255
23515
18706
19764
2667
12064
16483
4391
18722
14985
4544
25483
6856
5729
2583
23589
31839
16052
7190
11898
28833
4962
12271
19082
28135
7795
8280
30139
25417
5290
2262
28692
6407
17501
18748
31147
28712
26244
25198
19553
17760
1551
4203
24012
31543
29053
17803
32117
28520
27306
27397
9028
24455
2280
2739
568
231
338
17946
13147
20411
18781
16037
3318
22907
18352
21297
31233
1674
1846
22222
26077
10005
8305
9412
4166
18238
19729
13781
23939
3706
22981
6850
30431
11831
27217
17
20317
9155
17377
7948
24744
20841
4508
16397
13385
13021
22397
12793
3356
12506
1886
23307
17669
22537
27734
18131
13023
30501
24645
21886
11445
26717
32685
28759
31285
2553
20420
26510
19297
10817
2759
23864
1928
27290
1680
24984
2165
24051
26987
9373
5606
26207
8486
24747
13632
5635
20583
25247
8576
5939
9794
21261
32629
24536
21515
9419
8749
13333
5481
19636
29613
15402
32428
9894
21988
12696
1377
11213
4066
26502
30499
24100
6982
12899
21172
3384
26101
29389
14156
22576
23570
18353
24112
4362
20010
11188
21127
25895
1966
466
23401
28426
10663
21829
19514
5469
7589
20649
12086
23348
13560
12381
32332
1430
18467
13356
24112
14906
27278
21549
4012
31630
1659
15591
2871
9725
30011
22201
31432
21106
26530
23674
1516
16920
12984
17756
9239
14181
21681
1558
26935
24662
17952
27970
143
13820
27495
7939
18883
30007
14962
29676
19503
5314
26789
16157
29821
23663
13586
16303
20599
436
8944
16723
15641
28007
14408
12341
15083
3782
5362
9255
23694
24506
30144
9979
916
32349
30713
14896
24469
32697
12553
24530
25470
24531
28278
10907
9517
13032
12822
6494
23355
31734
16000
16806
27929
19582
18368
3482
18783
4488
7247
4387
30304
12777
23106
14929
4354
25025
1217
24827
11725
20295
3515
31142
20545
3273
10200
28584
27757
23534
29871
27278
9917
15935
25402
698
17940
28389
21126
10577
3098
10676
19631
18260
26584
25449
28172
22540
13954
22320
19623
684
1683
3434
29680
30514
4383
16300
18610
4750
23909
15883
26949
3590
17061
14743
24070
15833
15409
6181
11780
8994
17349
13650
11260
21760
9755
13508
3976
1268
1467
18867
11923
8842
17
6056
27408
25148
10433
4229
10475
11155
20287
29638
24640
12943
17050
21254
8140
16457
1944
16325
5025
28375
13576
1640
25629
23664
27220
6785
284
6608
5206
6225
11629
22494
29804
32652
24195
6285
7631
2907
17517
26368
23840
19367
3593
23281
15940
25493
15732
27475
9330
4429
8388
21558
10378
25344
17146
5100
12713
15657
26930
17258
31738
5651
28701
19952
463
2715
7601
19437
31472
12343
15135
1309
26162
18487
2822
24052
20812
14411
28646
13375
21223
27718
22231
28425
27380
1313
14971
17851
15682
31043
21041
648
23120
2559
16779
17416
2656
12895
23555
547
20172
29472
20713
23089
3485
8189
21408
26207
7002
4657
5130
9301
5918
25655
6977
12054
19693
6868
24712
20519
4680
24407
10881
11251
20735
12064
4256
3438
13383
9311
12511
5369
11276
15390
28083
20102
14985
15746
18495
29436
16405
9805
10952
22749
14656
16552
14186
22566
8990
17952
28425
9590
31203
13294
17546
26739
1456
13435
28738
4457
27053
16931
6062
12853
10584
26425
7525
24162
6173
16204
11596
22161
26406
7593
22793
798
17780
32033
22714
512
17967
7437
17382
19441
314
28559
22195
13520
8715
15642
5978
19267
22714
8500
28633
23456
24919
17530
4072
6670
5505
30693
11053
14311
15412
5453
26547
26721
3043
18731
4249
6254
4807
10659
24839
24032
31094
16066
31590
25041
21431
24580
24785
19010
29589
2841
31942
26370
29362
6120
6434
9682
26078
28117
20044
4550
28392
7743
17328
25070
8372
2125
21615
23350
27022
27115
27732
2443
30654
527
12555
5183
19549
10305
19341
12719
28775
32090
26079
32291
17
6540
12540
14837
92
23458
1808
13046
13034
15753
32230
23821
23568
21008
32164
24097
12078
20460
12214
4409
21819
19967
23048
17634
16804
5338
31352
14546
18775
10624
13963
7882
12314
30060
29534
8897
8226
12246
10720
15934
16353
27699
19263
23302
23071
29179
18848
2295
19532
16814
6419
19252
12053
27417
15558
16514
27957
6358
13433
10994
15502
29970
24113
6849
11640
19346
8241
16508
17497
3320
28454
10855
20854
5955
1186
28960
31496
26518
22987
6016
11667
6458
14933
8642
26227
21989
941
10215
3255
6973
25719
26456
19507
31128
12347
6094
9937
12294
7003
1903
12328
18833
29513
16954
10064
8131
9974
18596
25332
26217
13198
6531
17320
9367
18786
4908
8317
16108
15654
28632
25043
30487
6492
24909
15983
1178
25616
4026
20174
10958
27846
32738
27320
28712
14001
9340
1304
23226
21285
7898
31242
22013
16463
29386
822
9677
8228
12730
18013
2741
23447
24863
12849
31597
1551
8215
7530
6049
5400
20556
23574
14324
16472
17948
16176
16197
7622
17400
12917
4401
19990
17674
27763
20953
19831
23323
25827
21221
15489
9139
1336
20937
13673
6274
18296
27462
376
16126
14155
26676
17083
31566
2386
18304
26107
2663
15545
10609
28911
26485
31504
47
177
8316
10838
10629
3183
24127
25943
21990
16483
9057
20025
24750
1285
1738
28497
32171
1663
27980
7739
24540
20577
1670
5417
15736
20886
4361
13947
21810
23703
10682
11920
22716
30686
10872
26588
24714
4766
23550
1339
19672
29105
32522
22149
14318
26833
28863
31587
23971
13324
28231
10337
7200
1394
15294
16964
29158
6929
12875
17309
7443
28963
31120
8350
16352
25733
28741
7469
11887
22891
2079
18743
18884
14931
6391
5959
3089
25399
28456
16727
10806
19719
6457
28646
28296
3414
14524
22346
12497
32340
23157
16200
3993
8956
6591
10466
20132
7054
4908
1648
32444
15936
27244
14834
21169
10288
26480
19877
17821
23198
28366
6868
30316
14424
22888
21233
23708
30581
28489
7908
14914
23366
2511
18595
28494
19082
8463
8963
4623
5601
18549
9166
28922
644
24235
25621
24999
27954
29884
31431
284
6510
12410
25987
18766
231
11805
29611
8165
14136
9516
26554
16960
13777
21665
17111
12985
9269
31304
28330
2858
28775
22888
14702
22704
19358
5285
22599
25774
24384
24357
25558
3861
19982
18674
779
7651
21916
10911
14395
9706
9221
29743
1139
28883
13788
25394
21771
1122
20582
25649
28542
12028
27654
9036
20345
15718
8952
4130
11057
15823
30786
22769
4602
29713
2792
8446
22806
25396
2400
30264
19146
4147
31045
18968
19383
25091
10064
29131
27240
17106
21379
29075
3368
26253
28071
5995
12822
23204
30201
10474
30075
17169
22049
10345
21082
26775
18019
30056
20809
31815
4889
19502
6528
13385
22113
26800
6192
9689
31251
20660
12822
144
5622
2358
13135
3813
32307
15115
29038
8179
5641
2756
21452
15997
15043
10197
13855
22831
23271
22263
22862
16422
3505
31690
22148
7091
16063
26047
18564
16476
16910
25653
7996
1060
25637
26082
20892
30989
19088
10101
25000
12506
14480
13689
26316
28185
3089
17789
4720
26209
1756
10866
25293
31193
14350
26708
30719
1017
6601
11021
16219
10645
14121
9366
26882
18455
28282
5727
23478
27148
9128
2545
6893
25826
30454
31954
21284
1007
21491
936
118
25782
27819
10402
25453
26726
29978
2324
14360
24228
13030
30305
25438
19850
13645
7710
2705
31472
18779
32116
18759
6890
32353
9158
31077
18321
20132
2196
16764
9735
16466
30880
23897
23733
4794
24143
21719
16087
19387
26961
5368
20795
14717
22916
7988
3141
15456
28950
17169
32567
27954
20971
5620
14511
29605
19006
7479
6258
8448
21642
24187
28263
8980
20139
19008
2791
25458
11328
13491
9268
26331
10325
20678
13638
16632
14911
24966
14798
28747
20934
5546
27509
13926
7818
16743
25700
16475
26271
27276
19210
13171
12411
23242
27417
29219
17426
11347
24530
11579
18239
1192
13187
5473
31078
29099
6222
16574
21080
7420
7723
6391
2166
18818
2608
25951
16922
20296
13073
17771
30258
2443
1763
12134
16430
27409
7717
18277
11037
11452
0
8830
14354
19038
31694
18997
9165
16847
15322
5175
12183
18493
30054
8779
29038
27076
23027
7813
28514
18238
11708
1980
2623
26205
10116
8767
31596
18423
32145
24772
27155
14496
17401
22945
23426
3966
28
7231
722
20313
5490
31435
13254
24050
28551
7214
31989
17814
3395
27200
11564
13554
20847
12344
18446
12585
15477
32104
11773
11812
29543
8231
31550
298
14403
19726
25175
25008
14198
18023
1468
27762
20126
6114
5291
23746
12436
14986
12117
28704
2730
13560
22078
10252
3889
3014
26854
24088
2367
5703
30633
24129
23983
2933
27876
31615
7528
23339
20825
21147
3299
10133
12245
12097
17639
29412
23568
18262
20631
21830
8404
16523
27823
20245
6497
13363
19467
2894
14865
9554
1385
9798
19512
7414
3695
19608
24910
24778
26608
18018
336
30696
24427
17073
6243
29167
2516
30521
26555
9301
23447
26698
32187
20991
475
27903
31069
28943
24835
17337
7381
766
23675
19147
29553
13034
19377
12663
3780
11825
16481
13594
7939
27454
534
16035
27311
21155
25326
29769
26996
32360
20893
4990
1618
931
19636
10014
19706
31305
6948
28141
1659
14148
28157
1344
2333
27846
20348
11258
16269
9436
837
12730
11067
19014
15341
26195
26113
13190
18875
7549
26373
25655
9904
6858
3808
30880
964
31195
16128
28553
15219
26323
74
17997
19832
15116
32004
6961
18393
21001
20979
18932
16675
10924
31424
13992
18423
10409
23969
15040
27589
2619
14901
26729
17112
26134
32687
6174
4499
17820
20022
29814
30458
12115
10124
30785
17012
13719
4846
4820
22222
23948
14396
26273
16004
29271
13914
22027
21820
6286
14550
21112
10900
13804
4299
8615
541
330
21765
3396
5287
20170
19813
12473
30400
27734
11655
22856
18551
8777
25251
11350
4710
11371
30897
2058
29679
16163
23249
21015
1733
27880
29417
10454
7086
32761
27792
10904
13448
7246
7979
18234
24458
15822
25429
20474
22477
26306
22405
14728
3851
4746
22506
17505
1190
16526
11674
32600
3564
11128
14572
22645
29593
161
6946
12291
2205
11208
9036
8677
7712
2826
617
31017
30916
7950
2766
480
11050
2945
32460
11564
31159
31682
12941
15258
11160
16350
1343
25010
27907
13758
30068
6861
9920
21151
21705
7719
28393
24771
24262
10805
30446
17766
14086
6713
6875
25332
4760
31251
30174
27513
4260
3162
8196
14169
1618
30379
31043
29761
16871
2113
9661
16477
2354
20166
8003
1484
22310
28009
24
10833
7368
27185
27384
26443
2380
26001
13401
24039
7546
28732
12529
15252
3671
29498
19832
695
15106
24124
21423
19360
14812
4141
161
4541
16619
11785
20521
24846
28033
23538
8628
30681
12056
3201
6728
12447
22913
23130
26566
18510
8766
8195
18796
21688
3372
16886
413
32580
3173
24308
5349
22500
22372
23197
31288
21575
15722
30270
8314
20303
30497
27626
27973
7365
15231
16332
6374
1356
7150
15291
2984
16019
27562
18703
8278
13263
13930
7347
28667
12905
2626
27004
2796
20211
6344
3257
17160
5729
29558
26892
27455
24438
26447
25464
12369
20604
15301
14010
28376
27960
22747
4317
10889
16669
6279
12041
2743
31168
18266
27548
24
1420
6242
29307
30668
2743
4176
4011
16283
19060
11222
19483
32639
17515
17747
19652
27746
11878
32178
10228
6184
5197
11407
9447
752
13396
7068
6552
20887
27507
4420
23254
19838
17943
28302
29338
4494
2327
25667
4248
2169
18153
851
26900
8258
21782
11381
30199
22271
13803
8974
20002
1246
19057
18260
1794
1894
24736
15283
21605
12799
29136
31088
23180
10165
9584
6284
26241
569
27642
20203
171
27176
17958
27317
3487
1168
3167
19453
28985
22961
19059
8608
26604
6400
910
28016
2646
24178
29289
5010
12055
23798
6591
31013
7908
4675
14593
30244
20183
26581
31050
7822
5385
25906
26261
9924
2915
22386
2350
26418
5297
4606
13158
17201
14328
11416
22411
30508
17930
25244
31255
4610
32087
30597
5160
7596
8198
17586
31280
15136
12357
21611
6894
13685
18141
11807
10909
20551
14345
14319
3691
21853
31368
20849
7212
9609
1265
2989
592
20688
5447
8812
27666
31179
5837
6835
13811
2125
6683
10890
18023
28487
4978
19969
24270
2536
21325
11637
30885
21512
27960
14608
766
454
229
7567
5165
14960
6525
30280
25541
31396
5940
24683
8387
25013
22304
21384
30728
28240
3403
25425
24333
28256
1287
20130
30418
9774
15233
32702
6935
29389
2201
25052
29135
27573
18929
12258
3794
18350
17476
8304
32722
2288
12026
4896
21648
13448
7673
8972
30543
6397
15805
17041
27017
26676
5547
17491
14562
10385
17570
30081
16474
16735
27604
11611
2502
9842
15316
30193
25473
26378
22511
12845
32351
9211
960
25875
10210
12555
20223
32328
29873
26012
13210
20433
28485
24715
23047
4382
7910
17239
30680
4935
31446
10374
31888
2709
7628
22852
181
4420
19875
1614
11046
18311
11092
2062
175
13517
7970
27143
20955
20035
21780
17780
15113
18074
23976
12076
27330
2826
18118
15561
8778
4503
16627
25865
9333
23699
9415
16245
1724
22372
27809
26432
6288
28807
30361
1393
21743
5333
8886
17989
4660
28677
8546
15822
25651
5747
1562
32737
25733
31775
29290
28463
21793
23801
27929
1970
20780
31324
14753
10315
19
20952
17377
8105
32470
12596
29718
108
29607
19379
32520
138
32691
13463
1665
26610
832
25316
7683
21104
26616
8806
1978
18641
25988
5621
15792
30023
29789
12024
6976
30479
25311
15912
15053
6480
16544
407
23476
28999
5119
21488
25726
10145
3584
24832
21851
28968
12375
885
16076
31394
6594
12262
4255
19446
27804
4372
21792
26257
944
14704
11406
8968
26955
3549
7372
4607
17557
19894
2393
25673
12576
23571
26498
7761
13506
11848
726
6840
18336
943
26075
8255
8844
19112
15103
3816
18321
22237
14801
26712
30923
19659
29809
14208
4476
26238
6469
7036
30045
30107
31982
31163
2610
18084
123
7009
28577
18808
10204
14825
26948
8985
29849
16143
12029
3250
22724
15341
6026
9177
22060
23396
20825
4113
7635
21437
7581
8595
17314
7056
16801
19790
23132
26085
8796
10796
3025
10650
15943
21399
340
14341
31083
21820
12398
9945
28606
1038
24532
4430
16815
26766
30871
29820
3840
7754
30619
11016
5076
19620
4938
19459
7177
7381
27017
28943
16583
20786
18923
10180
9305
25005
28709
4690
8252
16798
17091
31591
6518
12996
27161
24915
28457
18822
21371
15466
14184
1663
29873
1193
15945
10554
25509
15005
31548
8250
5727
30593
28827
14910
24371
18599
10626
31939
31033
23065
18912
17353
14590
13439
25806
3802
13689
4675
3360
8009
32065
4084
21562
19384
11261
15336
11046
11484
29723
18726
23011
1925
28869
27010
255
6104
21520
4874
22888
8671
17783
13473
9855
27461
1161
7658
3694
602
9182
7784
19643
30301
28751
8163
29470
25851
22630
16397
11408
275
26644
11621
13989
30396
11426
19292
1307
20617
5354
25014
17331
16908
8647
23348
10815
31640
31434
22384
22269
27467
15151
5128
8995
3916
2831
28926
9659
15698
22743
5215
22705
870
18168
28963
5163
1513
8672
13653
21528
32472
29226
25460
31756
16975
32529
6936
3403
27724
21803
21720
804
7094
9556
5484
18816
24222
4071
23567
442
13252
12341
20519
2481
17757
31791
29224
31004
16659
19558
21430
2334
29006
8246
6922
6683
31666
29245
21910
19401
26857
12562
24044
23434
22946
12340
22748
15609
3289
9537
3548
8386
7001
1385
7854
23992
3200
22305
25148
28705
10307
19484
26311
852
10865
14199
24384
14727
15164
13364
32758
9698
20725
4073
3698
11480
24343
19897
10399
16054
30343
21892
1839
8316
15130
9051
16185
14061
21080
2871
18215
2018
12160
25834
17103
26083
24780
13397
23264
31224
16885
8668
9088
8125
14330
22295
22067
18357
23070
5066
25343
21472
11311
3864
7374
8848
19982
30963
1299
15224
17516
12247
31408
21254
16082
32440
20504
6131
32484
30521
3248
32536
17638
15390
23932
387
25983
20484
30967
202
27837
15439
31298
17823
29274
9317
30593
19621
830
6426
22403
21890
17476
16490
10913
26678
12865
9582
2792
17579
9027
17545
18298
28812
27926
10211
24369
22363
21773
10264
3718
12478
11518
9521
29873
8474
16783
19411
5138
18531
32176
15030
12752
13107
26473
7257
22720
25113
22998
2292
904
23347
8304
17583
12804
31231
22413
11793
28136
29038
13867
28859
679
13370
9449
20566
27796
14202
18006
8138
17223
17268
21614
14512
9027
18098
30562
1803
23254
24408
31128
32050
24128
3764
31987
1041
18199
19223
5460
15249
25321
25571
27745
8021
5412
27622
21125
25511
4147
7654
24887
7858
10730
28541
4736
4593
20260
17960
29111
10215
23210
666
18832
31249
21335
22102
29525
29465
21882
6012
11122
24908
11132
1763
3895
3406
22979
15465
10202
10508
8661
11655
9915
10995
16577
553
14060
26976
27835
11196
2033
2647
22022
29320
30148
7031
12055
27968
29213
26157
32759
5847
4847
21545
18665
30358
27190
30734
14413
3692
2800
3694
30660
901
24425
2805
21653
13597
13500
1508
18255
13719
8087
7617
7856
22985
7742
8525
20934
21147
7123
5559
15700
1232
14548
27919
20599
4899
31973
253
27785
20118
21968
9651
31814
263
1994
26912
1581
17924
29432
21095
15913
26080
21041
13711
23153
26374
22278
28540
12205
18830
18175
7710
22618
8462
32296
10472
27503
179
31436
11652
1601
28048
22145
9413
11684
19253
20580
21469
19027
30340
19622
24016
17554
704
27976
2344
785
19687
10274
3563
20756
22850
32298
32714
28625
12090
14323
10395
22297
10093
19316
26377
26939
24577
20235
25994
7718
19256
7618
15762
27085
3141
4304
23303
25040
5727
29283
13300
26200
16915
3484
10369
21058
19678
32731
7971
30337
30459
12094
12560
25789
13178
2660
31478
19776
7826
30071
26092
29715
11832
2153
31913
356
20720
637
8435
12587
28388
5898
13659
9742
307
30588
3880
25473
13195
16027
17553
13105
17402
8464
11055
31139
5377
1828
6833
15896
9707
29644
18386
27061
25948
23779
19336
480
4653
22710
10878
25069
7799
17605
28869
14330
18670
18888
13767
18711
24689
24817
7292
16555
26079
15985
9184
3859
43
17725
23460
7051
30387
26642
20771
19794
9677
7094
18585
12297
8611
16002
5775
14172
31554
6429
11674
26085
23533
23690
13381
23373
27319
16741
14156
3509
12369
11369
19467
12884
27936
31798
14133
6497
5522
25681
27593
307
26803
31085
30274
9383
21755
21225
10255
2242
8042
26009
5954
19863
216
31689
18060
1643
11654
28287
2409
23832
31480
1025
30872
1199
6151
6039
2766
16225
2866
28306
9643
31648
27445
24205
15085
19585
1501
10483
17892
16741
26906
12226
15654
24792
598
26510
19587
19129
18437
10952
27451
17820
8573
21056
8815
15212
264
14057
6102
26965
25656
220
12465
18144
11899
26528
24833
26720
4591
18345
31479
24718
31352
12574
4780
25968
12047
21472
18962
15487
7517
27847
6443
12808
904
6191
26232
8147
27725
11699
949
18179
12623
2360
25283
317
30638
25902
5862
3340
23260
10770
30256
31108
14764
22327
28477
29990
22956
26823
26401
1028
21685
24324
13215
24870
1216
19156
1436
3883
25083
893
22482
23603
1821
27053
13769
23805
20470
23485
28419
9037
17994
16182
2679
13201
20703
17301
3650
32195
22741
16971
28568
23953
22838
24584
16128
26044
3278
21305
25793
31422
11837
29648
407
175
32330
30787
18347
8297
1146
983
24514
26603
15842
27166
11957
18939
11833
19390
3873
16656
1841
28789
21343
6510
23047
602
9143
9875
1881
3686
3280
26578
24889
28210
21099
24638
13183
32514
23121
9673
9827
18947
17290
27565
12107
465
32208
3083
993
31036
30020
21714
17257
30540
9823
7139
19026
3203
11818
24179
25610
19809
10930
28592
20247
5678
32694
31399
18276
15347
21412
23397
2776
20170
22724
4956
3117
20823
14002
23817
18432
2455
10257
8916
28708
20184
8318
23864
24892
30985
3779
7203
5769
21812
3917
16288
4096
17225
8929
9139
24224
24861
15754
17284
19202
26290
16854
6080
18994
6073
15425
13373
13501
28245
29426
26845
29707
25378
7589
27060
6639
30326
23017
17005
5757
24295
12171
6377
28
269
14674
810
8668
5257
17900
29808
17417
6725
1321
1441
25344
2046
5479
7406
18497
19712
1358
14516
14790
5169
7613
24992
13203
26449
2051
2071
24463
6016
9299
20693
16274
3841
9330
5332
15807
28733
16051
6255
5908
9739
3365
15815
21567
18734
27915
13926
17587
32543
29324
30754
12284
13838
17580
31044
12623
25123
30075
30698
29030
8201
10892
20650
12939
24749
10665
10360
25330
579
7621
28106
10571
31371
10290
29946
8088
30290
4629
13291
12348
4667
12822
24815
18773
4287
23132
30952
23116
12659
25272
28846
20395
3465
8992
5553
302
7578
29280
25056
17948
19619
32012
18121
9175
15437
2233
13313
19122
7793
30572
23750
21764
18395
8019
227
31867
24654
19123
15572
14770
21449
29730
9515
517
26889
4854
12594
6052
8527
3069
14546
8166
17763
6767
2483
29664
17369
17696
22437
24375
17555
13306
3135
16690
5511
31147
14789
17427
21698
9627
13647
7848
31661
12833
7208
5149
12176
8950
18549
9748
31572
26602
30999
11511
22157
22485
12498
19085
7608
22481
4270
27340
24512
678
12701
18159
9416
25734
16735
7880
4644
7931
26275
7254
4008
2333
12399
5530
21030
8200
5313
8359
28466
23437
17015
11769
24104
15144
19052
7431
2673
7986
25572
32539
23297
16984
20522
31842
21284
26444
8567
3903
12411
3770
26902
2533
10817
18814
4294
6693
13779
31508
25440
16260
29808
8272
2233
26513
11837
28239
30922
9334
32396
23981
10766
12748
5469
30200
32556
15284
12837
28005
14294
7203
15311
28866
26865
637
6657
10156
16374
14694
13216
18690
5528
32469
13974
21402
5031
8809
3283
16178
29236
24065
8849
14761
4086
7303
25053
17519
27116
8972
1875
17978
13892
20506
13353
25850
9852
25925
24943
15376
5319
3844
6292
17082
8370
7871
5421
30418
32519
11049
13298
8121
241
2768
21257
15758
5730
23795
1928
30883
20402
5267
19509
9521
8841
14796
3472
12106
30206
21862
14099
784
14848
15016
9656
17701
3573
9068
9148
28514
15010
21113
20898
9676
843
12300
8316
22467
4635
5304
16742
381
966
13936
11859
8627
22124
27619
12300
14234
16321
14856
1397
23829
11883
24569
4114
20777
31403
21764
10699
1713
2624
27903
2028
2899
27528
5853
20336
23218
11241
27007
15999
29157
28015
29388
3893
14121
32694
32004
30629
2514
11
15953
27422
3720
17614
9888
173
2991
6170
16302
8930
27175
1449
21350
27863
11830
16369
19562
22639
31938
24723
1264
8668
196
2038
30671
1124
17657
8239
2009
13412
21979
18213
20844
14997
16335
9202
14916
5262
15776
11148
13203
16010
11052
6308
25172
2668
4189
6862
8668
26624
22619
227
5298
644
2304
25251
14240
22375
3725
3487
11018
10832
28571
14679
9855
31330
32084
18079
19086
23743
21474
3655
17627
24650
16168
762
31346
24242
22448
10855
11354
24236
27621
12703
19054
27519
2435
8382
26728
1478
15179
29134
2367
4465
20219
3816
13491
25870
14205
31644
2853
24135
24415
11668
19373
8107
32643
22643
103
23473
19992
12547
17677
20729
6600
27536
23499
23510
9523
31119
1102
16650
22173
19076
18719
5584
4067
5154
14127
26912
17076
26035
13235
4654
5373
2746
25649
18484
10661
215
23771
26481
24955
1260
2333
1905
10349
31614
626
18064
8954
14430
18811
28346
20458
27016
5458
22388
29244
10571
11548
10528
22368
31658
32733
25980
19878
15107
28305
22893
24311
14318
31864
23547
9155
4200
22961
32412
16954
561
31754
4789
28095
15474
14871
10334
31385
29859
7297
27238
23020
17068
22945
31638
4584
2122
12109
14650
1601
26549
3826
1758
9439
3456
20451
1878
19158
20928
23537
26369
30104
29808
2620
6990
5226
30996
7241
15230
3604
26013
4436
22188
20189
26765
17383
27403
29366
10843
1451
25200
24502
19993
11647
14352
25798
25940
19399
11146
12446
23356
30982
9512
13552
6916
29360
12129
18914
30092
31289
10659
9666
2622
10866
6224
31989
14134
14101
13831
24113
21669
19102
10788
7917
16247
30301
2186
27669
30515
26826
32416
21249
21283
24088
20889
22184
4790
32525
4601
25873
19746
8720
10324
16651
1101
8836
8025
13342
24302
16980
20240
7361
19951
18895
19808
11469
8471
22967
18388
27698
20197
9108
10911
21481
29631
31822
14557
5418
19532
31995
31259
24798
12062
9718
8474
17239
18836
14385
20432
26687
9214
14540
23728
23246
12547
21222
32043
5696
27712
2995
31095
31367
19506
31950
19855
31037
2902
2257
23419
3804
3214
15908
4817
23601
24263
23570
12668
29710
9177
11810
444
12608
24238
12708
14702
10432
27815
14730
24206
3118
11835
1145
21754
4218
8930
31008
31096
11493
31793
31945
28155
17960
27718
6189
31522
6642
13158
24205
11010
32408
12517
19198
293
19208
31558
2053
29650
31488
17316
21859
2703
25469
2129
50
17893
2933
23228
8497
13411
31944
15512
5469
22758
8565
22586
25793
17943
265
6211
2958
4916
29278
25216
22894
3604
5505
31246
23318
20069
10740
19650
538
3641
5398
12231
32518
27585
11487
20361
426
30807
6864
22226
21429
14530
27434
4403
390
31414
7263
3238
1342
9115
17094
32369
10266
23695
5266
28494
3584
16302
29189
29384
8023
27281
15841
28136
17692
6676
6688
12561
11058
13149
23780
26921
31994
24090
20913
11257
20516
5129
6874
9175
12741
18878
18233
7810
2473
5281
28707
845
18410
29238
29595
29824
4289
5281
7878
8187
23197
22633
23712
796
12914
18300
15596
9699
6740
19827
26481
4436
13892
280
20323
1309
15178
10021
15136
12409
21700
21071
29725
29268
29693
17539
13087
25776
15873
30064
7342
14151
2992
25157
25030
7538
12306
2748
22737
21321
30954
16215
8914
32268
7566
9449
12515
27586
4085
4441
15841
30239
25618
9635
4198
3243
16736
18719
6391
10785
4799
27142
16511
14613
26750
10034
31484
11226
16569
18213
29305
19363
10725
8269
24124
744
29609
22151
23104
9996
25071
4577
21222
1340
5692
4772
22759
13978
9020
18066
29069
32667
32418
17260
14115
16045
17711
19127
23978
11806
1295
15040
28621
32057
620
4318
22551
1202
10814
24823
2660
6724
10080
26181
24981
18328
19945
4442
1416
26729
20665
14178
27976
29670
30034
18089
20864
30039
14826
9309
9014
30724
8638
6036
23221
27218
7080
26000
13003
15408
14068
834
9269
15537
6768
14
13656
31482
29122
3534
29234
11871
17662
18969
8335
27081
28280
11461
1152
7771
8919
16298
18697
12629
16235
937
24858
10552
21185
9966
29888
13867
4980
28785
11933
6557
14661
1219
32150
12588
27758
26631
7883
10437
16180
24894
972
6157
26044
8905
26890
3840
8223
23592
12427
21976
2752
6408
21730
25649
18654
4477
2143
21354
15717
20364
21635
20558
17930
19948
19894
20468
11414
29709
12092
3043
17026
4954
29542
2426
23237
18876
15365
12432
5610
27999
7972
13655
13413
26040
11255
22918
25383
5575
15374
18615
13936
15257
25806
5133
18149
26898
7458
4379
9442
31209
27502
8193
5649
10996
12229
7384
20796
13990
24155
81
11359
6870
15933
29592
28930
27585
63
23423
19141
22611
16950
7896
1085
17314
21096
11298
1534
6076
18241
617
19449
13730
16200
16743
17673
9876
23889
1263
20680
29327
21747
3980
20391
16405
6972
2149
31038
8492
4004
20579
27872
12713
12608
12950
12403
27310
13368
29653
4478
20338
2939
1445
7300
22336
15025
24669
7825
14531
1138
18567
25874
31360
18613
904
12265
27812
10123
16260
2497
28672
15373
12924
31391
11858
914
13497
18618
10182
17702
23150
15245
14780
3384
20633
5418
716
4499
298
13777
18439
4496
16999
7617
16256
1673
5519
16718
25612
14480
14525
25396
13893
2913
4112
26923
3797
6038
10761
24252
26097
25626
25396
6738
13347
21472
27915
14484
20557
7125
15383
25074
28395
21779
8536
3710
9880
32599
4839
15358
7636
1973
26586
19007
17924
10122
2920
29100
18362
12211
27470
2078
1079
5116
9584
2038
20526
19163
14532
3434
19403
21855
15724
15900
31732
867
26658
20209
2255
18439
23769
7200
17796
12897
5281
1929
25924
24175
23244
4425
394
29264
9551
24203
21920
31668
19563
8864
21350
16786
25996
7763
30031
24089
17777
10614
29100
13544
28045
31425
13101
6529
26797
8669
15012
14843
23260
26555
19981
8696
18563
2346
6348
27095
22741
32681
8501
26155
5994
19577
14161
27499
31018
31223
16607
31211
10349
18217
1690
26122
23649
12695
26298
20653
16299
20828
4285
1005
10833
15228
11879
2061
13015
24184
7688
1199
23208
3360
8701
16967
22968
11177
10617
24527
19816
13055
5766
4285
20138
32348
9542
30514
13157
5914
22655
28276
32539
29382
3926
22942
18121
22389
10331
19094
3086
23131
21958
5440
21392
11417
1792
8945
31388
10839
2918
6695
4108
24595
21065
11895
13422
31288
27705
11462
17762
21235
12675
6076
22596
4674
12792
26742
18443
5198
20976
18299
23153
2554
14479
20978
16469
1980
29511
16146
30045
30380
29342
31193
17119
7130
17458
769
27138
10725
11770
12080
14624
4297
3790
5487
4207
32761
10282
16861
6625
20142
13615
164
14408
15998
29418
21805
29118
19504
32217
29072
22852
719
10411
16975
15273
1277
12360
25155
5038
16522
28945
2774
2407
69
361
21619
228
20498
21876
23355
31761
26429
20510
7162
21467
3342
25952
7513
3220
11166
12735
14677
18841
1256
11029
6895
9266
15907
20115
17445
27065
13648
28679
12322
1279
21775
3675
26034
5867
23222
20830
3576
612
17060
5320
25443
28529
20179
9336
3294
2463
23469
3583
14663
32164
30497
11106
3875
31297
28149
19228
17552
14445
17246
6499
29562
20143
18126
11948
32274
21452
15373
26481
6012
5282
18827
26930
17608
24916
8437
30906
27172
13735
5638
1443
14416
16556
6048
3868
3666
4000
16155
17898
9066
24592
27101
4013
3400
23872
4394
20325
30333
19662
21566
5940
6448
28307
26777
10086
21010
5066
25755
24238
24468
12660
6224
32690
8535
29179
26765
28618
27619
2581
24636
21253
17565
21739
27636
10606
6643
31611
29645
20877
19418
11066
18290
5168
6266
8190
4215
7531
16679
1308
16109
1757
31636
29133
9268
22325
835
1239
12305
6901
24384
25449
1024
31350
12303
8006
20684
28972
6627
18469
12892
2604
7953
11352
32208
17899
32451
3245
13773
3401
27633
18322
6420
21966
12429
16252
32602
23347
4350
137
30804
4644
976
26980
24849
14404
4522
23401
25484
9586
29056
13833
5250
16971
13577
8560
9089
18415
6516
27750
20802
11528
20567
371
8248
25609
21736
14151
29545
20148
8559
88
3965
2783
22779
15821
12820
31863
14676
14747
13149
14533
26930
3054
26085
14064
30380
28618
10412
27076
6643
19186
24446
9905
4160
27913
17792
32279
8971
18935
19978
26817
12158
13198
1972
28335
16937
22126
13748
11032
6903
32293
4967
20911
11617
25755
30253
6438
28897
4270
16762
12016
5546
2073
24874
6220
29078
22682
15893
9343
14688
15444
24804
21600
23059
23922
14115
23322
1730
32013
11927
7214
20090
335
6865
19127
20085
11993
6403
3570
21648
4451
26131
20221
1535
22434
23278
5087
24128
9839
799
3017
6733
10021
416
12444
25622
21835
14319
8618
21038
20339
25445
7105
4037
12129
9412
12902
16598
11632
9743
11870
30369
4914
21150
13683
18524
16727
21873
8052
25638
19664
20933
7294
11324
30516
2533
4218
13423
1634
26691
18407
13270
16232
7879
27098
16064
2211
20583
19266
23788
30504
30968
1905
20477
19299
1859
472
7720
8446
23900
13586
13616
22020
11055
29477
14740
27975
22364
31492
22023
28671
27205
1880
7968
4787
12132
14975
24403
8541
227
3029
24352
30409
29030
6707
32138
830
18476
1974
11467
9824
854
17090
10054
24661
21638
24646
28861
7719
19372
27457
30660
9577
9245
19845
27509
25374
26598
13755
6502
8662
23903
7847
26584
27418
29443
23469
16433
6154
7550
20116
32173
21829
23560
10891
13392
7689
22258
26729
25631
29340
19582
20537
27791
19946
16372
15350
21566
7791
7922
30611
14561
18007
20740
25150
31613
26340
25972
13542
31963
31505
21348
4603
32310
1397
25
17013
31286
21865
32666
17431
2594
10093
17274
3317
11089
9416
11250
10292
30945
1647
12083
4113
11692
24360
2809
26916
632
20719
13412
742
15470
12697
31236
16754
32718
25271
3122
21640
15072
24765
24487
24535
15662
19812
7751
30844
20208
31052
6718
7110
23752
12518
30542
828
2991
20625
32359
31201
18735
25603
20345
5814
11220
21739
25990
129
14301
27860
8443
7885
23606
11853
19520
23602
15275
18759
20110
24022
5718
11966
257
21556
26457
1948
23022
18716
2771
4826
25206
3835
12
12008
10843
13661
7155
4687
11795
9904
16331
30613
25371
21323
26657
16480
24206
3503
10241
21471
18934
31756
25705
15462
6754
17159
25598
18520
15801
19898
1790
12874
12877
22268
15222
5221
15539
6115
437
11020
12243
16264
5376
10943
31547
6154
3207
11584
29625
31958
2200
31220
2600
1573
16403
11659
25738
3526
542
1252
3415
28957
25
20266
11541
13420
29653
19268
553
27473
30208
29804
2797
2704
6372
541
5634
1811
6994
7987
11496
26159
18392
7246
3275
9001
21562
8567
8608
3577
21792
8966
14193
1869
6669
7618
22005
15825
1424
24139
31332
20654
13758
22453
9097
31568
4319
19830
25625
11885
2664
21634
28483
14915
13354
28596
21384
28193
28616
19312
22477
20776
21614
23687
11951
22611
7360
26202
29718
15797
12561
11331
10509
23810
8662
21040
8657
14673
9818
12433
6695
4128
29619
8053
25587
7577
32756
31983
25607
30228
1444
29375
20793
6364
23407
16174
27064
8246
29724
1338
4768
12959
6847
26611
5579
6486
16176
29989
29163
8218
26299
9015
28885
8757
5401
26195
30752
26809
16799
8392
18415
15882
11446
29356
7179
23196
10635
11461
25397
3838
12296
27306
186
20248
19202
6181
19527
689
14004
26076
17407
16180
17260
28976
9419
20147
20612
9062
23793
10284
29588
3076
3305
15627
8166
14974
2668
16369
25130
23314
6605
18612
1131
6897
20876
31143
11842
6047
23593
2587
21834
23964
3126
23077
4563
14916
30384
29602
11227
25844
1935
7289
29754
17262
17564
24096
15900
19839
12931
9826
3252
21471
4137
25951
18735
11864
23615
19668
5351
5418
22808
5276
3034
10671
695
26743
2906
29243
11053
25355
20742
19782
12578
14888
1528
8141
1201
80
2624
17141
28281
8055
5265
29938
19696
28935
31291
20775
15355
5927
13145
5006
23228
31549
28492
11099
9131
5553
19816
24796
2793
25333
3564
4772
22225
10690
20280
19944
26319
30372
11066
17961
23669
28856
18730
28691
23243
27572
14199
17318
20455
23337
8705
27027
31934
2821
14472
22505
12090
16732
22884
8688
25229
11624
21623
32597
14788
18382
23137
20104
2207
2082
27634
5731
24224
5038
24037
19212
18530
18799
17611
23068
15148
20321
23877
16897
24262
1277
17526
14497
10635
32511
5304
9535
704
28780
14990
29091
24356
9428
5595
30325
3016
28628
15185
1771
6945
13792
27179
24484
10332
29247
2591
31955
25841
24151
17806
7071
9339
7723
5119
27338
23239
5666
18635
11921
16427
19978
31257
23508
4121
1372
21517
28279
5619
23746
11325
32520
31777
14550
26981
23458
4450
16941
4955
10257
30815
9876
8005
18742
30086
32665
19465
8109
20245
590
8965
21934
29557
23625
28929
17457
22986
25071
19297
13142
20680
29171
30111
31235
12232
12825
15097
16591
7707
2368
4199
27679
25758
31391
4816
29070
32142
17999
13693
7315
22174
29449
13518
1630
31047
9522
8492
17666
3424
26388
5694
5593
27118
18031
29280
1828
10301
27440
8785
25843
27952
2944
21803
27973
23765
24832
11417
3951
27708
851
15684
15042
1418
19422
29582
104
12873
9931
12419
3215
16386
30036
13068
15050
4878
25918
8550
18867
7081
24995
18131
29142
8520
245
22928
25546
22573
5184
23814
29089
30008
15279
29764
26499
13312
9298
14509
22421
802
21278
26862
23839
19161
8502
1076
6895
463
19817
9627
30968
1075
18171
13289
25919
24844
5544
14716
7160
4557
742
30849
15083
20521
26731
3943
9245
32296
18415
16787
29613
21627
4147
14422
3324
19213
13122
20508
784
28634
29174
17894
24635
8196
191
22778
4343
22307
27040
13528
30229
2269
20346
14193
25111
14520
30349
26516
1498
17451
13884
12201
4216
4859
14352
12449
1644
8645
10240
16685
5111
6870
14832
27950
24259
28995
10359
2413
6855
12855
4325
12173
26218
135
20613
13886
12779
28300
18207
31155
13824
10801
8897
2133
15805
12107
6335
1977
18360
29737
12281
26063
17003
17516
92
10845
26585
15897
2988
31916
31861
9453
4992
12674
30015
32753
4238
30031
18736
13646
12072
26283
29144
6241
29959
13568
24390
7698
29768
6020
25384
11106
12212
12395
22323
12868
5188
12378
709
4270
11236
19998
969
26095
28024
26270
16092
21059
19997
22798
6829
21669
30641
29542
2730
15076
18581
787
11481
22521
177
24044
32515
29848
16313
30567
28440
11781
14511
22029
19151
14121
16042
32043
21133
12261
3797
7883
29576
1702
31674
10722
27948
6202
24001
2251
26046
482
27891
9204
12863
22952
26628
31960
21907
16626
11409
29997
31458
1368
9382
5726
28479
17331
11651
27963
24199
16758
23456
19952
22412
28738
16366
5171
23411
20404
4704
13250
31835
8578
26026
11533
20288
9158
18505
14895
13598
17817
30403
18467
16217
2532
816
4149
13148
3187
5625
26038
29056
23883
11232
3060
17200
9790
30016
10346
21580
20156
14998
9523
23498
4588
27201
6085
14243
15099
13190
32731
32749
31669
21207
29363
21828
4434
29525
1658
28271
11154
18835
4613
10561
18956
19357
5313
8892
962
10809
23277
6781
27898
28524
12806
9556
3913
26176
16771
29490
10225
12229
23491
11336
8301
10582
23364
10605
30025
2077
24597
3008
32567
19930
398
30607
21088
31455
18494
30328
10232
8543
1061
17614
1557
15849
21283
3647
6593
31024
27569
23987
30541
14093
32719
17526
13545
5831
19517
31898
4978
18577
10222
2711
10635
23636
10170
8757
17647
28079
10835
21164
30214
20797
24698
15881
31158
10006
9587
24531
30075
30360
15286
9967
14778
14183
16871
26305
32338
27570
29704
25492
19829
12216
3310
32316
4278
25227
23537
17145
29794
19476
25320
24479
5396
25688
4181
17652
11140
8185
27100
30554
10912
26112
15098
21166
990
4825
7155
17775
1488
11423
25868
18211
2297
11419
25083
3574
24287
519
22940
18341
14177
12823
15845
22938
28747
14650
6172
27737
808
4509
1351
17946
1367
752
22245
14519
28257
8046
11227
9929
6282
4631
5553
25614
12198
8768
7678
29967
558
4174
16417
29183
26771
12223
11058
4325
14034
25194
24633
6910
27721
22791
157
20828
5577
15601
24799
1236
5612
10027
13191
25879
18345
2209
24671
19231
12069
26545
23520
717
11468
5866
4842
22480
26273
18708
16056
27080
23506
9840
13586
2987
22160
18241
2244
12904
12317
14218
3664
14027
6951
26650
6368
28321
26708
12486
894
24860
31006
18422
23175
6777
21729
21347
14685
25311
5170
30238
12381
23691
5747
32725
18193
19754
13732
8530
28326
5766
27772
19012
30880
8805
8889
5186
26060
17838
5044
24333
8566
24270
824
533
31965
13146
13460
14143
32484
20726
22511
8934
23562
30069
25052
7456
10908
16962
303
8258
10026
16126
9998
166
7479
28522
21835
20907
18484
136
9969
7166
16560
20733
18204
18712
18889
22714
18958
26632
4838
13275
7296
12147
16808
21711
32054
24793
22557
8634
13526
28953
19255
279
32762
6712
23933
6562
24452
14942
4609
18805
17202
9249
19346
6257
17010
17414
27698
10719
22391
16197
2251
29015
20620
28621
1309
12001
27560
24968
11259
30299
20547
13536
6071
17947
23401
2690
32475
28885
29197
23650
14617
24254
19871
26623
4229
27121
30433
3560
13058
23058
25334
19071
22522
17202
26299
11261
28243
19443
29787
27062
26270
7917
22302
159
28049
2896
24962
30989
10935
6346
16781
14783
22374
4779
28513
3103
16882
20039
27153
13765
4384
12443
14003
19261
23517
14132
21943
8202
26928
2125
8823
30698
11374
20024
20750
23900
20909
25087
32366
16736
28282
2378
1709
18558
10959
19331
5536
26889
30271
8761
9643
16037
7540
2242
24791
14087
21467
12069
6181
31740
1438
21559
17699
16045
1491
2819
18876
18465
27891
28527
25172
29443
15245
3613
32277
29350
5435
912
29059
2886
10198
5776
14167
8081
4838
20943
13194
14181
25436
24780
11440
25564
30596
13304
28551
9350
24373
12312
20688
12789
3147
27882
349
20863
26454
18187
26732
5695
7316
18712
30771
13149
13597
12307
12476
17295
20574
3849
17651
10720
4552
22002
5630
28593
5833
16345
30924
17405
2300
27709
31217
32737
8349
10166
5041
21595
11071
10204
2650
1362
27329
15972
25304
21974
24702
18316
10115
2474
22724
22458
28475
8191
19080
27743
23223
11139
24407
9250
31770
27546
14224
16955
23751
2795
16081
284
5495
10015
9391
30807
11401
1509
19882
6588
11929
6970
20575
2497
13651
17639
21248
22312
20617
24395
23810
21979
1412
5978
28949
8475
22680
7654
857
2265
5371
8222
8143
28260
18136
10580
21774
21573
7070
20995
14135
9575
7326
24592
3882
30588
30677
15440
2554
19611
19206
24907
31903
6190
9485
10047
4075
2827
12655
4456
26816
27361
16949
127
8319
30934
11259
28289
8643
11118
10308
6065
15696
16303
12816
13536
2886
25987
4273
10988
27803
2909
1242
21383
16583
3359
19449
17209
9153
19004
28102
12456
18475
26393
2076
24856
16841
15802
3337
15918
21560
16794
10017
30969
6621
23258
14359
24115
5915
31902
9614
16323
3529
31413
26668
6023
9443
25208
4336
18257
14463
23284
14534
6703
26115
20555
3673
27376
10390
28247
30249
5091
6612
11921
28893
3042
10950
32049
15322
21647
26897
14743
24596
7646
9325
5610
8996
17108
2137
6655
3740
910
32270
19836
407
8324
27313
19773
148
15119
7628
20470
14212
7977
1023
24090
25121
23156
29171
16636
3714
17535
7056
27957
28140
23620
2928
27717
10220
7925
11923
2429
25506
15352
18516
17948
31584
18992
25243
22712
3700
25214
3669
15327
25921
17287
2081
4095
23445
25272
5452
21635
17718
3720
11520
15423
190
1533
16824
8462
11433
10610
16119
23225
12973
10391
3898
32027
7498
20921
15915
16771
27553
26180
2839
8026
22409
6278
32674
22534
16864
5813
24250
31245
14623
18228
32713
8062
20017
6674
27183
27533
11142
5076
17647
2941
8803
30068
28328
16067
8828
9641
20936
10856
20420
16233
18684
31663
10884
27052
10219
7672
32170
23668
15395
2020
1892
14090
23123
25530
4078
2954
19388
5897
25257
17313
12258
28047
23916
17046
9863
27482
2590
26759
21977
2605
30341
23286
8427
26149
15961
13956
8802
7580
31645
3579
16241
26702
4399
23186
26375
10682
925
16749
20806
716
21562
21092
21304
9912
4721
9221
6845
30505
5978
28892
26312
11163
8075
6642
4043
2053
14129
12947
29808
26300
11359
31060
7818
6548
31653
25173
13387
26184
27365
5828
2487
8732
18018
3490
26200
12480
29722
8650
21300
27256
20822
18735
1276
11642
3711
20837
13958
7831
32051
17763
1917
23838
1176
24711
13144
11774
12272
13018
13448
25130
2926
23190
10230
31810
17224
30437
1196
22895
14606
14316
31698
24975
826
12296
5341
658
2824
19031
23043
31523
15496
2683
10482
14475
31985
31130
31681
19411
23352
25769
15911
14889
12001
20459
747
11398
6422
17332
11675
17037
7158
22131
25729
3253
15407
6127
24275
29098
24783
16849
25386
753
25943
20835
2613
1227
4625
28311
6575
11613
28324
17483
2958
24333
8934
11723
5502
25135
23025
23960
17549
25057
23417
24936
296
12339
20317
10093
3910
5516
24443
26842
24291
12105
11209
7588
16560
8614
17570
23941
21257
8418
8029
21063
15143
5534
14628
7999
32407
24711
23555
25112
4330
308
14912
12498
27055
9297
21483
14601
13982
23806
23221
25723
32278
3442
2054
9925
17866
17124
6473
22637
4535
2219
26251
17189
20313
30372
18244
17230
286
32468
14708
8892
15899
15950
32498
4281
23037
21847
9473
23372
18755
2761
10789
19899
5547
16053
13877
22606
30442
28748
6320
25942
25504
23296
340
32622
11915
28390
9965
11521
1019
10335
20588
9484
23430
2807
29752
16677
12796
17293
25033
20669
8094
13749
10610
12706
7818
30810
13950
20935
5498
1448
20351
32328
31406
8744
28899
9129
8999
16173
13768
25439
4630
23664
17170
8849
23700
11511
26810
30239
30099
827
28008
4068
30229
18569
14405
4408
13724
937
19722
26297
18145
12990
20062
4428
11464
31853
31326
94
23444
31809
21885
24944
23127
11854
30606
2258
6317
15893
12063
22446
19626
15528
28425
17225
27921
527
14917
24966
7111
15849
513
7852
5255
31574
10739
104
29654
7189
9966
6678
27194
3818
27571
5692
12199
17731
6153
31063
19258
11290
7696
475
810
11293
20946
18805
2299
29965
5915
2963
13812
6244
8587
13606
27604
14138
31465
8614
28097
18281
17338
10583
17793
13296
25106
25804
2284
23701
4779
18857
5025
14543
4148
1197
2297
8674
17643
13551
12857
2124
14958
27751
3340
6240
15310
6577
7728
4657
24038
16142
23663
22705
25067
6828
18385
31770
9796
9255
272
17293
6555
847
30028
31225
25652
25644
29184
575
15229
19519
13621
30356
5095
21771
19957
22310
9461
28628
24835
3074
29586
5799
9673
15925
22184
3738
12178
19505
10734
8021
22265
23923
8962
25553
22433
22883
31927
6240
30247
17788
27824
2542
16981
20140
5934
2694
18841
510
29990
3864
19893
30838
24727
23161
21431
31292
15130
22955
7980
23806
25275
5471
28049
8591
26887
23736
1546
5332
16486
3410
29015
30688
21419
7299
28163
29534
15338
17888
29918
23087
2185
771
25006
32597
19866
12428
5154
8976
27752
1126
7431
15174
19024
14668
19390
6952
27091
5003
12270
15891
6633
8969
25462
14772
12183
26246
12454
7024
32195
13346
26798
13571
32584
2847
32342
7271
26438
13033
14576
25335
3003
19283
5003
18388
24152
12836
7274
27016
26509
25042
26805
15081
30695
11661
28781
16192
923
32383
26277
20907
23651
30291
25072
31680
15752
6900
26902
8051
24128
28567
14347
30778
32315
7931
20769
14191
8313
6895
11900
16373
26718
21782
10182
17694
19720
29927
24613
20684
5856
12023
20586
29911
23407
8571
16780
11183
27508
23048
19284
11331
26419
26782
11097
13601
27919
9189
2095
4830
5723
694
29916
26040
13934
11997
18571
27258
4085
13598
7813
19104
29838
30326
4700
14268
658
16034
3177
22040
30001
9190
12921
15005
15045
5127
20676
32755
17760
12953
20255
14058
18855
27777
1650
13849
24548
25778
2667
3269
15190
7738
15220
7428
27596
1922
13539
8481
23922
19153
27505
8259
2794
2067
4078
5706
5534
23513
2611
21242
14421
22432
8279
21595
18437
20310
7718
8287
14056
8218
4302
25030
19922
21572
27356
19519
4034
18597
9319
3024
31671
14096
11147
17271
8389
18968
14618
24338
14439
7708
23949
15484
15127
21377
23105
28665
8988
5695
6880
10196
20900
16031
25372
29510
18962
28483
1188
28826
14233
21606
12624
9871
28938
26725
15775
3326
28394
24958
26468
2236
26568
11480
29884
24258
1741
6852
16195
25227
28821
8259
32648
25534
2621
20936
27838
7949
14014
31551
1204
13917
32377
31053
4103
29735
21779
14298
13974
24094
29058
31181
14390
23314
27752
19990
7591
28692
6304
22002
30151
22747
18967
16490
29446
32614
32478
7965
32026
5859
7805
30784
2804
24016
17289
14819
22770
19296
17273
29302
20310
11296
26805
29323
11511
29146
4848
15326
18998
15033
12728
24978
2100
21423
19787
15805
16450
14868
4525
8231
18329
24720
4087
23119
23372
15162
10738
19631
2170
22273
23524
22849
25800
76
22698
24386
11022
15581
11271
9270
4177
7419
22332
20012
25842
10192
7129
21315
22052
26384
26834
621
25507
21979
7637
2419
23972
14053
6363
7226
32519
5588
16894
8516
30676
30697
2442
1913
31717
32739
3158
10536
10720
2336
21077
24649
24169
32262
23400
12293
18325
28065
28278
10104
19617
9357
24255
25013
7652
19735
15213
18186
258
23199
7532
29574
11619
17473
1916
26297
19683
21172
3205
24763
29899
1393
12330
4208
11009
21272
13728
30473
19323
18704
20673
9422
25081
20078
27996
13083
19444
3609
208
8105
14033
19499
6617
27919
20059
10906
8873
11401
12144
8471
2363
21751
29434
11318
16868
2857
25890
30672
22571
16217
15552
2214
474
17401
26389
10566
26709
16816
15292
7731
7211
11423
11486
25920
26347
7912
18342
1085
28473
15473
6388
10965
25376
997
19030
11191
7338
12540
2868
4340
29870
5117
6730
20392
14314
641
859
24285
29265
17785
25892
13740
1190
10354
21392
29861
14410
3608
10794
15986
17747
11769
25303
950
32477
24460
17605
17979
6565
5746
32671
5965
16596
29691
1795
21857
27928
4588
16949
27899
12793
27264
25621
8398
30059
428
32590
7460
17823
13223
10961
23168
16671
19626
19074
4994
17690
19957
20528
21004
22012
1042
2251
22435
30274
21085
18897
25880
24461
22468
4874
9575
20981
20684
30837
16351
28063
23252
26754
21891
19090
31902
8833
28081
17094
6155
29019
5633
8830
10534
32384
14704
13016
30308
20768
29374
21155
5675
19870
24084
4464
28048
18754
11754
236
3173
1582
1832
12397
2675
11155
26763
1738
18948
3620
8523
28272
17317
23755
6907
1970
16169
1435
31408
21857
7665
26375
23909
6045
6763
8529
13214
18666
8409
7237
76
29063
9556
5414
32497
17659
6928
18665
29956
15856
28897
3745
12951
11332
14078
30267
1591
26974
20998
16235
10260
9918
24384
15590
24674
2776
11815
30674
27902
4131
29478
10106
27221
23149
6048
20807
17282
30321
19251
9452
28086
14251
14910
26848
29405
10347
3488
2833
3966
16425
6083
10711
26595
21528
21210
10534
6267
30205
5222
10249
9596
13634
6655
27211
3532
30278
21329
2679
1314
21496
3429
2052
6505
16292
25378
1481
18277
21261
5907
19639
17048
2235
14954
26310
29799
20118
17733
26160
30329
9908
1073
11486
3168
19056
32492
18463
24699
956
15472
13472
2074
12472
2092
7833
4836
9603
7317
29252
10614
24656
22237
20627
32589
17341
22530
15394
7142
19297
14091
4715
16163
28324
10383
9529
25841
9684
16246
2143
11304
17781
11011
26537
9395
9176
5651
30995
18672
15599
2975
24377
9817
18527
1160
4111
31077
30167
660
5074
16553
17312
23731
12350
2883
9078
8328
21506
1656
24983
11556
22129
3740
537
27413
24442
18226
2176
17823
3034
32341
23952
18761
8592
24407
18272
2972
26769
14503
10160
16423
31678
22776
29820
7878
9747
18335
7890
32548
8225
23613
23520
19839
16830
31135
1105
15531
31739
28642
32218
22874
12118
18907
25359
25242
12849
2486
23932
2975
7043
6364
26097
2755
9678
28443
24349
6603
15953
13569
15966
19308
5246
25992
14040
23054
15790
13049
6853
21455
16660
13066
26379
18379
8175
5705
11540
22683
11780
28350
20186
22555
20044
18892
16705
20592
26602
8537
18602
7754
10079
26671
25541
103
24577
13729
22694
16473
8618
21617
6172
22664
22189
14577
27454
15226
32270
8809
8006
8274
22002
27577
9123
30871
2644
20287
20041
29495
15354
8699
14924
12492
29607
18929
29869
3357
21907
29647
27508
8680
10520
19408
21246
26335
2222
15840
30105
4848
19993
257
8526
8905
3809
29165
10238
10396
15619
253
9649
18719
16358
14153
298
2520
6544
5905
23231
21655
27674
23388
23911
21572
29537
23262
9749
3802
18175
4639
13636
24756
30842
6362
7891
15624
25018
1699
27668
22449
14273
2765
25632
7217
13718
15243
11885
5622
29570
24661
930
11740
15999
15246
24745
24820
1006
5987
28678
21636
9608
6646
7528
27470
18839
9404
1918
16405
31590
17187
17420
10590
12278
27769
10814
10868
754
7433
5948
30126
16357
2695
24830
25588
2987
30638
27490
1408
16934
27431
4988
12258
23602
19885
25901
11591
29146
13167
20215
28922
11468
21685
18447
29995
16138
31175
7348
9712
12771
24075
21696
32137
8482
20077
26749
13800
13957
1795
14265
13169
31088
5105
30493
3326
18147
14731
1978
21798
1450
10170
27877
2239
27347
31905
21573
18081
25189
23168
25642
13485
28751
5336
17440
13838
7583
14544
5061
22207
17908
29911
17367
4173
22838
9099
1425
19423
25988
32217
17464
17779
32110
14438
23793
13418
20069
4142
2261
23879
31599
2668
11591
28852
4128
27577
1669
23494
8133
10871
24702
28033
25826
24688
20964
30111
29919
32699
11649
16525
23550
20192
7630
5303
13712
28731
7874
5381
5225
30886
18920
11429
20369
22866
10420
26636
1852
8438
279
24375
30204
22572
20561
5431
25142
32023
26631
28908
17363
25162
24981
13073
29239
29925
23461
3448
28279
11777
13825
16279
7622
13135
16293
23620
2097
27387
2841
7357
28557
1751
23805
25835
21165
19125
26853
23784
12504
4628
20584
17342
8569
22784
6260
24434
5145
19507
2276
11841
19595
9344
10837
15657
28518
20850
22069
18347
12985
14128
3356
1232
1785
931
1888
17770
19518
24283
13284
18332
26543
31407
6448
25500
19771
17828
19655
30136
20875
17681
29876
10647
22580
23168
1895
2754
12848
30806
15807
32354
16527
2487
27496
2636
12138
4516
12647
3386
23833
17766
16115
19547
16805
9776
5255
31247
27264
24064
32053
6635
24180
25542
12861
26116
32218
10952
23774
6506
13068
24901
27244
17394
1821
600
26275
2873
28359
16160
20539
31973
25508
798
7100
22062
7585
6110
22676
25758
177
11226
11367
25620
4798
16539
6310
32271
3557
17441
15971
20009
25314
22917
5220
4066
16329
5341
17270
22943
28408
11872
7427
2291
8777
28875
24551
17436
32396
26371
16256
13521
31540
3323
24836
24635
27216
2008
17176
16449
15549
10579
17310
520
22170
16991
14286
3514
2045
2316
19080
15239
32228
5548
5352
23018
16239
15156
9500
26926
2892
16101
26482
12336
10610
13099
9653
3686
1298
31173
4282
12064
8906
12582
2102
526
18205
4379
5330
7427
24864
31407
18562
27384
3445
16204
30994
19540
17789
25378
2306
3179
3786
24268
12947
20548
16083
9265
2338
25247
9964
27305
9397
310
15477
1634
11220
3908
4433
20225
12186
20804
12442
22924
3595
5627
13202
2439
20136
28856
8925
15709
11585
26843
30702
6658
18187
17044
21184
14807
7666
17645
14278
17102
26160
8459
27172
10190
21023
24240
13855
6489
20555
29189
16338
26988
28620
24215
10787
26278
24275
2975
10742
29357
14210
11654
22945
22478
3841
26792
24735
8675
31438
4441
17288
32378
84
11557
28736
26675
8896
6492
23151
8554
784
31439
15410
16918
18028
23252
20241
23793
14010
5520
4400
32730
20845
32117
27337
4983
14493
22537
18393
24094
14941
6121
31258
11766
25161
30734
30514
28249
18782
23632
18218
11389
6159
6952
14113
20308
28308
5306
9282
1712
10118
15123
29427
13739
10409
28591
1615
23622
13833
23102
19415
17488
31560
7335
12132
30090
16182
2126
2913
13576
30114
14483
26934
5082
9072
13979
9735
20716
18668
2642
20383
4651
18014
23728
19879
14569
28383
3900
11036
21891
15722
27855
5120
32321
24630
22427
23375
3453
3651
6251
7476
2824
23347
13100
20861
17609
32092
25773
25165
23207
14875
11683
6928
16810
27755
3824
948
604
22966
23333
31767
13942
18667
16709
11195
2488
4048
29900
6593
16921
2714
5871
277
4896
12731
17702
13542
16530
16891
28904
10585
21581
10954
25781
29822
27508
14036
6746
23427
24268
8919
18033
16423
19046
5809
15655
626
14463
13502
5186
10915
29604
13152
9826
28523
17434
13535
23430
27736
7292
20852
23251
7316
31142
1952
2449
28111
31186
1730
31607
32634
28417
2025
14376
25142
28829
10471
31229
27532
12380
32167
18949
29150
5735
19392
7498
1181
26812
9289
22358
29885
464
20464
22006
16742
23161
16710
27198
15597
27404
349
25293
32258
10178
19093
2899
28971
7265
17843
17744
7793
27416
7475
7710
30552
12970
23264
1585
16661
8143
17313
3486
28412
11735
9622
18906
312
23184
19555
18628
15294
20842
4044
13542
18820
20953
12419
3832
8173
21755
30525
8358
13960
13947
18955
3220
26363
25781
11240
8094
2362
23578
23182
18276
8189
29142
32399
20998
10608
12721
8608
23340
26668
21299
24376
2634
14438
2572
858
1570
17766
13747
2990
16778
13115
13388
16087
1391
4270
23759
19969
23578
9588
25703
13497
16818
28840
13080
19202
15874
27512
27557
15781
19325
25630
10929
24776
12159
1298
16676
4290
10198
23677
28112
5422
4481
30705
23125
14910
27831
26712
24385
5203
25132
16939
21372
8650
11663
28133
27364
16152
4439
23734
26676
8473
14271
30075
9770
18853
9487
19950
15337
10853
7966
1050
16540
27108
11797
19475
29276
32489
6773
1507
17492
5637
3164
28615
6178
30056
12292
18588
9857
21240
908
30356
23333
20645
12795
1581
10215
4854
8066
5476
4898
9704
2817
32549
1373
9209
26829
23303
6698
21376
23217
9526
30797
11839
26930
8880
29985
1851
25111
21941
1848
17100
41
5752
19522
21744
16440
9243
9776
31204
1886
16858
13209
23798
32392
13447
10076
8597
18225
13366
17287
682
28017
9785
31607
31787
15159
13135
321
13036
20690
3608
16977
3769
9911
32204
5969
15011
23678
301
11085
32663
31021
7610
24084
11573
185
12070
9697
1246
714
19208
13370
23311
1727
3284
25113
25326
30962
24074
10058
22563
32061
3757
8468
31465
19133
20983
27675
4709
29909
29515
21893
26934
17782
22379
10076
30797
3230
7659
5171
13311
2335
30438
1549
12120
20130
239
21626
2483
19691
17226
9731
23175
23647
6237
200
3972
29635
7265
20072
28895
27462
29789
22305
16362
28866
341
30777
9191
4415
21438
6556
22814
31673
29494
9926
22061
24867
20082
3811
23456
5547
26488
4149
8641
22336
4110
21175
6321
23889
19058
5632
28344
5592
8779
30313
20698
13208
4576
3442
6571
29090
18312
29026
25188
12318
24417
22574
10805
20040
25925
24988
2013
26041
13050
19624
6521
19176
32425
7207
9881
30448
11666
28330
10393
16020
16125
3493
11567
31360
25460
30673
18240
1233
5167
27342
504
12248
16080
12301
2585
6683
22865
12525
403
925
29242
5668
12630
2144
4375
30305
3428
25639
31529
22576
16170
9088
12380
2845
10768
26114
13433
7196
7759
5588
30877
26920
11778
14447
30954
6187
22657
15524
25212
29982
32746
27104
21918
31601
23808
21679
6206
3757
25913
31871
19615
9816
22290
30375
78
28953
24742
19111
10071
13084
5247
25521
22456
25528
8364
15209
22806
20047
31763
8682
23727
14966
32265
18185
29072
24406
5152
26845
2312
9810
2624
19327
8028
235
6394
24078
23740
21984
11800
12534
17014
18841
9081
8562
14442
26053
22556
24144
3774
25667
24442
10741
18387
8510
15129
32160
15991
30877
21086
29171
31836
4762
7331
4271
21704
25520
12681
29631
6031
25531
13199
21880
28735
16475
18660
30239
17818
3737
5754
31403
11593
16333
29020
10445
18382
23999
14913
9262
6331
21004
5985
4344
12065
15563
135
16279
12876
7793
20840
17857
9901
22770
22067
10419
32536
19497
1641
31934
20016
4474
25071
7683
11295
6838
9314
26235
9354
14398
17066
1338
16579
19052
26322
23284
577
8750
24086
32704
24910
21748
11582
22044
9216
1997
16171
20273
8554
30156
25008
17497
17683
13745
1187
2527
26280
709
28467
7942
18925
3334
24443
8012
23289
5252
18520
22767
31395
21515
8568
11441
28472
32514
32180
6872
19823
22163
23456
8570
28062
6669
25696
20471
16685
22150
3261
13255
7243
22980
19576
630
18401
19550
24541
9452
28612
14110
18332
2034
16687
30634
31445
22002
19824
26723
32626
32254
1249
16270
23737
11284
24090
27058
7201
5793
32101
25408
19557
17731
28787
21881
15064
13523
21069
31373
22264
31907
27532
3328
29765
22788
8909
18002
24148
16140
20832
12511
29471
23958
20544
20740
14239
12169
20808
27011
6813
862
22691
24361
22981
7132
27269
32686
15612
20006
16664
12252
7155
16632
7866
17651
25084
12590
4197
3405
1053
24454
13422
19518
7523
2982
22899
11582
9593
8289
2447
29258
30073
30006
21967
24967
3842
18713
30186
13865
22923
23159
4140
6291
18935
