17926
27001
27132
10770
24162
30574
3907
20485
8559
11474
7087
11317
29372
18574
21975
8433
18737
19575
17541
13542
32661
7112
9055
17717
3666
24015
2759
7624
4733
30950
20223
27621
17937
14757
23185
16131
19835
31318
2030
3037
32348
24233
15957
26054
906
30634
22006
25148
600
25583
1880
23231
9495
16406
27128
228
11996
31599
17971
30885
31876
25845
15973
27899
5878
1155
4947
21167
15016
5188
1990
19820
30821
11884
10105
27418
21325
805
30005
10599
29
10956
17467
31142
10672
26718
16610
14045
24262
28717
27777
16921
3333
1752
4239
14597
11581
3193
27913
31419
1264
18464
9748
28378
8466
1921
13540
17113
28173
26345
24540
4507
4360
21879
32247
10563
26217
10632
2406
25417
18840
22899
17787
17102
2566
11383
31685
19756
12655
30705
5245
20690
32604
15570
3616
3663
15851
14673
6238
30636
21458
17117
22067
31231
14242
31830
2900
1341
10313
15484
14540
18000
20187
14504
27879
18281
11666
18362
19023
27288
19
20818
2677
29338
28914
15683
32562
3570
18553
30532
22447
6203
30885
23273
11394
1468
10866
7122
5913
11581
12376
32291
22620
25625
534
29491
21134
8341
9646
28297
23156
5744
10673
1796
9146
443
5308
14425
19602
5099
28227
22723
19614
14125
17549
5877
19216
7161
21504
5204
8208
17642
13215
28515
1374
1229
10961
21118
14904
8952
5220
23244
7806
6621
29393
27503
2324
9182
6594
16637
23944
2659
4305
22836
9460
27434
5011
745
11814
26591
21205
10818
30975
29677
23333
13605
28953
13459
17557
1008
15276
10042
4027
27243
7347
518
21500
13563
14154
683
8971
3608
11611
8066
17836
22528
25209
20188
13758
20141
26124
22678
31096
1541
18607
26093
17395
6226
24790
17300
32488
6385
17076
2564
8636
8014
28508
8212
31161
32272
32550
19401
18335
31376
19284
17775
22107
6288
23285
232
28438
20010
5898
8517
20081
13318
2536
19091
32527
1488
11741
17911
15701
1769
3862
11262
18541
8029
17600
2350
17553
17686
1390
12513
4742
1359
23227
12883
16486
16971
14384
9209
30627
31046
31080
14612
3145
9388
2929
21895
4483
3721
17782
5093
5985
10048
13467
29135
30168
13441
24361
5757
18699
27765
17131
26522
712
20795
4824
24661
13654
24728
30705
24245
31598
27626
22893
23340
8583
11358
28692
15984
29783
26467
10473
18822
22678
14175
6923
17439
4101
19616
5341
25896
20399
14997
1125
10653
2926
9534
16114
3486
6834
25313
27650
23492
6782
26111
5986
1717
12467
902
11927
16630
5265
26952
28029
18177
123
22700
32302
3992
28922
31139
20517
22104
21765
23006
27300
13457
4992
27711
15954
15445
2562
7309
14889
18895
26843
19307
10127
32470
4182
18059
4547
7362
21307
4383
15483
12415
17048
4240
28108
17632
26305
29043
3913
3893
2454
22713
27247
18975
30212
13605
1089
12963
20687
17668
23599
23422
28302
9240
4668
19128
19191
30165
14432
5500
1372
32720
21291
28199
1654
18548
19884
22687
13154
3574
25745
30950
20969
10636
19599
12271
516
13018
6149
31408
28831
30637
8156
18296
10142
7148
29617
13699
7966
30156
5430
29388
29693
31298
725
11298
26524
19902
21911
17278
3299
19734
30277
16532
18054
8896
11725
12200
31367
15429
5350
25251
7933
13298
9975
18534
1043
721
31797
20062
32595
3800
28428
88
23589
26975
12481
23191
13714
20952
4437
548
7502
20666
32428
22374
13302
32446
32495
5874
5782
19534
10798
31908
17774
23866
26442
7407
26614
19630
28690
26737
4639
28001
24748
3531
28380
23054
22071
11695
29665
27176
24750
5435
682
24266
19471
29317
6848
23533
1213
14199
312
477
6947
7901
380
15086
10907
1980
11086
4458
10126
6885
12809
8655
22748
28363
20778
32055
126
7570
23056
4120
30570
360
20224
24877
16566
2840
12140
15540
22529
26332
22901
8154
16143
25459
9390
30836
3763
20340
6691
3311
3826
16610
28058
8330
6757
31488
7192
10178
20703
26215
21415
8462
23888
20309
2135
26061
21225
24136
23171
1917
25985
32460
12885
3373
312
10385
13452
9525
1370
16064
29821
7972
9862
31119
1880
16890
15375
3604
23725
21144
31906
2134
47
24180
28201
2986
10423
7825
3312
27965
14476
1711
28166
23789
4833
21695
24807
4189
27295
13465
21591
9288
28261
19441
657
10261
30157
17031
10401
1964
5106
6815
19727
18313
13103
28081
22973
18190
7721
24929
3346
32030
6671
26801
1624
25319
30240
9590
29027
255
13422
32265
5492
21171
12258
15166
19293
29596
25473
17050
7909
19315
14061
16576
8045
11301
29743
22573
9172
5674
19123
10277
1433
5907
916
16365
5951
30307
19227
21051
23030
9376
13186
15595
13943
8362
21757
14579
15664
18251
12027
18073
12705
16654
11944
10724
25862
597
32439
2896
9270
4518
1120
4293
15563
2118
11684
714
23939
265
29912
20983
21990
26984
15713
4264
31017
26836
28093
13561
10323
21066
27331
14062
18334
21544
22571
24305
8992
23103
16976
22658
1706
22057
5429
23850
3313
25052
1222
2992
27115
28800
19041
16272
13436
382
23445
31913
29522
2522
32298
17206
28942
1986
23905
24575
7076
29799
1148
3281
29444
2059
25217
29995
19194
1115
15164
29498
25682
30976
10627
6407
8513
13937
5822
23024
22784
25355
19366
26709
3770
26211
32332
7059
4008
7899
349
29238
15483
5491
30885
1130
506
9186
14035
31411
17644
16614
10364
23774
17720
26328
28770
19768
15435
18563
6389
1021
15034
18486
32538
7955
2344
25880
23084
6648
4203
4796
1344
506
3306
12021
28078
15014
4425
2540
19149
26242
7241
13423
765
18431
17897
2188
25067
11945
18386
8287
1040
17569
25841
12072
7035
20557
29798
28832
29137
15950
5021
8846
19346
1970
17338
15509
4253
18539
30267
23120
24055
6656
19672
2977
25800
1667
4270
32581
15014
10179
9373
15276
32534
18114
30447
23048
31312
3946
13882
30629
6467
11387
19847
20856
27353
24520
27571
15866
636
27299
6678
31031
25561
23190
9827
30497
23524
3668
25551
12331
27420
1774
1910
7187
9488
22858
9210
20223
10530
21458
2157
27852
6283
11369
1649
26275
11679
19107
25501
14029
22610
565
31267
3784
1020
20906
19632
11162
27225
31064
4500
17509
6100
32403
31011
18236
1285
28448
13147
22581
27000
30956
30919
18111
11184
10750
6818
27958
4715
27819
24128
11957
6952
5129
10154
1836
6631
3238
14217
25010
1584
1401
69
10524
6486
9496
22125
18126
8701
7980
90
977
12506
15906
26895
38
698
13604
31332
13402
19398
20040
25188
12635
18437
18695
18419
4746
13602
31984
12980
22033
6512
5277
10793
3959
31787
29927
20508
10354
29441
9302
31294
9212
10448
18139
3855
6056
16818
450
10749
20279
16439
23522
19152
20070
20465
28183
5189
9483
6454
30706
24057
18784
545
11438
7561
27807
218
19558
27384
32207
25367
23942
9297
20189
12003
6784
29837
4078
159
26560
16822
5364
2630
26081
17997
6527
6133
29729
23018
30423
15786
14098
11554
71
4683
30611
31917
31163
7147
28159
32712
23694
20810
19876
5593
24221
21658
9335
30546
28576
19337
25349
28119
8378
30843
8365
22435
10830
30999
28685
31272
1045
19974
22458
26613
17261
4087
17204
32221
13300
30183
25
15190
24150
4255
7064
31263
29027
24446
13353
18726
16741
8824
4987
28328
20912
3423
9390
21914
7290
16481
6851
27208
3309
10707
23377
10812
24443
13613
377
27489
23666
27477
3355
7784
8400
26656
4682
4203
26968
18710
31998
28624
5093
31093
15625
6257
19199
32633
28237
27385
4012
11995
20779
13201
5512
25751
10047
25533
9496
12275
18506
9088
30812
3261
879
32199
17827
4820
8355
11269
27811
16106
5727
17690
31177
14471
18327
21369
29646
14673
24048
5770
10123
31116
5166
29517
26126
17885
1259
22593
26861
8787
20879
6276
20698
7847
13692
571
29304
16323
22921
13364
25966
8834
31666
30410
2489
15287
16142
7177
30534
22896
14337
11027
3008
18812
2226
23234
2727
18730
8639
8079
930
8788
31536
20659
29462
6556
22954
10380
20727
4598
29669
9281
478
2407
3168
1705
24156
21260
21332
617
17551
12893
9446
20317
26610
15283
30624
12090
21369
7688
3874
9585
20958
14846
18197
26198
12341
10787
2657
16769
3783
8308
19104
2932
13341
15648
3026
19071
5723
17038
22610
10977
3792
19104
12553
32304
27594
24890
19937
18939
21679
10238
17020
10669
13385
26458
23335
1972
7522
12485
17929
29155
23953
30277
23712
3349
12883
15157
8559
27668
21597
16965
17904
19897
19761
23746
19664
1620
19184
16152
7259
6221
26223
32405
5430
16396
3980
7279
332
30487
5059
16905
28426
12922
29436
4722
19663
24684
30375
13614
22686
26927
16139
32314
14359
14136
15067
22346
19621
2704
15627
20053
6136
7034
9441
27987
17590
20566
19535
16198
10093
2757
12416
9847
19405
20494
2225
26626
25108
20673
16194
4244
8393
5018
269
5748
28333
18343
22262
23744
26863
429
32195
31738
6559
26825
28719
29635
29285
5715
22329
10725
24435
11527
21698
23191
1720
27495
23639
24061
1878
15707
3660
26351
19799
4379
18698
7931
19867
29518
25769
17325
15893
13940
19650
10509
7736
10625
27774
17770
9131
8650
8435
10838
24388
23589
9649
3826
11828
31052
12183
20332
19327
6531
10732
1477
5552
23419
18859
8152
23754
17013
27421
5784
19585
18346
28077
10905
18090
6891
505
18898
16881
22149
7717
673
202
10855
3188
10255
13482
17031
18457
2902
24950
27777
7242
28320
5436
16513
14743
5394
18465
20836
13690
5129
30874
10266
10287
18851
22495
3663
23749
7298
6813
27722
18294
26828
16875
15893
13876
15990
28800
25566
28548
21699
8227
20893
13199
22279
19298
25079
21366
28337
24455
20578
21223
11912
2760
7819
18414
17205
15038
26869
27917
3330
24345
28386
6542
1761
17553
20854
5144
7856
7200
19994
29569
25275
622
30751
483
10371
7053
13731
22002
4286
5862
953
5772
3230
12147
17860
7314
18518
31791
9252
26359
7899
9419
15893
5398
31463
20131
13011
23369
18756
22000
17923
9655
24647
10047
9038
23917
155
19746
1359
945
21311
1573
17327
6034
2258
30467
3214
31172
32271
19738
19749
17067
2452
25885
3498
16054
22247
18953
17524
1262
29370
8282
25696
23503
27758
20862
10867
24662
12503
2954
28353
9051
575
26924
31885
12577
12717
21984
13745
14124
32103
615
1345
15442
14517
32118
25963
7957
8424
17579
31905
20016
923
25028
5627
28528
6713
26643
30934
26821
16063
26157
25538
32665
24003
8163
11931
608
18870
9331
22517
12401
21350
5375
445
21524
19398
12093
8478
17116
21234
28785
26018
14391
6254
25752
7066
15939
28846
30182
3519
6371
25564
20595
10777
26387
6613
11826
28192
28280
18293
7970
24098
17723
276
8648
3044
19992
5712
8156
28812
15026
23309
9027
7614
2090
443
22333
2566
10735
27352
10720
31862
22232
3509
8645
23440
11376
24188
15361
25446
7313
21874
26198
1791
22836
31610
27051
253
12935
8155
22714
22397
6976
6978
22281
22335
18225
17419
19483
18951
6173
30652
22247
27714
19659
24018
5513
26093
9816
18369
5432
19123
30673
21046
32376
25941
21506
11167
20880
21071
19848
9197
18239
11705
32046
27032
10667
22635
17014
6116
14746
6244
29301
31332
29668
6253
26852
10684
19241
2809
12149
26026
10687
29776
12131
20552
20462
24556
8525
28299
25184
1315
12100
4624
15571
7943
32035
4120
23825
31627
2846
27089
31266
1511
9886
18903
7104
20541
23885
31482
17931
24700
9836
15426
3454
17541
13933
5680
10018
12684
12478
5447
18689
12993
11235
3531
28382
11056
15303
19657
22307
12006
30292
23127
19483
30550
9793
12573
3425
30459
8235
3860
28057
20542
28136
17294
30813
13209
17432
7799
13434
26877
30204
25818
22109
2161
23436
28326
30408
9725
24003
20915
8650
29894
7486
15872
20973
9594
26373
28479
11185
1006
27561
22419
3385
6150
27791
26520
17989
19926
21387
6052
3168
26886
26800
5708
32603
18299
6759
16426
20985
14131
3007
17630
27372
25457
23812
7507
4608
7451
25235
14148
32151
608
15852
31230
21589
18845
3337
2151
30492
13186
9199
25663
10043
26737
1154
22182
23778
17702
2205
16862
25050
23197
29282
16467
1138
9520
22223
13528
30397
16129
5778
12340
11770
4503
22815
20445
22100
19148
15871
31235
11980
6374
14443
6864
24947
29188
18713
18159
11228
27324
2646
26443
27601
24578
16981
21017
25669
30795
28615
29976
20106
16371
1195
29975
3012
25820
17256
26297
2718
21849
29209
1141
13627
17994
22568
1504
31600
25736
14878
31791
19760
13699
18361
22519
6471
27433
12352
31800
9291
12042
20755
666
19408
10426
12934
5366
2524
17271
18159
24
19611
30476
8190
25540
30291
6133
3661
9206
6553
29380
24376
32622
17862
14020
11503
28524
30629
29659
29897
13497
622
12213
26588
13798
1272
22046
10698
4824
16170
2224
29149
4485
23475
4527
16983
18424
506
32305
10755
10139
17496
9090
17424
19893
16006
5062
27167
15666
30801
17888
19611
26019
24725
29843
25929
7045
29800
30951
30752
26054
26262
9167
5722
17541
23374
23304
22475
21786
3098
32068
15986
30550
26644
20872
30798
22539
1112
1491
29554
1231
28853
256
30812
27902
17576
3053
16003
29694
30858
5597
12079
30919
24328
6171
19085
30370
21204
23777
25347
9008
27802
11639
8897
11695
21814
11167
3993
889
2084
23089
272
15821
6711
6403
15541
7378
22670
6155
11441
13273
21445
1480
25760
10979
11112
31965
26783
14691
11693
29952
27302
15941
8034
15122
29209
6446
16420
13455
8601
10502
24274
29225
3872
5044
4673
21936
25165
15144
27185
20277
11516
927
11392
30063
12826
20258
29342
32094
3768
21072
15169
21805
31069
9822
17498
26205
2977
15452
16711
17184
18935
5562
16714
17155
24011
26122
23098
21200
13773
519
27512
31667
140
16343
3365
26011
13638
11405
32658
22755
7934
15090
12024
818
7632
20357
8042
928
4738
19904
21767
538
10331
2717
3188
22023
28984
18521
22410
43
2012
8056
29259
31692
11400
30985
25627
11028
4043
32299
16685
25271
16284
8400
8251
22742
27302
8641
6266
31522
28131
14307
23501
28740
24684
15544
16696
18557
4496
552
21400
8585
11555
13698
14482
16842
31256
29630
970
28322
26451
29445
19029
545
23224
25971
2672
992
30344
31003
15218
18732
18669
6475
6655
24679
6611
21778
1151
19372
19194
3840
31694
20146
32329
23085
7221
21491
30310
10364
8858
11533
25987
11809
20979
12904
7803
7777
19713
1561
23581
9625
14394
32262
4807
17538
14343
31051
56
28851
7983
9437
28063
7784
24979
29549
22519
6017
7965
19600
29335
17358
23283
14108
14341
18057
13040
725
32012
5412
11092
13641
14862
27462
25274
15864
32411
16400
16971
13752
17217
8356
32306
11608
3494
5096
31311
20356
6869
27527
26416
23016
982
9785
11069
12697
4225
18245
27698
5808
11411
18244
19667
15160
13058
551
13019
16714
910
18043
10549
25718
5785
27116
12910
21093
824
1800
8043
30397
11146
18502
15959
15941
841
25671
30176
5450
9374
12123
8355
9537
10042
26183
15588
5549
28066
5702
17539
21571
23754
17997
16683
10316
12774
17811
28877
5452
27261
17233
3661
20705
29375
5062
4731
20461
3608
18047
324
12023
11781
29141
5930
31183
11047
22455
27377
5745
5270
18346
22427
22316
2423
25101
17047
30724
20689
8354
4662
2900
9116
18506
26718
6584
23835
10256
30082
31017
1388
18793
30673
8042
27230
30138
15022
29604
14978
13595
10849
25421
22149
10843
20492
15949
19644
28740
18912
7780
13057
23584
5008
24006
21182
18812
13062
24841
23367
21291
7510
14401
3693
7566
26608
23402
6992
5651
6681
1542
7028
19452
12956
30214
26135
18018
13756
4590
11714
31609
22382
14901
7199
19733
5573
18922
24586
11885
22446
2718
25066
22303
25565
8061
4674
10101
17415
11198
1667
8679
26706
14398
22565
7649
7946
7271
31221
6086
13461
28247
30641
16948
20393
15934
21458
15498
23996
8456
30633
4775
9148
20029
27053
27125
18177
21797
15892
32679
25216
11567
30112
23614
31809
9619
16060
24658
28435
30775
19655
3727
7294
976
14768
14078
31481
29001
9667
26501
21597
18536
2498
17842
18586
14255
28472
13748
26792
4992
778
29354
32193
20613
13903
31777
20686
32079
24929
31959
1567
32573
7476
3781
24926
5792
18151
93
1478
28188
24985
32529
1680
14674
19070
19220
23470
9915
29490
22628
3772
10455
5709
264
13364
23176
6711
11414
1249
696
5694
4345
11158
31554
11749
28785
6943
32528
13951
30939
120
9089
23293
10291
9533
269
12805
23127
22114
20267
31300
25614
8996
30578
28932
24392
2111
25599
30465
3240
23394
3352
30584
28223
2784
2574
17794
32667
1448
10600
25504
12032
24439
21565
27031
31733
1356
16610
31870
24322
5661
14534
3349
24249
13256
30105
20568
30195
24652
22964
9812
12124
15161
1973
25402
6706
13157
7529
11954
31817
225
5616
28017
25939
31531
5915
26894
1886
8101
11801
10769
30878
23622
16211
14414
17005
29328
11668
13681
24976
1730
31853
1497
7100
12110
29144
31658
20056
6285
31515
14365
6789
4274
22767
14107
4700
4093
22242
14603
19318
4401
4602
32488
31410
20039
4763
3222
32050
13668
15786
25974
29351
10761
24819
30520
19663
26249
24264
9968
30780
4545
15595
13420
598
23811
6831
26565
24739
15955
21081
15669
15686
6870
18892
808
27846
30087
13926
7830
28945
30252
22565
27023
11713
23689
28686
24600
12701
13267
30159
3893
14691
23143
20643
31303
20421
12732
6006
27288
11953
2710
7242
23861
17877
8573
18137
764
2659
16238
635
1781
29713
21200
17227
3814
19301
5289
26245
10785
11567
3602
29235
8865
26455
4585
30729
25685
4824
32453
8077
28348
3853
23855
7035
1202
16940
11791
3687
3722
17168
32100
8868
25180
20539
3384
22885
26272
14363
11476
21794
17148
5772
4144
9021
4955
2975
15277
18662
20799
20377
22534
5948
26456
18495
644
2740
9045
849
28018
14783
31226
14933
25809
5799
20851
17301
2893
2234
17896
5227
25455
8363
7249
14524
30995
27701
22412
25539
16157
11521
9132
32272
30056
30410
2965
21712
11007
30911
11462
20046
12432
30249
23925
18362
3869
12877
30945
42
22261
21396
17892
13534
23267
489
11207
21192
11173
17507
10587
24907
26527
25124
16965
2628
13009
19073
22170
25415
27399
18531
6316
23595
27727
1260
5411
30408
31152
7518
335
11263
7705
20537
17340
8699
6552
1444
27399
6071
11980
14094
1777
10688
25757
31253
6066
21565
4138
12967
1936
22060
15107
12391
25263
23022
14745
15186
16683
1798
1523
21410
5988
24862
12962
10482
24729
6218
2550
3236
22457
11921
11634
25472
12917
5802
18814
23197
4762
12291
12636
25477
8606
17416
30557
15252
2680
26785
21845
673
17845
27644
31052
9441
27593
11662
2678
7175
419
2132
31334
19376
29572
12895
30334
31999
12816
13711
3498
15748
9638
26015
24142
9571
27629
30561
24700
18610
5039
7499
8299
22562
19179
19763
32036
13538
13093
4951
16255
31680
20481
5792
7502
19346
17424
12840
31960
19156
20458
18425
3209
12434
18301
12568
743
21641
29092
28354
6856
2697
1532
245
8130
19741
15603
1586
7908
31598
9761
2178
4003
11877
14556
7095
2327
26896
21254
12532
22376
10311
6698
17263
1411
5519
29383
17014
12049
24894
492
23728
11945
2016
27909
4262
31812
1754
19445
9857
20466
17485
357
30485
23756
11837
27995
9247
14378
21747
11790
9675
16662
1183
25337
20858
7168
8770
9774
15809
5811
20427
12269
10165
2183
7040
22645
15718
728
16032
27674
29097
26040
12103
1432
15643
11489
2449
25255
28770
2285
5122
26319
31670
6346
25382
16510
20385
22376
24692
25688
15106
4532
14456
21198
27224
30922
29746
23538
27709
9318
16825
21897
24369
6556
12323
30562
11417
10698
25257
20967
29959
15818
32519
4850
4540
24940
23330
3298
20332
8995
11757
13293
17985
7166
18317
1464
29474
13274
5308
3876
30260
30167
29035
1131
6817
2312
3755
8045
2969
8559
28621
14404
23191
32040
17096
19486
15078
16868
6108
26188
5731
20121
15477
8086
24452
21880
15698
10194
17561
21024
21478
3509
10322
12305
17151
14568
898
13667
26277
19038
5154
1464
31557
22246
32153
20847
24591
12284
15931
1306
22684
12005
7695
3378
4564
13819
31445
522
28175
23621
5447
20482
23674
30538
17312
12285
16317
30503
11611
1045
10202
18656
29757
27789
25432
13044
28309
10502
11170
24628
22211
6646
28842
3284
5111
30295
2001
2499
59
2460
16907
2616
20404
3561
11582
28558
32036
30339
1260
1873
24500
16006
5650
28569
19953
4054
6736
5526
29204
22103
20041
621
13190
4961
18253
27202
22947
1390
19510
12694
19391
30742
13711
23764
4710
20542
6396
7718
32232
10380
17365
30093
5653
4638
18709
5937
14150
19835
9843
3062
157
4041
17614
16463
30605
10305
22478
30039
1180
6625
24777
18462
11623
32096
22755
17216
12263
16231
18042
11965
25332
3838
16833
4612
7
4165
11434
7249
14916
10084
8714
26425
18104
28612
24568
18308
14815
13184
12661
8250
24169
30486
6995
27648
26941
28003
20559
28837
11967
26574
12417
20729
15694
5827
22518
28894
273
11875
155
24481
21748
17273
15196
15498
9453
29872
17550
18865
1412
13316
30602
8468
25746
17527
9627
16359
14153
16389
21531
23595
18804
14809
9688
14466
4608
20673
29629
27202
12476
17888
22702
17864
31069
27555
13491
25871
12229
246
27481
31873
22917
19639
24917
29196
18592
3434
32107
27257
17298
4399
12430
16633
28304
2546
18761
7425
23058
29154
5725
6744
23183
5156
7340
14191
3463
3528
25685
32240
12231
23292
8481
6553
10473
17535
14878
20811
28698
16729
29833
5726
11808
8394
17905
7736
16539
4224
4506
14878
650
21260
21792
24905
32274
14999
2140
8509
27515
15313
13451
26710
8572
11563
1709
24228
23224
1606
24876
16633
29832
13227
12478
29247
2811
21180
2188
14095
5659
27115
18836
20352
27762
28969
22860
25405
20173
16033
11144
29659
24896
11175
9117
18793
13674
1515
4295
3400
18938
8435
18888
1853
9074
7112
11218
12484
25132
12015
167
4775
31130
5786
4095
8400
27857
27936
24618
2139
13385
2475
27126
9200
12510
14128
17363
2640
20507
22437
2101
27437
17848
18286
31546
11839
32353
5400
13197
2196
12218
24905
19082
31784
10655
31479
22435
30133
19632
3033
15106
31948
18957
26907
31599
10789
4190
23638
15221
22580
2583
30911
2496
16892
4346
20639
4298
1064
15069
7939
27063
13400
25517
14772
5757
697
6323
24425
26439
6616
18710
13884
20252
12472
24481
3675
27579
802
10695
15616
17610
9276
12260
9123
1584
24413
25286
14190
14784
6944
17004
7409
17431
29367
25101
11287
10439
31106
27997
28760
22965
23776
4875
31025
5567
22598
30862
3793
6818
12174
6945
7958
11803
9105
16908
30391
16973
5367
26150
6851
14691
18766
12952
22090
3190
1626
739
20569
22961
30636
549
15916
7603
4726
20376
1440
7220
27550
19547
25575
15340
13329
30325
27775
22960
20314
29975
29797
22239
14451
14881
15750
26364
10459
23784
30326
24732
13800
4662
25188
5507
22623
26003
15694
30218
4674
6083
12401
964
9961
18064
27396
22368
6484
16842
13093
15825
25792
12683
788
12461
9080
29119
1695
11731
6126
18148
3293
12881
19466
20495
16927
23685
15042
23088
17956
31106
14315
30870
29324
436
2639
1718
25999
18632
27647
30504
9455
25798
25835
5106
27947
4224
13231
5129
246
3376
14512
10773
3303
18269
5992
28789
29554
17150
510
22147
5399
4834
25370
29465
26841
24399
23031
24660
30962
16362
15546
1175
6085
27862
5378
27859
24852
2848
19136
7174
23411
6235
29001
29698
19965
14727
27305
7024
7749
28984
21818
1300
19088
244
30582
31827
21569
31196
7690
23282
11924
16526
8235
19488
1423
2123
32301
16567
28982
2389
20050
30911
26879
30363
27616
17972
2949
30360
7286
27912
3712
9081
8095
17516
27381
22142
23720
32076
6570
17058
8879
12824
29661
8830
12029
9162
3125
32107
28054
18469
5113
18407
10253
3386
8320
25402
5789
30257
25833
16473
1910
30022
13324
10762
4181
10002
24239
31305
32343
21260
16894
16106
30735
21839
6709
4481
1494
21918
28064
9855
29794
28581
9157
22429
17819
12417
7392
11646
9129
3459
23951
11407
2642
14385
8911
26931
6787
29582
29223
10013
19500
20124
31267
2044
29265
26654
22276
3422
17759
8098
4022
29134
26556
22463
24322
7488
6305
11676
7429
14512
2348
18865
23777
9477
1969
11730
4786
22843
30034
9321
21956
27585
14799
13571
4867
19232
10655
16910
17330
27102
4671
13280
31840
24994
24778
21756
26648
20888
5834
17297
985
31767
333
7236
11845
26498
26172
16943
24477
1644
7145
26666
7661
11007
16103
16201
388
18846
31262
28326
23975
20169
5406
14432
24967
3137
15540
28643
17776
365
14779
9578
22594
765
2613
10947
293
1485
4251
21842
2425
4364
19825
8537
17164
7069
22300
6775
24208
22717
1016
11630
1612
14311
31398
18217
4369
7156
7331
25853
24944
3463
32543
31279
17706
27816
26124
20150
26856
26031
30069
15171
13356
11620
3345
26239
8584
18532
536
26515
26382
25031
11093
29166
775
29951
29565
28226
232
20227
26047
9424
2689
10926
26780
23782
6520
27745
6905
5542
23798
16624
1906
15368
10144
9148
8690
547
31177
4124
17280
15272
31717
25090
6236
25519
32065
10715
13387
12214
19186
30646
16687
21478
29452
25001
31706
23705
18452
18800
29476
16666
14519
9560
15675
5035
20411
20572
5947
29389
28727
9613
8959
8123
8703
27319
14134
24120
611
20033
30137
394
11545
31829
7196
19143
12663
3905
17026
31823
26597
24349
31926
18074
15251
29870
4472
29236
15463
9099
15381
27397
3386
3966
11323
4310
579
8493
14346
28945
979
11770
29806
19912
2371
22311
10157
5625
16427
25662
19004
13073
13269
7344
2519
20398
2290
25788
720
31657
8587
8594
9128
20820
15674
10425
28380
0
27033
16046
3841
24515
22267
26830
28947
29304
25946
5749
22795
30214
32145
25960
9391
27622
2763
1392
12462
14815
10300
32584
5100
18452
22287
25273
9499
16449
20639
8196
32395
21058
18665
4224
29763
8661
13634
29316
12368
16800
27461
23687
26973
24438
11280
27526
26500
1494
28592
12455
19300
5812
1241
8731
19316
25468
22746
4936
23446
1621
31697
30760
29424
24739
13595
30700
25591
25295
15375
4838
31436
330
26860
24485
21964
31439
29199
9058
11363
21481
2410
18843
30752
11190
28209
32509
13327
19946
18134
29575
9795
9750
22328
2029
26546
30763
26392
27194
7750
570
27852
26042
7472
27517
20535
27159
24448
9371
23032
3522
4338
7464
8930
3988
6411
29291
6060
7094
23653
31589
25834
22462
10312
22030
24380
31258
31865
23010
15302
28850
10071
5020
11488
23241
26659
11842
14094
23076
2976
28001
21042
32623
14044
7322
11008
21980
21581
6237
6323
21005
22303
21493
6910
10292
18637
197
29766
19833
21743
15057
13326
10396
18259
24192
17843
13787
12366
27552
22361
8726
9044
6570
11557
8497
17351
327
13485
954
5133
32532
27820
20427
15077
13218
29947
24882
13051
17602
23228
21712
6330
17407
29912
17215
2657
24171
25773
3768
20057
14751
3840
18483
13254
8701
8505
28623
24924
28216
30415
5237
1651
15383
29441
5816
8798
27253
8903
4864
22009
29837
15112
14056
29570
4724
18189
1508
16554
17127
6966
20775
7915
8775
24555
26308
3611
13026
18646
15379
15682
31348
19535
5974
7593
6382
28440
31900
11315
15477
30795
25062
25840
5806
8592
28297
5360
14137
6035
18899
32341
28539
24246
15601
684
9121
28675
11280
18302
11489
8804
10947
2337
12547
13334
12197
4052
4897
2139
11071
31500
25003
28015
1580
22280
26029
32446
19066
12459
14165
30548
31828
7051
31664
2197
26078
24134
12212
2350
23137
14613
9347
4171
13480
31395
4334
20747
5290
22303
23608
18992
8297
13711
1565
7708
19481
26472
20499
9977
28037
32348
3024
6967
7855
13428
13068
22075
13238
6750
11400
6485
18429
8
25167
22771
9866
19310
3388
27157
4524
12720
22972
9217
11745
1639
18901
19000
5110
5433
30824
21160
20080
14763
8627
23587
17963
10551
5401
26896
25153
9119
29734
12897
24365
32128
25294
9925
8497
14634
3317
27166
1525
8623
9525
26933
31088
7226
16603
21932
21003
9122
13618
7733
14340
8767
23045
14082
7185
7677
21855
18045
327
27310
21653
2616
7737
22181
22150
2087
6500
1408
27426
24589
25803
27973
3113
20788
31966
10673
29493
18529
3744
6604
4347
2567
18697
31681
2510
19643
23977
31469
23397
22504
29839
25654
4061
31428
5993
29854
8705
28546
22509
30231
30410
32458
13687
7834
4130
30566
1523
25971
23789
20030
26109
17119
19018
31366
29767
3544
31254
25142
23611
27696
17075
27322
29666
2269
23559
491
28933
1172
24007
13119
31122
21657
29429
7484
4928
981
26279
23347
13942
2601
28171
14122
2154
11778
21416
14362
134
9261
26598
24667
32015
25069
23249
12380
2824
21835
25370
16791
25940
30638
22110
3524
28444
28331
5803
13901
11632
12062
31041
24579
1073
22138
2709
30479
14894
11869
21404
28459
2189
3688
1093
21522
14701
4173
10056
15924
6601
18985
17182
32687
17055
789
3152
7547
32082
5623
3317
26852
18254
30367
25974
19774
14570
3343
2709
9684
21394
23321
9390
12321
31525
8240
29756
28227
7836
28536
24478
3500
21485
27679
3612
9755
27438
8176
13349
25802
15614
8229
29914
30697
14369
29821
31953
20044
29290
29839
14866
32609
16606
3934
21862
28516
6934
12589
20690
982
19941
15253
28510
31787
16699
17364
18970
17091
21833
2920
13923
18971
6886
26333
24931
19013
27442
1763
17623
29333
8825
22435
22805
25502
602
27219
10317
1372
32552
7432
9999
3507
31888
29900
30221
19224
15740
24049
28963
1935
2872
18085
12180
6101
22483
18374
22935
27358
24521
20471
30482
11650
3806
1267
7077
22131
11341
20257
5098
11890
4642
17257
30715
10434
29669
24391
18229
8157
30840
19229
28988
19047
11074
5838
28735
31840
2190
9352
22654
2205
10541
13793
265
22137
20835
20262
10698
32712
26369
25839
17093
2828
4814
2039
14495
5612
4395
811
27229
993
30199
8193
11375
1331
26545
1291
31981
2596
5596
25292
19744
30314
28328
25290
1092
10467
22478
3300
8076
11141
28348
5862
4967
8084
5106
21083
20994
14871
17836
11427
6926
25740
3521
30021
30915
21979
1739
24198
3621
14217
15496
27706
6790
11054
27520
17626
22092
17449
25576
6359
3316
18834
5063
5166
6231
21616
31831
3645
8492
7724
5806
27604
18639
4934
27549
26512
8257
32327
25305
13412
4207
24311
3416
11897
6071
16847
28414
3640
168
11185
2937
20901
30217
28119
14954
20462
6173
30218
1733
11075
30502
28436
7546
5353
5928
17783
3925
6026
24815
25695
27170
23504
9299
16086
27926
6962
4027
31031
23658
13581
16608
18149
14409
6646
21204
20540
23276
335
3394
13512
16900
7448
6391
32181
1880
16392
23969
5255
19631
10716
27863
4620
7920
28144
7770
31118
5256
10252
16795
13388
11020
29568
2173
24876
10271
22643
3931
19626
407
9080
9805
9492
4315
23394
16295
16121
5519
18778
10179
32223
19316
18222
27137
13620
6025
18412
1803
5511
4215
20144
24670
31224
26155
18362
32006
10733
27845
30659
2984
25351
20145
30097
17862
16213
10771
25034
6207
19399
7529
20742
13589
25317
1900
7207
29299
8128
32310
2797
6895
32041
16810
3269
4876
29986
11537
29666
30723
13458
27649
26255
7107
14141
30339
31428
566
24562
6260
12279
17350
24838
2092
15156
31008
2306
20574
22896
5175
18329
4415
7195
19084
32477
23787
25588
29870
29874
13060
32289
1788
30850
24476
6015
1970
4402
16725
31287
9764
18261
15046
18834
22340
24480
21281
12302
7018
6558
18963
13233
20821
18085
8940
9373
14957
19721
27392
23013
5194
27535
16205
12447
27514
20773
21854
314
2943
23760
2927
32530
12312
6629
17361
13890
23490
19580
3984
7097
30589
8738
27732
25489
8147
23246
6533
4508
17175
32279
18610
30783
29931
28835
11572
6531
6916
32227
12046
7785
22322
10749
17688
22654
21146
24586
14941
432
20038
20610
25281
11872
7393
5108
743
9656
27067
26107
28497
5183
28948
3181
9929
19626
3478
16085
27648
2806
16163
8740
8822
28083
3793
11427
29337
6563
29747
1580
31025
15235
8155
14490
1531
23593
20252
17534
11668
15055
3349
28180
12953
8623
1258
22133
2573
26832
18773
13581
32507
6943
13662
17744
14684
29121
19046
15529
11322
6568
12138
23731
12054
30564
13702
30124
18056
23868
1464
27943
24613
26494
23527
7424
1445
29459
29476
7829
19270
25174
1839
22067
32107
9255
3901
21199
20873
12602
5624
22007
7747
29621
21192
6152
24276
19707
26705
7328
1454
11714
27709
11094
25184
29804
7227
16553
7869
1428
25671
2871
5947
21223
6701
18736
4761
17461
4680
6665
7365
14023
29072
6261
2300
1780
24788
20625
24371
22511
1347
26206
14518
3555
25137
117
20495
11842
2072
19190
18473
6746
13533
9922
28341
22569
18773
22762
32205
23922
14344
20071
8407
4368
20789
18443
16557
30347
4118
695
23291
14313
19812
12239
26856
454
31518
20971
6392
26023
19847
20943
24624
13964
30062
24478
9852
5060
20401
29770
4687
5637
11780
1871
14217
21180
7407
19617
11677
10658
19222
3810
20723
4240
30141
31193
13195
20884
32395
26912
228
28484
3726
3868
22812
9042
27264
2098
26456
11105
23625
11832
14182
22551
21956
16426
3745
4724
12486
12831
19477
19298
12381
14715
5092
2445
10069
26981
18921
2420
26625
29564
8090
9153
24888
24773
14643
28117
3229
22248
11793
18600
4643
15773
26715
20944
17617
22625
10216
27359
23747
10349
11357
19186
4722
10984
19094
20103
32565
18268
29000
31119
26375
615
24804
24517
20362
18611
6846
26429
2124
26151
19310
6464
2121
32095
13430
30039
17586
4954
22822
31398
25837
883
29373
23419
30685
28563
28625
3879
3683
164
753
13837
24357
2889
1160
1016
22414
27852
11268
9394
15894
13400
25656
20178
18883
27752
16127
30933
21231
6271
19491
25712
333
15130
22397
29733
6951
30690
21085
32533
23017
9767
27692
5909
26595
26506
7759
29955
27467
5881
12111
32603
17025
9185
28983
7941
21911
11678
16190
22129
8465
29495
32422
20198
24041
27464
9956
20503
27351
6207
5377
22008
23247
27851
11840
14543
19658
21650
5633
7054
28873
13603
31461
5216
24087
31531
16179
17282
7887
2027
123
19540
5279
4841
17017
25776
6859
21478
16699
28282
2421
2321
11910
20344
32283
11642
24183
31588
3425
29641
10086
25664
16913
22832
30991
17642
3424
25758
28404
31216
3187
26166
25085
23717
18209
19199
15714
21621
19451
22749
6858
4725
19849
26304
27061
11070
9431
25883
9751
764
23856
19096
25157
16322
11562
14602
10261
13857
227
28322
30017
1016
31113
22375
22285
19853
1568
21216
26922
20701
31103
531
15321
17201
16796
12724
25940
11506
9226
13462
17001
14270
9152
16997
10856
8891
29724
11927
6719
20780
7464
2976
6884
10050
13595
3685
26355
10548
21283
17908
5017
4242
8033
31602
16560
19414
9269
20052
5163
7228
17597
24787
1205
17875
31896
10393
14229
1492
19696
14273
30165
17203
31415
4606
31907
11637
560
25114
11511
15809
25522
9123
24182
20025
11689
5345
22935
15243
26589
1290
15620
17602
17399
21177
21059
7523
14145
11933
5525
26037
25005
30318
29982
32096
26137
15398
2887
25657
6097
19821
22625
7517
8533
20309
16267
18557
2141
16967
19157
25976
13083
574
31397
30255
21184
5938
9306
29333
22337
27096
9264
17157
20571
12424
26211
13529
24533
10366
2968
7480
8453
28486
11384
7727
10645
4210
158
16899
1927
7054
27827
24774
24695
22102
15319
1065
5664
24358
2115
15761
5154
21425
5933
8813
11011
20470
11244
25286
7283
22896
5725
11799
15572
2701
133
23136
19961
4706
16248
374
30510
23709
11129
2205
32377
30139
17250
18008
10016
32635
8007
14976
22891
18834
30294
3220
30635
25248
15361
17488
1147
13667
6240
28801
32326
1578
16336
12311
5130
25741
28129
20860
5979
25948
1903
31780
20394
14549
10254
6246
4807
28954
7852
27018
18085
3298
7537
3619
12382
6766
8426
23199
13430
1727
21095
16924
27748
27910
27041
16765
13646
31324
20896
189
7189
14771
5340
7812
19089
23564
21667
23032
23070
20715
20410
3798
12119
17160
15431
14273
17185
19784
30958
27354
31980
31723
22843
1168
565
28167
4416
29882
8015
11061
1151
25059
11620
394
31754
5860
6583
32713
2024
28345
29227
24534
4027
12941
6921
30062
22176
7703
4606
29974
30295
32297
25187
10065
5540
7558
11969
23574
24052
29685
29589
12929
29764
19347
26448
2249
31039
20589
7074
10354
21670
15950
17400
708
20469
8406
17732
4475
17476
22988
29436
12224
24427
25013
7525
32600
17513
30374
21777
11804
2823
11606
1958
12201
25272
6263
23010
16216
23748
31303
25308
15985
8613
13410
11405
17051
5553
27098
7566
26775
12538
1929
12323
16174
3699
9894
6777
24168
30292
32151
19500
32511
26559
21254
25868
9747
26019
10039
2337
14623
2785
1945
13805
3628
10669
16539
31984
19525
31287
25024
18290
12330
7307
18422
1916
2377
29110
8740
31272
745
4139
9218
24346
3497
22373
23341
18767
32041
26317
23163
27926
11783
31709
12171
3931
18445
31622
22177
31275
28840
10959
8369
6773
412
23232
16314
11022
6135
2942
27990
4344
3907
19127
24462
19684
15616
20800
32754
9717
82
9213
6378
29127
31222
15362
27975
7600
122
31223
28189
23878
9390
26817
725
8737
23126
4959
6014
16610
6433
29201
25956
26483
2527
12992
10724
18577
5102
24730
16254
8328
24309
12029
19756
30526
7381
27542
32754
17267
12253
23498
695
21319
318
2388
10323
7677
7102
16944
31721
25342
24240
20408
11127
14881
23843
10510
171
31017
15706
9401
23545
4752
11388
28051
26090
20867
14989
16098
27319
5933
12957
11205
5142
32056
17215
30162
30036
401
2877
14077
7588
8044
24202
25275
9399
31113
22392
25192
25996
31157
2091
20710
23434
2451
24654
6536
21964
18588
6916
32302
29884
25445
18722
18609
9699
28704
19355
11137
4607
29798
21052
5516
12630
30772
12953
32098
31307
18995
11079
26519
24111
22844
26443
11369
2137
18203
21971
16547
4985
6291
10788
1474
10537
9891
6100
25941
16325
13576
7993
15274
27261
20995
32289
21926
28584
25436
6339
1525
6491
1191
28406
5476
29755
6854
29089
4746
28815
16559
19571
17582
6554
29040
30676
17893
22311
4976
10011
2171
28005
18679
26369
19348
12021
10736
85
17171
5442
19182
29426
30395
13073
13678
7407
7316
13657
13660
25109
29329
26196
8152
26518
23407
26326
30521
14331
17120
4574
4178
25439
3305
15978
7413
28635
5257
21392
16310
11841
32155
25291
3313
18189
24061
15507
7439
5016
498
13104
5124
6031
20421
32719
16924
11940
3760
32214
16888
17027
5371
12405
14291
7432
8552
18045
5643
10927
25551
4214
2780
16716
30982
7404
31598
16124
24067
28425
12306
5467
7749
873
5576
5367
16752
5929
14598
3333
15415
25921
23988
4947
26750
19988
22651
2174
18624
7494
3391
11365
6831
25038
14058
22237
32027
3148
23660
10407
11541
18332
5888
18591
7764
16299
3504
309
29400
19081
18971
21025
5580
10176
19062
19027
32177
18917
29905
15913
22969
24172
20379
11749
11889
1984
9065
28766
9635
32148
27123
30198
5499
1907
11871
14283
744
1439
17091
10034
9029
31768
28389
12641
8505
21499
31813
11115
10460
18189
17245
14962
32539
10648
7719
3095
10333
1654
25568
29494
25191
16747
21004
15569
30076
13240
1722
20809
8393
30444
28681
30164
9729
20990
21739
16939
14405
31897
23337
7811
21062
11447
11943
23999
14253
8817
11754
18404
9659
9749
16343
10445
30508
11386
14013
14112
16226
5520
25750
26496
8383
14651
17546
4
25171
13922
23989
32744
2231
14403
17194
12163
30264
9737
21816
27769
22072
28832
10220
1586
22482
29384
13014
16011
31677
5992
11792
17099
31091
14885
16509
12504
32658
30260
25423
31915
21378
22380
7884
18945
5208
8608
1105
3667
9466
8747
2455
3849
388
16332
10549
4075
1003
15541
27750
17880
23521
24286
16909
25018
15864
29343
18166
18361
3593
23422
25439
18095
2263
10054
25015
25564
12528
22361
25253
3804
724
21574
21068
20949
13401
16286
17102
20981
846
6148
20494
13340
22367
25476
28859
14805
15160
21542
22666
10891
28910
6850
20418
23802
9626
23573
9214
29923
2119
31765
5678
10500
18446
13186
27104
9543
15743
9150
31166
23866
17219
23774
30039
25279
512
2561
11298
5381
13181
14304
2495
15286
8455
27047
10113
25202
24851
28676
5930
2173
6180
13949
19189
30900
16623
31494
16090
24006
16317
9171
18189
26272
17682
10091
10184
3881
17292
15102
23114
24880
32013
15096
8992
16802
27421
470
23971
7681
1673
8504
8386
3601
12880
12600
8449
15829
19904
10747
29634
13241
12765
31621
6083
18193
7682
22482
26345
23234
22475
25378
21820
12351
561
16020
8498
26296
28663
8438
22832
31374
30022
29148
23118
22793
31892
6895
11355
23629
25290
904
24353
17290
24229
27262
19689
31604
30556
4668
26178
19187
20100
29462
27391
14363
16689
26589
13439
14686
9311
2224
30001
1792
8336
10262
4438
8396
28854
9802
29961
23558
2130
3798
2941
3488
25822
13411
15239
9392
3689
16080
3420
18722
2945
24449
23963
21162
19541
8186
16782
11261
20763
32428
173
30273
4016
19982
18275
194
23678
2544
30485
26854
23203
5901
14177
30307
14160
8415
11427
1967
13422
2487
30654
8889
18056
8460
25369
32214
18917
5139
24807
5374
4852
19601
16044
7992
24046
12782
12796
30803
25014
138
8838
21207
2564
11092
21842
17979
7362
31640
23879
3416
20150
25368
29936
2334
2914
13407
9600
23430
29736
13650
24339
11975
23218
16392
26166
31949
14993
26075
15018
27367
30244
18623
23397
3520
23228
7891
3034
10640
12285
5174
32378
17043
22152
32540
2171
4539
14807
6689
17112
12706
6503
14557
15513
6082
27933
10936
8788
11752
26851
16383
32500
8166
25490
9528
31161
12680
9492
2227
13696
12490
24522
15970
13637
22600
22827
21994
27110
13814
1454
22266
19753
27153
7146
6108
11777
21078
25340
25162
4621
30065
16426
23170
20578
17080
18374
23709
18826
31257
21844
17436
24780
20561
28399
20932
6830
9055
30696
9132
1209
21305
30385
29588
19068
4797
29177
3960
7124
17642
10521
16485
18538
14928
11183
5004
13436
25285
5256
14741
2785
18266
27588
28725
20551
24718
29748
10755
15296
7361
26631
26759
30845
10987
26790
31892
13528
23949
9692
8408
8856
14824
58
8882
19569
1902
10938
3395
25803
29558
4002
2760
29125
7475
31915
28711
31352
7655
23139
9927
6528
24916
29392
26789
6329
25203
2902
677
31302
8297
21978
4390
4824
24503
32040
27352
6444
2993
20626
11730
20182
19505
21210
8927
9790
9100
12371
27417
2536
10437
24642
11194
10488
12801
30090
11310
27893
827
25225
6765
31949
21817
13373
27015
28953
18623
2219
32384
7587
6658
17537
8031
5157
10335
19450
22658
17492
9805
17154
19508
23837
1425
6299
8322
21295
29617
24959
32586
12473
31402
17926
23700
4725
6629
1867
30501
30181
27496
24458
18258
15581
10570
16845
20499
2625
10089
15560
1624
23568
5471
1281
17056
1697
7345
27188
28871
29997
12106
15349
29215
21390
6696
24983
26051
1350
12374
10573
19240
3523
8730
4751
13045
19938
21615
6079
29205
15025
19637
15117
2826
29049
1192
23192
16772
19708
14991
4053
3122
24571
4533
7733
22744
30971
5917
13570
22178
4937
32370
2186
15032
22844
11069
1664
13074
7098
23131
10655
31630
25341
32685
12432
18751
31895
11281
15374
8
10932
3985
6216
26218
22688
27611
13703
19355
30857
2801
5136
21464
28293
3618
10060
24315
11479
10553
29734
15696
25966
7668
28341
9893
29870
3000
23323
10144
26995
26498
13741
31062
20051
12321
26196
30488
6180
12963
17202
9872
23998
29453
9865
1550
15618
3407
7129
5404
4380
8822
26697
19288
24068
9764
29256
29059
5451
8253
19572
4309
6164
14052
26555
27795
6753
5286
12480
14820
19344
32500
7296
2529
26661
12503
26677
6635
6345
19935
4219
32321
17043
349
17329
23249
11399
7633
21410
7759
7772
20646
27236
29573
23683
15901
1665
23786
9572
6536
597
11893
5099
3512
10935
22963
2883
2488
10460
16408
4065
17852
17271
32659
12741
5204
15141
28004
27644
21477
17929
13106
7530
5210
28339
16984
32454
17687
23111
4481
14822
32558
14811
22644
1597
16342
27424
15921
28322
10009
3141
11580
9298
3788
1816
16953
825
3524
22383
2233
11117
15175
4294
31316
21500
18113
26409
29688
15079
14264
16213
5504
22126
27138
2586
16264
11150
6710
28419
9088
28105
5728
2617
6656
19493
26361
16805
13147
3959
1046
30037
13943
28129
27359
3873
476
14234
10051
13710
778
16621
9706
9714
14352
11653
25195
31193
28506
231
17856
23464
14795
6208
18679
28288
17164
29025
12329
28005
1059
25352
29104
17824
1095
10849
7573
12385
7154
29132
22856
4009
28217
13537
17300
4711
3161
9649
21713
25570
30610
30543
3932
27222
30008
12688
5188
22754
26887
29198
28742
6305
10679
15987
13564
19736
976
19444
12881
30672
24256
24603
25656
32579
14378
11978
26782
7421
27010
22909
4508
30459
27607
29647
26610
26711
3567
12608
12721
15655
20633
8245
20791
26018
23871
5696
4192
25732
19131
12706
11259
31924
9323
5134
13179
25124
26504
15024
4335
29177
27315
5998
19765
13805
25553
20334
25706
14065
25
17112
16036
25366
17003
16861
8420
2733
7140
4856
10822
14509
29359
11891
12667
27222
2846
21294
5753
27156
1785
22684
23665
20902
28438
25102
8194
30591
31529
22324
15788
19309
3038
17888
15495
26232
2853
4366
20789
21005
9933
4386
3349
19036
6485
2416
3513
32766
29951
5889
16539
7387
9509
31892
3851
4171
6608
28644
1644
26235
20871
19497
20640
12051
13669
19937
4289
14101
31599
15312
30738
6664
804
8518
10037
28247
24661
32160
12190
4340
2102
3345
18759
21568
21686
3747
4261
5679
21004
11128
24796
423
2706
25430
7727
32554
17623
8803
1210
6325
26607
25644
20323
21736
31246
2028
19214
19814
27990
14860
10768
1151
12012
5862
11238
15885
11345
27342
27944
24475
17136
13139
29624
7117
19955
17858
19263
27900
18011
16108
17882
8992
10576
8233
13584
2291
6325
15773
12040
25683
27136
25018
13304
21992
5961
18950
18401
23560
18080
24863
21626
31959
23460
23036
26473
23475
18258
4213
8377
15823
2586
21254
25993
16925
7224
31184
11009
20594
12353
28384
28043
997
1020
2996
10303
5240
13172
28667
24734
1018
16971
13725
6788
4651
20305
9723
18520
15394
9813
21624
2950
19180
9276
16952
22831
13686
8528
28456
22303
22956
21978
31806
1279
20707
27890
17154
1483
25460
14742
1613
7559
24490
16890
8272
14126
22495
5407
20953
1772
3041
7847
5842
7308
411
27880
9226
31284
4337
7487
29241
848
26347
25254
31294
22476
17430
23177
1706
28550
31271
9174
16002
2563
27874
27732
19777
18017
6714
26677
19485
30604
28090
26606
20619
2229
25379
70
17413
1536
15447
30893
26891
7549
20085
29648
12648
11354
10822
1642
18870
11351
9176
12381
32292
5497
32104
27649
23671
2051
14725
18364
14159
21154
22643
15827
28332
10472
1230
15999
8624
7675
29551
8260
11687
14223
31380
27262
7748
11537
9274
11837
29485
10021
16334
24914
24251
4947
14085
28586
25082
24573
10761
30427
27128
13461
5845
24573
21052
31245
4066
19387
28820
18318
17923
1193
3604
1900
27021
27609
29019
26714
9916
5033
24088
28378
16722
31966
11725
15096
4993
10743
26067
22072
29707
31931
28319
7629
18344
4629
20547
7435
16808
4129
6199
27679
6105
6791
19546
26366
11691
24840
3892
20635
31378
31830
22910
13917
12204
3369
27876
10192
24740
20879
25609
5787
13270
9347
972
29362
23988
7106
12746
22220
27496
14298
13347
22808
8379
23172
7810
21547
27957
30515
4183
15421
15493
12781
10343
21654
9764
24666
20871
22851
16438
8475
19620
28941
6577
32092
7175
31660
8128
18605
13271
4151
29290
13069
5088
16351
27759
16712
11922
28893
25202
8068
16717
26025
23901
534
476
17517
21506
2202
17727
12985
10238
22338
941
22904
27107
23150
24025
25891
10390
26749
1909
22068
20469
13795
15092
13790
23229
20348
6805
763
23467
3873
8861
27462
8674
15992
4323
9418
31885
23568
26002
31642
25029
13997
24875
26563
31925
21216
9161
16255
26364
20187
20905
22955
4434
14468
24809
13435
8047
2504
29840
29805
15145
16178
26831
20347
8924
15548
29831
14485
30478
29925
1034
24398
2899
1539
12582
22486
15983
16859
31840
32552
7611
21359
11133
28548
22474
30487
28999
6432
16971
30931
17037
21275
30513
27872
31852
30898
19730
22153
16333
26294
11981
12608
9775
27965
5744
4077
13223
2457
12121
18054
10788
31878
25499
20960
8696
4263
22691
29125
2964
9524
7963
10566
32403
20717
6670
6482
31227
12626
24909
27016
31167
14869
8978
13130
1416
6352
18660
8979
7348
244
25530
17418
9119
29697
9059
10711
13858
23037
23845
27829
858
32287
26021
11208
5803
17355
16902
2482
12804
10179
29781
22369
7524
24987
26405
24874
3997
14701
15478
4636
5208
26063
988
24974
4953
1538
7133
16123
23812
3180
17050
28688
24608
11592
6578
5378
27868
9629
8547
18213
10511
28268
28402
1467
6596
12334
8781
25865
26102
2686
24304
13233
13976
1042
19461
2619
22489
14063
24527
30965
32677
3293
31304
18429
23919
8217
4873
32156
22318
5195
32363
7893
6053
31671
3564
24126
20968
7351
4052
11535
24092
11113
29208
25209
4990
19365
3198
27961
935
28466
22018
17260
31502
25657
2424
1189
27342
10233
32116
573
8105
20925
13159
8682
27213
10763
25098
20115
7383
16927
32512
27491
406
8088
2999
32029
12049
20592
10639
32175
23883
31537
14654
3593
8261
16230
2419
31279
11205
31312
22713
17293
1110
17371
11934
9612
16784
14288
20501
18530
17817
24396
21274
5678
3564
20081
5524
26180
345
19035
7039
29381
24397
2902
6218
19572
13396
28494
10110
16580
30684
12423
30881
26166
14140
29838
29274
17121
29173
18287
4310
16722
2871
22312
873
26519
29863
862
19833
1175
30303
5455
28312
18341
14390
13320
22000
30292
28738
26839
9444
13452
23196
18436
1268
4829
24163
4540
5345
22292
1028
24398
12562
13068
8376
12442
6967
24007
23374
28101
17708
17085
28202
12594
17184
15220
19086
28078
10486
1873
280
17643
22251
30126
5004
8752
31098
30253
5076
27982
16509
843
13381
27094
4500
6968
11556
5769
14794
15078
7017
8464
25206
3935
15554
16878
19808
20829
11483
5298
7205
32532
2013
16497
9949
26707
5685
1139
9722
16587
26006
32045
13171
11438
29505
13679
26403
31613
19332
22495
4716
1307
17024
5286
24351
23845
10800
3945
21920
20614
10663
27003
3653
24901
6553
15441
4608
13474
2589
6198
11838
10082
21937
23359
16398
31847
25983
29826
14982
22915
2783
26499
27746
1678
4636
9199
18671
8886
29307
1421
14376
17431
16249
4209
12830
13708
16213
15731
10653
18116
19150
27359
2572
25240
23086
17774
19605
24475
25479
15733
26758
16115
28221
23645
8951
19816
32708
3667
430
23227
17835
13376
25919
31545
8410
4604
3703
1935
30232
27839
4859
20192
26576
28120
1325
12053
23828
7585
21327
1909
31202
2738
8683
14709
27814
29013
9586
11217
13569
30522
16163
987
18377
20332
24878
2323
13393
23172
32282
26361
12010
5917
1892
16671
9385
30343
16233
19842
15467
27072
25221
26906
26903
15007
27517
23216
28963
1363
30490
14320
3930
26124
2839
8383
4316
12024
17470
17615
5222
14961
12237
26480
20179
11637
21534
21929
30947
15958
11399
647
19004
21426
7296
15797
9646
4006
7683
14413
23227
6975
12089
19438
8279
17969
17234
14351
11500
20172
15028
18834
4001
26155
9817
8348
11996
17583
23154
2213
4101
25260
5201
5835
19598
10593
14213
620
22576
12334
26183
27635
31863
23041
30997
1522
11648
26386
6556
21618
7170
20176
1243
30343
10379
30234
14470
11815
7180
5555
4008
6715
18840
25840
4749
22263
32105
23732
32223
30823
23844
9886
17679
4939
7517
3201
5110
18469
12382
31765
5053
1168
21028
29420
30458
28371
5547
26279
4379
12214
22380
32105
32008
3733
14627
10892
5892
5042
2773
915
19924
9423
17682
24928
3876
20477
30840
8616
21286
14511
22136
7331
2940
23314
14173
8968
31064
6561
16777
6200
12002
18676
5634
31929
16346
11736
9774
31975
25982
8613
5851
22502
6574
20684
21634
13019
27982
18352
15565
11356
7660
16823
342
17445
11938
28320
10162
27404
2110
8727
19118
20279
25761
8582
216
14476
2405
1071
3138
2409
5571
22904
14210
14229
26547
2437
1021
20855
23636
9228
3430
25478
28559
4453
18049
20993
32503
23009
29485
31456
13300
30557
929
13322
22817
25879
13558
31176
7922
25024
6886
24954
5018
6098
30419
9353
21036
8227
10
22428
11520
4795
330
8719
22360
6626
28544
2465
21059
15230
24021
9836
8386
19612
29418
21275
1834
17229
17250
11607
22985
23219
13730
31362
7884
15707
21204
17576
1888
10701
10546
17330
1048
17762
9089
26333
30863
4438
31195
4715
21070
13854
8114
26009
1776
6396
21266
7376
15748
28624
12582
25631
10034
18225
29694
11753
19234
11964
15759
25051
18841
32684
5116
30753
23141
29100
29460
21722
2684
29161
5915
30665
31968
28778
25805
21581
12997
6052
4768
26003
7926
8777
30538
21258
2165
17250
8579
14615
97
21661
7436
27147
28445
16104
2288
15186
31919
20798
25354
13036
22630
31169
11463
10530
9152
5386
19757
12913
1162
18365
21532
26059
8777
5728
724
21247
4825
12141
15800
15733
31316
7077
19282
28446
25142
18600
1174
14251
3006
8643
23147
27645
16791
11017
21607
31197
27831
21157
27866
25582
28808
27758
28175
14815
4677
3004
13518
24805
28583
12154
31781
16489
18626
29821
5737
9982
8489
16916
14199
31637
31833
9441
13375
3828
14677
19431
23428
8548
20877
23523
19421
28842
32516
3296
27392
25145
3506
17926
25151
7590
23592
11187
17491
11100
20338
21453
16473
27537
15937
5206
1562
31097
5962
8256
16271
20153
18153
26243
17317
15134
8202
26478
26173
1167
19529
29754
2423
17216
1880
3301
21552
20009
10657
20542
12745
19383
17965
12860
32554
15041
24517
27795
2311
1981
31063
23945
16226
564
1435
18694
16978
18035
31221
12267
11266
28548
2206
12709
15356
9564
17919
11266
18344
23382
15709
3395
5135
21216
14523
3186
31973
13940
16380
15350
3271
24779
4937
10852
27329
9293
9394
1432
16659
9931
21784
29701
309
9584
30794
6217
10520
13557
25710
29444
28079
21013
4259
5867
28334
22081
1764
25368
22418
9364
11567
14244
4577
8969
10727
22648
27827
21484
26488
29280
23921
9102
31545
30306
15837
15933
29590
16205
11090
627
20846
13716
27469
25422
12474
25949
31021
20288
25712
15062
8503
28424
2471
22728
19677
20705
22011
15726
25664
21497
9523
10631
26867
26660
2593
32170
11778
30162
26314
474
20787
575
20423
19290
22923
25577
16107
13506
7956
6983
22822
7251
24542
9144
19369
23688
9796
20666
1099
13037
25712
2908
18732
2356
26914
1014
29592
21638
4524
11287
21038
32535
23874
3263
30273
4093
17776
19662
28798
1346
32748
31677
16591
5176
3470
29836
32128
17420
15005
27899
30113
5790
29772
1277
21163
13200
6020
27242
32102
18846
7396
25844
18953
6701
17927
24156
12195
25382
12293
15078
3771
6916
28476
5642
19251
13100
6224
14188
15731
21629
23152
21518
16067
18985
3803
28612
21751
3779
24995
29417
16722
12185
30641
18513
30373
31299
13834
6014
15031
10364
3665
28439
30441
32305
29836
29589
31770
3544
25131
26176
15817
5891
2630
6234
18553
13109
8998
7834
30554
17652
26887
22748
11557
23839
15900
8726
5192
2690
3028
15502
10819
18344
18780
20042
6738
31472
19301
456
11084
15587
16679
7920
17611
22725
677
12359
20365
15210
5171
2149
29978
17484
822
15273
679
11482
44
25131
29499
31250
23020
13810
25872
11345
15918
24936
32316
8554
25421
4618
1168
23798
32588
9060
11457
10988
12312
30269
25797
20594
14604
18447
7552
16114
14778
7866
22432
32111
16873
7288
30662
15386
26330
20500
9702
17952
15824
21847
15344
17863
24526
22980
1968
3769
23203
22917
25587
25247
13092
10404
27883
25586
23737
7294
21460
11022
18971
26997
5592
12681
31579
2278
6704
1986
11559
15195
31629
2237
3401
31489
182
46
6256
29276
2162
30419
1331
19257
27816
6407
24659
27108
8389
27541
15936
26780
3934
17098
9695
26436
31511
12238
6283
859
26307
22580
23386
3118
18636
27599
26017
18252
3541
11463
6330
22843
11935
15853
9476
9833
23849
11084
16428
16485
3356
24832
4267
13135
23397
1100
29328
18318
6436
25318
31104
3008
32197
27797
21499
15095
17516
27390
29664
21282
14487
27579
8244
28617
30207
4270
21535
15614
24511
14997
3895
5776
4791
16862
31490
10113
22323
12732
2485
7610
21960
14714
29250
17918
4991
18448
11666
9245
31030
1524
22799
23402
27202
8498
8806
31598
11865
8127
8331
1246
12976
11274
15869
15051
26208
4053
6219
5145
13838
20803
30935
24882
27339
9778
19162
31227
28729
12746
12968
2056
17903
16470
10806
16652
8223
30035
18137
9619
31606
8135
3152
6131
10308
10453
28933
24447
4317
20621
30608
27647
16191
11529
381
27997
26101
8117
16207
5025
28731
13550
25028
2847
23906
8655
28763
2287
27510
21575
26900
31646
21791
18799
3447
13347
9925
7707
215
6933
28407
3504
7128
17947
19982
21301
6447
419
10509
8364
32681
8919
972
8354
28015
13772
18006
13829
10376
23549
29071
28214
6303
28409
1818
22879
3591
15192
10361
15623
31228
26611
12662
21731
31788
23893
20930
5615
26998
16748
27101
10174
12273
23428
12085
2062
15408
29815
23442
3232
17348
1821
27569
14151
6403
21770
12591
4158
27656
13177
15274
31422
7419
9347
23842
14288
915
4245
19877
2913
20440
13344
12843
14228
26670
5522
2751
16988
26767
6022
19423
14665
10008
31543
10022
26530
25031
26427
18216
12981
31107
18030
670
4203
24156
4908
19139
19487
4373
25283
22781
3504
24031
17703
24512
22229
13416
19688
17071
27313
16660
21346
6661
21416
11146
19764
1332
31600
7795
17139
4300
2411
31870
16927
13213
31540
26280
23125
10016
11128
30650
31431
7955
15111
22803
17386
9316
4138
5287
8558
5968
24632
18504
16499
7372
30564
7717
13818
31524
13017
11920
27033
10722
24841
12036
6260
6385
31809
4710
1128
29442
29569
32395
9097
24367
30092
15099
25551
1502
29243
31988
22284
23785
17942
13490
23329
32508
17445
16366
4722
4670
4612
9637
16535
563
2614
16154
24405
4321
6331
29214
32716
817
17893
24719
19441
27801
25447
12575
15423
24056
4015
21846
21930
31681
886
28891
981
16220
23957
17903
25476
26569
24858
19258
4436
23943
22939
20170
20650
3508
6602
19033
7913
117
18506
19662
1768
11928
28353
7431
18595
23160
32559
31190
10544
28705
17278
6985
32501
12469
27482
22831
19993
11535
11330
6871
2360
21413
10207
29723
19035
5555
3221
5021
6183
26518
9305
26193
2900
8309
17858
5180
26721
32039
23394
14971
390
19025
30038
1670
29931
31183
6428
5814
6935
10070
17317
17413
14763
20567
20907
14614
20048
17190
16965
31349
1518
2395
1977
17439
13343
20857
23185
24645
24291
7117
17137
23373
12949
11929
19495
14618
29213
5490
5764
3981
14184
12263
15210
10827
6165
4963
14247
7105
625
17493
20481
24422
26278
2701
9234
28992
47
25833
25431
32426
21391
24626
22659
5204
13379
21825
16153
28043
26357
21094
5945
18619
13298
13322
27578
25906
32222
12434
15994
3622
12455
23431
3826
22266
7351
25588
12046
27837
4718
4624
23099
8436
20943
18461
17089
4505
8825
2704
2387
4707
10201
21362
21220
15176
17823
13574
28861
16449
10350
4012
20173
30285
18136
24325
7232
10680
28297
25176
25171
10653
12738
9269
32102
11434
18698
9560
11346
29475
15648
11983
10750
18985
27955
3936
1325
21565
17749
18469
10906
15104
14638
27769
21831
11836
22253
14616
22802
21544
1668
9857
31625
3816
18709
31391
20223
15188
3239
7593
17376
19706
26654
13895
25665
27494
21354
20726
28091
29857
12286
5805
15738
2295
13700
22209
17041
1021
5839
26630
27280
1747
29457
9527
15449
30631
26446
2199
5423
6778
21520
10969
15376
10023
11101
10557
16197
161
23270
14077
20535
29052
9857
24039
4484
4527
1753
12875
2898
14744
24676
32279
14820
9792
9878
10049
27243
13025
16213
21861
23070
19365
15020
6832
19340
32177
12995
9212
1585
18530
26639
13372
29768
5078
28102
28443
21217
28847
31382
14048
10291
1299
12694
8597
29747
19191
30589
18792
20326
926
10258
31825
27635
1116
16355
3829
11516
16544
20026
22219
18478
13618
17229
3965
9623
6328
28341
12177
29112
30079
16929
28744
5596
4216
11340
3270
2728
16769
8236
31860
14578
8422
7277
11427
23767
11816
18205
32114
7943
21501
29097
1521
22628
28055
6408
25478
13260
12585
13878
6288
8754
9128
29412
15947
21748
31183
5742
3572
12904
2661
16141
1325
30904
13762
15182
10658
753
26256
6082
12269
25686
4047
13559
2487
19962
19483
31144
7968
29326
562
30001
14177
23671
12977
1605
21680
27172
21278
23011
1893
25758
23083
22150
31834
25696
24889
18333
19095
30826
32540
23866
17455
17297
16414
21518
20069
1049
24390
22933
1299
14725
9434
142
11597
23726
3618
22958
15169
24083
8815
1173
28513
24176
6492
19713
20165
21906
13908
10306
31434
7017
32084
9966
11264
1887
9458
11989
21571
6632
27039
4407
11303
25690
9769
20789
12186
8960
21892
11910
19908
15721
25033
18539
20530
8454
25727
27877
15668
10741
15386
26661
14723
3607
6849
26692
11559
32360
29268
18740
12184
29328
25006
23799
32548
21173
1831
1038
1936
29588
23645
10805
15362
6352
32565
31565
18463
29065
3100
25754
23664
17201
28051
13870
6666
13979
17642
30885
24942
31573
20555
19219
2222
13624
29179
23867
15569
26685
15581
23042
4729
22163
10808
22051
2499
1262
23737
5923
2415
22817
5308
18056
5441
1775
14791
25926
17318
16158
7511
4986
13979
21710
23264
90
7115
19721
30991
5740
30711
3227
12370
14327
16795
6180
31386
8120
3791
6763
20576
14805
23147
9461
14054
2327
9326
24279
959
27731
29089
5576
31121
22569
28279
25978
8730
22769
14648
26923
