15988
28326
19727
28428
29399
1501
7817
6270
29473
3172
32005
3609
10597
17810
22989
2571
31986
31243
8004
16445
14549
21559
27525
15984
15263
24818
24135
4747
21608
2181
32260
11059
28947
5077
30810
9885
468
4571
16817
928
13808
12628
22558
26895
30148
25274
11655
30533
15881
22130
32008
22529
16470
11079
3990
117
27878
24855
13282
22937
18844
25548
28032
17093
14916
17038
8009
8831
7708
26424
13566
31122
26259
25096
4142
11360
2896
7578
15449
30328
32630
3863
11861
15467
3111
13994
4849
12252
13383
1075
28889
31191
1410
29760
8633
24420
31376
31033
26277
5211
21175
1242
7097
12409
658
17894
20220
31412
8722
28186
16010
32460
31682
5216
499
8483
8527
1862
25310
9422
10567
9134
10482
22508
31265
967
23798
23094
18046
6716
18230
12760
7854
3499
11561
8832
15222
26712
4690
31412
26128
28707
100
19304
8564
15031
6825
15824
30934
20997
164
31603
6000
31985
17398
23681
3457
74
30078
20582
26262
27648
3524
13471
29960
18577
13464
3532
30406
14533
11254
22279
30548
25499
25133
23413
4884
14979
28480
19994
32709
28621
397
5106
32329
12642
32172
29757
6571
31666
21914
8986
22368
6381
23319
23127
15565
8310
4428
29832
19978
2709
16817
15958
27110
11372
22574
29210
10027
12332
19073
4523
5923
23944
3807
4723
4442
18026
26078
4041
27814
11237
31634
30587
18789
12140
9206
25769
20742
9281
13966
7386
3787
5423
19787
25417
17868
21116
27311
5760
26688
7194
19249
19496
5112
15389
26083
24352
14380
9586
24658
9164
18554
27341
31150
14000
8492
8675
12587
6461
186
1754
11174
4330
14991
29693
7308
31879
1808
437
13816
5070
5339
25268
25627
17724
16204
20596
22497
9759
3654
7136
9425
10479
25392
13905
30262
3553
30525
18107
8060
16826
3825
7977
3036
7905
1761
9830
20796
17593
7610
2557
27216
31021
8068
19556
23558
18573
22056
885
18977
22424
25392
23325
16163
7130
26319
12376
11121
28216
6177
22621
24498
11209
12979
26645
1656
22759
23878
4050
24866
31366
28112
24382
19457
6597
11972
1426
19897
9667
2451
25096
13802
10164
14963
30866
3856
32052
29023
7884
26536
3290
1119
29999
13973
10513
5897
136
24257
5411
23368
30633
5639
24727
20316
6495
13137
3261
7458
7844
10237
12423
32406
7445
10374
3738
19350
28070
18528
20901
5353
27540
3363
25330
28799
8091
15596
3899
23290
11114
27648
28094
21102
2388
3507
15763
3685
29768
3209
11582
31015
3075
11674
16513
20024
2436
17211
18548
545
6080
29402
8663
22387
9368
4650
11686
17674
15880
24449
14318
4495
20385
6526
16608
18496
21561
14830
23587
27380
20449
22512
6767
1369
9751
30040
12632
1409
8253
15186
21863
32157
14410
27208
31343
13064
31680
261
28190
7815
6878
24346
211
16847
30742
26240
12463
30279
19393
24704
2799
6416
12306
10704
14201
14403
10568
27135
25268
9593
32296
23058
31133
4497
29867
24176
27672
5549
18164
30715
27011
19838
25732
20608
19345
26306
21425
26193
9046
18954
18260
6960
7326
16577
15555
10863
11139
15466
13823
19030
14399
9001
25646
31941
15678
17797
22091
21274
2936
24940
28
10581
10493
22135
11620
7291
32209
28528
13659
16440
17147
25874
603
22471
26585
32271
16860
5655
25014
28760
20642
10534
6558
26520
14133
5297
27761
21761
19090
8208
28983
27724
17696
23388
31155
29179
27621
32722
315
16098
5114
12156
32199
7397
7228
22542
18247
24835
12101
15630
2362
26260
24987
27959
29308
20430
38
10016
5983
12174
8936
28953
14846
86
22504
26709
27854
3217
31343
2895
17270
11295
2679
870
1505
31501
6241
12746
6545
28068
6374
924
5430
26022
13648
20817
12927
11476
27626
19800
4656
30899
5301
17916
1653
23440
7772
16011
22389
18114
5994
9144
13867
559
22459
7998
20849
15634
24112
20166
16734
7163
13991
25099
15570
26647
31787
25660
19791
17329
19303
13474
29963
2041
14689
29314
31555
12292
8805
24645
21201
29973
25918
470
20225
27
24237
31308
6817
21626
14611
27849
9559
22542
25713
25761
31544
7277
19090
2239
14997
19821
4999
7749
7192
26855
3668
7795
16656
9146
4585
25546
15370
8210
27220
12913
1953
22762
9780
8151
24471
26319
22641
7578
12324
487
8746
11176
3981
25907
6383
30116
30201
30481
23857
24459
10113
23301
29942
17815
1158
20664
16081
29539
13383
1089
4370
5713
23986
13220
22842
12073
25211
19864
20402
18178
20588
28046
5052
27494
31996
22766
17321
13745
32546
24996
25933
25018
31595
20955
12976
14261
30283
17672
7942
19800
8368
4651
10209
25149
21213
11090
18086
23432
10614
5726
5693
8905
30935
25353
269
27684
2730
16936
2856
10159
22969
8750
3266
8731
16384
29938
28904
6295
19207
690
19567
17393
10863
28247
24874
7934
27850
20218
24928
27709
32432
680
1916
16055
8207
7778
22023
2601
17346
8040
5076
32357
3429
16824
22650
12790
24936
8145
15623
24579
15203
32700
1267
15734
16041
29005
21331
10588
13600
8615
16463
15503
28752
2046
25302
31891
16569
20385
8849
13759
30570
9015
26133
16541
9679
15688
29020
13971
4043
25088
2166
22978
1030
9776
10876
13358
3721
10134
30918
12831
14728
6750
7773
15304
20606
20456
19379
4647
22912
6860
6802
29484
14538
13340
28243
18717
12959
1513
9296
26937
16208
32520
10396
9628
26010
21525
17137
13922
3892
20921
12265
15887
2985
9257
23153
27951
13668
14319
18811
2361
27913
6125
5620
23225
24332
27807
31990
18094
18300
160
25150
5937
10271
28272
22240
14168
9412
23412
30777
26202
31189
25662
15142
9716
16684
7695
30579
26635
31015
20890
18327
16274
511
21259
4254
6318
1365
6984
18022
15384
31758
1655
16398
8644
18017
23488
12460
22208
2606
596
6206
31326
19346
1966
16612
5781
29624
23321
7244
22437
14834
25202
5485
26362
8968
19503
10872
27987
2768
17056
25355
35
27646
25717
30376
32311
23102
9857
14183
8090
25216
701
5351
15542
17811
6288
19338
4283
16630
8781
5090
31557
23019
25598
26214
1337
24268
30560
10090
11503
4770
6446
20302
15767
14068
23458
25333
13781
26589
25146
20600
431
32353
2744
1052
2985
27905
10092
18818
26926
19085
11957
19742
9778
32570
966
20970
29718
18421
15526
28508
16332
1014
2426
27541
29499
151
8455
1499
26085
14183
22131
17737
16583
12922
15435
8133
22912
2820
30923
3379
18614
13862
12121
23272
16310
5128
9042
21346
24922
29992
30729
3638
8752
2546
12813
31817
29656
28816
23979
1091
16302
21763
32436
17217
29866
22387
11649
17867
11396
11459
1331
19717
11291
11625
18239
29737
17175
18045
22571
18996
20173
271
31122
13280
25700
5054
25966
10707
26166
12934
11927
10006
2169
4314
2694
23496
2335
18931
26719
30740
7930
9063
31023
9056
25636
24061
3441
29639
16286
2240
27608
31178
4663
2642
1352
13378
10928
21635
10789
153
17693
30242
9425
23354
6542
32532
23920
1094
15855
27298
27375
23689
24365
1047
13636
3756
5531
31115
3319
22700
22675
4346
23521
2443
21856
13209
21300
1861
11611
17257
15035
28933
24405
28428
17763
12697
24629
30680
3835
5667
9954
7722
10040
15634
12132
10236
19964
29009
14662
13754
17623
17854
17726
22866
22991
1246
5648
9099
3932
18639
14511
7063
1463
20350
22437
21739
2388
24346
23990
5966
27309
20168
11200
19760
834
1944
26086
11326
3038
4535
7149
19507
10267
487
20710
8177
19240
23341
9742
1232
22986
14537
11506
23606
11681
21611
9431
25448
23981
15524
10072
15775
28689
20379
2129
25695
22806
19969
27900
29188
27506
6727
24154
31390
7627
30734
23253
26366
18807
24543
11043
1553
18054
15132
32365
18541
2306
7222
4529
23082
9077
18209
26213
3827
21164
7685
19549
21596
30395
17975
17134
7798
7489
6503
30036
674
237
14107
22097
29858
8769
19036
7959
23030
23958
22446
13672
26469
8801
10054
15612
31962
12212
8056
22563
29553
31240
9071
23467
4562
7737
18976
31236
6846
1490
384
10658
10727
8331
29173
19107
21253
22288
13835
20402
14118
6916
14953
28203
1093
14406
23043
6527
4895
19315
2705
19931
5954
428
11583
28164
5479
1433
22438
14470
5121
15789
10491
6157
14870
16300
32646
21267
20558
7531
8790
24251
22602
28376
13108
22781
11830
15673
31957
28164
26786
13241
29012
11476
27277
14624
27871
3888
23491
22242
4272
14523
31594
4443
19006
12637
215
5465
23221
7912
32422
24283
29348
16892
31753
15640
13814
14888
14432
22467
15396
21841
19722
6542
24745
28248
8571
9197
30645
7927
25999
12316
15141
18668
1566
355
947
14938
20433
19609
8810
29036
13364
14567
28254
17211
25868
24014
23193
27122
14826
25195
10328
15920
5120
8698
2424
8109
13364
31130
18219
20769
14195
9039
16623
19297
11592
16973
22465
19403
31917
1140
6541
8677
2849
32023
16618
65
23034
7425
23812
21668
3581
27578
13785
27494
5420
26118
16553
25116
24287
9647
14503
11637
23062
13956
12277
13922
11790
15522
11471
21114
24850
20466
9991
7068
24980
12531
31153
27350
9596
15034
7455
31365
21440
13879
15632
29630
11317
29369
32548
27373
8613
18356
3475
4028
23073
25539
14879
5175
2456
3305
19783
3885
23209
13852
21950
24025
22966
3588
3099
18625
5690
27392
7890
28639
28252
14442
31331
16895
14532
18716
25041
872
16557
13106
27478
10174
18491
6418
13653
807
1295
938
26512
5805
19226
12793
21659
31716
22958
465
20369
13260
32475
21979
2565
23800
1272
7387
3643
5360
7808
24117
10648
2261
17440
28593
23384
31043
14605
14459
7039
13691
10651
9582
3602
20930
6156
12945
30342
7428
2981
11746
32633
6589
13832
5971
10912
32282
701
16915
32001
32603
17682
6926
15202
27771
30757
14519
19201
23571
17727
6149
2693
29052
17507
10939
14133
32051
11047
6893
12904
31874
24003
26560
15164
15453
5736
16241
28811
9099
5843
15001
12059
26630
6177
23727
8213
13219
27877
32206
3001
31733
2424
440
17487
4463
26256
28
15713
10698
29204
16916
8999
27046
559
14578
1603
12660
32420
21052
28591
12691
13409
19701
28915
2489
1878
29726
1179
30613
30343
25213
21224
22707
9824
13213
11974
927
25929
17942
24318
15437
24187
29454
1965
18360
28434
24320
18421
25290
20835
18365
24562
8316
4751
29616
29423
29502
1625
9829
14810
26009
11572
15949
14838
17939
16544
24507
21456
19027
22967
20787
15988
28037
26115
27876
17120
3584
24211
19315
19385
3622
30030
3066
7485
31884
11399
23889
18809
1884
3281
11404
13500
16119
27924
7364
15947
27614
224
11291
24918
31698
8450
10746
25131
19002
597
25245
23466
18374
20187
9170
16633
17746
21772
32509
10105
26125
16750
27744
27896
31962
5734
13209
3624
22774
22094
15724
16719
17883
5063
12995
10561
16997
23633
3315
13452
13108
12569
31553
31986
5201
529
16805
15132
28180
24390
29902
8844
4421
21615
14181
14804
24193
8897
23702
773
7391
19723
5069
2155
9172
10750
445
8567
23636
28876
27303
1021
23866
29686
20953
30112
9962
32350
12917
12682
16949
1700
13683
22112
18045
11439
2281
28788
2841
13706
15498
29757
2042
31090
18285
15621
10639
30765
6929
25570
7143
1949
26525
743
20758
20628
30060
14491
18137
3562
14280
32682
20349
16845
31990
11995
25084
21849
24436
13634
13674
22120
23678
26295
11151
18348
13270
27783
20182
14075
29893
11881
26470
3561
23645
18355
27534
20636
26882
23757
20326
16092
18217
25830
30643
2922
31582
15335
21516
7571
28044
4261
25659
4356
14713
859
11494
26592
26768
2135
24431
8976
30947
25331
14616
13531
21872
19655
23915
438
9123
7453
12249
25437
2589
1189
28833
25122
21684
12651
8435
6277
6587
28421
29269
29958
17539
5905
17735
20023
10529
26079
31522
32021
1394
1898
8006
29080
4957
28813
11124
30089
4184
22643
27513
4500
24110
26192
17421
18590
8447
26446
24826
7513
32392
8395
3713
5653
25252
4801
16889
13017
27923
16005
5561
2482
27771
17845
15416
32075
2732
30059
11891
16830
3624
4535
6543
9130
21731
30029
20416
17798
27719
22906
16489
18228
27259
23133
15237
3033
27877
2899
1093
4589
24558
12211
30458
4494
29701
27580
17974
21786
25574
459
4910
32764
28700
28625
25955
14278
13252
261
17794
25473
13973
10198
32648
30016
24605
13348
20521
29180
12365
14767
371
11163
24888
15056
15023
24914
22040
27495
1928
14893
31634
8212
23151
19948
32059
15786
3645
12305
29786
15584
11034
12599
29680
5706
29342
19109
5621
10888
30519
26659
28133
31422
17099
1037
1147
17732
20638
18853
16572
23198
24181
12717
25144
16046
22780
19766
28813
27176
26469
12979
17452
16455
23122
16721
3168
3262
501
11915
30348
7666
12149
4600
23220
20326
26004
25448
4414
6262
31888
7984
22010
29513
15686
1218
23649
12289
14237
9089
31002
2100
22562
10707
1219
1696
240
10871
23533
5914
10707
19481
8296
21192
19373
5923
8130
23696
6936
21975
778
25040
22092
15003
11225
4944
10820
16531
25236
10869
29468
31349
14827
20151
23486
17305
19365
28500
8381
1872
12960
25926
31361
4727
26131
29043
29349
9036
23063
27429
10397
11136
2406
12985
18844
30861
19554
15515
16308
13897
8537
18546
23616
32699
18951
6295
383
29230
25180
15820
3969
30341
21632
19243
6215
13518
19989
1628
7974
26138
6844
26635
26476
30859
2010
153
5702
14766
13724
5394
11233
31499
31032
2144
6096
25851
13430
25790
27822
27578
18032
6511
30468
6845
31125
16559
15212
10822
4852
490
8183
4917
26296
25644
17613
5409
5614
9433
20499
25255
22927
26270
12562
26626
32442
19623
7829
24540
30785
22034
21650
10852
10599
3492
21773
6817
19944
25019
12346
11782
9018
14468
6114
25158
14099
5230
16903
7530
32555
23775
24267
23584
7747
7973
9614
6742
31334
23471
15703
10759
2159
13181
1141
27733
28875
2517
31590
8409
29056
28216
22263
16183
8558
25236
32173
3829
30933
20923
29796
29069
17176
18964
32310
4800
24001
20624
29598
29486
26820
24544
5341
292
19464
26598
23453
13237
13859
24937
4053
23564
30822
18956
9196
8448
25625
7297
7201
22761
3335
6394
1322
13746
5438
29152
15899
30512
26128
12488
6538
6066
31325
26531
6641
9946
7701
564
19795
18091
18168
19400
3107
32482
27296
32033
8033
23178
30146
26291
4614
971
18609
2835
12706
20995
23843
15788
580
32280
31032
6580
10650
28940
5048
25950
5465
24785
19868
13649
24799
12127
9425
25690
15896
16389
17464
13149
26014
14076
5361
9618
21028
22338
29913
27885
19220
29349
13905
31454
631
8222
19778
2363
18966
11361
19806
12155
9182
30898
7592
22564
12681
15354
1334
10886
18299
23066
30005
15530
9962
17791
13359
8582
9026
7927
20105
10098
14024
1987
28752
23264
19069
23021
3125
8519
13637
15068
29653
96
13896
15397
17726
26005
28313
32420
20911
439
7702
3020
24992
3311
10127
22843
31234
1783
8234
10897
1736
18313
28165
17795
3750
29464
14878
11307
21529
10175
14704
20898
1959
30327
4447
31953
28520
31884
23382
19844
10181
12626
2991
6080
24960
15380
16339
2391
16629
26189
14242
19897
17055
32282
32277
9229
18653
15600
1313
7041
14070
1674
14559
27102
15707
5158
19947
4191
15149
24561
20234
17091
22783
25792
11791
17569
16605
1536
23551
12540
6029
13296
11379
24599
6932
8206
2110
24458
2685
5582
13136
12438
15061
19346
10714
16566
32122
16343
22707
20598
15254
30380
13563
15496
27366
11113
30462
23829
16320
19101
31834
28497
16468
18504
5477
15698
7474
9803
16841
30754
29452
16156
8305
30739
22973
10430
5801
22354
25739
17393
29312
6847
30633
19366
3185
23804
5888
30901
11331
12228
4656
3538
13614
10111
12753
24510
23871
17683
18942
11706
29694
12796
22036
24129
31821
671
439
29686
7571
29403
17174
20188
12314
20706
27248
3525
26806
2631
19160
9229
26536
3928
24629
30599
11969
173
5772
6840
17099
23297
5762
30531
31780
5441
15132
31909
19116
25827
5322
10018
28897
7289
7588
29439
31305
22662
755
4082
28945
28304
10227
26839
5875
21110
17879
21412
9565
26116
19726
32159
22735
26309
27589
26575
19332
28184
23981
1968
25430
14214
26878
24619
22236
8531
11452
9924
3541
6995
9273
18710
24777
30719
987
26236
31725
21448
21279
4626
26952
1708
26590
28892
1556
21510
9935
2116
26471
19626
11598
20682
29202
5937
18523
24823
10697
4754
23782
17554
31621
1779
9546
21527
1831
22718
26647
8293
11358
29174
3092
18103
24266
21964
11652
16597
1378
4717
6313
1420
26899
1311
19847
3419
30377
9356
28906
3951
22515
17757
20138
2770
10274
3339
20782
28639
18291
1778
4655
32249
4622
4008
26814
10620
32301
2700
6281
7668
25984
5538
1626
12429
32209
12190
5600
22219
17636
1086
5298
30075
25505
21213
22161
7146
19572
9030
26349
32596
6389
15558
29611
19103
27332
4997
21798
5705
21431
8213
22388
7328
2360
21836
10474
32305
26344
10319
4578
10882
1161
24304
22971
16644
25370
6202
32034
32323
30019
17225
6544
2400
1780
30816
12820
13761
18506
26677
12627
3335
32690
21903
19661
13632
10064
19731
11618
1886
31138
3931
276
27113
12640
24905
23054
17392
167
13979
32486
7237
855
27327
4127
14570
12474
31720
9970
21190
4198
31841
20813
12700
13924
11810
3869
17470
19089
31905
13513
2302
8005
18666
22270
23142
6963
15346
9138
29737
31376
4904
19555
17496
11128
6990
26016
23769
18829
19847
24523
6422
31969
17073
32029
19442
16406
28916
26858
2561
20931
26523
21543
25592
21786
32035
15145
9570
26056
9106
14511
27541
8989
22283
2595
10469
30317
23198
10525
26647
6326
14180
7721
25625
7042
12748
28874
18416
30991
10544
22719
10993
28590
5548
5252
7476
11369
6191
2332
22598
2280
20690
3854
26654
24726
28521
4270
24658
16639
12888
23965
29067
31100
18345
22419
29495
19987
17499
23644
13693
20889
9724
4385
12150
11033
4730
29417
23962
19066
18998
20575
25720
20571
90
4310
19371
11586
3437
27786
25865
15350
12324
31273
13341
23337
20603
13714
27096
19034
30981
25564
18563
19962
31360
30874
1016
24270
28077
24669
29202
26772
1887
21627
8034
23529
29393
7183
7203
5994
9788
24129
5488
27674
26025
27080
3765
16644
26628
5549
20324
6689
21107
8017
22761
1659
32230
10673
30943
14739
15086
16873
19332
21504
2002
3319
17002
8026
27872
706
880
16726
29441
23131
13297
10802
26768
2946
1083
16980
26732
2412
3907
6958
22348
6851
25239
10084
19283
29423
17043
15921
4581
28820
32472
28167
18360
9563
27386
25205
14126
2806
20345
24910
28898
2398
26355
8968
21120
12895
15255
2658
28635
22103
30941
32585
4665
22075
1396
28925
16881
22234
31100
17264
3641
14694
17654
11247
1849
32048
6777
16643
7780
28339
29222
16794
24839
18388
14558
22370
16674
9576
32690
22646
24696
30199
16282
19516
4578
17855
1386
14221
1256
3068
6659
29719
20370
23911
31430
5888
19068
10237
13903
10956
29481
23553
351
16513
18585
9796
6169
7177
22046
8100
16242
32727
24683
5587
31459
23502
26862
20826
19040
25438
31584
31965
1166
20208
31130
4512
8497
19588
22954
27978
2019
25496
2598
29929
14092
20556
28864
26935
22286
6597
14107
20508
3520
26575
23005
6003
9758
23494
11782
21777
24639
28854
20608
18435
32135
9921
13302
32536
23837
32193
16618
18592
15519
815
15362
20338
28949
30532
26275
2356
11300
19805
3521
22998
8581
2980
31478
4192
8373
19949
31697
8430
30445
28638
29552
16376
11604
8787
10833
17111
30580
28672
20581
27013
26090
30041
25958
30117
12642
20398
31595
12995
12739
1947
1978
21468
21927
31391
13789
18977
11790
2059
28920
30968
25171
1310
5977
27460
8287
15470
3153
28134
23836
31881
7234
13188
31020
31197
26362
25992
7644
2005
17471
18028
26195
27973
22187
18742
10512
22536
16571
16958
30099
13288
12322
5431
6745
26813
13155
1133
18190
17369
3486
1356
7935
4260
31914
15906
20430
9348
9573
4390
105
25088
6728
22712
11324
30500
12351
14570
16038
23335
5559
10816
682
20299
24568
8628
15080
26373
693
31229
30155
23390
26081
529
29187
11673
3525
21737
10038
23830
2384
24196
18162
13430
6830
12846
18919
29184
19996
5634
23891
20291
29434
26542
17597
11261
11041
15990
998
24636
1144
28284
25853
31171
20674
20798
12050
26799
12218
30560
8397
24411
32610
10156
864
27008
9880
20311
27066
32417
28138
18309
28669
5030
23211
5136
3891
28615
16454
32645
22845
18603
31699
14448
12555
27089
3560
21466
21267
27440
1714
22799
16891
15130
30788
15013
27545
32614
25390
24761
6686
4558
20818
10364
1422
7062
4851
31983
6516
5231
21007
27882
17107
10394
28655
25187
23135
19024
24828
24301
32493
29282
31444
24959
29737
21533
26781
22903
22919
2160
14746
19166
19836
29777
15867
2030
20717
28252
9722
9169
32488
26557
5923
684
27794
7249
11251
10972
17760
3592
4517
15232
30602
20366
14409
11319
1213
25130
18710
14891
19217
10982
22273
9806
23098
17136
32143
10467
10498
10048
25063
15937
16119
2939
18987
12499
9824
21527
16136
1124
14966
31681
27532
9881
9681
26619
12088
2239
9505
28938
5719
1735
25118
8463
11406
16271
31426
28276
23987
16996
2229
30089
22754
13764
15625
30063
10702
23400
25639
5174
31830
5506
26121
11842
15961
20803
5802
13555
5066
31392
27323
24709
20743
23894
25752
14644
28518
5931
19834
15268
12305
32631
3822
7297
24853
10212
16518
28514
30901
23154
15822
13556
31492
14526
22657
5204
23987
24707
31485
17340
24103
14689
20213
25698
32206
20445
15462
21917
6324
25002
21708
17226
19025
32551
32405
29550
5286
26152
29910
5917
32136
31225
28477
8858
5691
31904
1607
28863
8514
28003
10162
13727
19062
12426
12086
1131
9558
25702
30576
27794
26014
1938
30495
29228
1563
21625
16018
26009
20925
30232
26977
24165
750
31238
22620
23919
27938
9137
18369
23115
25775
1258
5554
16356
22752
32676
19685
7270
21572
5368
18334
2139
22348
9581
32474
2324
16661
1655
22989
29258
14979
4413
4495
2821
22415
3743
32019
31165
25314
9336
22872
15295
1954
10272
25059
11219
19852
31286
19820
23580
6979
20380
728
18239
13031
3010
6759
7368
23786
4136
32559
11465
13599
9502
17609
14019
19988
24527
1354
8138
7842
10621
23412
21477
28098
19470
19758
22196
12450
10184
14898
18261
3833
30297
8966
23431
407
16154
23597
5648
16192
24724
414
15453
27578
21316
15989
20329
15653
2459
15593
3040
2955
4425
21118
13699
32440
22971
15483
12750
20044
17378
159
13784
18446
24375
17936
2940
4227
30716
14996
12726
20928
23236
22531
23631
19580
28981
7677
5821
32617
7181
5080
3653
22725
28259
9948
18274
9771
11824
14515
17002
14000
15885
29211
21359
25387
21566
11742
12643
28884
8944
4100
128
529
21951
7495
23527
2444
2171
26311
8840
29577
6956
7679
2881
31095
1875
9464
17482
21444
6771
28348
8656
15862
14800
17422
8160
248
4983
16472
15239
30641
24702
6885
26424
16859
7309
4176
7789
6419
22174
61
23697
31788
32512
4934
31518
9417
22178
32057
15107
31531
25486
12160
32072
31815
3764
4064
28404
17948
20201
1895
11311
15939
1327
32159
7844
1736
28215
5128
6953
13624
19748
13765
674
32763
13202
20374
27170
21988
2775
17414
3668
5127
17032
28646
5658
19915
18496
21241
26739
23360
11420
12529
6562
8626
6538
16026
13197
19070
32196
12118
23907
23588
4503
14025
9857
27038
6377
21205
30871
19440
1658
29129
29958
6657
25706
18645
16781
21161
9724
28354
2085
27915
18073
3807
11817
17189
23064
18495
1722
2725
29244
3361
1122
20478
32126
5808
11767
10172
781
16621
23235
2580
24596
25321
31201
3264
27195
30519
26858
28426
7024
10401
7634
11302
10983
5914
10252
1988
14175
26868
19701
18662
26280
31827
17263
5871
7778
19682
21196
11517
14855
25028
22767
22393
25132
22478
31661
28653
26883
23539
2425
19221
20517
10751
19777
19768
23438
25481
22931
6328
21993
21282
3844
2793
27151
28627
25042
31519
13770
13511
8904
28683
31198
8516
20322
16199
2890
29920
11570
19247
27083
31729
13442
21235
8098
69
3643
2282
20119
12819
10502
25385
3646
7474
10672
23125
32633
32393
15059
2741
14654
3527
32691
27531
29338
3924
11878
4261
3574
17031
5432
10799
27034
25
3917
14027
6511
7385
11400
7140
28169
25762
4268
6206
27876
16778
19905
17618
7662
25437
15802
6106
21062
31562
8020
7720
18500
24539
31297
24251
20665
11563
3718
7316
22904
13651
21282
27334
277
21797
18416
18125
6124
285
7886
11552
12901
7828
32767
23562
12407
32055
28110
14517
24171
1208
2932
2696
4835
27331
19260
178
28186
1332
18405
13831
7789
3207
19784
9996
19995
25231
21563
20045
7753
12651
30132
23287
21321
30391
6450
13730
5659
20223
25176
18287
28468
5497
8667
14163
24191
11251
19871
4530
13474
32522
17437
3632
4482
6813
24328
26564
11273
25217
6448
31502
18215
17270
19366
7914
30742
28762
17953
27461
8675
32669
18080
25135
18986
31989
5201
12082
11041
17235
16818
28898
9943
13077
23030
16566
32702
6269
32170
27926
31336
22114
12952
6581
19598
10533
27372
14881
32086
5607
1941
6809
6869
23033
23022
27422
26835
28308
26782
204
27855
29899
31677
16747
31555
7613
13368
27970
10794
25359
12918
15147
19646
9114
4155
31469
23686
30816
12749
12741
29584
21957
12886
25926
15356
19708
28554
2148
30906
447
30857
16075
2963
10307
25607
27253
7278
8043
20906
14203
17868
31548
6835
6699
27286
5009
30177
29532
6424
27407
4754
20222
8013
604
28460
28917
13405
27532
28347
9256
23396
12764
29148
32724
25461
27043
30425
5927
10463
31877
1301
18186
31662
1514
26539
5694
20341
21422
31570
23466
6219
24347
4996
7923
30996
21012
15071
26446
9986
27794
21195
27794
9819
24149
22109
24210
17532
26835
17531
13993
29470
23925
30017
18326
26840
19458
24228
32650
10981
30043
3157
4224
25640
22122
20200
29389
11629
24405
26166
30200
10994
10999
11008
21451
8998
19088
31701
31146
29360
31163
28981
31780
435
20129
7414
26824
7760
14957
22759
27194
24685
28160
26804
29318
31413
30437
29449
24499
7392
10375
5626
20124
19253
9633
6819
4091
20301
7671
3083
29639
9753
5188
13647
24256
3879
16499
19196
24136
8480
25105
17340
11892
1942
5891
9269
26211
19964
2676
16942
16078
23542
4114
17139
9953
1748
32634
22779
6985
23640
25584
1225
29583
2752
21588
23824
6564
2560
1873
8730
24509
27216
30680
8298
26720
27622
11725
9889
21695
17413
32512
4766
11590
13110
23646
14825
14448
20694
32617
12626
13278
12240
3045
14293
9130
16556
31188
18625
11257
5321
23461
6426
10447
26342
21673
1083
30760
3303
21446
11199
10820
14038
26223
20130
3138
7977
14291
7076
16624
4163
4181
750
23522
25405
26941
19192
12993
23525
26797
27818
22758
1543
22998
31426
31015
30700
30059
6261
497
7713
3670
17241
22424
29817
30379
29826
234
20565
12506
23787
522
8227
16680
16664
22908
17445
13152
14330
21372
25716
10437
20755
10132
26692
588
26075
5229
29289
31496
6753
28134
1819
18150
20789
20835
16118
2458
5766
29799
11076
14809
18056
16742
20351
17609
29464
14036
21522
1462
19619
15490
22112
26118
4676
25386
31239
14703
19756
16969
8038
10855
23367
26668
25437
19164
3357
4174
19539
7462
23286
5089
18558
10554
30017
18603
24926
29216
13366
16915
18571
24487
10939
10364
8625
28759
24708
6865
11737
18343
30591
20065
15338
27760
16495
24814
623
19362
726
4352
18074
21302
31769
20607
29833
14691
23007
25985
3273
17429
13242
3425
2841
9371
18441
22033
10864
15263
29
8625
10817
22876
32666
2144
30973
19979
17184
3154
26586
24222
4651
21538
19411
29105
18488
24426
12271
2238
14634
27026
31943
22928
13547
28389
14658
7162
28246
2026
18596
24520
18773
3825
18887
32502
21574
17388
31655
32
28836
25216
19237
32058
28387
24156
28164
25217
8603
14794
12088
6577
11241
10883
20576
30073
3859
200
9361
28972
15210
1198
18517
6329
10357
15802
6899
11485
14411
22701
23793
22423
27201
8097
6104
1245
8389
14421
13111
13197
32394
7366
23274
21158
7910
511
6812
32440
11640
8497
21131
13209
8461
5894
27019
18010
7620
19763
24654
15225
17009
8781
10722
19800
25920
17373
28027
14062
923
28342
5491
5821
26957
2438
20367
32260
21223
19884
25220
53
3938
29257
31930
22185
25863
3482
24655
27795
15756
8325
4191
26419
23936
113
25475
32332
10985
4955
8087
14551
18219
4646
705
25081
43
17715
23982
18995
23733
28466
8991
10457
18459
23096
4261
12741
8479
15121
21672
13132
12307
24279
21934
20593
18495
22211
32474
11097
6275
5700
13747
5119
28478
14158
23848
3881
30062
22773
2512
18843
9496
19514
19318
19338
32490
805
12244
83
17183
30228
25247
26221
12707
29522
3780
31644
5495
3307
25842
14696
8024
6335
27480
13774
21403
30422
31408
15413
3932
4595
3196
29348
26839
20076
16015
24369
28438
23352
12240
25021
3277
6474
6715
30174
4738
3357
20008
20765
11248
3729
29392
12642
17582
10997
12301
28588
8204
28005
9569
11013
10302
342
21050
8118
14524
25455
21364
32439
26600
5275
6688
22889
5105
860
32644
30087
14072
8034
23138
7514
18034
19292
31102
16429
8654
8462
10074
30465
21591
15267
6980
16770
11867
31813
31634
3897
31117
31980
21805
26882
19624
9587
11340
20161
16981
5873
2690
7505
5967
24902
11771
4285
29637
14068
15875
14003
25600
4913
10439
25909
17477
1594
3680
2450
9213
7145
23821
25493
25619
4234
704
252
5278
18411
22493
3371
21952
15026
10046
18722
16333
19955
30586
16301
5808
18690
31079
2522
19595
23942
16349
14256
6046
30159
9405
12574
8042
15722
32562
9010
1302
6130
3895
19852
19217
31272
16986
17425
24569
22854
13759
30948
20668
9361
6503
8850
26109
32046
22706
21132
12473
8246
11299
20443
18986
14093
30820
2575
19179
495
7818
14456
15710
4299
8601
31129
3915
32341
17739
1754
18121
24919
2573
20605
32354
26695
10827
5587
27762
21279
31981
19888
31184
16233
24866
29468
11184
31385
5980
2635
25800
20128
11164
29136
16818
31934
21743
21517
5266
23192
28216
19694
17400
17802
27697
6103
4360
24638
29869
23002
2264
20094
31520
23598
9497
25414
1632
19164
24570
29982
941
19388
16201
19622
19184
416
6875
24947
14400
20431
8751
22809
32426
29109
25934
31881
6194
15064
25845
6046
30485
4878
28150
30450
23633
750
17372
30710
30567
25732
24270
24386
13152
3145
16566
26921
21774
32337
9634
18577
20116
967
4970
2049
27689
13463
3219
252
15896
18794
27251
23950
25611
18903
8854
22564
7562
27351
31585
11681
17343
12666
29685
30125
4220
11737
25430
21840
22143
25164
4813
16321
3828
10973
22410
14712
24635
14588
28558
20874
492
30580
9672
17718
8728
27293
382
443
12242
24787
1263
30829
12014
1832
16183
30984
30985
13910
13682
1604
4042
3064
26404
22698
25702
9209
29145
933
14442
1612
6152
28892
31669
7389
12093
9663
19395
17864
14711
1888
30770
21962
11727
4229
12414
7924
13403
11771
16144
20391
22866
13613
30071
15804
31601
10485
11765
29187
31133
16561
1597
2031
25545
26010
14203
13711
13082
6737
12181
4032
19785
187
20400
24226
22346
29199
29687
5704
6955
23853
10391
18356
1342
24370
12302
7682
31866
19017
16038
15331
6687
3780
3900
3405
1177
14955
13638
24945
29095
531
20501
24814
5052
2419
855
13380
30374
23860
22751
28299
3949
21319
28585
4197
894
17787
7192
14129
27400
23119
23939
19585
4775
20484
19696
18894
64
32247
26911
25707
16172
46
25547
13752
14232
16689
21548
13208
5419
22043
29376
3365
234
24816
16971
16290
12889
27953
18973
30640
7139
31406
17811
4805
13948
10908
27872
21723
12421
17127
15117
9829
1008
31690
21823
28295
14244
19356
30521
23942
20515
9453
2337
15230
13162
23249
17031
3923
1049
8060
32419
12777
14291
20751
9694
8600
27880
2226
20629
10714
17201
8163
1817
13127
15420
8205
17146
20420
26281
20573
5509
22263
22740
21969
6027
9982
16053
6546
1636
23904
32516
27011
12852
7235
15264
1818
8557
12256
12593
6255
3477
10293
14860
12178
7498
15097
30808
23586
32643
469
27503
31515
19480
26833
29831
14576
19845
24845
3730
31194
6123
11185
15715
7279
4439
20774
30737
19062
20295
6279
4768
19450
28010
4946
27358
4253
16808
4452
23692
25391
4450
4388
16574
31615
11259
32766
31877
25201
3735
24339
25290
23633
29986
8238
28029
19815
31893
20218
4592
19660
14964
23155
13437
22908
28059
4763
32623
26027
11323
11886
8480
11357
13088
28183
13662
1329
14901
11620
24083
10877
29257
31352
20261
9632
4115
1216
20892
21908
2164
30760
515
17347
25085
6286
19984
15132
16305
12662
30087
21861
2316
11776
4699
29395
21316
27928
27670
20440
28622
9709
6780
11580
17444
28836
15211
15983
20166
18253
16390
21022
32126
4886
5395
26884
14569
6590
10912
12035
18739
24397
7917
2675
30754
20483
4230
13754
5206
18062
23472
5916
14799
17024
18182
19157
943
25343
25444
4965
2881
31166
8964
9260
22587
18989
27623
31286
9792
18669
10615
14168
9129
28551
8554
13180
3461
30813
4073
14393
19678
5857
20210
6823
31039
4
3323
10097
25714
22258
22232
5419
5006
20988
30942
28902
18738
11221
31561
14594
1291
13570
15835
6724
7324
6540
30406
808
20798
12024
6348
377
1893
24184
25765
7710
806
32611
10657
11063
19958
13795
31118
14441
10677
10734
21468
8565
13547
10871
3071
27408
9297
4325
28437
25071
13715
30916
27849
12321
16212
8122
18295
23713
626
445
3985
26924
8332
1412
28225
592
23490
19771
847
30150
956
32635
23110
25345
13294
7289
15058
23047
18202
13182
22637
23680
9238
3223
9530
29964
18383
6797
19505
22746
12430
18711
5757
18295
3706
31567
16418
7395
23903
20067
32739
18922
19373
29837
18019
9905
4804
15429
30858
21392
9326
6069
10538
7199
20909
14445
5603
4244
20152
4952
27460
18764
14400
24814
5170
2215
32247
28076
6286
12057
22099
20161
20242
13694
8079
20235
26236
8622
20980
10305
2543
10578
26454
23666
9366
30454
23521
17326
2186
17759
11286
8707
31990
17694
29712
22955
30585
101
5132
3459
1227
12570
32296
18367
9380
15658
4459
30940
7385
19744
9734
25303
1992
12534
11993
17565
8695
1834
5177
22978
6904
23061
11249
629
28048
10105
29318
10164
792
1625
27072
12220
9762
24333
16485
5828
2144
27029
10056
32746
24514
26158
30594
21102
24287
17443
3584
14110
3222
10982
62
2577
16117
6495
3665
5272
15705
3972
30251
9074
19927
30250
3099
19775
12763
14618
15507
32055
22031
18280
23342
5660
14719
28160
25329
16749
20474
16514
3026
16093
25531
1104
22902
18436
14921
20965
1855
23635
155
24680
30086
2381
17024
12160
31781
756
28990
875
17977
8322
15737
26442
6950
4442
18519
10687
14555
24126
28642
1978
9047
2754
15022
31120
3435
27393
9915
22094
16066
398
24476
16716
6944
31150
8153
5637
12007
4548
16787
17957
25823
2572
16998
24036
18742
27532
16020
8851
32198
15176
10079
32628
17303
28086
14518
13519
15781
11889
29204
32066
20707
20529
5798
7513
17791
30971
30892
4447
3432
24213
5153
19827
21518
10045
15518
17374
15209
17050
25212
9635
27196
20211
13113
4440
20379
24223
6428
9269
16299
12733
24092
8555
19881
14373
30207
9142
1837
28574
13247
3382
29872
29265
28209
10619
844
18813
22504
13791
15300
22637
3672
17432
27332
29607
9271
11021
7786
30823
11049
31209
7428
30795
155
8558
14620
19792
25071
18317
9906
10749
3034
31027
13768
31198
26891
11877
5668
9780
5134
21647
2129
4843
12399
21273
8167
26572
24354
15932
31500
31220
21026
11284
4923
27013
17241
24566
2884
18331
21184
16387
7828
22658
4039
18685
5559
17958
12791
29786
25627
22218
17622
17559
21271
31741
19211
27599
24107
19914
7362
16524
9354
17968
1362
29917
5077
20690
25629
17321
12330
750
21688
2114
7517
3987
8781
29757
19845
19471
2621
22402
30907
22695
4617
11935
16926
16780
29810
27490
11803
11274
27103
11174
19947
25601
20480
21101
17500
23961
29873
14127
2005
32562
2081
24434
1428
18330
31283
30363
2619
9347
18212
30724
5003
3380
30575
16206
28527
13694
22253
29433
19516
27890
10049
32049
7735
32337
20851
1771
32344
9028
23259
10545
26189
24653
8513
18618
28098
23806
8770
20414
27872
3177
20981
14856
10259
14807
17615
10061
26897
19901
12484
26556
10520
24299
2479
14038
12406
25607
15604
6272
20303
6458
20580
3159
5019
28201
26721
2883
8302
4135
31042
847
2684
25768
10233
17848
24028
2041
7666
6979
12556
9263
21567
29396
26934
13406
6643
24125
5041
2059
22987
20820
30923
6883
25364
22344
19398
5293
14792
12853
7200
1405
12795
6389
27672
12842
23157
1850
4205
1283
31393
21465
15721
30398
10150
361
25886
945
13523
32013
19184
325
832
16270
28755
26535
29874
1197
16086
25536
1472
3255
4961
17768
21300
7257
3770
7638
3764
11958
20302
8795
9890
3511
30767
10065
9536
17570
10585
18254
2840
8431
19769
2717
10395
13655
24432
8942
15112
4909
4308
3916
20623
11761
27831
15440
14263
7459
25453
29844
32253
12373
24072
13675
16829
2436
16230
15311
23382
12712
30318
23963
8586
23434
1430
763
19747
18646
9128
21536
16348
1393
22983
28472
12926
27916
17069
15005
3658
12026
20278
10060
30103
17470
13346
30618
16316
3049
25878
24098
27696
419
16613
2306
20720
17031
21262
27975
2081
21556
20102
26277
24823
25120
9655
32620
22485
25904
25544
29879
22966
27014
11039
19174
22219
26267
32036
1615
26725
23949
12104
23601
3606
12730
12615
28649
17939
28557
2217
28777
1245
30104
9615
10725
20513
13283
29868
24527
220
30084
21138
774
28866
26736
17455
6219
5857
22417
6295
25332
22402
19225
22532
10212
2896
789
9242
7354
444
69
28016
22345
671
3883
8781
20809
4897
2402
15023
21579
475
16689
17810
25075
32312
19296
23406
27745
16161
6986
6658
29424
31961
9524
3408
22307
16933
31453
10729
32220
22705
5718
15466
4303
21679
18196
29255
29751
961
30020
24519
17607
17177
12126
10064
29156
222
13821
9701
18449
27858
31214
18669
32683
7219
16519
28982
9174
9439
25146
1849
26039
29627
22378
9376
12260
25172
1916
30469
3608
20423
3634
16381
15660
16607
27444
5717
30530
19326
20464
19611
20548
20798
32676
8416
13965
19799
30137
6589
27621
14788
18003
13460
2739
20385
27942
18712
27502
9944
32395
17936
32341
30972
28371
11096
28000
2933
25563
25896
6774
1246
17632
27800
19936
12715
31893
20836
10494
31759
8563
4333
12600
6941
30801
24193
1848
15661
1332
16604
7766
12673
7784
10479
2132
21800
13776
26080
10572
18211
19578
6737
26598
10183
17526
5861
11726
26466
1257
15872
19558
26657
9309
21711
6584
30513
3419
25993
22958
24869
20796
5876
18309
9624
7484
7466
21375
3603
1488
10141
26840
11313
7226
28761
20476
768
602
20617
247
24491
28871
32317
31277
9558
25374
22378
28491
4170
24218
24114
25725
13394
1765
19046
2530
14948
29998
21578
27453
8580
1404
7320
18413
1766
3650
21959
10015
14675
13875
4748
31810
7117
23639
23970
28603
7030
18015
32455
8154
15534
2358
4359
28173
892
24536
20028
11348
15151
25703
13270
16117
24901
24444
25816
1649
14219
8635
27939
9654
16774
7082
18935
30870
12562
10179
23479
20088
1609
15047
9452
15694
26278
28246
31373
8391
28522
6589
2430
6597
1855
27919
21846
8721
29468
17015
5221
2126
12904
6604
3318
26667
26210
29286
22481
29405
18624
30512
11268
7117
30102
12543
6115
32141
3194
13090
19278
2833
27878
30267
22322
24860
4574
21837
1618
19448
20690
24853
13128
21866
32709
32158
16326
28389
18095
32272
4386
3070
8224
13000
13842
16672
19751
7598
6580
14977
16498
16579
26577
8020
17590
15098
1634
13633
25170
10057
18515
22546
18479
29183
15752
6575
15338
6232
17438
7756
21813
1615
16115
2273
2170
1715
5480
3034
17602
31101
24677
29200
10454
17505
26782
13305
5027
12707
23061
27931
5091
12588
20704
17863
31482
12253
9005
9475
5918
31011
3203
16072
22715
22220
7755
21102
26390
25369
6542
11620
26672
16660
5632
17956
32749
12067
6718
870
19061
10206
2388
916
21979
1310
2434
30847
24317
22870
18496
27472
21931
29479
16255
31937
27659
16174
24626
30093
13627
31777
17933
15140
5945
29978
22668
31908
5120
13874
32056
11269
11764
28498
16166
6035
27520
31046
4032
14242
15870
12563
1223
1149
20439
7563
14233
26783
32235
4894
10672
8998
51
18931
21100
11908
1444
6712
14866
32632
18263
21174
17940
12349
22248
23976
6803
27649
11292
10189
13602
11928
13766
32188
9421
11378
29163
21368
858
30410
20772
10820
5070
12321
26948
2232
10803
25835
15163
14613
16537
23688
4154
16854
23899
30325
12824
19591
11939
26564
757
28378
32560
27849
14365
2552
26711
17175
15406
13333
25928
32683
31870
24647
11155
5478
9655
14488
27883
8129
5060
24154
26153
17852
30961
1210
24468
18711
77
6552
607
5573
28499
28822
10099
26014
2762
9327
879
19540
17130
8843
21485
16296
27328
5328
29192
28637
32468
7610
28187
1133
16136
6830
6346
4348
8131
24715
7495
22154
22095
9859
4302
9452
1152
4905
7026
28797
18327
8138
7708
28689
11877
17921
31185
22314
23220
11142
23603
111
20962
16455
13643
7257
16591
698
14981
14384
14074
24177
6908
12598
7398
22767
18680
26658
27075
186
31925
18639
23626
21169
21607
31286
15081
2464
13690
19098
24352
3090
21278
11266
4139
27750
32259
21740
28897
12069
8545
22848
1244
19347
4412
20355
4314
6788
3558
22093
23139
10097
8389
3581
2732
6091
13910
23211
14524
7311
6514
606
24269
8731
13265
31615
16117
12864
14284
32654
31493
15512
5991
13844
25522
14618
27790
3033
17138
22763
13983
2646
9641
14711
4393
17261
26757
19905
18420
9560
3110
29175
27713
19168
5251
23882
20306
7119
30601
26109
1581
20903
24325
19387
23198
13460
16835
31789
19835
9376
6135
1484
3627
17190
11997
11508
2921
20617
24477
22330
326
4645
11633
16640
10349
21638
3849
12615
27307
24024
26415
8132
16559
25759
28839
309
7438
24233
8537
11765
2186
15424
18610
5838
21395
25508
27975
15375
270
184
11707
6879
20054
31995
10467
1233
31872
13242
12585
5561
16100
13956
20270
15293
29400
13791
22452
1455
1215
25145
6330
11162
9795
22817
25064
1434
14814
29367
27694
25841
6047
865
25769
856
3883
26048
7878
31891
19202
24803
12713
1608
30979
16058
1232
23057
23603
9933
4083
1488
11194
4397
21039
5699
25390
26027
17508
20440
26644
6985
19164
27074
10404
27630
27181
32588
6093
28766
17248
11117
10873
14440
6994
669
14866
13154
29019
24296
28741
31954
26926
12865
8198
24942
3072
21272
12244
12359
9453
30511
31038
11329
15511
20649
16806
12742
30736
356
12357
25787
24314
22664
25967
31411
19692
3680
5912
30051
4632
29289
22168
24919
1835
16297
25515
27875
6261
2882
12476
27483
3146
327
31843
6278
2216
25550
9260
12369
7193
71
5274
11969
19931
3852
31339
19499
31039
12601
6430
2471
30799
189
27315
25026
25011
26289
27826
29043
24022
11241
15982
11601
22340
30665
29835
30466
2647
12634
17854
9975
14354
30365
29908
24150
77
7712
7158
13624
10002
30414
15659
6421
18760
14859
15390
28540
17550
25601
9506
20744
22122
26164
25971
28815
13987
26717
22718
668
12523
2933
20452
14624
449
25360
29948
10084
31382
6380
12439
8770
12591
28362
29767
28821
15946
4732
3682
24558
20356
30784
27395
4489
4218
12108
26194
4991
12079
25770
5125
6716
32686
2118
8231
28212
752
18502
11544
25042
21759
22169
21206
25521
18012
11475
9082
271
9374
16952
22790
27775
30301
26646
4189
23773
11854
16473
13715
22663
6575
601
1383
16586
3558
502
18446
12699
6501
11495
10547
2440
15312
29263
20795
11758
26978
18577
9165
24427
23949
17766
18322
12950
224
31789
23353
238
26158
5762
31679
26129
8941
23313
32749
7471
1756
5804
3362
21181
30441
7068
26962
15982
28497
19253
11855
6495
28937
23982
16967
17553
24157
23599
14734
13213
2775
298
1438
28579
610
29423
5469
18052
19375
3195
19102
31313
10712
10385
26857
1283
8515
8973
24959
17516
17354
1140
8345
8813
2072
3023
16369
3434
12374
2746
17027
21755
1032
18360
15765
16100
24881
23241
4853
26696
26814
14399
8322
18201
18977
24013
2285
24531
29245
21985
31169
874
8578
1331
4769
10624
11609
30366
20945
15068
28866
6448
10745
24600
12347
9341
9509
10393
29925
5944
14607
7621
8930
1028
12449
5743
20225
8327
20150
24214
6045
19136
3617
1872
1218
30875
8944
29441
13202
17859
8434
29136
20711
5048
27510
604
10042
28705
21078
2730
17348
13667
52
7523
30434
6514
7684
7996
13246
7912
20426
24757
4908
7252
28325
6
32210
19924
9229
10070
16780
9446
19033
31535
5647
19067
13956
19759
21708
1869
20272
26368
26647
1651
5355
394
13704
9778
32690
15462
1953
19223
21939
10646
15026
26946
24407
16756
12538
14341
7296
21225
21007
17326
24336
17375
6528
20896
28330
13817
30904
19113
6588
25473
4133
8079
22461
18594
922
23532
24755
27863
28146
23356
24057
24739
14327
21557
6207
17283
22146
11863
18130
26145
13283
21955
25630
23754
18562
336
11121
5666
9927
7900
9217
18966
32312
23008
23857
21779
23009
28743
16400
21365
7673
18817
6690
4419
2242
979
17764
8729
15025
27633
4490
13669
2511
4814
21131
31446
9311
30131
14431
11026
18113
27791
21511
2216
2198
21134
28111
27973
1317
7404
4304
14122
25342
21516
28600
10973
32476
8900
1742
7455
15824
28667
7984
31007
19100
13943
5983
30445
16989
3824
5374
5681
5230
8297
983
12573
6536
27328
1567
15264
9774
8067
14843
733
7240
32005
30787
219
16398
24497
28805
6270
21543
32159
17997
19894
16658
101
5027
19958
19398
28976
29910
23784
8085
11027
376
31071
12118
18334
22186
20109
12739
14771
5786
17782
15648
2709
329
19108
17950
27970
2706
7196
1534
7171
4456
13202
3065
13377
7263
8409
32224
1178
16237
26781
19456
308
3826
15188
23624
21073
17399
6258
28846
12580
30131
12764
19662
1764
3156
9120
24276
542
20732
21475
28573
5711
16137
3867
7705
6578
31385
13438
10740
30039
4173
1721
20853
7029
25166
29926
18086
14337
26254
28600
32693
20351
6737
7929
26266
16409
20203
2871
11258
22766
13259
4026
16715
31660
16824
10425
15930
31841
27483
29133
13641
13198
14078
26789
15293
30334
9619
18428
10423
27093
2808
3784
20385
25196
15225
1972
14795
18524
12951
25809
9046
12377
5895
17288
16210
8002
16382
11476
1827
11253
8108
26030
6441
29544
14086
9160
27296
4854
30409
31357
20676
7414
12732
5128
9529
15250
1077
2805
2475
30167
21726
30678
3762
19208
21177
1847
16888
6200
5218
11220
26525
31767
15509
16649
25306
11533
18415
12681
4581
30085
26617
30291
8469
19084
3938
482
6471
12442
5004
27556
11648
25263
1867
28590
3028
28578
13033
5806
13702
16822
19821
6689
8816
17519
23324
22726
13221
7332
21825
28498
14678
9940
32554
18789
4082
12222
3187
16061
6289
6955
31879
4266
4243
27919
20323
23489
3204
26832
30621
20949
6723
15078
11685
20515
20068
24740
2124
9677
16594
16981
32386
7818
15545
13195
13924
9627
10147
19892
17782
5377
25569
22766
17964
1261
12844
14109
26288
12152
22156
1338
21727
15508
1145
26350
11156
2626
22080
12383
17706
17670
21417
25162
5948
25752
19415
11346
31663
24797
1647
27031
2803
13077
4093
19339
27525
30550
9619
9985
15033
16953
947
6023
29366
32467
7278
27894
29122
26855
30926
5959
1728
30553
18802
1192
9974
19174
27256
9679
12564
29971
24224
3215
24946
11107
1453
22697
23450
15053
4623
26340
27910
20333
448
30304
27947
25722
7788
14375
24246
28792
18644
32005
13845
8623
4980
30106
26937
16091
28771
14509
11418
37
30332
963
380
29778
443
27120
31089
17979
13033
25838
21280
30333
4732
31852
21572
23921
23225
30632
1272
2399
11547
19776
12337
19694
14072
17734
19852
4575
2402
402
14410
17403
10316
24668
22424
26698
5357
27914
7188
13446
22378
21318
30350
15055
19375
2132
11275
32160
13725
7842
11024
2
24683
30625
17949
9728
19782
18388
30583
31066
13627
8487
4650
9854
25175
30593
1103
17843
9229
21404
3723
17560
25303
10261
5336
973
5920
31935
27784
31984
10082
25661
19335
1227
29068
28624
15584
32203
934
5485
16002
3764
18359
15379
27717
12692
9959
25179
23592
12022
26593
4945
4060
22871
19579
7554
8071
7390
12953
16470
450
14151
15438
17312
5347
11297
17221
11636
19842
18745
7008
2617
11830
20310
26782
31486
27808
4902
3138
32274
26539
10873
27954
9678
21265
31149
8093
12726
15394
13673
12256
15809
19393
11407
5291
31732
27055
28267
3167
11317
9484
8497
27067
18015
1562
7334
5048
2706
11589
7453
15537
27597
25440
8869
5319
2238
32562
20609
31620
9944
17457
24792
29887
25511
7821
174
25791
4192
24688
10259
22435
27581
25733
17050
22528
11783
14775
15373
6349
7028
15419
17759
30332
4276
16336
26082
4970
15815
12101
11450
4985
785
17724
5778
15099
9392
16943
31630
29907
18445
17328
6528
982
28593
8437
3678
25464
26971
28819
22260
7076
25167
7050
9686
3051
5616
8578
9881
29153
19089
29268
322
11972
4233
204
12799
4191
30597
29358
2325
8494
11811
4598
26394
17347
16316
25444
2404
7528
25728
1592
31425
5126
6089
16699
31848
25414
26793
24830
31536
3317
14533
19302
25856
10413
23911
27752
29319
22194
22222
24594
14637
23066
4553
32203
6473
7729
26500
10459
23700
11035
20385
2606
6366
19899
30858
5972
11007
30420
14854
2765
24081
5486
5643
12676
4828
28796
15316
12697
31634
17339
16690
11875
16317
9181
1575
28086
7285
28135
30385
25185
21718
17880
7908
16379
1713
26763
17723
31712
14210
21726
32560
24438
11682
4116
29706
4021
27070
2424
16887
11750
21640
24899
14682
30122
29868
5824
25190
31807
16646
25006
236
29951
25362
15078
2673
7977
32164
22590
17028
16612
19417
8108
29007
21377
11341
21935
26731
17665
27790
2794
18937
29399
26833
3346
17902
16879
21476
24331
16814
30702
15204
31822
7645
14780
7216
27534
3697
21312
6941
25755
14604
11370
13804
3462
3466
3959
121
4870
3285
9328
16948
8218
29185
17908
2005
30960
29077
4920
32076
15622
806
25420
9207
5263
26923
32160
14616
19736
27404
15302
24710
10603
30076
30841
26531
26804
5385
28639
13453
18658
32497
29963
13721
2128
7224
8390
25853
10917
19191
23951
13516
1273
18935
29920
30504
21817
638
435
5811
26828
9321
27717
13126
5750
18555
21274
30438
3965
3317
1345
14067
19467
24679
29145
13731
5844
28357
12500
6063
31736
25789
2299
25164
7979
32072
5938
5469
15635
3456
31486
13799
23537
689
11332
23749
28548
1714
24148
7581
29739
15990
5157
23058
17737
22238
18914
21819
13037
21457
22438
6996
6835
21903
29061
4532
2021
18498
26827
17151
7910
12759
4744
15261
22481
4619
30540
2667
19549
2249
12335
14768
7428
14003
5396
21586
12644
3071
8239
19274
22501
31108
10949
20309
2204
14356
26419
29420
20335
6669
15410
10359
8570
6955
25945
28862
8626
8864
31972
19872
6344
11111
21171
19719
9297
18133
13462
16411
24867
11633
3015
29366
5378
20997
29624
30488
7036
10997
11791
23005
6673
9680
6127
21036
16279
31013
1146
16944
4829
18584
8340
7116
5263
20276
17385
32138
14425
1027
21297
7125
31055
27868
6067
19049
3469
4989
12295
14855
32026
20698
32289
15981
8211
25268
13963
12421
18437
32620
29938
16605
6298
23578
31204
20055
21368
22746
30168
5410
7014
18278
1391
18920
29360
32746
17145
30025
30925
14355
4411
9097
11072
20585
880
15493
11708
3040
1677
6124
23947
26025
12233
8619
13361
31054
21597
8873
15692
12542
20104
437
9150
11814
5079
4285
6670
8257
163
14912
8716
32240
31963
8965
30644
21581
24068
5134
9045
8316
10877
16584
30451
26500
8712
15748
31465
93
12166
14890
3538
17483
10242
21804
15274
6506
31473
6842
4145
2953
14264
1077
26768
26427
3183
3045
2111
2860
8677
10478
29990
25522
30948
18304
24323
17572
11446
4431
5643
5487
16103
6723
21716
870
20557
17776
24946
11866
27462
30280
18913
875
17217
25103
16291
14877
3456
5520
22185
10159
22300
783
11127
23720
31817
11390
13444
16562
9435
15860
17119
8363
27145
11354
30232
25338
2417
11368
10078
22047
18781
5584
4069
19854
29253
1720
11915
190
405
23406
12474
24701
31151
20055
25232
22150
29492
21545
27197
9045
21376
2138
21165
20026
19571
15833
10600
23469
2423
2043
13238
15841
11710
20408
32518
13212
1996
18711
20624
2373
7734
23783
14394
28735
31145
23216
19128
24693
20525
1769
18168
14390
30123
22891
10941
3652
13741
38
31370
27175
31334
31251
16577
22215
25842
24169
2060
826
15071
9236
21756
26075
19691
32099
25328
5532
15119
7169
10297
19869
14781
28966
25979
20221
15463
15886
17494
5360
10560
2219
18758
3857
31302
18583
7368
22010
28544
24652
28607
3602
13956
13975
32533
27815
11069
1098
31397
4925
5611
10802
21337
13605
2667
9032
13455
15185
19641
26411
11458
23142
24243
20686
18790
20243
6944
23918
10771
13474
496
22472
20198
10700
6597
17288
9765
14290
2739
7428
7457
12233
22084
16682
14433
29237
20672
4535
30460
21722
16299
10667
1351
6863
16782
13817
688
13012
25339
18050
24298
12261
1227
11076
4683
12304
30634
12751
13682
9603
28886
22265
15404
13801
15395
16595
22425
9207
20291
5340
17290
30529
8772
32372
814
22099
29018
31123
20718
18173
19423
13754
17813
18670
5272
9514
31412
32388
22330
3157
11333
22499
5932
9618
7566
29765
31631
11540
17736
11665
31868
26909
1281
558
30092
623
28607
20761
16798
16644
25574
7221
17364
254
31835
17635
479
29665
7402
30419
13181
512
7653
13594
27455
24629
23310
15748
15504
11733
10679
13867
755
12003
31272
22856
11916
30340
10305
4938
14818
5555
16225
18213
11491
8758
13702
11501
20777
10705
25013
32419
31611
26041
12700
26447
3735
16971
25206
26702
6958
3838
16687
10478
16689
27287
13768
25656
13899
16284
7678
26893
5551
25866
15142
24693
23827
14154
14172
20019
15100
15714
1500
32669
4669
11881
8880
23722
22202
27453
30092
20301
10098
16504
23542
13569
18877
1183
7849
3749
27089
26269
22076
25227
17547
112
767
1228
7789
547
23590
14814
11235
2300
6697
26472
20170
30454
16490
18260
19762
24177
10777
20774
25955
22057
24148
19853
25375
18789
28563
18488
6695
6257
27204
21483
27137
7501
5810
21714
12023
26791
4651
17685
17507
19207
866
10156
31786
32330
28178
7541
12167
849
27108
20612
19722
2042
16531
10682
2016
26959
14158
1177
3156
9726
1886
21846
23958
21770
18952
30000
16571
29887
23477
2305
22790
9707
31312
13843
22886
10059
8944
6452
28479
9540
29367
13325
19053
12755
3834
17583
26247
30919
22689
15215
31072
1070
28369
17140
10964
9485
17609
3726
31169
21588
20234
25289
29267
8208
3003
3139
6533
30947
27211
14522
12772
29617
22104
26217
15766
21405
27088
23957
24988
28724
2646
26723
3668
19431
30183
15596
4418
28351
701
19859
29711
22860
5747
29591
19666
9183
6251
10212
25487
7673
25453
15919
20733
514
31376
22081
31373
4414
1374
30611
4007
11262
22323
2844
27703
14867
1510
10087
1128
30600
21419
25320
15791
31121
28728
8336
22796
32702
21799
2719
21133
25972
16796
12218
23059
18334
6439
30269
18776
12960
10732
22994
15153
27788
7681
10051
10257
12185
7191
10892
11215
26833
23389
821
22697
20233
11937
4830
15240
26134
19128
14876
30086
16958
19489
22403
3757
8173
16357
15620
26113
9129
13249
3962
25281
22088
4487
17535
19179
12641
18882
12932
25342
20480
4505
26401
15107
6046
14326
14249
19662
27984
21991
16386
20354
19262
24132
17331
25683
19031
20626
9535
144
29763
4903
26546
14560
29081
14479
28281
20940
26707
13359
28534
14717
7807
16936
19284
20167
13623
1662
16408
6503
4050
10106
10745
22409
15196
26444
18034
1166
27204
245
11669
15627
22613
19556
30114
9237
10983
28127
13528
11708
8535
5285
21899
29397
10676
3282
28791
29181
11707
10370
8532
25050
11270
17465
2475
30884
29056
27267
30183
19684
1820
23255
22703
13180
10183
30657
4211
16104
21147
24641
11077
17347
19797
14446
7403
1677
11017
25950
6962
30379
11028
16458
5253
6831
1107
1262
29885
4570
28818
32559
11323
20191
3143
15360
11572
28650
24193
16774
21325
22497
7451
4730
26984
27882
309
208
16829
8237
16356
5014
5164
8923
31529
1054
5841
27759
16160
5727
1242
30260
24442
20633
1941
20487
18733
22072
13773
29278
7274
27131
7511
29065
8912
23381
2792
30264
30175
25364
1066
7998
27055
13120
10254
12436
4066
15942
26979
13217
26327
31061
22440
27832
2336
7689
27166
18915
28983
12103
290
11999
9580
17768
4538
16999
24610
26009
12142
8374
2107
26753
26713
5959
3537
13349
10111
19935
32551
19721
4449
205
27103
664
3791
12400
23661
15046
31230
27131
7115
8436
8666
3445
24942
15380
6045
13572
13690
12301
31393
8554
14642
11873
13938
20432
30130
23053
26408
7363
736
8881
22516
6268
6816
23280
20472
28772
27719
3610
8540
4567
17491
22792
11934
27176
23641
19016
23081
26598
26430
3451
5162
8542
11690
26106
31391
17505
20154
15552
16304
13128
30965
17796
19011
29492
12162
32549
17611
20379
28568
4939
3680
22272
18997
22860
16917
5377
17939
76
18566
11671
7640
9385
10160
15770
11916
21654
1286
9347
10833
18437
3521
7030
25422
20427
14711
15744
17133
16382
6895
25885
16710
22946
13108
765
28891
30597
31464
20999
29317
616
5595
3231
26030
28767
25820
1828
10433
21371
27087
21437
32223
15269
12800
21334
26580
28621
15031
22501
21321
16965
1037
15346
24634
1127
17917
4950
24491
23934
31678
22851
22935
2276
14672
16260
12074
16231
32598
774
11568
20465
291
27032
8908
11113
4375
19695
20589
26580
10028
22253
17150
32448
13772
21283
28509
19170
16614
14740
8719
2302
27456
22203
5938
24583
28175
13520
20146
13448
11973
10824
28864
19266
26410
12699
22144
32534
5038
28233
2818
3622
7165
799
22644
16952
27093
7606
13718
30811
25108
23358
10094
19404
29718
27257
27452
26650
13117
3850
31920
18057
11985
27120
19547
23220
31755
11086
14948
29303
9836
4461
10620
19724
31315
22787
15891
11636
24015
694
7628
27673
11186
4572
17199
19377
17639
10373
14751
5477
19461
9403
21899
16435
16163
8968
15592
10129
25583
2617
21470
5459
14842
1122
25025
8910
26454
2338
580
13630
21347
23848
14057
6501
25574
10998
11452
629
4187
6373
2625
28720
16269
106
22955
16462
9059
10903
25422
28447
1789
13797
3159
19313
17151
2352
3515
8628
19501
30723
5997
8796
4153
31766
13268
1927
5336
10261
32636
15840
3355
14243
2316
5315
22781
24735
28024
14754
9017
18854
1143
679
4446
18905
12600
19610
14884
21984
11088
28678
22017
15919
21496
4503
24056
8839
27509
20935
3250
16064
15063
8121
30159
29895
1510
13157
10110
14307
22874
29430
2635
15676
2378
18288
29497
5533
29671
9366
7185
5241
23658
18443
30201
10284
29259
29623
2632
1924
22708
10092
23961
22656
16949
7626
2335
13399
29881
4192
32312
11452
18873
1811
10308
13921
32431
14020
24759
7354
27086
13101
26989
25347
26352
30732
24894
13956
4304
3460
26323
22036
6777
19392
23991
4828
23806
473
2481
20061
28012
1018
29778
6581
20221
25794
20682
23069
5518
24041
20992
5815
3155
11303
9953
21383
13514
25169
4343
7614
12781
30662
18750
11583
29612
5641
10036
16220
13978
27055
15920
3808
11239
31356
25844
3411
23950
20169
23429
16761
8911
24104
827
28444
14560
5963
23828
27659
21472
32034
16973
18019
15372
8004
2868
8205
19253
29072
6200
25480
24178
18196
28994
13801
4114
29742
28488
18976
19924
23536
9247
31100
8027
27849
29840
17778
12508
20578
6319
9882
30234
21191
30312
19706
31124
17607
2651
13703
11260
23965
21226
14569
18412
24528
29071
30591
7637
1367
30323
18083
23608
30465
2621
815
10264
21268
27176
27967
6575
1844
27225
28985
29024
391
29295
523
6381
32023
10331
26804
17642
28024
15730
11526
19057
19882
4544
31658
32024
22080
8608
11620
10528
24258
29066
21400
32239
28241
27691
28174
31936
16265
26299
11762
16282
15276
16267
27167
11390
12540
19165
10397
26853
18536
505
24935
8554
32363
10365
24178
31171
9010
23541
23788
14581
9725
16811
21441
1480
12231
18113
868
18297
20777
9852
13004
32432
18300
10979
15805
10929
7486
23433
22600
3798
10678
3751
11157
27709
13275
4205
12256
958
15475
21658
26562
29728
13176
26187
24754
18572
7359
2576
7371
19265
26588
17989
18896
28810
32576
17824
26989
28141
21156
18438
20159
20902
24747
5539
5399
11860
962
10297
29691
12017
1611
32440
5230
9991
16892
20240
19314
29473
20097
2627
24010
15744
873
26302
12548
31504
20799
25833
3511
13467
13815
509
22282
28731
20621
3350
23413
20245
22504
21129
8908
13124
30980
4471
23929
532
24656
28578
22792
22129
29269
24448
7658
14239
30617
11406
6770
10283
16323
8679
32548
8481
32767
32533
12335
19839
28836
12071
28728
6634
28181
30211
10329
27808
8421
2046
29034
6574
28990
16298
17023
26467
18819
26095
26801
14084
27700
16478
11298
9665
24850
22977
17979
14824
15748
14583
3384
28761
19514
31231
30951
15930
22544
32082
25772
23275
7733
8566
13001
26172
11148
15056
13532
16094
10578
15802
32169
7448
23810
20181
26
17851
24437
11680
8068
26968
20302
11594
5420
944
661
12229
20234
20332
31650
22300
11213
8719
9533
24838
14367
17448
6659
24763
20777
6604
31500
19206
20570
12099
6602
2204
9316
32258
31028
684
31624
32217
27172
23991
25364
22126
18174
22178
42
17642
4755
30218
17858
2546
32325
3543
19442
29657
7019
13588
11374
22804
15351
13822
2123
5870
18006
8794
6920
26749
151
524
32462
10708
5840
20454
1527
23418
24765
14526
19918
31259
10923
20675
28309
32382
1428
13073
