7431
7939
20916
12777
483
29658
7479
29831
16591
16384
17979
22608
25395
12504
10222
25034
22861
15407
19763
27482
25279
30391
15688
20313
24650
11959
31653
30827
29401
7936
16167
19468
3009
20003
9325
9068
21063
28129
24451
18045
611
20195
12477
7498
10435
15532
8422
2954
24595
21963
18586
10869
29564
13397
9969
21718
2666
31378
19294
14690
16787
6135
22230
26440
21813
23124
6196
2313
16542
8015
18396
16778
30450
14865
9886
24424
6441
24895
990
23179
19799
14636
28402
20478
6960
20045
6092
28669
29131
5101
8921
4688
15014
15137
29736
25816
7659
30207
13775
26728
23537
31499
7563
12246
24582
23794
13734
5457
28780
2683
11550
23028
8097
2746
29443
25500
25315
18823
8481
3319
29172
2094
31199
15326
21531
18024
32103
12773
15979
14218
23047
19248
10055
6141
15319
8072
13094
30446
16285
14765
24212
18502
3309
22766
2426
21213
23445
28920
18334
20202
26680
23532
6765
18623
7224
29364
30713
7091
27865
32662
17214
6495
13732
16137
6569
12557
4618
25288
6619
11117
31306
19238
1962
20106
10133
27297
29032
32253
879
1977
14952
11104
9816
20739
11967
11014
10668
30585
1096
16617
20680
17172
27883
31204
19822
21917
7710
9507
9067
4032
29099
471
28534
19554
948
29998
5468
26164
29173
23682
6490
15240
8266
20433
10442
9316
9841
26733
5635
3797
19216
24564
19322
13702
12282
7043
31277
9361
5038
30503
1857
149
19489
26004
31977
17417
24253
14362
651
26320
22953
8916
8222
9229
21067
20771
20695
21048
11531
7770
10500
370
4698
18107
4920
21525
13555
9379
26792
17808
19809
19969
26837
21362
28354
9740
21611
15556
6346
14134
12137
19356
11019
26971
28291
23791
7539
26687
5061
6823
8726
20023
32376
7157
5165
26406
29257
24553
22623
8107
6568
22080
4672
29849
1903
27261
21272
30376
31684
17723
9701
13930
28736
14273
7331
11392
12113
1495
17098
29197
31452
472
6425
23915
1575
12041
32402
22301
18167
24105
10950
31493
25077
30793
7506
22999
13910
27614
9898
28366
19643
28693
28181
7582
11606
4710
6393
19625
24911
17004
30553
28533
9062
20468
22940
5470
985
3924
29584
20616
904
6142
28846
2328
27223
20820
7584
4260
23764
16830
19200
2535
29978
21498
19811
30906
25333
1716
16022
3648
22342
14935
25639
1376
16041
4386
24359
9080
3926
5502
2351
12623
11845
6799
8865
76
12182
2825
13872
20454
30255
6725
21923
10076
30375
2964
5077
30630
8547
979
24577
6571
14334
6463
9788
31924
4590
5515
22851
6433
5221
7728
18807
31579
24950
14085
27942
31497
633
21263
32268
29319
4528
26522
4122
2707
10027
13704
1398
28234
3304
15594
962
31572
32319
3789
20129
16987
30333
29014
11127
27585
21200
2578
12913
21650
19299
647
12486
30647
1993
23311
60
30573
21151
24550
30701
23286
12397
29825
23115
21646
24014
10529
25698
9121
30929
20137
25181
26427
22942
31916
27980
29888
24157
15819
13860
1757
11859
22078
519
22718
14414
22704
15302
386
28740
32080
16037
9196
4151
28453
15966
18011
24667
929
28776
26364
19067
4218
23160
8254
15513
21429
27209
29062
7893
8708
15001
37
24720
20305
10612
25735
24784
1435
9140
22444
13798
32257
18889
21724
6223
20508
20918
919
29913
19346
19036
32204
27142
4072
9211
17995
13493
22168
8694
891
20479
9060
6614
21072
19552
20201
9106
17784
8727
8055
7950
25813
719
25632
13025
16688
28286
17935
10331
28716
3982
17436
18631
1144
8763
3229
8173
22089
27452
10622
18395
12296
421
12948
8677
13127
28684
31278
8427
2554
28906
26605
2266
14308
19013
30166
18293
8271
3212
934
19030
5120
14531
29797
30255
31594
4575
19006
9046
28962
7540
13454
17281
24723
6029
17467
5326
31987
24027
14919
1542
9334
5651
9381
12322
961
5009
15691
2318
3489
16449
16264
13230
6909
3263
10136
4383
18185
11197
4214
30527
23485
7334
9201
12399
25222
18816
20738
10391
11579
15383
15453
27499
27474
11864
8006
22509
8020
31227
2214
11571
2190
11109
13406
21611
21770
15308
27867
3100
12221
13980
10986
22703
32514
19993
26574
24109
26439
9030
21905
1866
26118
17670
29079
7587
6392
10882
9593
14148
1413
11466
27152
7533
29822
17343
8399
4246
13838
2608
5974
3504
25070
19779
26949
30894
26585
11031
13390
20548
1088
1191
21135
20206
27966
18162
3870
7477
19406
20313
2277
31022
21820
28488
14256
30531
6361
21272
18308
16437
22003
20532
15923
28770
28164
24187
7981
31812
18218
16614
409
15931
13015
8555
19620
4492
11466
9249
3609
7849
1598
13732
7987
15539
20833
6331
2991
3133
8455
30520
28452
12115
28832
31264
15511
17082
18535
11532
9290
31866
29149
12495
3030
5018
20598
345
19577
21803
12946
21212
11185
2696
11950
18989
16906
5339
24796
5228
17460
25059
7280
8679
25176
7669
26109
2108
12716
18241
18816
20414
21574
1623
24794
12314
21294
28650
7812
59
24246
5075
12414
23914
26894
32088
3976
19898
20243
2223
3733
24995
872
12734
32381
6381
28616
16421
14834
3791
154
29822
11701
12633
3782
6883
12553
2063
7112
9905
17001
19927
5123
15244
31862
25109
2903
18340
22323
21780
10229
4918
2420
5032
12146
26965
7828
30225
27163
15850
5223
13859
20617
29946
5487
4260
14197
12071
9043
5622
28109
16250
17804
28149
262
11871
4194
4899
7093
28145
6167
18691
12889
9080
9314
20930
29307
10800
14367
10012
10234
13133
16708
14974
3232
10043
1303
104
13816
11306
7326
19222
5476
30154
5463
14431
15978
16979
2602
14045
26447
10441
18588
26190
22503
7294
22085
22330
15019
18904
27268
28119
1036
12372
12401
27689
25607
7627
25875
26477
30202
28405
9684
11448
8886
14635
817
22748
26837
16753
11190
10123
32590
25779
17194
15807
1606
21839
14855
29528
14889
20948
14637
24583
23802
14601
30166
12140
18919
7986
461
123
26401
18574
27611
21540
27114
11556
17538
20275
8432
27072
23278
21365
14553
16952
17961
13340
12063
6387
3726
2404
26398
32684
2944
26487
5483
17780
18780
31886
30056
9718
2987
23130
32021
32255
16285
28322
809
10558
29363
28461
2914
27976
8635
15586
11545
5598
29697
558
18457
9843
14020
4262
31665
17641
11495
16878
5128
16796
1769
24537
25009
24737
5911
22481
12159
18512
5632
15738
19099
14591
2858
24722
20691
29201
11779
31260
14645
26672
21274
13501
19165
12502
14735
5222
30219
18194
19657
307
17273
3465
11878
31123
19947
12731
7288
12202
31239
21639
2030
5619
24679
7153
28496
7978
7661
4644
20912
13673
32342
30131
19933
11409
13586
24356
16857
13291
6227
24495
32397
2831
4709
32067
25532
32261
15677
12234
30774
27819
23636
17326
21070
24918
10422
17820
25741
31420
9045
23432
680
11538
24996
12017
12976
7793
2145
19558
7817
8830
26802
7241
14749
6474
29556
22739
28369
13687
30416
9560
27321
28061
23055
10956
22023
7403
19375
23943
5194
5906
5558
20549
23253
13150
3142
14449
13308
4902
19058
1955
17031
10087
12624
15975
22880
14764
23887
23616
15247
31793
1483
4332
6248
25927
31455
4842
6147
23034
13691
16186
3053
27634
11702
26212
6173
11927
27493
27323
26666
26489
1260
5091
17595
7662
84
15249
7486
19965
19102
14226
23005
17018
14679
9487
2477
23155
19053
30991
16681
15819
5697
31293
15584
17701
10237
2028
7274
6403
12328
21080
18848
19503
17784
26670
24589
30043
10215
15695
10399
3076
14856
3793
32162
3228
9372
18503
10991
10215
22625
20035
7777
422
25130
21017
31881
17011
17716
4837
28067
236
20408
12239
14024
17939
7613
28557
29541
12533
15920
8490
747
32138
11830
31238
32456
29405
7873
5407
19607
31852
14434
30606
8339
29394
20830
15957
1106
22435
18947
22871
13744
2200
828
30632
29193
11756
9060
2311
427
26629
7512
30889
6026
87
11728
1337
22838
8582
17135
23068
8971
23242
536
19961
23719
29336
24580
27257
29090
19583
32529
8523
17017
26192
18397
21100
8650
12417
28692
1957
12743
17875
25478
2389
13797
17971
17277
12400
11476
22750
28749
6600
18100
6601
20780
7819
2950
30272
20036
13837
17888
15565
12551
9416
1509
25691
24259
7330
20597
20123
8566
12910
20129
2471
29411
19636
4450
21734
32229
28597
15754
27951
18948
2730
13306
25649
17734
10829
2582
1810
8263
13466
26230
6230
12428
4567
5598
24835
19733
26322
27761
23810
22833
17514
18209
1737
29079
28752
16746
1591
28593
11023
29504
18111
14139
5962
19270
14537
525
9797
22848
16981
7733
11688
7371
8930
21065
2687
11340
20110
23548
30084
18470
1150
15598
27809
11824
9344
18889
21937
16742
2031
12169
16007
23006
25048
25371
24113
20734
27226
12074
15229
7661
22867
21558
7357
5703
29753
28390
9416
10005
13125
6303
16705
6652
16855
30293
19996
15028
24086
10657
4701
28860
23510
22548
31267
8524
20160
15564
12774
28044
8108
30788
1789
8451
4434
4720
12643
25682
30754
25354
27322
2082
10608
21543
30352
31835
26068
13069
32738
18326
17105
840
28638
4822
22452
2043
8685
7538
12735
30581
6385
11606
21383
3332
6603
20332
17307
27918
20257
31828
28262
3933
23134
30043
24407
9147
30202
28075
5439
9407
3323
21439
30202
3302
27580
20250
9553
25061
28141
17977
17183
2622
19931
198
21683
8466
30961
14862
23926
15414
3455
14261
27341
22665
26043
14504
5953
24708
21510
20564
18654
274
29808
534
11992
16546
14205
12530
17013
3195
2602
14215
20262
12368
16171
15426
17911
27669
7543
5587
24618
7185
14342
21469
21791
10035
29401
16370
10104
10153
22844
27326
19834
431
10568
6530
14517
23717
14507
10181
231
12901
5804
12614
13854
26835
3945
6196
7709
10678
29795
15265
24833
27846
20029
29237
26916
26629
23489
7455
31298
23123
548
26449
17370
25661
4747
1261
29399
25367
2253
1786
1648
586
10107
5980
27725
30446
5406
12547
10219
6556
24255
10338
2369
21117
941
6179
13988
2983
28282
1561
3560
7594
32583
21622
8392
27237
2881
21310
20615
6687
30060
1531
19672
11987
17568
29107
31228
25034
23249
1815
554
32623
12691
31997
5683
13664
16348
12048
8550
1729
27916
21702
29873
23253
13612
9363
11530
22991
25203
14173
22797
3045
15
16431
8679
28327
27170
27697
31602
29839
7946
32472
8097
8921
13797
32346
22815
16788
7764
1125
24883
20986
3456
1808
21735
16125
15451
11794
1385
31778
23337
2097
10161
1682
24126
13566
10084
31855
2057
22208
8441
15972
21585
24750
18202
20352
10431
5473
14157
26436
28317
18824
467
27130
31197
16094
26832
15177
24925
11097
6829
7943
11369
16548
27579
7246
31106
18384
21273
5842
605
9543
11991
4721
8495
22785
4955
21772
15144
20218
10756
23190
13373
5091
25358
20330
20523
16919
32438
1250
9401
15058
12702
5157
317
32669
26738
9024
28513
16397
28364
121
12583
28589
32085
2015
24619
30777
29486
1830
4649
23565
16014
5042
9918
23772
14508
1778
8819
31397
30943
5359
15095
24291
25347
12581
30892
2053
29984
13713
4453
18717
6214
11
24687
29148
30907
31190
8142
12990
10585
15734
18120
4482
5681
20161
12712
477
2676
6457
30396
30319
19860
10393
3232
32246
7078
20398
9662
16578
32011
12648
25878
29289
16719
24625
20539
3003
8529
1917
8862
24824
19620
21411
26127
26689
26166
3051
29825
17485
13359
4840
18190
26461
1820
16648
13883
25202
7245
19817
3964
13501
32635
14574
9211
12119
12207
28563
13461
16690
2910
5117
24357
16208
18393
10582
28934
32050
30693
3927
17107
18836
26021
1190
369
9047
17345
9059
2128
15039
31169
3069
12525
4830
4026
12875
15260
22352
32045
216
13700
14889
24364
18046
32747
28204
22974
8758
23732
4414
10373
24878
9253
6938
8862
796
2030
9285
13769
22739
1895
6469
7370
28947
31002
11790
21775
18342
19841
9661
6034
27304
28433
17032
22785
2599
25463
29173
5405
9708
4641
2379
26976
19863
21504
9798
17122
9970
12428
2063
9085
11903
27657
29803
16943
26195
19209
32051
2753
26407
12083
14852
16550
1965
28994
18999
18726
3616
7249
13076
24764
8223
28245
28226
16316
25787
16875
15490
29240
3279
17748
4254
26405
13712
8893
9883
31418
22884
32196
6966
25
17144
27193
6031
3633
13964
16417
25887
5091
17810
28929
32239
30563
120
16985
27916
17634
31426
4462
4918
12394
21851
1100
9176
28425
17197
19468
28221
11057
15343
23635
18176
6239
20798
15387
9668
27131
23024
21430
19238
12671
26533
23567
752
26588
15006
21300
22159
9754
10195
6673
17352
20798
9535
8062
19366
15728
28799
15485
28087
3165
923
9660
25464
19163
19492
5730
12301
4555
22655
6152
22581
11844
28544
3076
22142
5358
17979
23022
8117
9387
18454
26461
19361
31869
9507
15602
13809
26788
6829
31896
11122
11014
10769
3337
30597
8916
12751
7829
26065
5995
7393
27935
3125
10872
7244
25448
28928
13664
7924
912
24933
5599
31668
14553
3113
11759
430
30383
13471
6891
25312
18661
4566
26612
11513
14658
11793
16276
17514
11836
23159
24737
5567
9987
2828
23140
28976
30913
12000
21499
17523
28960
22663
25340
9941
526
19144
13659
27529
23229
15769
4750
11840
4589
28492
30702
3578
17773
22019
21601
2587
21215
1385
10038
13761
3517
7332
1616
13653
5785
20613
20359
14944
14249
26114
2379
29088
27266
12519
13962
5980
27428
27336
8660
9716
31799
30266
25534
21180
16532
25155
10372
19722
19975
16910
30962
29582
23891
11491
2692
29666
15223
31319
23244
2146
24624
3776
6676
18494
19903
19436
10565
15822
7660
31251
12039
14117
24651
15625
2090
1256
11710
27064
5957
7009
5435
20430
14236
18895
17872
19379
22343
31744
6628
13502
31889
14882
26559
31656
15007
23255
15181
3393
22866
7047
23838
19809
13421
4858
19122
15906
5627
12838
1012
10060
4075
18245
20996
21009
6398
14123
27449
11515
28899
24791
6247
27682
4000
24392
16221
31138
9267
7570
30386
19020
26233
28976
1730
27292
16464
11932
31731
22507
4600
27677
11837
31206
5568
26336
25065
20543
9950
15947
26008
10403
28574
31118
20872
28907
17087
2939
19475
31126
9241
18583
30584
15479
17540
881
27870
31659
29942
17202
26774
19662
21739
18550
2977
25710
16394
21594
22130
13760
16133
26070
16628
14994
32705
24910
5071
30593
6327
22115
26344
4204
7066
22543
26918
297
15161
6897
21884
20086
2216
19941
14628
17202
2970
24792
28456
3533
14866
11739
29991
20989
4923
14453
32086
690
24979
30526
25029
6221
26703
23465
23780
30476
32764
3106
11077
6601
26210
1113
31395
21733
17837
4061
18980
17791
14031
21228
8155
16617
17184
21898
14225
22620
10567
17616
3781
17642
26974
24199
29169
20405
23633
15093
28431
2655
23175
26871
20828
27585
13765
4176
2652
9440
2639
3649
11294
16924
11088
16474
22721
27819
11899
29071
19255
24646
23283
7566
23881
26914
32616
32336
11995
32290
29571
6126
21106
19275
18565
14007
8947
16504
27947
4991
9902
30799
18644
4665
9114
2931
4581
20169
18658
9211
25453
27667
4513
25892
22021
22872
17642
31554
8187
450
14092
26621
175
6717
12308
24249
31548
393
7059
17750
9307
26253
26017
11546
1925
10479
10529
22507
26456
10209
4935
7618
23868
29502
8280
18012
7238
4821
5553
11059
23389
22533
23819
13740
10907
28042
9469
3474
14325
6550
27330
3011
18207
26147
20797
17705
24746
9096
26938
16876
31856
31051
20215
13542
11057
31031
16611
18264
894
26798
5029
19675
21974
13376
10080
29593
27664
16764
16950
17596
22520
4869
29707
2343
5437
29417
26507
26212
651
5935
17518
18398
30196
29871
1786
26705
28820
13351
28874
3966
13685
32138
30415
22563
18352
3483
20628
4650
5077
18875
3270
5409
18573
17919
20211
5866
8830
29062
6802
23220
12143
23818
20292
19498
19629
20404
14937
23273
25773
7733
24982
10808
12274
30738
27445
26867
32049
7999
18222
26057
17588
15856
32181
13224
2812
20140
18180
29300
22186
19107
20570
4095
15776
4673
21060
5430
19811
17411
23579
21400
21187
30090
30926
1773
17599
750
4321
16180
22179
26708
11702
9949
30067
22979
524
31032
13452
3379
23493
15662
28041
27367
25324
6191
5988
6141
18934
19819
6365
3908
21320
15685
6688
15437
20474
30980
6562
19653
31707
16076
18508
11265
23221
29134
28891
23771
31442
25275
28295
9661
16574
31870
30434
17147
8271
10538
15108
4966
26339
817
9189
29470
31465
9944
11786
14503
13475
14311
10340
2111
13353
28581
23157
29039
22706
18179
21940
2785
15631
4376
30259
113
23928
6605
22143
18310
19083
7386
15047
28067
3474
10481
14145
13625
8709
17208
5578
29888
10320
24317
16077
27653
13781
32166
10597
966
26165
2790
5830
11132
4555
18743
7385
18808
19834
25220
17446
28977
6057
28965
15607
21469
22155
5393
28602
7998
2980
26959
27816
16063
24713
28078
32420
12991
28903
14518
25958
29229
30150
1502
31448
2645
13839
29696
18368
28921
24652
2057
19360
15524
12720
18421
31706
14139
3671
507
15896
32469
28366
5124
25067
10444
18134
18274
23987
6933
18789
5311
21182
4044
11758
25683
7348
30483
23266
7771
28722
11037
6519
8134
19637
10886
13992
26417
17850
19686
13693
3605
26403
9637
30348
25151
14557
2321
30912
13185
9664
26541
5977
10664
18870
29644
26932
13997
27424
17759
9549
31024
9077
28684
12418
8993
31532
16256
14490
14529
31965
3589
133
15305
931
26967
16869
5864
18628
31155
18382
23923
29844
24370
9930
13145
13974
31061
13857
29013
10469
19681
11863
22887
722
31725
4341
28548
24271
1081
15757
19085
6028
14273
22520
29054
95
9106
25570
6376
31977
22749
14729
21665
15351
19530
14273
4537
6566
16270
22332
27825
27851
26944
776
14312
17297
20200
23129
18006
21348
1370
16265
20092
8206
19266
22621
31131
7712
12799
25482
29477
21652
18613
1911
3185
16816
32157
32325
18610
1838
10656
17165
25898
8601
31269
9320
12699
12026
11559
24629
19711
2228
21386
11414
6776
13485
3503
21052
650
29102
30278
15333
21640
25357
12131
7970
23628
8073
17876
8798
43
10101
24243
9244
31529
1561
25399
1920
1896
8789
7887
10769
3303
647
882
26301
10345
1967
2096
18974
7858
25553
22030
23547
4089
20379
14096
8722
32667
17224
31639
16404
1037
14020
18925
22770
13076
11537
3103
5463
7736
3817
28683
29557
29558
6309
11705
17413
5685
24413
2031
30857
17531
12625
15103
9941
7265
21895
19940
26061
5572
28342
31117
26480
17470
1379
6777
29718
30036
32074
24708
10997
32497
31231
12545
11242
21012
30421
28424
3703
9669
5631
7697
18952
20045
27381
4802
29562
5286
17434
9734
29661
8753
14235
7775
7289
21671
30618
17277
15376
3666
12684
20495
6499
22141
31967
13785
30455
24105
7392
26631
1049
15617
6621
8129
24352
31376
30086
20223
3314
14258
32409
13727
2506
3144
1983
19637
22328
27952
1457
31778
11113
11893
22686
20072
9640
30146
17617
5820
11301
12573
24207
15709
22261
26065
27966
9765
3163
27564
2509
25949
12870
26731
31823
14038
6426
8051
7401
27445
947
27074
15343
16271
28840
27172
21834
21302
2252
20906
4893
12242
22267
18520
25512
6067
11539
19998
9836
3685
23104
10250
13455
20357
5757
11707
18563
10196
18263
2841
2275
25738
500
19011
15005
19693
28245
14793
24150
23073
28632
796
15626
8514
14081
1346
10227
9136
8313
18382
28589
31146
1367
6672
22167
2847
24735
12937
636
19136
28168
25249
12659
10074
9731
12957
13827
10083
15096
31179
32395
25299
31699
18175
11233
20277
16319
11587
31546
4605
16177
18635
1866
19740
32297
4135
9388
6610
11189
17852
23939
9667
6838
7541
20578
9806
14310
27318
30313
5658
8474
27282
5297
28913
16837
32317
23787
25042
6334
27076
323
5953
2883
27387
16267
12770
26941
15543
10133
326
1733
23102
8416
773
3816
5884
29559
22541
29607
24184
22551
9273
8002
12422
21392
3110
19127
11709
24941
17730
7557
18475
12759
27685
31413
27720
32439
5413
7963
13865
15387
19236
29914
1782
10203
28845
16422
3742
31868
14144
2382
7625
19284
8425
26617
21519
16879
16407
5039
32359
24242
10668
23964
14818
22718
19793
30609
11929
16152
10252
11340
30435
4870
1300
27897
1740
25020
16612
22521
10179
8503
17038
7393
23699
21610
8018
25030
16789
15000
7279
3512
15651
3585
825
7308
5199
5568
31596
24543
14293
3828
24512
20823
23887
12574
16573
23084
14504
20938
2513
13287
27091
27506
31904
18026
29373
2975
30363
10033
18816
27729
13524
7639
23257
15521
2576
20956
4316
23717
15134
1445
12774
4244
30056
708
11220
28458
5064
7034
8050
3918
9629
25978
16438
14579
27677
4592
23599
7484
16877
1730
8248
23011
8431
7446
27761
19419
14939
10516
19696
30004
21777
12013
27315
31296
26157
26908
2265
31220
6108
1004
25106
17808
12911
12858
31317
15235
7086
32636
14545
18824
24687
770
24101
23062
31847
22652
10963
12535
21567
445
18930
31542
5610
5566
21540
5695
29495
24806
32456
21058
27298
23176
19313
13272
4720
5038
19350
30953
6651
789
19595
25805
30026
21112
32687
6065
26340
4369
29416
30013
23526
28510
27980
24180
20052
26657
1057
17115
8621
31402
31752
19677
11714
23128
19061
11630
27591
14174
19298
19183
31147
1219
32581
22353
26533
24493
25919
4478
1040
31710
17814
13812
6520
14719
101
25267
21237
18460
13458
29274
15031
31473
21249
4749
1763
12900
29191
6553
10398
32466
29986
24411
20838
24718
23783
7518
25257
18727
21307
6723
31632
16874
18374
9318
6428
23464
12453
8126
31861
19386
17247
11013
19327
23105
14875
8217
8109
1458
30992
29603
30490
32659
10300
14326
15318
26239
5465
18234
21885
24944
29197
22729
30991
62
16993
1497
11003
1378
3956
348
10109
32000
12913
1828
9514
17701
19390
17995
9674
27469
14966
19154
18789
808
10266
10888
22433
23197
31875
31021
29515
12048
19995
18392
11315
18400
8781
13206
25405
6708
4666
18260
13493
23032
10158
13567
23779
7202
1618
10729
19167
28218
13603
17007
21927
1817
7202
24793
18287
29937
2637
27521
13112
27789
22479
13880
18596
7642
30836
6885
6665
12711
4703
1391
2244
21673
27903
30429
19408
29634
19519
17340
17559
3458
3069
4545
5639
15599
4030
22704
12777
24961
23200
27260
20590
2161
25488
18096
1547
31540
31164
15629
27527
5954
19787
9077
3155
21275
28748
8968
3865
5260
25581
24716
19607
15406
1518
1042
18606
2609
29269
25558
16822
16471
11618
22120
18965
9539
10693
28681
8208
19700
32527
12120
14305
19085
25703
23854
11273
12119
17278
9158
2023
31496
30661
8481
8330
24902
3549
30888
28612
2151
5966
10260
9599
9595
26237
9099
25428
6540
18136
32011
22106
29732
1364
6924
9020
32528
23833
16993
22671
14180
7291
30560
23394
22463
5677
31298
534
22480
12977
25293
20848
1305
13843
7984
4076
6387
3543
23086
9044
28627
15152
3198
27794
17867
11635
15730
5571
7252
8394
14040
1676
11594
21805
12318
29361
3896
12686
13497
14051
28374
10068
18886
30682
464
27147
5874
14244
5833
20314
5784
21821
26272
27445
4394
10847
2802
15443
26578
15259
15840
31971
29273
11945
18194
27515
29767
31485
14843
8273
27980
2202
26975
17069
18654
12587
13331
12958
12580
22352
3845
31469
2323
2102
28796
8015
20951
23402
160
6878
32628
1263
13116
8906
173
19854
11971
332
32293
25965
9361
7388
5316
17635
32372
32676
3932
3979
1387
29492
25484
11671
26029
1143
30181
3943
13293
998
26956
20315
22493
22011
32159
9701
32753
10217
16796
25570
613
23690
7166
26410
20353
17817
28648
15717
22812
32033
24711
26913
4959
29493
30708
32034
29387
994
13655
505
2941
10594
18002
23001
13745
7826
28573
5797
23430
1447
26861
30285
21505
26396
12315
31067
28499
7406
6018
18377
6239
32268
5033
22550
12151
24073
3106
3225
614
13589
13233
15124
1460
1067
11185
21132
13093
18828
30388
4952
12675
6507
32362
3449
10653
12010
12484
22825
27792
2373
30808
15798
20293
26957
5128
14993
24379
17177
4574
9890
21639
30712
28987
23007
25881
27817
12337
5405
23872
20431
18477
7206
8561
9375
24025
13835
32068
26076
10304
1980
25535
21765
21300
31957
1239
18893
24812
12987
23604
5579
20210
6632
7477
20595
573
16771
8244
8005
16025
308
13579
20036
11600
30006
32470
19626
14083
174
15611
25050
13529
19003
9576
11926
15580
26318
13340
20082
3487
9916
5097
11656
23844
14609
1144
26222
3838
6440
24973
15461
5555
31352
12172
1491
868
9905
20797
6900
3504
520
19148
7372
2261
10702
13844
10336
7704
24904
19484
18981
16744
16571
10210
17849
10814
23238
9816
1489
21447
19444
1965
18547
18501
26770
13773
23397
15283
31934
21547
31973
14759
21185
31934
13466
27261
29599
20041
14539
13234
21996
12256
13263
14222
28384
28072
32196
30726
22958
4830
7812
8416
2322
9499
11221
15640
14121
9430
22496
23427
1926
30506
17381
26290
3970
7385
27436
13337
14547
23186
14911
3696
12897
13935
9814
16218
25429
28354
22803
23621
5234
19985
17519
23185
17320
95
13045
12020
21990
19885
10286
31773
6961
24001
9564
5271
22771
26918
9834
21489
20117
31604
27428
4892
26703
10962
24740
15380
5183
26808
16140
16578
28089
20474
12155
31010
13023
5122
3641
11425
14449
30044
7477
19145
20454
24441
15026
5919
21435
5036
28733
19532
19979
1401
28130
31356
28000
19471
17823
9476
15305
19731
31513
25415
19500
1183
15246
2266
20958
3723
21003
6374
22129
21739
11231
2254
461
2008
335
5650
10370
17012
30347
13172
5213
296
18657
20825
15162
19760
23601
1393
22552
16730
15521
21914
6771
19466
26769
10754
24526
21122
30418
10892
11151
6496
27922
2934
20751
5736
23195
3384
1010
3972
2878
13231
17076
11017
26249
30842
20357
21820
20289
31909
11095
7957
5900
32132
18229
31299
23149
4322
24534
30319
22773
27740
14194
25541
7608
15367
8660
32433
3071
19545
5809
2278
9276
2886
15928
29605
5443
9385
11242
32572
28086
15846
15276
29645
449
5325
17690
22352
22792
1474
6431
17627
14558
15643
32194
18721
7864
6090
7235
26682
16097
30524
5479
12450
23407
3201
12304
32643
1909
24236
22032
23095
10874
4221
21311
264
22570
10557
2764
7995
20556
25834
5840
15438
15092
20372
1577
21117
29946
12295
11397
11915
170
1450
14525
31934
28349
7591
1381
10028
21385
844
22433
26933
7284
20402
57
15441
22958
7324
4848
524
20512
7841
10258
3918
26527
10894
23629
31968
18790
10758
705
24876
17091
17259
15706
22340
16400
14594
28510
30502
29669
17233
15938
9023
32396
27340
5314
20269
10677
9393
23601
9161
3179
14129
24589
9317
11079
10448
4054
14674
26852
16142
4896
17318
23186
20551
25576
7739
21839
27864
25380
12283
18163
9091
7069
29531
12202
25877
9985
5926
20391
19269
26932
7292
23831
18144
5608
5658
22100
31011
13421
27868
17500
15464
5578
19839
385
8198
28940
9132
22626
23410
6622
17970
3865
31914
1370
14484
12982
21971
4383
9667
14061
28192
16548
30764
15883
31223
25804
13045
7470
7759
25018
28804
28854
861
1766
10818
21751
31343
11632
11678
5936
15128
4277
25172
29377
31629
5409
17903
11928
26703
28996
16524
12013
16138
27943
14050
20271
4285
11232
32127
6206
28444
13156
4436
9946
2355
9885
14708
22108
31563
26044
30233
931
22033
2257
24808
31826
8437
26776
25206
28217
23505
10646
24842
27408
17355
32101
19621
21611
24444
3661
11327
17386
5714
18708
4180
17328
22322
30998
3743
27415
4706
27288
11046
13218
2727
1881
21110
6708
16810
8554
18736
24703
928
24640
13508
702
22058
1032
8573
13735
20090
29498
10686
155
4792
18033
8843
18465
2724
18042
29002
23698
892
4266
28363
24854
19232
21877
31623
7886
1652
25917
10533
6227
18182
32616
7491
29024
9201
6069
4466
32459
23041
1488
5250
4794
14103
21284
28929
22803
21711
6896
23806
22580
26209
12445
22290
27109
7621
79
21666
16522
27675
23994
9566
19614
8521
13623
12301
5724
12006
21270
27789
24511
4695
13622
16149
8877
10807
6868
6334
16239
31485
18081
322
28517
9944
10007
28163
20472
7390
22796
2639
6607
17254
14472
21730
22598
8626
29652
13996
13596
19666
21715
30421
11371
7108
13461
12287
15582
26336
19754
10955
26654
22132
23988
16798
6029
1195
21696
12709
14647
30387
29911
32022
10502
12574
10063
17081
14901
27529
29031
11944
29958
10108
16276
26707
23736
11922
31509
8646
20915
15322
7629
11311
25607
21628
14418
13722
10772
5024
7746
5120
28554
28043
11478
16768
20629
11787
24505
28140
5457
13846
10266
18823
24964
15534
14848
27917
3212
5895
17373
756
13718
19436
17511
5618
26641
30303
29347
10431
25699
15232
27714
31516
24794
22448
7729
8212
22245
1781
7020
18818
12420
19616
22035
27859
27133
24110
28351
9485
31697
13677
3606
30224
8430
3552
31901
21789
19750
20835
27854
6804
26592
14354
11115
16642
7949
8040
10769
5466
26206
23716
6160
15491
30388
3697
32122
12819
25049
12741
3194
9307
3693
32266
7399
20899
12323
19580
1561
19126
4141
3794
19196
16034
14836
6432
19554
13241
24589
17148
30110
20955
3432
9184
5966
8696
30411
28367
25720
26320
127
12603
17881
29437
19530
31015
30585
8244
25501
9865
9347
19400
21005
27634
30036
31855
17415
17008
17362
5449
32192
21684
27135
14878
15980
9584
24270
18664
25520
29955
5429
3217
24921
10840
20867
3325
24910
17163
26868
8267
8131
3790
8066
8536
22448
14860
6143
28549
21378
27596
2657
7099
30224
31447
13405
26284
20432
32285
14391
29787
5195
15445
24024
22750
974
16100
27169
25186
7523
3072
127
17521
11519
19477
17087
2160
2557
24167
8996
26476
6603
8442
7351
28950
27364
28591
17887
9227
31742
7855
28977
23385
900
29708
20617
13631
19270
25766
20058
22325
29808
6220
4418
13100
14264
31012
24034
12823
30172
21069
19180
26538
11340
16834
31613
13154
8739
386
21422
29381
24924
19438
23398
10475
20547
24434
17266
16189
32553
25959
16599
17277
32348
16440
12902
18183
20567
1220
17554
17238
19509
8964
1919
10185
1132
494
11099
29863
1463
4761
22257
1890
596
7841
19579
31768
15728
21965
20664
18527
19168
24303
2111
29506
30481
28684
16147
3719
27458
12733
20087
21812
25072
29141
5380
4945
32658
26948
13560
15086
9095
6460
3281
19048
17741
914
7707
26601
12787
16998
22150
22062
15825
17158
28475
9869
15990
10256
22128
19510
24802
5847
22330
29881
12278
29704
29603
18888
24360
21390
9469
62
11643
8114
30326
22625
29871
15239
11756
29540
14516
9349
30466
8753
19301
22388
17523
4453
22643
31884
23462
30363
28063
7898
16003
8941
21293
29413
26502
7864
18581
28818
3089
12960
31099
17477
22791
468
16097
23369
23958
6547
156
3954
6228
6640
19204
13824
23182
23506
27888
5575
30172
14398
12770
2189
26617
21721
3198
19380
30930
6568
17729
17433
32477
13339
367
14651
15788
19274
13901
19360
4802
18814
23697
10868
25765
24307
30743
19572
2101
8668
18389
12298
4155
28584
12817
26297
15173
29572
16593
28604
29618
30241
17044
9706
5641
23223
25407
17629
29071
27978
20826
18771
14104
26156
17276
12500
18973
18115
29188
23702
10255
29580
22794
7069
23019
12128
22166
8230
9231
23542
30991
25670
26700
9130
4598
16847
28220
28796
24788
16755
1493
21596
27248
25900
14399
18085
20550
29147
31459
23271
15413
31791
6341
21737
13432
15560
17939
15854
27607
28572
4606
24376
25118
17050
10952
17867
26831
6030
10270
13171
24596
7493
20393
8456
16375
1009
2016
13809
16853
20686
27936
22759
15888
5382
15614
15867
4613
3027
3036
5595
8766
25571
30906
16977
19688
14336
21327
13324
24711
31472
26712
21923
27368
23194
26673
10199
29783
24171
7074
29465
31507
17656
23291
12876
17151
25829
31587
6859
19866
5381
9837
26030
3633
24514
20460
15945
11860
1472
15881
31222
30342
5053
22418
32021
12088
4028
11413
29008
3577
354
27950
12580
743
22944
17053
3228
31337
32146
16027
19296
26400
30887
21743
4079
10266
6659
4924
41
8009
289
2845
22288
3124
23997
8819
17359
32493
26353
15870
14844
30531
19870
31275
5914
1080
11789
26157
16738
30646
17622
30031
9155
637
27393
6793
11047
19552
7532
16977
10488
23729
4972
7859
16098
26362
10423
31140
14299
20461
7810
404
29281
32414
30694
17474
16387
19952
30088
19412
24099
12877
29817
4647
27642
26523
13403
15972
477
15211
18630
24788
19902
18291
14826
8437
22773
12350
6261
4557
23361
15394
2231
8318
16137
22131
2307
20763
15080
21238
30553
15802
9321
1432
6723
3018
24591
608
12541
19367
4761
6563
20184
30316
30595
25719
1504
32265
208
30057
9405
9109
9223
371
3031
2021
30844
5416
23998
10845
2768
10802
3784
18950
2491
12542
6140
23777
12297
25270
20782
4475
4067
28528
13932
3778
9040
23717
7321
26135
17916
10212
6488
27556
31799
455
8748
26864
11072
13607
9949
23984
9924
3724
11037
17121
14242
22503
9067
1043
32753
15492
6456
8968
24644
10554
23112
14717
16940
31973
14172
19784
27647
7446
5646
10915
16856
17160
23036
14536
6111
5334
26920
31934
31179
24300
20383
15986
2981
443
18009
1033
26574
26546
8545
22389
7747
5993
26933
2630
14624
13855
9072
27587
27235
3686
3750
9530
18163
28445
21904
12436
13025
30367
32105
7468
25325
7738
5015
5858
5964
6627
24206
25451
29608
24615
5618
18923
6249
28261
26107
6341
24883
7483
16926
15793
27823
6462
19178
9232
20879
21486
19248
19837
9420
233
4198
22693
13618
29534
8781
27224
8223
28613
7634
11488
9096
17869
14130
22929
20796
18070
10082
161
1901
27425
2222
826
21100
16133
26272
29646
7092
25443
1315
20651
18986
15899
8936
19663
14243
10560
15113
6909
8103
14026
2541
28432
27509
23691
22891
10640
32582
7269
22578
24963
27862
31929
104
16517
12065
25890
20881
25883
21354
13156
25011
16197
13186
7327
2487
6994
9543
11977
12563
20216
17259
1626
31910
15524
13175
3145
25827
8463
3343
20536
30514
24338
18039
21228
18067
15803
19030
21759
20357
19616
6842
32217
21286
25203
9565
28380
28059
27095
11559
5855
27570
28786
27891
23006
9158
11332
22422
24815
21988
27447
6429
9848
22315
8439
15703
4768
3193
1795
8084
15363
30788
773
1963
8362
24517
18271
6210
27450
19292
25094
29257
6251
26160
11667
12744
4284
278
22679
10203
2662
15540
30511
30202
18318
7910
21209
28286
1214
5984
27782
24161
11158
14229
25841
9286
7615
8664
16174
14521
11297
29633
12678
2999
3670
12243
30850
23409
28254
27227
24646
26701
23700
15771
30752
10798
16352
18728
9313
27381
5679
16529
620
27208
6432
19777
21260
28306
6912
18343
24331
26442
12281
2964
2560
1145
30598
27620
1896
26486
6698
2400
26104
20724
20322
4323
25906
28735
32728
9404
18743
14275
22489
30036
8412
23246
24073
19729
12799
22679
25174
4985
28
14462
22826
2971
8475
23445
30437
20906
21612
1888
8074
23532
4182
3545
32440
722
31116
14007
23517
21609
30978
19952
32422
14065
25598
31613
14266
7882
27250
18525
24999
23448
16265
29916
28188
16543
12416
1045
21338
11375
7607
8374
28133
13254
2568
16131
10879
29618
13399
8222
3158
20214
28522
6789
25469
6831
11259
19420
18329
32311
26892
6125
10973
2634
32379
6381
6456
19303
30166
25856
30668
23417
25968
19712
22691
14007
437
30842
13981
22473
22714
762
11693
24364
27673
32393
837
18903
7419
32627
4879
31519
7798
5454
29662
7640
25114
21815
26852
8381
12998
22879
29477
21010
29120
22983
5931
24199
10757
16967
11004
14176
28126
27093
16457
9171
12980
20228
32488
433
7973
32203
901
31049
32600
648
5780
10378
21389
3652
20361
2407
11512
12345
30796
6016
19663
18577
17639
30974
14754
6257
13186
11966
16107
4918
10386
4019
2790
21759
6989
4997
24226
25195
26209
12414
1112
5540
4325
20647
32765
23708
9104
8750
11795
11414
24105
18187
17604
20201
24894
10211
27441
27392
8217
28205
23304
29094
12016
27027
16468
19840
16732
25755
19354
31963
27916
11398
10785
30889
1211
20601
22673
3269
8031
23514
960
1407
8100
4093
27592
22100
20376
24832
32093
7677
25768
14835
5469
11180
32715
19516
8873
27026
32253
28218
6708
20644
11503
19753
29017
18847
14333
30278
4722
8009
24928
31539
32678
26106
23461
13724
6146
31836
22365
28187
13003
2415
6423
27225
1299
7120
11147
9847
1419
20026
536
15788
17048
5453
8049
17967
24233
6798
5267
9303
9927
18608
27642
6400
30574
27922
21780
3890
25499
4744
9206
27901
21030
31070
31054
27559
1362
20634
9880
15114
16547
5250
8853
29751
239
13918
8697
8031
31416
29055
10340
20724
21177
29056
9620
8715
17599
11724
29401
2053
11450
7776
17609
20334
9748
11731
25908
15909
13633
3219
18779
8381
12184
18801
22620
18212
21857
21344
30193
13442
21039
18553
9562
1636
6000
13891
22680
22298
17730
12082
16348
8029
5512
22893
11583
23350
32061
23252
24755
30235
30729
17986
20538
16986
12818
28175
16470
32699
1045
16346
16576
13664
30133
3461
24924
25329
14867
26496
13165
19702
23198
27723
27398
26756
1069
12598
13505
10780
10827
10348
5042
15312
29905
10287
23454
24231
11195
30565
7017
31555
5428
852
3022
9665
31219
8874
22099
6369
17354
2496
18555
27751
27260
21535
18237
2753
8912
18244
5813
10729
995
12960
18970
19341
5826
4323
28656
2158
1080
20090
20094
11014
21733
22870
17539
23917
30608
24048
8741
28285
447
21898
3626
29237
24196
18871
19306
16731
24473
28957
29316
7269
25775
2426
29649
30106
3332
4837
30102
9845
10036
20567
25214
5194
21329
12649
15431
2091
2869
2399
1723
15885
1303
14182
24290
28455
9309
9242
4726
23451
27825
14411
19351
5976
11095
12545
9408
7743
19134
29885
14586
29573
1109
19970
1103
20568
25759
12052
10370
9669
21898
25344
27133
30169
8957
20444
30987
18438
11696
11856
23367
15561
16448
23126
2389
1162
14979
8509
5327
15812
1817
12532
27266
32357
3907
3205
1243
3192
8440
10720
8860
2561
31542
7386
21971
6184
29847
29557
32525
13722
28708
10082
2247
23597
5229
18628
30501
8643
30938
17975
8167
24688
15676
30225
7832
10719
16295
17640
22792
2545
25732
11604
10237
23720
9442
23797
30758
15172
22285
10936
30544
17579
25954
16983
8668
17678
26465
10527
17521
202
20740
32758
17902
9868
11343
9884
19875
11449
4393
9265
6592
7693
20330
30968
6669
6530
32565
15706
8924
2419
27528
12846
19517
22017
2833
9783
20848
5814
31556
21742
1184
1896
12714
8834
10958
17504
22396
22814
21515
4540
880
19306
1002
12818
17875
84
15925
4182
15064
19472
19423
16638
5936
31325
19514
7779
25306
28171
26218
1131
22077
22970
12058
28517
3444
30180
5741
564
1513
22558
29239
14256
6693
20378
30830
17225
28646
27377
15835
25838
3186
2847
3349
13357
812
10191
10672
9883
29285
10458
21426
21878
17012
30986
8006
18057
23305
13859
29877
15440
17086
8740
19601
20829
23791
14794
31796
25338
14796
5206
9833
3856
11436
28816
9320
18759
7333
4876
31496
19311
17241
22956
12336
25887
19986
10342
5262
28315
5394
4935
21900
25339
23844
27064
27520
25994
22391
1793
14371
13933
21420
3083
26949
23173
22574
26218
29631
31382
5314
18586
15016
15784
25439
30601
14028
8877
19263
4438
12889
7525
14902
12633
27868
31359
26691
5475
15212
20225
6501
10311
31013
30441
12719
5529
23513
26388
20383
19125
257
22112
24748
2307
18170
526
25630
28026
18030
4458
20514
4451
16
23725
19742
10336
4748
6946
15170
16300
3261
15496
13920
676
12321
29112
3069
10375
14219
10375
22440
28538
30232
32494
14730
18639
25188
29032
23359
6790
25086
18588
14052
14868
26905
2620
21617
1124
17028
28973
29001
14108
5084
12520
17936
28449
29184
2080
24253
28765
6597
26277
14576
6848
8427
10888
7301
12420
13136
14464
25193
20918
12388
29580
7596
20722
15581
22490
23256
17774
7340
15592
27010
32313
26927
745
25630
15045
30632
12138
27160
19620
1006
15669
16416
1679
29538
9077
19141
7340
17445
22556
5957
23057
31880
20866
26275
20356
11972
19278
28411
24452
25836
21146
18195
19342
2335
23890
12338
9881
7682
28893
12853
20707
23405
7168
15839
24815
869
18431
18801
7630
843
9477
7034
28319
13650
13765
14321
25426
22071
15970
9089
15025
812
6796
28964
2464
21525
16109
19955
26531
26102
27075
32573
17570
27052
18126
1750
19433
2780
2668
25009
30835
17194
18435
5297
15976
28075
1951
31677
28132
11932
24284
3859
13050
852
4359
4830
22265
3703
31360
25866
9965
29805
19298
23895
9065
23570
21862
29612
23940
26543
28933
8367
9506
14890
15837
11410
27765
23673
16982
24623
1219
5980
11909
19544
6249
5452
18001
7016
1568
24750
14036
8478
383
4685
23300
7340
7361
17415
13202
24842
8137
7111
5650
22416
20579
691
22365
4292
4045
23718
30003
22385
29046
21472
805
31225
12037
3324
24242
15851
7581
22307
28337
12760
2143
11392
29167
20835
5169
5875
8472
12184
4286
19722
10203
7039
23230
6957
14665
29424
13176
27928
17278
6056
12677
2959
1668
15005
11990
25164
4724
29071
22521
25149
28894
19168
16535
21484
32107
21413
8514
11839
12737
17405
8813
17761
26791
17826
22716
26112
23658
2237
22143
12473
25727
6911
30329
18896
13929
13549
17381
12581
11742
29051
9147
22115
24613
9181
9007
15739
32450
16282
3962
18257
19797
1762
15070
29364
11968
29473
4836
10644
3464
3028
27625
28271
9086
8092
9688
32269
25758
5008
3641
14701
4407
15576
9067
27647
13132
30840
7469
16916
2874
30057
24164
914
12188
25838
13336
26348
25708
1317
1471
4177
28011
14812
23230
4388
24514
10151
22829
31661
14057
1327
8666
24334
12488
5837
11665
16248
13596
2136
3995
24222
19485
6459
16773
26730
26718
20170
23587
22511
2036
8406
25043
10400
28890
21630
32262
10175
3220
31049
24061
31256
10003
15474
1745
10734
5337
1667
19638
20790
1117
5925
20352
13315
32433
4919
8295
24386
23394
14621
29959
8103
11168
12123
2987
25831
24734
8546
9418
25896
12604
7849
13778
5301
740
28672
14629
17911
22961
22306
16225
1441
5079
27785
9701
1834
29759
3974
5777
13696
16497
7312
13516
15355
30135
24029
7116
7055
22911
27183
4626
8263
26882
26097
5683
19182
27683
23170
10462
783
12186
6097
30747
9505
10833
21546
20433
16635
4622
32335
29579
7310
9043
30155
17787
20178
8323
7555
24256
1793
19525
31886
31972
21508
25389
24902
26793
42
22682
15007
14853
21792
23258
7096
7531
23582
25237
7600
32332
28254
20840
5051
15070
10706
25552
17781
17692
7702
31306
9078
21774
17828
32184
10790
4170
8007
25351
26322
19131
31698
4623
21248
17569
21521
13242
31232
2521
15104
11113
7364
22111
16443
16275
18418
9233
22198
13743
4150
17845
5038
25941
26845
13118
23007
1696
18592
27467
17656
16342
4285
3569
26956
13899
27213
5306
15306
9858
3537
19437
13871
18326
10510
28944
2938
32216
22299
6828
160
8378
24248
19792
15746
22508
10977
25048
10780
21444
12707
8431
11263
25827
15663
14291
22529
14102
19245
27225
27699
13178
30290
9776
9747
19940
7733
23401
18691
16767
16734
15927
26874
183
15776
22004
19834
23638
27306
32101
194
9709
17112
14399
24388
20854
3663
490
15193
23095
17480
31108
26932
28394
5804
3881
18196
10522
23522
5746
5566
21456
19172
25147
13611
1391
15769
19882
6526
4317
27999
22125
3129
4579
24038
11330
3503
6359
27205
22973
27325
14712
10311
27206
23221
281
5638
12641
14747
6146
17852
5938
12948
4627
31701
3648
28315
12970
29513
5753
7030
10183
15400
29046
24296
110
26743
27649
2601
25165
31546
24788
8595
17055
19922
22692
3230
9808
24457
27486
526
11618
17260
18097
1131
28047
8281
32204
690
24624
30552
1641
29002
26461
9262
1802
28473
11862
19504
23170
19352
26913
12118
27832
32580
14197
3984
21672
28375
11991
8797
20394
2263
20483
16537
503
5165
27533
18582
8297
17112
14792
26223
26498
23778
10727
13977
944
6035
11362
30395
20175
27878
31900
14528
1776
1849
11714
19498
25177
5448
32502
20905
9421
6748
15021
11500
6669
3776
9557
18615
6558
25717
16188
24886
30669
17446
23981
18577
2033
5726
24412
22976
5104
11513
3
3489
27908
8409
3918
26183
31167
14298
3829
9365
25933
26375
31783
31756
21498
17678
18479
14562
16627
241
17490
3156
26961
12543
1270
29501
26707
3587
10
27366
26859
28347
27297
26656
4221
6027
6624
17552
1763
12915
27419
5707
16308
831
30523
9635
26822
11261
5475
30016
8689
5556
28883
4210
25110
20819
13836
5061
11616
1256
6964
9174
202
14610
18365
18022
5858
6841
24386
20909
27084
1276
13233
26096
5769
26475
25263
9558
1402
23671
25144
7672
31775
1062
16518
6711
31781
30476
6965
19282
5024
25974
4516
568
661
14056
13982
27290
22971
15818
17722
31813
30338
21342
7423
5807
85
28661
18764
31439
19228
4963
6135
5938
17158
4528
821
23116
17797
6160
29370
32524
2970
32277
6177
1971
2386
14116
27277
23269
26257
30758
1425
14080
29966
25983
28493
28590
18335
23876
2522
10678
20151
12712
13289
2328
7724
26552
23718
1368
16446
20041
3811
22554
14806
302
14194
14831
9227
11438
10962
24943
32490
9525
11791
30856
8567
10057
1763
31765
27375
21440
22305
14770
6480
15408
18259
24527
26907
5032
17570
21508
25177
22429
22007
17316
30428
1319
19552
8853
21959
11886
21173
3167
6225
1118
8315
15234
11205
10403
21512
2829
7373
23505
14312
13932
10225
23522
30592
19330
13147
1766
1777
760
5597
5622
16960
29396
20277
1130
1971
20301
5519
30540
20862
11741
23627
14604
4766
32409
14337
7540
23302
12222
17346
25055
1785
12172
27553
23974
32183
16471
16498
5852
17243
21211
14546
3899
25092
23248
872
23901
28211
20926
20074
26160
10868
23571
10338
19108
3649
17523
24114
23974
13347
16719
31317
13906
29466
14521
18793
12900
10047
30326
2026
31984
28072
2133
7489
27988
22412
13504
2045
21098
22695
16273
24416
32258
29920
28967
3613
9359
28970
5048
10848
25888
2984
23272
3855
3474
32532
27035
6735
28420
21857
27144
13643
22156
19871
27664
2353
32296
22816
32205
1404
2552
29657
12909
7033
26026
23562
2881
21252
5685
27938
30481
7315
21450
8669
23475
1143
7
431
24027
11102
19567
32101
23349
10267
9495
32522
19121
13994
13217
12551
30495
22638
3694
16527
18427
18878
26640
7994
3210
28832
21246
2032
32038
10452
28044
19209
26325
4373
2586
9650
13601
15771
10123
10387
20004
29668
19961
29103
29923
21428
9126
15755
9693
4443
20022
5010
8675
9526
29724
4536
6953
5240
29267
7006
14494
14122
6734
28533
25465
8049
3121
27111
4884
1552
321
29746
2814
24621
6809
26966
16204
600
2080
28914
21295
29897
7095
5546
26060
23785
7351
6859
8519
8213
28570
21810
16417
9118
26104
2922
31941
19988
19126
8468
8029
11716
32378
4492
7658
26751
14433
32201
660
22685
16117
20869
3134
31554
11609
17310
15710
5088
6343
13757
19724
10493
10813
14133
11865
15927
114
12078
8673
28549
28175
29186
1444
20927
26652
17895
22289
15457
14520
6863
7012
24716
18958
31116
8754
20813
7556
28216
22082
24866
17205
29140
4255
30906
26018
5935
8683
19197
15780
32521
1526
2636
678
22393
30096
778
11024
27276
19099
16219
4358
47
27236
6187
20307
5967
10803
22387
27296
14910
25120
20407
6890
29273
8745
3284
18739
7912
15746
504
5495
13125
8236
22770
30945
8257
8905
18092
22591
27843
20655
2293
6836
16818
21563
29060
6316
27925
32103
8762
30485
8313
5791
24232
17101
28307
31697
5841
24662
19495
10180
3889
9169
6185
11178
18942
9514
28449
17656
5549
9360
19924
1397
25784
4904
18208
16785
21151
5122
20776
14585
31277
2380
28081
11624
252
453
12748
23488
31803
6773
28854
2905
4783
10396
3580
10137
32760
16360
15074
6085
23830
26858
8966
18710
21035
7115
19521
7952
5506
21307
11726
15887
23505
19371
17070
25635
7611
17084
6986
17437
22169
19191
12891
5866
8314
1982
2311
22304
20840
25986
20044
23255
32238
8759
5538
16314
1239
14853
24796
23902
2103
3137
336
12754
30640
19611
5175
31863
4078
5273
7767
31505
29556
10564
2783
32031
16539
18721
4498
16744
18647
5730
18471
20951
19773
29022
25328
20872
25666
22335
26811
28963
27846
6394
24054
32105
12881
32389
11030
15372
9884
10820
16953
2756
21587
20676
18441
29855
28441
6315
17380
12697
9421
14063
6971
17516
5131
6983
23608
10921
3062
16607
7076
21256
31029
30544
27143
19964
9276
14287
9233
27787
9421
23204
8760
16733
11966
16607
2979
14355
7164
17990
20551
14042
22480
3985
3664
32319
3937
2266
26306
15173
19323
10319
1376
32692
22414
18730
24525
5301
6650
13027
28657
23452
16777
8355
28062
12549
27709
23805
19315
1570
11085
17881
31489
9299
2154
19632
15405
20215
28742
18175
31701
14211
9815
8949
1463
30673
9689
21615
3470
1722
5138
3623
21373
23270
10201
6952
26545
12259
10841
27782
20803
8565
29971
12107
7259
4397
4386
32436
5019
2621
23491
1694
10427
6027
21524
10811
20592
16388
30236
777
21907
7475
18188
19461
26495
16402
30404
3356
26555
22560
15001
6882
15065
20659
17750
16006
8349
22672
128
6662
22370
1977
27359
7327
3770
6022
16441
7048
27989
24823
20065
25311
11812
5449
7025
21220
6333
25799
16723
23909
22786
2019
8838
30585
31229
24197
23582
21361
2063
6563
6413
30476
7754
8978
10914
490
25371
14236
2639
14403
14380
26450
10415
9689
8584
28707
11719
27947
10241
9902
3725
5868
15055
24917
7078
30131
21625
6547
28020
29172
26361
14223
20816
21039
21275
15345
7188
21351
28454
15348
1501
9686
24766
25532
29455
8671
19977
29419
20121
18756
10769
26479
22906
26777
8297
19101
4996
27897
25620
21636
8543
16887
26018
22907
21458
19415
13468
13821
13374
20991
4130
11447
14955
28072
27347
27358
3975
20697
26093
9926
620
31126
1973
3249
4386
9557
12570
28133
11173
6321
5781
26113
5096
3938
16467
27280
32537
26733
21910
30943
23591
25240
14169
22028
25474
32033
11827
5472
21538
20655
12157
22750
458
29833
32183
28
6286
17414
10280
14674
14739
6213
11717
10417
21782
18973
18260
6646
26031
4183
7377
28734
28887
3611
27153
18460
28841
9641
22181
32745
2789
25418
1281
6747
14650
5253
7390
12121
18117
24469
21724
24334
18133
28443
16236
31549
26865
1553
24301
23252
19996
4095
17685
3011
17239
369
16787
22286
1384
7336
25586
19233
29146
28304
21697
16485
18757
6130
18929
3088
26319
14059
6782
21825
4339
1181
13650
16460
18305
31524
32614
25682
13030
6091
23850
16150
6318
3456
27431
6923
31047
31622
10722
7090
15112
31850
8452
25634
1649
8504
15801
3048
14261
11502
28758
22034
2421
9265
19774
24199
23759
1343
13574
12698
17047
15397
18391
478
10724
10034
10260
28731
22479
16299
20541
6721
3191
15040
20
25277
31049
14015
1278
10378
27774
18568
25003
24490
21988
32065
6393
16533
2274
9291
8214
465
24502
30068
15333
20419
9218
26478
19876
30405
24711
19072
21195
29561
48
31611
7223
23900
24146
17136
135
24478
11314
13472
3527
13361
20424
9012
32332
21792
8130
31790
29918
22562
8396
8224
17437
10351
10255
2843
17693
4818
1783
24939
340
22527
9274
13441
13238
14632
9750
5169
25886
13003
4570
16414
10224
22990
1191
3442
14076
3789
27000
21714
31654
31667
20576
31889
16196
3975
19219
29475
3016
27785
29352
11733
32671
31870
31389
32700
6361
8008
29980
23787
15241
10169
11388
24041
30575
6825
13835
5987
20692
25670
8715
6685
4278
30636
27898
12078
24613
3254
5655
9325
13037
28691
32545
15655
17781
6556
31074
6931
12775
31972
9196
13191
24721
18449
32547
9451
22412
1259
22907
111
11675
20531
31107
23545
9301
6966
10531
16481
11655
11170
1569
18401
24532
19863
15338
199
7838
27649
2704
26733
31018
806
16143
4715
1278
8571
212
20491
14222
27324
6272
27646
792
20795
5097
20045
15053
31097
27489
7314
561
31731
3132
10855
19396
31038
27788
19999
10978
13398
3119
28084
31976
10036
1804
22529
11672
17822
7321
15921
6847
25155
20641
24952
23316
27143
2372
18689
27748
27036
20031
5159
3308
4434
3437
15591
17415
11056
2190
24213
24073
14147
20552
21711
24426
8758
28779
18096
13095
18979
12665
29253
6245
17833
4966
19525
4951
8511
26012
18428
25955
1735
8258
23433
20608
871
25278
5193
10723
24468
15224
20371
32730
15727
7393
27558
22264
29013
9141
1247
17010
18609
4733
4912
23497
13077
9815
31693
23977
394
10489
27432
26130
12324
25588
2848
9141
28121
22838
26997
29345
22162
25811
8832
11294
4995
11269
9249
11737
21944
32113
7416
23618
24305
1707
27608
9267
3248
765
9080
16338
6544
18276
30316
17080
2264
20444
8020
12627
28752
12765
6484
10120
5204
6182
15556
21149
2598
11193
5160
16983
21641
3623
32098
21855
11915
18701
27430
17642
30882
22239
23215
5017
31738
10468
20912
25502
30734
20098
30862
30753
11894
8636
9420
26082
24831
7417
26567
14111
30209
15879
30115
1720
14061
6751
30853
22161
23846
2219
9218
9528
24850
901
7384
1736
16240
10626
2268
17677
10476
32367
23348
19176
20464
20954
12486
24309
18622
28373
20720
29036
12220
30966
9850
325
2574
6818
17609
23712
5226
26763
19797
16483
29736
7800
18781
6949
32409
6469
19417
30539
2714
12842
28592
20592
105
24384
1579
22539
7095
15680
2473
27979
5118
26254
10389
19526
7956
15223
31894
14419
513
32695
16901
9652
9230
28991
9124
9849
22558
15413
28301
7840
20545
28731
17000
897
28551
23284
4577
10858
28178
27588
1882
27270
879
1240
8668
5635
2855
23911
7764
3699
22416
22839
252
30835
9961
31074
21271
21131
28326
19034
26849
29526
28937
29483
17350
13027
20722
18944
25810
17242
6136
4585
9065
31971
25272
17883
23608
8387
10093
5369
3179
22472
19138
29713
11552
28648
30436
26730
25372
7461
26842
28605
22205
16820
10265
10625
18480
349
23635
9579
13284
9253
13713
31542
6975
3115
6785
4000
17807
17104
4369
10933
3395
24858
5436
17231
3419
22363
21028
9182
17181
22541
29026
19557
30730
27137
29850
13765
2064
26041
19794
23102
22529
25106
9988
10035
4164
21541
6001
15405
28619
26224
10553
6947
19268
19249
29865
11769
3220
3603
15060
17734
18049
10508
14053
29786
12462
24710
6579
28288
8141
10941
25494
18816
19984
9832
4218
18792
2016
25755
18993
6540
4306
2540
5390
5836
21719
2773
10927
3861
14771
1881
30490
6699
9392
2538
27660
28581
2195
11659
7821
24121
4047
28466
25288
18489
14073
11888
23066
18782
27516
8531
10089
27077
654
16268
15799
567
7266
26829
31990
13741
18335
19061
4382
9235
30994
18543
18302
14925
11167
27991
20047
17272
15486
9695
4751
8050
22436
19314
12301
17052
2174
16919
10176
25310
17125
11671
20572
30188
30799
482
13607
25800
3394
29359
22281
6281
17167
1635
995
17498
27068
20532
14370
4293
28226
5518
16020
3122
6393
25269
634
1194
4176
21165
18398
12001
29633
3671
15911
15988
8964
18140
8426
21359
1411
12110
23299
24850
26127
14733
24549
29141
14033
6760
12078
27817
20867
22789
13951
16257
2016
28035
1418
4881
6232
13021
2156
27605
23305
12306
15422
23638
15083
31875
4582
11433
20298
17308
29491
6968
10618
11190
7722
6853
10950
9276
19098
12715
30377
24333
19959
24167
21825
31010
12644
9560
6656
5745
28178
11203
25253
29969
17353
1050
17002
15262
24004
3966
11647
1759
14786
6274
14520
31398
1370
2866
387
23032
25999
28244
21020
27246
23716
493
22020
9947
16946
9991
29359
1327
375
29874
6268
21404
4593
7753
8171
28919
24107
3830
1803
25696
3288
24184
9009
6181
24606
804
6895
15332
7988
25898
15428
4592
15919
14106
785
11254
14361
14247
25548
23265
20292
16554
11896
22010
10205
18282
7637
23892
28868
12826
26324
23399
3739
9891
23629
18939
32030
13988
31476
24136
23218
3255
29066
16475
21056
32503
31056
20923
22339
10943
4801
18253
26656
32180
31360
6773
19127
20485
27280
5502
30519
29681
31683
32572
9526
24202
15221
10735
12033
19897
18809
26987
16176
3971
4692
13430
31870
20106
31145
30066
10200
2007
2293
20028
24756
3542
30333
21331
932
15522
6276
573
22315
17283
6336
30502
31439
10166
31759
9675
19567
25708
21095
6550
14295
19476
8971
266
9362
3805
26885
2146
30207
2679
13264
18293
20904
18202
16469
18141
8142
17866
7705
24664
31305
985
13492
32366
32143
22445
15749
32597
12306
2756
1444
16145
29647
21748
3096
3295
13859
7416
20554
4052
20961
8744
25786
24258
22435
29576
6641
20315
12381
22532
21943
16537
20024
3066
27269
25693
24477
30713
829
19542
14479
17609
30489
15908
26175
28843
6625
4797
8410
18913
23650
9488
4006
29297
20763
5097
4941
20775
26937
23317
2681
5081
32198
1990
17568
9966
31005
3129
5922
17953
13473
30357
18577
2691
24238
3863
17999
6591
31952
8556
22623
23202
24115
30046
18293
21211
4699
15027
10575
4607
14357
27730
18248
19920
14510
28328
21291
5054
17250
27978
24133
13230
7447
15324
18110
18427
6220
15921
3881
32442
18764
7091
21593
2115
19111
16902
21878
20205
9698
31464
16977
23576
13422
6492
17397
3697
3287
519
29567
1393
20542
4826
13103
26151
27657
11761
7614
23864
9177
27579
32754
548
30652
14428
4209
32714
15013
24655
22995
9775
27929
20560
2810
18811
12330
3193
8614
4676
25769
8875
9028
8975
19096
7215
22535
14100
13534
12957
15418
7746
9534
19453
7125
14979
25738
557
3150
25153
27412
14723
14513
19497
11622
2738
13299
26671
8499
1010
17796
18898
3725
1371
25635
1953
343
15506
21238
13310
28414
936
5338
21282
25700
10047
10744
29281
20509
22511
19353
17583
15582
19176
6715
26724
4146
19928
29155
14908
8559
21007
22710
22946
15593
13025
15299
16942
26469
15179
28196
7788
30161
11994
7749
14303
19762
22985
13699
10309
24285
27753
22009
12317
13546
9670
27286
22119
8934
4488
32115
13739
28360
23831
18532
6716
1574
2051
13262
21950
5033
29602
14264
27622
2239
5627
21284
31873
28559
21474
3487
3768
6450
18021
14103
8594
31776
28519
23021
9658
22248
8587
4939
17539
27429
8020
17848
6185
25773
13706
23017
14682
16651
21727
474
17908
19248
28370
12830
17681
32613
6612
17780
3137
27524
16553
32410
2582
24424
24850
23654
6630
418
7593
29714
17612
7277
9996
17880
5104
14053
16445
16318
22536
20083
25161
25268
2591
17548
17192
15836
10645
21659
17381
13353
15208
9787
2559
16427
20145
20394
18446
10793
10866
23674
31145
25713
2190
11402
5768
492
537
16181
230
31477
4306
16073
13097
13419
18926
24635
28869
32005
13848
27417
32350
29926
27317
32191
9517
4978
18540
25038
1444
16223
742
1242
32085
11535
21970
26979
9232
30493
2861
9223
9291
9526
14016
14581
29383
5418
19178
28069
10609
31298
27295
25287
2439
26325
7345
2681
26875
5142
17486
20156
3868
23600
715
31785
17523
6805
26271
17632
6635
26258
2995
28610
11062
23592
4313
2016
24683
26391
1689
8242
29428
17467
15156
32653
14759
11547
2019
18639
51
25024
864
29533
28094
1219
15783
10191
16076
32170
26878
21737
22115
21877
5171
4301
27245
16755
23077
6768
20317
20570
10885
3915
10005
28055
4062
10579
30471
12003
5843
6442
27035
8215
15017
20631
16081
321
31493
20788
12328
10999
32502
21350
19390
3307
26933
22930
2744
31424
16812
910
9956
15132
6198
13910
29597
3327
17574
27649
15856
5971
26634
16371
30717
30404
4913
2899
13215
24017
13930
9664
12367
31523
16015
7743
69
6686
834
120
2273
12727
27255
31267
25162
21893
25907
29885
23125
15642
10642
30591
7848
21907
19983
26000
21023
4462
10752
27770
4462
27292
8032
14043
11016
19159
12753
14173
3648
20022
3809
8167
13742
5119
27533
22805
4309
4540
23300
3558
12546
7313
685
8117
15735
7372
20330
5739
29385
8126
4127
24818
12679
15306
6510
31213
24604
31419
22213
17574
9207
15962
27803
13895
13801
21313
20470
8014
21966
9706
30513
10555
8559
19979
2044
23691
21159
25638
9892
17130
10437
21851
19093
31141
306
10626
15389
18526
25428
28534
8050
4099
945
17331
12535
9729
600
9508
5819
28596
26749
3126
27458
21026
10595
30769
25993
18922
10879
26312
16964
16247
5850
27119
21098
27513
439
20460
21235
24470
7286
4529
29153
1884
952
31593
9341
13691
26564
17233
13027
4401
5161
713
7360
30725
6821
17835
15195
10168
9542
9179
17618
17529
13263
6431
5286
3928
18525
3889
23930
24829
18250
19987
10264
15514
3666
18083
17333
3870
1780
27503
2934
28332
14363
3018
9523
28235
6910
25888
7546
23007
14149
24198
1239
28248
19053
8853
29266
25129
32365
2937
3898
20987
29594
5445
4129
26019
8648
19081
16168
16722
21682
24359
31613
5900
18332
28002
21025
27740
9270
2360
5103
26693
26820
7666
3290
15739
31100
18937
16502
1236
24879
11499
20410
7161
1324
23534
27652
23649
20578
28741
31581
16000
6596
25633
20990
15675
18930
12729
9492
3488
1045
26780
6849
32468
22026
11590
7011
5708
13252
22258
18456
15424
16875
8112
14978
3165
13257
6839
29127
7867
16487
25852
4316
23822
29427
17412
20996
14368
23141
9974
21395
20863
23651
15860
8696
28018
12129
7083
8954
16690
16396
5417
17986
29015
1513
21487
7962
21649
2873
20040
19316
20120
11297
6617
19502
22374
20743
19576
12948
675
10303
24386
18215
7009
8935
18407
3485
10249
14607
15433
18984
27285
14622
21574
27643
12544
9840
32209
267
2555
27460
30536
5906
12770
25046
17409
11738
19438
30920
20263
7864
15276
30406
12484
7510
12974
8554
18718
13750
18048
19293
9799
27508
8925
3520
26608
24140
11299
12490
5502
6107
9733
1970
6752
26282
12928
17359
23711
27240
15632
766
8630
13687
9763
7492
13733
10155
17102
30132
2113
26190
1215
21139
13518
5479
24179
187
10191
13883
14249
17981
22301
20245
1558
26698
16439
16451
24154
18516
8409
27233
4403
23664
7632
2522
10480
1791
19468
27563
23337
4493
20471
24426
17070
20217
1797
