21506
19181
17253
17533
15144
32005
19144
22687
30249
780
15305
912
26036
9357
17184
30015
6097
7679
14263
17400
14439
24377
12116
15997
27393
3628
18041
9305
29137
8656
8073
14449
17910
10591
23851
25052
1274
5058
7155
20212
22431
2888
12096
20141
13787
14750
9568
21542
11297
2044
22267
22654
1506
12188
1454
3817
340
11888
19958
7939
28786
29716
28752
22884
27460
23298
13726
6772
30560
16901
29389
20352
18609
23024
28597
21006
32631
31631
13632
3438
1935
6622
1743
8850
31989
9337
2777
32288
14727
28244
26325
5316
28683
27820
21083
14795
30836
25149
25990
17390
12641
19126
9884
29803
6887
6762
6897
21595
3728
9800
24328
31807
14499
18445
2556
31196
13990
4792
24606
18505
32546
11070
6368
3654
30374
6528
15346
5839
22030
9594
22954
14321
17925
5309
8873
7133
21449
23583
8892
8251
9007
6577
8960
16320
486
27377
30538
14851
16383
29505
15045
28044
29101
9880
16349
6190
32330
11384
14172
29080
8347
28448
21203
21542
15445
11010
26172
26621
11488
4727
19677
1110
29018
22962
5488
15130
23007
16114
14720
17072
6664
25340
25622
12818
25777
1481
2965
17191
29952
31612
25315
3917
10403
28055
26057
31284
3928
15469
1181
16115
5043
5339
13086
21333
8476
3635
24223
5492
27415
25721
3944
30602
14792
8914
14681
7683
24502
21049
32720
9175
15567
116
28877
30998
29356
13126
31572
4037
11799
7143
9491
19176
10698
7857
17221
25568
20090
796
15062
14839
5140
24556
3016
16442
2119
6057
11221
32135
7746
31056
29782
21222
11199
22856
10083
31772
14144
13975
20540
32382
31640
16470
743
31236
17582
20322
16155
4254
2430
10325
31325
22475
26464
6581
5481
2151
25229
19051
16595
24772
4063
19574
5358
27901
3032
18400
24813
10631
25318
20977
30024
13321
20197
17572
28002
32366
28134
10839
15464
14392
22063
4550
380
25111
11139
24122
26387
16314
6563
26622
4507
7141
22548
275
24930
4804
6947
12836
2995
22143
5671
17340
20290
8718
29446
26551
18377
20047
25338
5879
9460
15701
11413
30552
18555
4099
23299
24037
3981
23002
29328
16716
19317
18192
20073
12431
11640
26850
2983
8701
10748
7211
9609
11873
5872
15924
9985
3193
2407
9166
5491
24745
13958
1694
30905
13553
23457
23737
9322
11549
29089
20081
9820
19259
12201
15982
32359
22610
8441
6144
876
17745
21010
22451
6550
6214
22810
548
7648
14800
15747
32020
10968
14039
744
32443
6818
19066
23351
1886
27199
17481
17429
6436
25104
7861
4990
8742
10133
22980
14252
19653
7291
28170
11835
10816
11990
27604
30346
27526
32427
6822
868
7240
31921
11496
28640
5203
26200
23516
31621
4893
17163
32723
4530
14749
18098
30881
24637
22112
15740
31310
16731
14298
25819
4622
31936
30970
21968
30579
9223
31745
25704
32226
3667
1939
6279
14916
14135
14862
9188
12541
1235
18204
31061
8226
14656
13188
26957
14822
4911
838
26530
25430
25036
3558
24212
19271
4073
27912
13068
28044
27224
14653
24097
22124
9624
2333
16352
14931
26293
26262
3917
13767
21353
11907
2981
18846
28039
3712
21222
26478
15769
5373
401
8774
4296
1938
32687
22427
19965
29586
7954
25733
9798
11491
28381
15148
9339
12045
26695
27772
24609
5264
22683
31265
22414
6267
11395
1199
13646
22074
135
10784
1222
15280
6865
10372
6679
24966
12851
6388
12614
15810
9835
22216
2201
25755
3493
26378
31300
19339
15169
29738
22852
17063
9175
12786
5516
6188
17016
15805
27487
6746
25399
20196
8701
27525
30440
19322
7553
23657
21544
5433
18442
16574
2462
8891
5657
29196
9600
14574
10810
29889
5720
22722
23527
29569
2312
13604
9641
1213
26635
17712
16000
28295
24575
18082
25221
23716
3424
17550
3790
15587
14231
30290
13458
13742
15667
2760
10125
27359
5494
13248
19366
1237
2835
1453
17872
11718
5174
32670
13358
31062
27589
20336
12666
27241
20453
9794
10151
2870
2497
12586
13765
19358
8839
2598
11558
6587
27058
13654
27071
26811
12431
32360
2512
6639
24314
19027
18632
31775
17769
12616
355
21793
20525
29925
6933
10665
32756
9901
26283
14179
19345
4789
11824
21823
20224
17055
31757
11789
27556
11468
23925
2377
15828
25550
9216
5688
2966
23068
27286
27956
4266
3594
24975
15171
19403
12792
9752
19439
12593
9417
10457
25938
26202
20119
26581
10865
27402
13732
32657
30667
21393
24468
22392
28209
30796
21210
28030
8151
15982
19569
1284
5036
24064
32204
15611
4839
18727
26383
20813
29922
6310
8575
2936
23852
8611
11831
9852
8154
6318
7454
10744
16413
26111
8213
144
15642
3839
24181
19857
8437
22795
7352
17880
1583
2420
3190
4080
1843
26314
22676
28538
19499
24410
16824
16338
11032
30965
24319
495
3618
28147
22259
395
5164
7032
9399
21892
8108
9462
15749
16259
18362
28915
10843
11995
24423
25357
27120
27316
1871
30523
12013
10088
32114
8789
20058
2861
7999
7127
29270
26101
20978
29922
25868
8338
17696
8323
2018
10014
17296
20792
19187
21146
1613
20400
14528
5589
15865
11987
27170
29071
18020
258
30340
29663
14430
29344
13390
18130
19913
28113
23972
4693
19442
11137
27985
13653
26657
21929
18430
6692
23150
7885
1448
10783
4823
29386
28497
9358
17552
9422
1269
23755
15258
16040
8127
9127
12439
21826
1149
24585
3805
1643
31314
6872
24777
986
14762
539
22101
20336
18291
10079
6637
3262
4235
32089
26495
3015
22900
22733
6610
28935
22095
30895
8728
7860
32520
22919
7622
17219
29646
22554
32419
12590
1478
26438
31007
25589
14336
23854
11495
22115
19626
7063
15286
3602
12931
6034
17006
49
26259
1116
26727
13189
7706
9602
30983
17326
19654
3144
15251
10668
23336
17484
32068
28065
8553
13159
414
9688
31289
12500
19709
26375
521
6036
32113
2513
22138
22544
9675
27023
27157
19713
24312
80
16444
22413
910
1054
9568
1714
18853
27012
14197
19944
12008
28493
21155
3842
27372
6029
13887
31574
23488
12774
30201
4125
8389
23300
2903
12829
22463
5482
7010
11397
12333
24433
17567
5912
18646
27277
2368
26509
2981
22483
10652
12854
31670
7608
733
24033
10673
31516
17912
20220
16983
7047
6883
19964
27482
20658
1026
11519
25202
1353
5602
28847
4781
19695
22313
106
5127
13699
23757
8609
18746
15777
30341
17022
4055
5228
32637
22474
13974
1675
10062
21005
11754
15474
18221
28151
9945
11747
5986
25598
5131
28340
22781
15177
16673
14546
18372
17357
29768
22406
26735
31670
19981
22519
1816
25608
23411
8945
31213
2182
3650
25572
31784
16083
4003
24880
13633
24791
8426
10655
16481
1636
32435
15155
18459
537
31280
1827
2647
9607
15553
30496
22670
4243
27077
22492
26685
4123
4785
19661
1939
20445
12639
12591
2669
25492
7336
2632
901
27491
11060
28399
7654
22391
30865
2127
10916
3817
131
4073
14025
32225
1179
28376
15762
20225
28683
25177
19164
21505
11705
18826
8665
24982
9362
114
15367
8857
20001
27714
13411
9829
7008
7386
29402
11905
7118
10127
11264
32639
6849
7980
2308
14627
9982
19766
3044
31176
14471
4213
989
20736
26804
1199
9766
17787
28805
22455
7901
29226
24887
28583
11842
32419
19221
18025
9763
30408
18065
7804
23447
17827
5011
29940
24815
22421
17169
21699
7146
10160
7904
28472
3112
15457
17354
7621
21985
22354
8672
12549
25815
23694
22289
12541
15241
13543
6140
29347
17066
12181
6915
9884
11473
10015
14753
17738
17010
28031
15357
31750
10765
17281
703
32682
165
24428
802
26707
22132
18148
18762
31333
25565
15
29913
207
2722
24055
25533
7312
30551
27695
32587
11642
30487
15802
24466
14389
21877
9000
14569
28040
22197
3074
18379
14036
8765
5992
12005
27617
12614
6137
31596
5597
5591
3827
17332
25506
11764
25243
5119
13112
5907
21472
7571
21659
30159
30523
23567
27070
26080
13529
9470
1999
9803
5116
21933
32189
21974
21919
4922
25592
21439
8793
20718
22904
6317
20355
4300
4608
7143
32669
4714
6564
6340
8686
25600
29065
18531
5483
2495
27116
25499
29402
12132
23909
309
16951
6156
12653
9305
8023
16458
16415
3911
4555
26231
3899
11848
7175
27977
30832
12003
17860
19623
9947
5971
9634
1212
3531
29241
11794
18251
15559
25231
16755
19266
13522
13277
20859
32401
8941
15023
3545
2620
9182
6470
26136
23727
30000
15502
25287
11859
14203
9552
6615
13406
9701
20905
16964
30191
26345
23227
11000
30554
23127
6818
6380
12224
2204
28329
20624
31972
5956
27070
20077
2361
26301
2852
29448
22592
15710
19816
9738
27920
9127
8598
13471
16182
21963
10924
28444
29120
28267
19791
18916
149
11941
26557
1420
22536
1869
17923
8765
2732
18298
9840
8794
6505
5189
25161
24675
463
3533
3774
31770
1707
17791
10781
8932
26328
27028
10566
14193
30296
18906
31071
7327
19875
6584
18889
10140
831
4972
12882
32075
9105
24728
2476
24298
23283
27645
30
10737
1543
134
21113
3901
7242
22920
10574
17773
10476
2120
30814
14989
17887
21182
29266
2290
19758
28568
25772
13156
13456
17282
4094
27779
18237
933
20569
28003
12800
24941
10761
8058
5517
9104
3711
7612
4886
20556
28047
20740
1817
19696
26332
11190
26236
5789
12176
18594
29147
30798
80
28972
13089
25110
8047
20138
31061
17833
23393
19214
18103
7198
2419
25797
25868
30963
23738
31199
5174
20050
10569
20079
1799
18066
26535
21045
8791
22273
3201
27002
12884
28641
2203
15676
2586
28080
1292
22155
16772
12205
12203
2355
1345
30615
11205
29083
11562
30392
31505
2541
3282
11298
29413
6775
12895
30777
4521
2386
1945
2417
18573
19777
2369
1625
3447
2011
2212
6361
18751
2797
11120
16055
30239
19738
7621
864
613
4548
10895
1766
19307
18480
11796
30277
17609
26084
5833
22762
8137
16468
26730
22390
1820
10686
30025
24511
17099
21843
16871
18967
22640
18071
18113
25554
31653
20490
1132
770
25277
25864
7652
1925
21426
17134
27938
27970
32095
13694
17900
21423
28911
31365
23281
7831
20374
2234
30997
5146
127
15850
3338
7157
773
14418
10016
1027
12581
24397
29022
28164
1587
24367
19409
19102
15821
7280
804
1441
24334
25101
21873
18319
2051
20267
14679
28764
3427
18429
6989
12146
17018
28137
1333
23800
32103
25318
25653
30804
11143
23593
24770
28654
2609
18432
31997
5687
22436
2814
27971
26603
4157
6232
24319
1939
3054
27023
8643
4685
4075
6479
26264
12751
10406
9624
2450
4010
24574
7451
6567
3532
9139
15335
4800
26697
28702
15172
32273
9307
4895
22751
27814
28839
6998
22824
63
23233
18326
2297
30302
32243
2710
632
27038
3898
30442
14654
15686
27282
10034
4537
26398
1395
30354
1998
2946
27292
7522
10435
8116
8975
1574
25693
1655
12381
28352
31045
23257
31779
10724
176
23888
24789
5325
23871
14088
12218
5422
4388
1916
22584
13164
16263
28740
5202
9482
23848
4909
15983
23397
21573
13967
13405
27297
8126
987
27541
23779
8567
5236
6849
17856
14334
16576
7291
10742
22382
25982
28504
3930
10643
4954
30501
18706
31054
23742
25456
21508
27963
13804
24395
22414
21906
6986
28236
7800
4427
29180
6872
7207
20102
22200
22945
21011
10793
20182
18030
10619
29387
4007
7707
5463
4817
20488
6624
4238
26070
22583
4054
19561
32081
17381
31926
9031
6257
10892
23268
9107
21324
8706
27309
18164
20793
20303
20429
10691
26234
31164
10293
22210
1311
21548
11
31499
28966
28847
18161
5702
32743
4693
10890
31519
26288
20800
31290
13304
23724
17661
30766
8154
5129
10517
15261
23474
20057
12254
2125
19386
4153
30615
16216
22837
14385
21940
19760
14431
31964
27767
14561
19108
5705
16064
14486
28944
5792
13862
28511
25351
13833
20294
14385
23862
5577
24667
8751
15561
16046
11792
551
23262
24238
17042
15712
15418
2507
15080
12691
26939
570
32391
24119
526
19395
5409
13057
25378
3691
3775
10156
28125
3153
12815
246
18829
11990
25855
26347
12449
28416
906
12389
7705
7457
6354
2004
28475
19379
11888
19771
19848
24967
9736
22907
29934
5919
20768
1748
10815
25432
15154
8873
30178
6987
23039
11395
30409
18806
6183
1625
24994
23
28151
31247
82
10969
31874
14396
17823
9138
24307
13360
18732
3852
9761
310
16299
17187
12900
5398
17230
16046
24488
5086
126
29377
14271
2274
6864
25586
7932
12546
24117
26299
12029
14891
4209
31519
13256
7201
30414
2960
32538
28283
25617
4881
1531
24559
25261
28312
31894
13007
20279
23990
25672
25300
30490
30329
16375
22555
3980
4242
25253
19309
6336
27571
3140
16323
349
5435
18636
13577
7728
20757
17804
30755
18973
2525
4285
13358
16988
3141
30557
10504
4834
4536
30011
11026
10012
24125
27470
20532
21219
30109
4170
28194
26541
11208
20341
19934
10752
5237
2487
14463
15149
5641
27889
16688
19258
9146
21904
28795
10016
25332
28258
13512
30519
16379
680
15392
16878
13779
13932
6967
1727
19805
6421
26026
1378
6082
17976
7045
1345
10260
2225
4104
12589
20531
13299
11691
23375
9454
10140
15199
15713
3435
12621
1815
2334
25033
16568
6535
23798
23811
8698
22315
28935
26136
12844
12940
4169
29801
16948
21439
12808
4962
7137
22830
18328
18780
23864
5531
4676
26050
7688
28513
5511
31347
5061
17661
31103
1128
10130
31438
29086
1943
12960
5657
31651
8727
21687
2384
2760
23172
6418
5524
29501
11685
23920
25976
10710
8012
12136
17672
11265
21118
5117
6922
9210
27860
28018
1923
7490
18721
29536
19325
23885
15701
28933
24072
13434
30626
15839
21119
23369
14045
9337
29708
12233
25126
11142
14958
26447
17355
29996
31738
2157
27498
10402
224
16674
31574
6653
23472
27983
25916
9287
11037
24938
23047
27090
10496
19830
28928
28363
10912
19507
19002
16914
30256
29330
12333
10313
4505
29547
31905
32044
28282
11122
17614
16160
5997
10600
4289
30990
17037
1678
8705
32369
27957
9055
3443
11694
25866
7294
11387
11429
25147
3054
10596
21381
5895
27265
11010
14820
22656
9619
25493
6671
17551
15607
1777
32414
2361
32050
27612
28236
12576
10727
23736
2566
6477
11411
23394
20802
29740
7035
23641
146
32216
11490
15651
15993
17817
27262
31212
2685
12460
14637
26225
8829
6722
2277
28188
21061
13514
16617
8048
24928
4211
15427
1704
4909
27373
27246
7067
27958
11376
26707
18147
14268
13824
9591
16958
27799
25839
26994
22580
2109
28579
19875
18171
28960
32666
32546
19095
26941
11434
23798
4677
15857
15758
18056
9498
10767
20894
11864
31208
7729
22494
17647
18017
25419
30522
20501
18815
19334
19472
579
5411
25931
7919
26203
6908
25757
30879
13207
170
13997
14177
7615
32547
29608
2423
30112
20822
8916
28903
11705
30223
1243
13437
5943
18715
22631
25103
27428
14252
19694
17924
29659
5119
6096
31767
27327
19515
24479
32089
24108
2205
29117
20341
13230
29906
30253
14648
6769
14500
5539
8273
505
25561
17885
29781
26899
20824
12342
19206
6412
17806
26233
4564
8480
19472
23027
30884
9781
6274
18636
31185
23242
28343
5527
9072
13098
22041
15655
1497
10725
7244
24228
27491
10368
27406
2527
15726
26732
30050
18403
15015
24629
32749
4557
25223
4348
18592
10717
14877
18471
4503
2764
19982
10583
21313
24928
5594
5274
22978
17471
7264
15587
20885
7681
4517
695
1910
32136
10705
26408
24447
16532
28026
11015
18321
19602
24357
28246
10485
18869
6666
25596
7491
5192
19992
28092
27267
22595
15673
13416
2707
2844
7639
4178
16841
14303
1695
22020
2264
20865
18309
23345
19960
32626
21512
18411
20801
6257
8887
2069
8280
16292
9716
28956
30030
22504
16888
28642
31941
16742
25623
21243
18261
5479
8005
1308
27182
21609
29146
19408
4862
14961
6290
24173
4885
11684
4824
26951
9671
31505
15428
20771
30225
21970
8034
19183
10112
19539
26037
7088
26191
10225
2299
5307
17103
27335
10675
8232
23564
24516
11997
29060
7598
28929
4865
11974
5405
14418
626
9604
8681
32284
11988
24679
1384
6758
31708
12509
5537
27698
26967
269
5992
23309
24174
528
971
5861
14888
2654
15533
2587
19760
14470
29873
12761
8409
11811
20058
20646
12127
30475
30320
12087
29040
28873
15781
24456
25834
17998
30072
13868
28903
21475
5210
28130
19191
1890
25871
10600
16812
4262
17752
18324
4188
30272
14287
15776
8226
25195
19730
27590
23078
15427
10275
8204
28446
24881
8719
15202
14357
4778
20686
11498
5227
27673
30059
14231
26910
29977
5477
13817
9543
9192
17236
20567
28648
25624
23247
22783
25316
30088
13198
17114
30543
14227
4044
26179
1768
13447
18927
2073
1764
345
1387
22291
24558
17815
26340
21332
1899
32669
6035
21568
15874
22796
6122
8333
5980
8056
9595
19613
12072
13665
14358
21259
12131
3941
23089
7044
3030
4531
24717
25560
5856
25027
17687
16208
21365
69
10509
8259
10343
16215
16993
8164
22756
26874
14434
30814
26177
10695
13209
25891
16117
5086
9457
23936
24297
20000
2076
23926
17647
17310
9521
12485
24975
26448
5530
29769
25354
24587
4141
16777
665
12461
16537
14478
14070
12443
11780
23537
28701
26733
29938
29496
16468
9959
22633
26467
5737
25131
28243
19905
27963
14638
27427
5384
5243
10601
20667
2213
30388
19665
1165
7761
137
13320
4353
16869
3391
12501
5655
4975
31867
9426
11598
19333
21836
10340
17604
14809
6763
7664
13726
4622
13250
1356
6570
31434
4396
9076
9283
4877
27260
21119
630
25025
16576
3537
1635
25490
1223
3729
8677
11007
1760
3166
29813
18097
5093
30269
28747
25100
25464
14294
23239
21509
15245
24289
11280
4147
27945
13531
4603
11816
3688
8445
6702
31489
5573
26222
18309
18748
14998
4792
5812
29386
16086
12409
13870
16741
1575
4699
30022
12580
7703
19013
11924
16717
7075
8403
12699
18282
29178
8452
28584
30879
9859
3123
28669
7482
1568
19017
20271
8844
16309
10800
19917
32504
2020
1675
12866
7241
10779
8868
509
15432
10961
21413
21967
2959
24332
18956
19860
22168
7463
3929
26389
5401
27346
3081
15405
16276
19546
10696
27691
9001
6443
26083
13432
10160
31123
26620
31866
15364
29128
28929
22711
23713
7725
13919
18750
26738
1233
32114
14147
14308
8248
2880
30217
10815
1887
15464
19205
7478
22266
22869
16704
701
16384
31415
19453
2330
24425
4660
31900
2367
17207
27482
20414
12119
16563
14553
21930
4511
32761
495
14831
10615
24758
1059
28235
25273
7217
23862
31948
13641
18568
4439
17717
31981
8508
16790
10659
863
14576
9883
28272
28833
30830
9112
20824
5521
3819
1404
7130
17597
14220
17002
13537
11640
30761
19817
30116
27950
15696
21085
17867
19188
30605
28214
17107
20835
7656
14183
30387
15015
14768
10905
25024
25299
24439
20385
23502
13431
14686
10928
4248
17269
1683
19914
7010
2576
13335
7802
1500
31814
29381
9155
11850
25952
28304
28761
22754
17351
2828
32018
28789
5913
18736
1943
14930
21628
14938
18783
360
30003
9363
6878
31914
21359
15380
22265
29880
18791
5642
4798
27835
18090
14487
32082
21136
20404
27673
31786
31274
7104
12718
22398
26673
17630
760
2811
12271
15941
16157
3769
26733
1258
26898
11372
31961
15954
6938
13534
23595
14756
21385
10653
19465
1794
32462
12016
25319
6425
25264
23056
28018
9463
20184
12181
17199
13341
13968
26159
20063
7382
6090
16790
19239
21703
21348
6596
493
20934
23210
25185
261
27888
22045
18047
6541
31733
10611
11399
9109
5303
30942
13939
19844
12052
5009
4670
31414
6399
26497
11929
30058
28886
25192
10208
30684
6639
25616
332
20654
24437
9678
32362
9868
14706
15180
12492
7952
26668
4236
3582
27875
22965
2346
8635
2342
3518
9442
12385
7184
27564
19793
23971
22744
16110
12544
11134
20693
19853
20382
25966
484
15620
7053
19425
9226
14675
21665
5100
31322
4687
36
3901
11033
17212
8733
4177
25377
6301
7121
24295
18563
26699
21387
20660
112
4037
2457
23128
19546
11463
32407
11409
598
17438
20208
12718
25797
19130
10145
32583
7475
17669
14400
4140
24191
28787
1597
23195
29244
11098
1385
5814
13656
3845
6580
18739
18427
28676
26171
26198
29874
14533
3458
8476
4813
21097
18173
15034
26630
4048
28118
26181
19811
20214
27882
5299
7005
17539
11285
15618
8513
9629
25263
29879
11223
9217
29526
27786
24386
28754
13550
9568
26663
14000
19687
29049
18449
18829
32446
5611
16660
28348
5319
8271
9393
715
17961
17594
2554
26259
15914
22511
12022
27405
10413
14802
2375
12136
26616
17440
18954
9560
22459
4446
22783
12208
16718
12303
2794
3891
25915
5674
5945
4519
15868
26827
4326
14124
24582
27689
26271
16844
6918
12232
11813
25427
16490
19184
16114
32097
13091
15709
24606
10173
9385
18488
3459
28908
9024
21318
6176
3331
23931
12896
9659
26297
16126
24355
21450
18112
19079
31464
404
1366
21808
11510
1428
31255
1774
12535
21022
7701
17502
10665
19781
5162
26049
3030
24571
2957
24388
13702
122
12452
16006
1395
15331
8217
8532
1725
805
4144
2487
1247
16161
9304
13104
7138
28684
7936
19778
6353
23572
26027
16177
15980
4422
2887
22794
16928
16047
21690
5603
5431
10433
27583
21348
20045
15609
13296
8838
18179
2239
30243
5531
16887
6030
22010
12175
11507
31828
17846
22637
21348
2588
27724
31524
5390
32746
12731
12428
29951
11238
26012
7076
5313
18877
13307
23326
28628
8261
23653
13341
27483
8800
24386
23101
3606
5922
5478
30932
29840
3382
26082
24951
21914
7549
3616
960
10999
16633
12335
4687
21081
15850
7003
30991
14989
28726
769
2234
28914
28942
6049
31648
9007
25039
13877
14244
26917
24102
8641
29063
27427
22904
31532
5481
14425
27521
27470
6284
24976
20539
13130
6236
11288
7937
5918
27308
28929
31988
22136
835
31886
20126
10188
21143
486
11477
27043
472
30477
8418
32310
12336
27923
27619
1339
5450
14475
23918
26623
11537
32319
32119
27573
20666
30754
3444
15885
24836
1670
9406
12297
26046
24975
27707
4877
18058
32488
15674
27701
226
32692
10142
29162
32600
15048
9023
1976
30242
14103
28813
11354
26837
10861
27767
3607
15729
20577
23435
14674
158
11653
28766
5468
16181
4831
4398
9100
6402
30109
8390
13458
28873
28420
20130
2056
23942
30890
12884
2634
16633
14565
13862
9352
10082
29571
5377
21273
21642
29371
28557
30226
8706
31844
15514
4120
4783
10085
6335
26482
16263
9581
14656
15714
405
21732
1589
4022
32067
12065
8169
6298
29400
26333
21377
176
30784
19175
17118
30563
12
16666
17348
9592
20921
28045
14907
11749
22325
23049
29237
12519
25503
12736
15474
1359
22350
25915
21153
7196
17686
19093
18120
16975
31942
3559
485
13563
7925
1539
5590
15260
7679
16741
26230
15529
20554
24422
28169
109
30670
2483
8410
5650
25300
8702
13346
3839
2557
30707
19500
1124
20359
7022
21943
6930
17356
7915
3740
31121
4875
24126
432
25708
107
7556
31212
29904
4669
5209
12491
7509
21378
14667
15348
28956
20141
24975
32281
24858
9642
2291
7967
25523
27422
22036
20351
14987
8433
11985
23276
19097
10
28927
20022
14973
27993
9054
13422
19219
16411
13004
12107
7752
15705
4025
28364
24620
27826
16347
19487
1609
10843
14371
3010
6452
6756
4847
2792
15457
24893
30337
23582
26683
17784
16304
5934
2676
7888
17629
24643
154
13931
17705
27215
8428
31836
22501
30890
17771
13932
28747
9212
3380
3098
18795
26204
18444
5088
20071
12985
16445
17848
21219
7033
22177
30431
12216
19553
9468
17113
6120
23477
6798
1461
14807
13984
18153
19346
184
11477
18177
22882
2629
24439
2178
13038
9395
5943
22374
16923
26853
17852
27078
875
17632
13895
24048
23494
2687
12695
24251
31611
22119
6410
25111
29314
25406
15622
13800
23044
7448
29335
20245
14108
2354
11353
3803
31456
21987
6809
29288
17307
9935
5815
24741
17245
29022
24014
2643
28598
32109
24215
4185
24254
24131
7819
25692
30040
30662
31304
6033
19128
25582
17718
3023
25891
19579
3178
15081
13302
3299
203
2106
27370
12431
19571
20609
8854
8518
22360
11248
25142
6634
16171
5759
30378
12642
1664
29318
15042
4567
16176
6539
13496
12323
13307
28504
11518
6022
21874
11089
8762
7579
28181
19461
16016
4747
25016
26883
12831
16769
31787
22255
5838
21854
4889
20949
16712
30125
32561
8636
9029
12249
12420
28031
8972
157
25134
12248
3125
4541
12601
702
32180
32756
6846
13553
30995
15661
9549
24019
30463
25334
14735
25465
9478
2353
28202
9986
12447
29964
19173
19239
17259
13364
18189
18708
5306
30790
1815
18294
13393
18055
7558
26582
29291
20436
21264
32293
2301
1244
14844
26264
27198
14988
4302
28086
22631
29387
14374
32431
10935
7528
16358
3055
25531
25936
20371
26099
31948
24069
28158
29787
2777
9547
27683
1345
8295
19749
30545
9930
4309
8703
5771
16122
30949
8493
5935
21965
12408
13204
11477
17795
2457
167
18554
17723
189
28054
27358
451
16969
7361
30250
14511
10581
371
17110
2472
7088
23501
31690
29191
26404
12544
1475
9891
1019
5056
30201
16358
24769
20725
23551
27687
6988
21683
25322
7219
19194
23404
3509
24109
16442
17252
4836
23193
23886
4710
7016
10163
27727
950
26819
26373
5745
12870
9836
24888
24712
13100
27253
5163
20683
13396
10603
26434
8664
29554
8574
31233
9977
8507
225
16601
17830
1237
19316
25665
10315
29580
17313
5641
3659
28870
23171
20715
23876
2617
27470
13924
22421
17499
17899
32450
7197
11034
19682
12157
21318
23246
10877
3018
11586
5484
24875
29550
5525
14332
15138
9168
16340
9293
23880
3923
29100
29415
340
16098
11813
321
6960
29133
9768
12340
28066
28627
4672
26288
21036
16768
22941
11438
14385
17081
10846
29285
8024
17301
26384
22465
4406
11118
3441
2065
24103
21048
31354
32256
8572
1042
12189
17350
20700
25371
32076
927
23268
7047
14010
31868
6417
7666
21221
12025
6368
21491
7892
22160
51
757
25885
780
4343
20802
11947
26176
4100
8545
190
10744
4932
14242
15411
25136
31512
24055
518
28548
6903
31237
16661
26088
21849
18811
20775
19353
11987
14499
16172
17492
7299
1847
11975
31941
4526
12149
29961
27202
4264
17269
20608
12985
17140
13499
25200
20711
23725
14857
19808
18635
20260
18294
7384
91
3787
19652
23146
4213
28754
11759
29679
8728
24847
10754
22291
11220
32419
9262
26132
9087
20955
797
10694
30762
12500
6788
25819
26707
3171
21240
27745
2141
11443
1026
27020
3389
8496
13429
26806
12149
26532
13567
22948
14918
3744
18687
25867
6945
22302
20886
15186
1376
6500
12033
16538
32307
28972
19494
14844
25821
29953
2156
24593
19232
31980
29648
31416
12789
15440
4406
27155
32385
13075
4860
16595
15173
14846
17877
21430
31125
11879
7637
25165
26443
269
6600
15619
27836
11331
28872
3163
26347
21841
15887
7545
20989
7447
7945
22500
30701
25587
30637
16522
30593
1253
20750
11781
14205
19441
1581
4636
6678
11205
13074
31885
1193
30364
6683
15114
4013
7778
29587
14977
29415
16409
23430
3488
476
32379
20948
15513
19596
28641
133
16930
14429
9059
15452
22976
9558
321
29615
838
29581
2690
32630
24472
31971
15322
2721
19125
22254
6097
943
22261
28983
7202
19580
3471
25510
9825
7258
6237
314
3041
18532
14564
765
26837
26127
12431
24376
27317
31746
32315
8419
6628
13608
5368
21343
26255
18947
28686
22120
31960
5187
10303
11845
9268
151
28236
9281
11793
21187
3771
19295
14269
28659
25302
15690
17283
9038
21239
9099
27927
4303
19971
24830
15668
19024
23093
28551
24707
15080
8989
17921
17855
23671
10472
23159
26391
27519
29921
5271
17107
3382
30520
17507
18235
7129
29186
28970
13748
3394
5506
5303
16685
10173
12711
5832
27577
31000
8405
7362
26493
17401
20457
418
32461
22388
1911
2615
18322
1245
23125
10639
9711
10203
23902
27055
25124
29886
3184
19590
21938
275
183
14628
29632
14965
23598
18728
12477
16294
3682
2679
3399
20446
22138
2356
18507
17506
9844
13804
31854
18521
19377
31760
11436
17115
180
7337
1087
10060
19495
8519
19907
8168
20766
31546
26007
18078
29856
8965
11142
24610
31844
19472
14247
19774
2776
157
22145
9833
7271
14845
4211
13722
27132
18692
16468
16990
21698
8890
32086
25641
16175
25939
23600
20201
30528
10594
19324
19937
5638
29513
3933
24757
30817
22772
8294
11969
13580
12231
29111
17583
13273
22228
25193
20553
19006
29010
24109
20107
273
9546
28975
24573
26512
12948
21313
14144
6052
30210
11829
21990
20327
11483
9098
2951
17379
3211
21836
27408
4381
664
30261
10847
27474
12504
9496
8205
30080
31202
6016
21387
24872
12738
22420
21361
15186
18161
6461
17938
2771
30596
27275
26708
9163
26275
17237
28351
21617
9789
14368
31955
20243
2298
21570
9887
30040
20593
24392
12431
26825
2972
4500
390
1167
14728
31819
31532
9342
1105
10350
11402
23891
10318
12614
4820
2618
23433
24070
23685
21396
18802
32428
25265
4854
30420
4136
19607
14453
8711
27584
4471
5409
29544
1459
19619
11983
4614
32540
6103
284
28830
3866
24525
20398
26314
1838
26381
28093
27253
30436
27395
7890
32146
12982
8019
29903
9229
16941
29553
20272
30210
31049
22124
24464
8750
16675
27914
22383
29859
21457
28186
9010
13759
28554
6406
22123
30046
17674
31400
11611
5711
9528
29790
18358
11781
12807
14689
165
3215
5786
13906
2065
203
2731
5910
8479
11478
9517
24292
10743
32454
16944
18076
20682
8604
6
21851
6675
31348
6052
26444
7197
1535
5194
5825
5061
10803
11879
15234
13953
20545
19895
29796
26017
23240
30382
28446
9941
19528
10009
25177
1520
12761
26115
28166
17387
9757
2773
22004
30509
115
32706
19106
265
1133
866
13394
31881
9605
11677
13406
2666
13067
15307
20687
7783
98
26649
32300
12731
23916
20527
31632
32481
29507
12048
13567
10910
22826
28225
8186
32321
30147
21037
18001
5930
130
17864
29497
12169
14177
2419
13982
25704
7381
18720
12987
7404
20993
23990
26599
30423
24874
15799
29362
23634
3180
24864
28720
9962
29867
7312
31893
29656
11468
14253
2
3461
3364
17091
15775
3661
23344
28591
22762
8323
6535
29180
17743
32694
5134
10827
21496
7987
31851
8440
21478
6603
10940
5114
30785
20183
22152
7179
30956
20601
23541
11530
8541
1828
24892
30109
16812
11870
28763
25114
13801
3780
22794
18088
30643
6479
28399
29857
28166
18391
30741
16187
28501
26325
24475
13160
10713
11373
169
1786
26152
16556
7592
779
22537
6926
22451
28060
29063
22851
14920
13948
27716
29490
12100
27500
32016
28735
28430
14208
26042
457
16658
29128
22822
9975
8305
32560
26016
15797
6390
2981
22896
9465
28749
24185
21935
21579
28527
19977
857
3204
24673
5789
7843
1494
5150
6287
19598
16140
1234
16816
28348
21011
26696
9703
27010
29114
18086
2843
4160
29878
26968
27731
11245
4585
13898
14364
20470
12772
19290
20012
29001
31146
28173
68
29612
29366
9088
6747
8532
29760
1186
13816
16563
12733
8865
23776
15505
4773
4002
16113
4702
14200
24501
32590
31431
20483
13832
23740
135
9952
12891
14668
31104
1596
21171
17723
5642
23004
7507
20758
31371
12898
9960
2849
5960
3533
18692
11258
12922
2368
7373
22138
22693
24580
3575
11996
10021
23503
6639
27937
9481
6727
3929
28338
7717
19394
25021
2888
13411
20304
25981
12553
7002
20475
2059
3060
12834
18253
22616
15486
28518
2323
29584
24957
21434
15457
10756
31046
22063
26070
28776
24082
32549
26401
28990
24999
9569
6084
21138
19508
352
23320
1000
17020
2794
22418
10355
22326
21738
13124
29063
19380
23420
31143
32081
17348
30792
3735
3526
28884
28943
21151
11225
30809
21635
23671
2801
6513
6492
27595
16538
21958
13224
31038
9338
8630
5218
1967
27784
24498
18247
6843
22904
10980
8933
30339
1913
13589
16117
3247
14115
15309
9450
15027
8875
22716
28362
15696
13146
12632
18493
32094
11069
18888
1508
6602
5917
32513
18155
21211
7345
27695
21730
15033
30995
16214
13768
20271
17265
16697
9321
24752
18437
5243
25323
27288
3911
28676
7075
16565
25953
22694
17453
13830
30179
7680
14011
8386
20408
7843
30125
24476
25945
6004
19810
17478
23872
594
18510
1844
18080
18424
10573
10402
1619
18724
24631
25304
4115
761
11445
4525
16366
21153
25427
13130
26612
7224
2262
26160
26163
22757
14287
2173
22245
20554
1136
23658
14055
287
21151
22041
2669
32025
21065
30350
23541
15377
5625
22523
10105
10850
30633
20288
1513
30355
16344
18098
11480
25142
17116
13851
5750
6671
26746
23555
26046
22905
20916
7214
23280
23814
4322
10086
27714
26726
10244
20603
22226
25482
16727
12935
15328
21256
22054
3190
7738
12226
14307
30150
21495
25027
12150
20620
16488
25193
9941
7352
27212
18889
4309
4249
16963
19279
832
6820
11654
26021
14119
12401
10452
18902
25465
3846
6064
15796
9685
20568
5065
32119
28061
31247
20666
24742
7500
27018
26611
17979
22025
16675
8439
3074
8572
15028
2505
5442
28128
858
29600
9375
4185
1144
10210
3391
16776
15871
26960
32556
18525
5613
5502
29433
18221
16660
31367
30889
24325
10525
13566
28108
7485
29644
10792
24299
26448
3974
29288
6182
22763
26896
18426
10524
18499
11929
19940
24587
25772
17403
17194
56
9064
19518
30274
14226
28348
27741
3271
6034
19273
11085
29554
5477
26522
4924
2629
21837
18938
30743
24841
17733
4232
1870
6139
19172
30605
1243
14531
2179
6668
22913
7077
32162
8347
22097
11515
1672
21106
20851
9955
32554
15554
35
4917
3406
25672
12794
10680
22000
13601
20847
24213
8677
9440
19869
13579
13758
15070
20807
10853
24815
29393
27417
19753
2097
11680
2864
21651
12068
9334
31197
19521
17721
4630
11174
10288
14799
1646
5774
21735
7068
6254
27799
6130
18255
27162
24452
21650
26995
13022
20963
2227
22423
17442
6475
5662
1196
15391
13795
11248
5294
23281
8995
25675
21383
11757
9695
27211
4912
1332
15233
15420
13593
26504
3734
24074
25291
30815
5260
4088
14796
1078
14521
23957
28354
10024
14496
6381
11228
16831
5488
5628
11886
12298
16078
14952
26587
30448
23252
13679
9656
23491
20314
29725
1326
6681
28788
9667
13728
11223
30779
25766
20110
22414
11217
22260
15546
30987
20895
23548
2697
14377
23777
6557
1963
8682
29285
32255
5118
22470
10895
2434
4528
18755
13473
29940
17061
11206
16185
2055
5400
9385
18972
13314
9092
22925
17713
18102
27589
23282
8401
18868
378
7429
13118
25021
16303
29368
6000
17018
15801
16152
26904
2669
2912
20700
479
6952
30788
7225
7150
16829
27257
18174
32180
17269
2165
15068
4835
8901
14892
12805
5820
12413
17785
29178
13197
15683
2496
10397
15224
32576
7890
8078
24181
25
23312
14772
410
10017
1236
28442
7067
13261
13068
15101
14989
15464
8488
12323
5871
1287
31287
10094
22506
17088
24396
15536
27864
7959
11559
3521
8196
4025
17681
28623
18096
22125
23816
3830
12893
15687
6940
11280
18246
25374
25
27855
23598
11329
25958
29193
18267
11110
4653
10322
15587
5859
11196
1744
25126
7713
1324
12363
15004
13133
4672
10884
20945
7504
399
8136
18093
26114
16870
24260
7161
30874
30440
3227
29215
1130
8439
15670
3633
30665
31832
26076
21037
10064
23441
24066
2688
30025
278
25188
13512
3428
15397
20052
9182
2220
19695
32594
9492
3514
21496
5854
2747
16680
20672
3722
16361
6729
29603
21075
18809
28695
18174
21809
22610
21101
29587
21485
20717
887
9263
14899
27665
9574
19594
24040
21729
28776
22382
1213
26649
1239
27
26629
30869
11696
23275
10948
15635
10056
20786
30216
19257
15930
5224
12156
17370
23204
19594
32314
5237
19347
1469
4577
29182
26299
8501
24551
28897
20588
19797
19249
24133
32705
18711
27105
16013
21275
30383
23920
5413
18637
363
28924
22907
12313
6878
29155
15691
26204
4925
30352
10272
29829
20745
1941
3096
8395
27630
24314
30695
18592
28396
12757
2590
5856
1460
14363
10670
27215
6485
26294
10151
66
8215
4056
11846
14236
9383
23950
8495
32764
18549
23192
21239
18741
17755
32120
13285
1791
12927
27081
24058
7404
4218
23506
8750
18077
24762
29275
31485
20533
19492
19135
2082
13070
7422
9027
30627
27307
4109
30630
13
5614
16634
19450
20481
14475
13819
6578
5871
12477
20143
4859
2850
13624
6729
12368
4349
28510
22768
15432
26500
1461
11366
20915
32286
10905
15336
32742
22424
814
20310
2387
7790
31385
9620
28765
20038
21872
2608
18026
5822
6510
28229
28985
23399
7532
2207
23158
29969
21900
16671
15755
6218
12216
27489
1978
1313
5195
5277
32360
25648
24333
26827
8124
29913
25701
29451
29033
28879
22218
15683
12744
18648
8315
4874
7978
7890
1392
27589
18796
8436
8592
16399
8652
10839
5924
20063
15610
19637
396
4836
31603
10096
48
30388
3082
12246
28090
31270
31943
20131
6019
24188
19957
30407
2378
4806
15223
6506
16684
26627
12379
6958
24528
20616
6322
11956
10467
11942
1438
14433
26564
30343
22444
8034
3200
10073
25444
12269
5376
24494
17439
29386
5761
4387
20761
7699
31557
5952
26823
824
18568
13728
1643
7749
182
16722
21989
10856
30171
31102
14796
24494
8283
21324
30653
15885
19939
15617
32499
2471
15519
7276
32024
23629
30382
3200
13659
28738
467
7746
19907
2114
14189
8422
1731
6339
22697
13620
4366
5755
13046
12337
30124
3618
26809
4348
17486
27001
12866
3574
31711
1419
11007
32037
24923
32307
32496
7131
14564
21214
3163
31122
5395
18578
19905
2587
12428
11568
8208
8952
1493
24566
14618
26630
6504
17223
25158
27487
10758
31663
19334
1150
15183
8226
2697
8868
11920
16260
6705
7803
24028
24431
28231
20217
27998
22576
28526
25992
18157
12818
29525
21860
29665
26592
1329
19012
18725
12965
4715
29244
6542
17078
20373
7906
25195
2546
27043
432
9822
31561
22360
1961
27242
25467
24318
6207
2380
16162
9306
15221
20751
12787
21215
27457
7899
833
14370
5172
27918
17346
25230
2396
1933
150
6233
28522
23133
10117
15030
25360
3693
137
26957
24237
26806
24716
31208
9004
8070
31090
6255
10281
6681
27482
8982
22358
20074
31521
5845
5918
12616
4648
8217
26760
27820
27480
9145
7261
20554
4451
21547
25485
12390
4684
9976
16079
9961
3113
15981
4488
27316
30504
7059
23534
12596
20688
11362
24685
20023
3209
2610
14410
1534
27999
31858
7046
17811
11523
5020
24581
13661
5138
28776
29679
23025
26522
2881
22359
14123
20443
4085
22810
10622
7242
8624
6922
27016
2268
6955
8524
28137
26752
7969
28927
8022
22765
3331
542
4841
25503
11756
2216
16059
12316
11735
22782
23733
11132
13584
27532
28579
18728
13800
17323
7818
16610
17069
15814
23100
28166
32729
2236
297
13327
1674
20102
30072
3164
19250
20506
22871
8501
23696
30863
25999
6665
3807
11137
3675
31993
26445
21175
27258
18843
23470
28419
4227
12535
14962
12394
24185
3798
20180
22917
24479
2109
5461
29223
17549
29492
5225
3393
8580
27595
11632
9730
26367
14943
31207
22594
18570
28442
2272
30752
1495
22201
4271
19690
18959
11410
26855
29502
5478
11733
24709
10863
25842
29202
17514
4394
3261
11515
10767
5466
30745
15724
21108
6984
17459
11688
14681
8199
26859
2278
9393
23311
25571
10764
18516
9000
6614
26554
20980
6794
25132
16778
29010
26178
28875
29334
12465
29911
4655
3387
12683
6190
28093
1053
8580
30379
16980
17515
31644
6041
20774
17765
27048
3788
27334
12571
23043
2948
21121
2679
7553
20117
27634
29821
8612
19397
26321
32466
6931
31350
23820
7035
13383
6533
5913
8680
5256
27249
27274
817
21272
10176
26338
5023
10926
15006
17575
3438
293
29640
19128
12497
6006
19368
7649
9527
30180
28097
11949
32717
26742
4942
14715
4932
8106
28966
3284
27860
18792
15587
2556
8833
13877
3395
5063
22173
24233
6607
24494
5262
23843
7610
23842
27345
12219
25099
10017
26175
22136
13055
13318
21135
8644
17576
14245
25629
17692
19163
27543
12009
524
18505
12755
3811
32603
22764
17790
25958
8323
31653
28165
20482
29027
7971
26728
15486
31288
30214
31449
32285
4042
22084
26245
18465
29667
10188
11186
12686
23045
9834
21514
9776
9308
31467
14134
26847
27890
28545
28079
2818
12066
17257
26065
32082
9551
25034
20274
7649
11990
32737
20529
26458
21056
26203
14802
9610
12221
27138
11721
21279
30670
22428
27348
1200
14913
22288
13134
1278
8546
2507
514
1658
28016
26722
317
3591
17486
9081
30759
31488
10619
3043
8786
20605
12868
17931
9620
9170
19000
19602
6674
21593
7133
1593
22686
28786
29089
29442
835
27591
8979
13458
31773
2773
25171
30170
15982
10152
32199
30198
19951
13285
27152
14933
12388
7182
10301
11291
9587
28674
23614
9411
4278
29891
10139
11785
18959
892
7270
30983
18492
22979
23662
20638
22955
16155
14517
2839
24463
9149
25892
16138
16179
7320
5246
16255
32142
24726
4243
9044
14617
11041
8886
23519
30173
10214
24688
7891
28624
19416
12406
10088
26465
16248
7129
4790
7250
15956
16253
23394
27334
4046
29132
14461
16027
32031
28843
25513
20729
26780
11181
2686
25643
27191
32391
28460
29102
5448
28613
31841
32392
19342
18363
20589
2523
16752
5053
932
18874
6025
27027
11779
10811
11620
32551
28695
17102
4484
27265
795
13773
12968
7669
5217
11860
13901
29851
28659
28754
6259
25344
15993
12000
30884
8219
23133
7378
14387
23171
46
27532
19906
19935
24130
11288
29190
19613
18336
18037
2511
4583
3612
31537
28994
28626
18372
9018
3177
11737
891
8689
16623
11147
12516
15744
15652
7040
16258
20845
12359
27281
14621
3952
22533
10056
23399
17026
1853
32150
29919
18487
2566
6852
2294
13389
2803
3500
32624
21125
23958
30505
25358
31409
21058
7884
29546
27407
30485
16337
3618
7381
27190
8785
13112
18189
8540
21689
10425
931
19088
6522
413
19133
10803
23810
3055
14410
6722
18412
27182
20446
3801
16755
23538
12989
17398
30253
31186
31798
30848
14070
26758
14386
23176
17449
18249
10252
2254
22807
23937
18851
19847
2993
19362
21678
30301
21640
17232
8784
28088
21240
2756
13037
31036
8607
20336
17979
16787
20244
3046
14748
1900
20182
1270
8363
10691
30339
8726
19476
24931
23371
9480
12970
21930
9123
1206
28851
28301
8510
28513
20870
2011
18233
14330
5977
27078
20630
13008
30036
10911
10987
17772
28650
24033
31067
11705
5992
13425
17350
17513
20686
29220
9789
16019
8415
23682
5305
12961
11636
1738
1804
25705
26901
7990
8471
7322
7370
8575
11070
3930
17455
4772
28441
5677
28615
10728
19564
16665
8594
2841
6746
776
22498
30232
10453
32109
14954
3990
30297
12074
7576
10012
28122
2738
20517
7758
16635
14186
26346
21872
12928
598
31477
16681
25862
16881
3548
3463
497
12636
2129
29252
19623
1723
1783
7240
30204
18653
26996
20590
17388
10267
22472
11147
24976
24194
12765
9133
27467
23348
7518
11936
2885
15627
9677
12727
14874
24704
8912
7880
30675
1227
22732
25209
4373
19532
1973
1978
17560
7210
23589
13459
23771
7994
30379
25632
4630
28706
32101
474
18545
11966
27601
18967
32371
1218
5344
5077
32701
23969
2892
26547
12280
21934
25644
2112
524
9345
1990
20344
28562
1693
1188
1420
1165
27216
6378
5346
21332
25562
26086
16221
25811
11473
489
14558
30963
12995
23637
19211
11095
31006
10232
26191
20553
21069
16280
17441
7668
13348
14543
32394
30163
11134
6426
16609
25193
13092
24876
30170
7475
29169
25224
5823
12507
9268
4942
32764
2990
13398
21589
28385
5712
18109
23931
3236
8878
15599
17465
10917
18229
29691
20603
5110
31298
16917
5038
6171
473
30592
30234
13070
2969
26289
11890
30343
239
14257
22441
6265
27531
2755
6408
19168
32272
11847
5246
16570
5392
27614
3895
1107
17463
12495
2159
710
17350
5545
12937
28865
21059
2346
603
27784
24175
8800
18637
317
3449
24078
2722
28510
29041
19281
2709
24207
1023
27523
14760
23706
14677
18784
441
19892
16226
2919
7766
12802
15689
1411
30674
25691
10001
3563
13464
13904
31134
6471
29888
3433
29408
25108
27616
26034
6730
8009
19749
23926
11654
3643
15778
11851
17767
21438
16615
14158
18207
30861
21462
31920
30130
1260
10674
16498
14250
32651
16249
6252
25869
21422
14708
9620
12684
25227
16140
20605
1789
17395
18655
12062
25611
31285
5395
30677
4908
7488
13802
9644
19924
16647
28311
12762
8169
6954
21073
1677
8054
11218
22949
3814
19619
28124
25104
2117
11749
21051
19405
30920
31858
2711
10732
28430
29944
26426
14500
28481
8334
19501
3562
12627
10731
414
14402
5255
4821
25477
16342
27700
24029
13448
15813
2502
74
6171
32189
10245
12371
30699
24012
7066
25489
22653
24691
27854
4531
24850
9469
16022
3956
6863
14862
9933
5578
11034
32383
23488
18784
3399
1129
23279
22087
3956
10880
27922
29673
5809
24483
11099
25918
28261
17585
27131
18754
9965
8349
11239
20390
18309
23237
988
9669
22380
28543
1696
12251
579
4853
12940
25201
23478
30260
28743
20508
1631
25215
4308
16231
16871
7913
27855
23822
9327
21539
2291
24173
814
25234
25568
10295
20059
24228
20763
19819
25677
10085
1367
31364
8161
19277
14323
8433
9756
12124
32195
30404
14097
11370
16659
7854
1541
5816
31465
3115
23762
25546
4491
30714
3721
25209
65
30928
32091
14660
11356
5197
14266
7911
2935
23599
28859
303
32509
27590
22463
3596
2284
22952
4946
21224
15832
29093
25427
26167
6194
19197
11862
20303
4298
3793
32326
8314
8339
728
12367
30538
4006
11347
23546
22317
13706
8003
13722
4673
3763
19929
28648
13418
19272
27694
24810
9377
15146
15412
28185
28815
15153
21997
962
30298
1977
16346
7085
24767
6237
27575
5885
10593
26882
27493
28503
5472
21528
29224
838
24622
25116
30226
478
2206
12897
1471
14752
29758
24849
9795
20126
23783
3694
19809
7136
15506
27486
19454
17413
11117
28455
15572
13613
25647
6775
19307
9239
25256
27559
26437
17031
20636
26688
14169
13547
13521
24511
25028
2877
6247
19349
31674
16683
5736
28786
13762
2422
2464
9411
6179
26776
19631
24698
25497
25257
16476
31245
27213
16515
3116
13505
29956
12325
19764
1064
2199
17493
10027
10472
8099
6026
27587
2751
11393
5640
19513
29636
30585
13133
18731
4336
11570
3756
21675
23516
12653
19256
23185
20940
2547
7907
8981
7149
30156
23783
17309
3291
1202
32613
4563
5990
17094
29772
19707
8854
19585
12669
29060
24301
24300
21549
27356
235
14356
20362
6025
1240
23480
28321
21366
24509
4166
11647
31882
16820
10246
11670
9599
19809
27284
18787
27378
26817
12947
2894
7862
2850
5024
3026
15726
11379
7301
31453
25179
14782
2479
22650
11634
13043
31715
8365
20402
21991
1836
28318
12724
31388
11800
23290
26756
1219
7459
6551
27823
3711
14964
6743
18333
12396
24007
12622
11041
2784
17579
2599
10063
29809
5869
27331
29326
29111
3924
2340
30702
23123
7310
30858
8123
20271
3691
29147
1618
26120
9033
31560
5427
11818
2512
13102
12888
29307
10975
16954
31173
23739
20421
14545
13665
24074
30901
23471
1796
171
30580
9166
30929
1799
8789
30089
26566
31733
13159
21249
31889
6200
10221
3520
9893
8521
13326
15260
19854
9560
7886
29406
11393
14477
6717
4516
3128
6035
27630
5252
20221
21335
31147
16498
772
27149
3687
9188
28413
29045
27508
13108
19690
13916
31223
1093
10030
30053
12440
28009
3047
4361
382
2946
2686
26845
25722
29544
12157
13843
20866
4747
29344
4420
16226
730
19246
1389
31406
21987
24201
21559
26875
6971
32004
20347
3150
9760
24822
27653
23253
22109
25613
29080
16085
26734
7908
27699
21220
4325
9943
17043
11864
26380
24086
5625
22015
25292
2552
20269
9489
29133
9106
31939
16994
26591
5769
26269
30172
20121
25124
31409
29229
22591
20645
30476
26301
31209
14554
29975
28131
28898
32239
14874
11096
14159
16774
28926
12012
11281
31753
12631
28535
29164
28479
30626
29203
18920
10014
29386
29064
27895
31969
19186
6664
10457
20570
17774
11549
17469
27528
27154
8671
28201
17516
3504
5482
15515
4377
26076
8079
32369
25099
2546
24522
25734
14009
1371
22132
17950
16493
24331
24122
1156
18260
14926
22990
20977
26065
29893
27100
24496
3607
26027
16192
14208
3575
8797
23926
17466
1270
27674
24914
19891
163
11015
8177
27620
13096
6774
12783
13640
30750
2663
16090
11398
7078
23119
7399
12624
6069
4377
6372
30859
15279
13931
31342
20400
29240
20778
6244
12146
6471
12096
4508
24993
8315
23197
32212
15950
25011
24443
10987
17456
26585
18407
14929
4166
6142
28797
12988
30910
28844
6771
23068
20246
21367
24281
27602
3457
3286
26398
32540
29580
3633
3799
12756
22017
3643
21180
27483
9739
898
12531
19408
29596
11589
24210
7045
28428
7813
30303
20147
11779
32606
1242
29036
14232
30872
5501
4050
7098
32122
9538
28295
6607
26590
7782
10084
6812
6795
16748
32366
357
7614
8038
773
6229
27146
2416
20831
7200
21858
6525
2101
10982
22133
14422
18108
6747
4666
17631
18135
31013
26571
16540
26507
16261
28278
9589
15283
29498
6673
18614
28917
17058
31119
28506
8948
23331
17361
30601
28359
32457
9918
15199
23211
7472
3222
4335
26100
29605
19331
2952
21834
30856
29554
25143
3857
5620
11808
8076
7209
30627
25976
32417
8408
28683
9244
6489
25092
14541
25666
19430
10918
4688
16577
29070
9595
1705
15467
24238
32509
21439
5022
15359
25489
16556
19478
10008
11778
25190
30469
15412
23086
5022
22886
27958
4095
9192
28302
18922
23197
541
30980
7566
24546
26109
5522
1425
11279
15641
1180
26010
26045
24305
7601
23756
32278
19545
8544
8265
12612
32289
23885
24308
27434
1780
22148
4732
25682
3201
28172
24982
2855
23513
13248
30601
3429
7448
23386
29936
5581
27208
2001
23995
4637
19842
24805
10360
5439
27222
9975
21201
10689
22126
14623
8021
10373
25965
16761
24699
26554
27677
31679
29923
22026
16074
18973
22752
22037
28393
3136
28980
28191
3070
27825
29466
8197
27580
6241
3466
32118
15725
5253
14264
19551
27796
9891
18654
20391
5841
749
15675
2077
6406
13519
19547
431
30648
30148
13466
220
9912
26221
24548
9324
29698
24036
17854
20318
6629
17230
11914
28450
15460
9647
15366
29192
21981
1539
23319
505
22248
1930
709
22373
32130
31331
25734
14460
10091
29788
29119
30881
9164
27657
23176
3099
18461
2579
27056
1038
19526
9427
25088
1706
12804
6687
16580
6051
15247
31588
2440
17633
13690
16373
32544
2936
6106
29091
28139
2266
17066
1934
27480
19532
22894
25403
11944
23702
535
9190
26358
17919
2855
17433
12917
17528
15637
13693
6906
24088
23283
28401
15290
456
5710
8409
29780
32320
31318
952
19730
25906
4670
29954
28779
11972
20198
22059
24013
12612
28600
25092
14746
16663
29392
27719
24177
3315
20575
16240
5038
2639
1361
3279
3380
1559
12589
8924
6250
11683
19261
24010
6787
9194
13040
1631
17411
30451
8060
4866
7550
2445
12999
32534
20899
17728
13192
11398
22650
10371
12969
929
26602
1327
8177
17705
19838
820
4575
17062
5481
15243
17625
28928
8903
32620
5510
2381
7461
8128
31352
11240
22340
18649
16654
14787
4890
18017
4504
22526
18202
17296
32445
20920
18613
23458
9242
19493
33
3721
6188
224
2393
28127
13680
29315
26213
5662
32456
20342
9947
18451
8993
30468
10406
13968
25683
21684
22022
23650
25928
1494
1240
28290
9057
32092
23320
16016
7957
6635
23716
8572
30684
25138
1602
11911
32587
23419
6629
27242
1920
11903
44
13012
28864
3711
25388
32282
14943
5776
26223
17194
6880
4407
8252
7618
25438
24117
14361
735
12843
27300
20111
6519
14518
28483
4653
2922
6322
26895
9680
25271
7284
19
15393
18155
20125
20608
3166
12000
13562
18944
1118
23203
12968
6472
23503
10678
21884
20460
27843
8568
4769
15992
30059
14305
13955
13500
10017
13938
3052
7271
9900
18796
32365
8664
25024
3905
15360
24368
24005
15432
6635
15788
25561
9908
16616
306
11800
20167
25730
12841
31259
14147
2498
22926
9406
8738
8459
17220
13095
1414
30531
15020
27908
19699
16947
30070
27667
15036
19505
8375
17640
32187
764
17467
11499
20293
28135
28700
16800
11613
20282
26771
21803
1320
29909
17423
25619
24994
31766
12164
6214
29326
3325
19718
32093
32691
20622
24726
18978
7237
9847
16188
25423
11938
24051
13398
31641
8255
30190
20783
29933
18913
10346
23251
26362
28688
17697
18978
28399
25544
8044
4644
11398
7027
4963
8348
4161
22548
26182
19680
24307
10949
1564
10471
3715
28259
27801
26788
24557
2440
10565
21394
23177
3257
22235
29841
3216
225
32751
31728
13532
31230
14036
1995
14831
16923
25789
18071
4663
12414
5154
10235
401
290
14950
4065
20491
16488
17590
16334
24046
7945
27700
27246
14588
16975
5461
9588
5878
25733
16007
11681
22881
22956
16920
12577
32394
19567
28499
5150
9160
18265
16108
25488
32001
24134
9886
27218
25967
3095
20498
7291
28068
6314
14083
19691
2764
6922
29344
24868
19251
27618
11825
30556
13319
7224
5374
13008
11358
17495
13676
8794
6522
16141
8042
30022
4172
9495
16907
29282
16440
7386
19572
25940
31512
21076
5625
30256
32387
11089
20867
8010
25167
3042
4149
13641
20564
16139
22351
13693
26995
22460
19794
20083
31704
7682
16997
22214
28283
23679
6135
9783
1517
8728
19366
1280
26193
19437
10591
9574
30376
27534
26823
23438
2387
23916
14810
1937
28114
9101
1234
26066
20434
22660
24907
14736
1895
20129
2212
1463
16022
12133
18344
18428
4118
12088
13166
27176
855
10590
9597
23988
2500
14376
17204
5527
24902
7527
5226
21084
9
3878
27985
29815
28034
15513
12192
18649
11441
8016
9969
962
7075
27824
1127
24023
27708
15268
15765
1908
6707
12944
21147
26179
606
20871
16274
20750
32560
11453
7467
15825
11904
11071
13458
5652
17547
7649
2713
9591
4157
17016
9746
22159
5292
1866
5500
12784
23526
8899
30691
21387
26348
21354
3329
19003
24318
23571
4265
5530
27673
4181
25958
13849
21695
1342
21087
848
19190
14918
22653
15506
2707
20098
25296
1989
11448
5658
22063
21104
21660
9213
17439
18710
6538
7123
17655
22723
21037
24628
15681
28388
9482
28951
4706
27483
590
3725
4734
30931
27338
29615
5014
16209
10300
15828
3571
9484
23248
21512
13768
4479
32742
25274
22547
26300
22038
16309
32452
9475
17009
19026
8225
27795
6922
7147
23913
20928
31414
7314
5303
14150
527
20483
18986
8925
10687
28376
11331
16398
2555
8188
14222
1348
15181
26210
15749
12070
13463
5879
21169
1572
19029
27349
26642
8784
13090
441
5057
8560
13694
26807
19668
849
25294
31020
7810
8286
932
9205
5768
28272
6465
31966
29386
2024
6232
6749
21054
10492
16661
7553
27910
5966
14430
30245
6108
10179
18009
14185
5811
22162
24110
4195
667
9627
21262
15633
18150
13563
24180
914
31113
18909
23466
4502
4805
14226
23696
19988
18438
24293
31641
29499
3595
14248
3862
1194
1607
6291
8631
30179
23431
12623
21582
5373
20950
27341
3287
3482
3485
8668
5814
6169
22031
28667
6207
10509
22212
30315
379
13549
9380
24457
22569
23565
2567
2651
1284
4812
24091
5225
1604
6671
27525
13774
11111
23535
10827
9102
15921
175
20721
27690
15602
20465
226
626
2567
12841
4626
27291
13475
26193
16866
15761
16080
16351
18756
30350
1200
244
7711
16108
10505
9430
25589
11320
11008
11936
20419
9351
2341
20536
808
23821
5552
32130
8906
9963
24586
16339
11254
32329
22416
23977
19846
4005
2963
10905
18440
10090
11427
5000
6428
16325
13069
15134
30238
8372
20130
14968
23045
18016
954
23069
10891
428
6521
22324
14479
1806
15697
2292
8119
24478
32712
31323
18777
28780
3708
19491
5788
3095
20324
29426
30170
17051
16728
9681
26441
25451
17876
4319
13531
26048
14329
8262
24930
11056
29908
30575
4856
20610
14563
26738
31902
193
30421
32721
2851
32399
2962
30821
22856
22460
29563
11160
12065
30487
25843
20949
4286
2180
29726
10045
8203
25423
9192
18588
22005
28352
2122
23707
22222
13552
24009
23863
26099
6106
14911
5489
15532
23733
15069
10055
18515
386
21361
11748
5049
4321
8933
20500
24517
26664
28936
22266
12126
9142
14738
7429
19083
9605
26722
26912
31961
27135
11017
2601
4862
7955
31628
18085
23483
12679
18534
29874
12295
17552
24013
20028
18025
18336
29750
21876
21926
7807
2075
23934
19100
3997
24316
2922
5486
27815
23972
25446
20961
10584
5037
13874
20230
21650
8262
724
14874
10157
21556
8332
28842
8207
13591
17674
15866
22268
17903
15071
1960
2992
14558
23602
11661
5035
28208
9652
8420
9549
25752
30166
30382
12450
32444
19513
31061
14975
16884
7525
32143
28110
29263
3775
32389
22310
12248
11957
17717
32415
30999
32060
7956
21476
14042
22652
26616
8329
13621
8649
27446
29855
11719
11990
24583
16774
18239
23333
1329
5891
11807
19906
8163
13970
10944
18225
25056
28926
22678
2981
31455
558
25270
15731
22834
24386
27029
15301
23975
10975
30227
22931
1708
17350
7608
207
22198
8620
15421
5600
31203
29766
26190
12114
28382
14499
31118
30156
14083
14526
28124
16450
20931
10580
19413
16491
1866
23027
27801
21366
18016
11092
26322
19193
6541
16362
19699
16938
30593
6843
8382
21329
29362
8303
8201
16765
3143
11942
20161
27254
11829
15759
25135
5364
4264
16311
29050
28430
3748
13342
3950
20725
11756
7824
12667
6114
24099
23090
2049
11597
13105
31324
11211
3680
7912
11686
17625
26539
28136
22342
3682
6425
3007
21145
23577
13859
21077
5375
1200
22083
26760
8684
21914
18860
29715
1340
29718
1592
8884
18375
20329
24738
20110
4662
2154
26101
16844
29205
29252
26948
23943
29993
4216
6556
10217
3843
13857
13367
1427
31957
10876
9970
8765
7045
30375
14081
19612
25600
16553
32738
18825
465
22451
24207
25183
14322
21926
7416
12965
2017
31188
29104
30957
20215
8459
10215
28411
19958
32464
920
27946
20193
31720
13827
23820
23824
24093
30302
16209
17283
7486
4808
18666
17783
2408
3454
23406
17719
9860
6737
23740
19765
24849
4184
12770
12121
36
9186
24893
11929
30892
31918
8162
26314
1531
31839
20029
26293
11138
18730
10232
12398
988
28882
11038
5089
271
14294
31361
6062
526
26857
16217
25655
24962
14498
20013
25846
25033
4469
4855
5141
6719
23522
2179
9272
18877
5868
16152
31902
12896
21709
13914
15208
25228
28648
3695
12856
3888
3071
21601
4350
25419
14246
28099
13071
26799
16887
26520
17016
28165
6280
11376
9617
3601
16794
26068
27349
15415
18067
3300
9968
31294
8879
28223
31002
6997
2546
9507
10660
14419
7265
20950
5840
14659
22897
3908
25574
6176
26560
27625
7812
16605
1283
27121
20022
12968
12863
19102
8774
18032
28733
10475
12758
16037
8248
10095
555
1087
23768
13699
18252
13569
24420
12199
4812
26367
17715
24354
25828
17758
18787
7401
21445
27227
18126
7106
15659
6798
5690
7593
13878
17776
7376
6259
11638
28444
7888
3505
29508
26450
10882
6615
7257
29121
12144
32414
29337
17286
5586
11430
26672
31216
27210
4192
16608
28294
29137
9771
26009
3147
14833
6589
5707
2624
31030
29893
28152
12075
21471
8398
27917
663
22744
16487
32242
3868
19181
9089
10208
6624
2616
23320
25587
29534
12763
12310
18560
17766
15861
372
32424
613
19918
19874
13869
23015
22101
27433
2949
22106
22733
13455
5165
2069
29123
11130
1344
24985
21571
22297
10312
10518
1355
25024
4692
9009
27520
14802
20811
23300
1824
14820
895
11110
26168
7199
3461
28013
10519
15590
25157
28722
11010
28857
4429
7636
9001
29018
3947
29120
20954
9774
28026
9263
3573
19429
29052
12016
18080
16222
17897
3943
19771
28612
13127
27094
31639
15358
6139
29147
2658
16198
4703
15418
11238
20759
4372
24029
16116
15437
15770
31769
11802
29064
29981
12851
20252
14545
17298
28707
22178
9856
5379
13975
13359
22364
4391
21563
27218
14341
21814
2104
14112
23439
32763
11770
8417
9584
17451
22071
15114
19100
29941
28973
14188
28142
16602
28203
6058
23498
3775
29778
4848
10497
12609
6301
994
14580
25672
13599
29395
28413
18655
17804
4152
3850
21315
27899
13148
4491
24377
2282
12629
28303
24229
30083
8246
9257
22105
26398
23174
31769
7467
32006
22257
21672
4426
29056
10302
28884
14290
2825
14721
5037
31389
13024
6802
27391
30813
21700
28861
3377
6887
27647
24507
3693
26578
24995
32481
28930
16193
8212
11928
29958
31997
32710
25101
2879
12231
29000
12586
28484
23276
2178
18116
11487
30233
19771
32534
5302
8049
29918
19054
25642
13277
27005
10278
9344
16803
16918
19926
1342
2363
4117
20168
13784
94
9755
22444
652
2911
15358
21133
14475
24766
5137
1796
5465
19195
1445
2732
17782
15528
4303
5589
13886
27330
24428
4221
16142
24897
22371
27516
26024
17902
8746
6654
16857
15733
19852
16182
17497
9915
27049
25681
25842
8305
18494
19113
31716
3306
16678
11836
19081
2089
8225
3164
30517
1087
8149
17064
96
32724
5650
6714
27399
2819
13658
4898
12367
3691
1953
1043
11884
2178
1617
25181
8385
13613
29585
17947
25416
21390
22727
32430
1333
32285
20059
19306
28374
18683
28863
3214
7870
6787
9900
122
16930
29217
7342
24860
11395
4455
6626
30124
29325
15197
4606
27801
11328
32281
6291
4547
8781
14992
6543
13546
27331
24236
31494
21606
14570
1439
3122
24601
25711
29302
26040
10403
27586
6385
7980
20180
30141
10386
32216
18279
5766
19956
185
18157
23478
7774
28107
10759
25531
24984
17543
11736
1147
11773
14761
3258
17721
2770
8246
21296
12221
3286
25534
285
15535
8474
30686
19251
24389
31251
24842
4269
29726
21230
14985
22849
5997
32035
24001
28496
9817
27725
3765
27233
28580
13369
20940
15821
22411
11581
20180
8123
29422
13003
25926
23631
23985
12357
21964
26911
20578
28691
9472
19687
14620
24820
7031
12157
23467
17809
1790
9735
15600
600
8483
3947
23943
32135
16120
5383
1960
17799
11795
9123
13387
29052
25305
28835
19344
28698
23549
24449
17501
14522
24387
23419
26441
4781
29578
31113
14521
26320
