19961
25057
22524
16994
13945
13321
4814
344
8608
6081
8284
13761
22371
16060
3815
2804
5009
31767
4448
8999
32348
27348
23574
4482
3605
22665
13458
14968
13879
18521
14527
3670
1959
8740
8527
21020
9786
25083
857
27277
14200
23511
21831
23938
11936
26506
15087
32131
6636
2293
23808
29592
21781
26748
20384
7005
17690
12215
19539
25941
318
7786
17183
13184
3407
27576
1774
25648
2350
18323
6451
32536
31116
4215
22736
14502
3570
4440
6200
16275
2052
23513
24272
2232
10246
4798
22940
3363
17055
14500
16151
11882
25565
22255
10850
13631
9082
4357
12705
7749
3678
30650
15267
10530
18788
12554
22721
24022
20833
18446
8968
31819
31843
14633
27034
2604
8246
3715
11089
29435
557
8376
9382
28254
29726
20433
29905
8378
17071
18547
7730
10755
22736
10582
26096
5843
15497
7417
22240
26553
18678
15252
27560
8915
18832
18767
9252
9119
23213
9393
2568
7438
13131
31067
26823
474
15369
2806
15540
18202
6006
11370
7527
13588
32654
14160
10083
14930
7298
6059
10486
29944
14520
16338
5728
26196
30227
6321
2359
1207
26740
16945
20233
8067
14721
14325
19268
18822
14757
11847
12371
15750
599
15186
21514
28957
3488
8337
9028
18888
26327
18567
30922
10298
22704
19633
23415
15862
15477
6073
26522
24860
20114
30700
26524
21123
11351
13806
24547
10761
24314
940
4597
23847
6107
22419
15073
5065
524
2048
4315
16220
19729
15095
17446
10280
21732
32279
1847
25824
2877
6861
25111
28791
1551
31433
21769
21046
22358
12462
3693
3084
4624
30990
14308
17189
8329
18325
7861
22205
20444
13444
15215
22839
13495
24161
23760
8041
19806
5101
31206
23099
1267
23127
28532
28272
31732
9135
11415
32451
14853
18845
4777
23606
11504
8275
3174
20647
6378
13760
8269
30628
24088
4359
585
6528
14161
1583
26769
15526
22054
29212
10189
24878
31
29374
23162
6830
4424
28552
6031
31827
2028
1572
31841
2864
32161
12133
3524
10965
12676
12413
13427
14372
1990
11376
22706
18016
8808
27080
24881
12935
30530
8331
6452
226
1866
25706
16881
14554
6931
32571
21305
13069
10388
20393
12123
3489
17963
42
20038
15064
20194
10802
9197
24037
7152
14759
17904
27135
30595
9364
5240
14259
11452
19233
27234
1150
22779
5059
6305
4251
25182
6064
12509
20250
14212
29590
25440
23602
15511
4236
29747
11736
2441
31049
2948
12944
23965
3987
25931
21124
27690
13819
9262
1747
26268
16840
19361
31531
26555
18737
9553
28058
9264
8655
5571
16545
1092
9041
9272
29579
2796
626
14805
29948
11779
22568
23552
973
982
10526
26125
4631
27109
357
1562
24206
2280
30823
311
14353
23057
12572
715
8063
4497
10880
31539
15307
4701
29764
20907
21587
20274
7107
28018
17773
15574
25913
23081
9027
14754
9519
2940
32482
3645
20026
1029
397
27562
1765
25453
21079
2693
23532
8149
31217
20361
25259
28276
14528
6486
24533
8065
818
7025
18025
29011
6227
27277
8930
7879
26267
7689
18095
11490
13066
10937
18402
15287
13944
23273
10540
24203
9510
1951
15881
16184
21656
30497
7992
4303
29607
1207
17262
5505
2258
30130
4171
15296
10965
8109
30605
5793
10109
17427
29828
13701
3258
17634
32198
7928
18422
5806
16163
29401
20389
5096
12251
30652
2845
5472
22799
6028
27816
29705
24694
3957
29144
22524
11089
22272
32283
30912
11681
640
17295
13001
14743
9390
11800
5694
25420
29584
1199
21248
19634
13471
13565
9703
28107
13352
32040
11087
11544
19443
26605
15059
23637
15651
20207
12376
28003
24925
22350
17998
29574
30508
7292
25906
17616
3492
32076
3159
20445
21318
16204
14311
31169
19492
31829
26660
6207
13126
3680
11764
23612
2891
28059
24733
16498
8787
13501
24781
20585
3357
16278
3293
23459
23917
6122
19030
26903
6065
9343
18613
32482
11235
20085
24939
4664
30129
4310
14632
13216
2012
9838
1625
19297
18142
18909
8432
31287
5839
15338
16227
29259
8329
1050
1271
23650
29195
8066
17726
7509
32283
4569
8414
4033
16176
3281
24469
1535
398
8615
11130
10327
6323
12537
4486
880
1010
3289
27474
23307
18014
287
5666
5361
30185
13827
6947
20522
17869
8427
11505
31856
4139
30593
7772
1508
8946
22793
13932
26879
21507
8690
1443
17098
8339
7594
8321
12626
23504
2743
25422
6230
12487
9476
8979
7748
31621
10872
28650
30052
15740
3533
19575
17746
12585
19360
32439
18609
16628
5572
24056
29470
25944
18652
16937
13155
11843
24617
30804
9709
31680
23456
24681
19329
10707
19520
6205
6186
13220
31394
22482
28278
4576
23506
25305
23265
22621
18525
13173
9106
22269
10667
16962
69
16852
4495
3990
3721
9357
28701
20999
22059
9481
23484
28205
29170
22858
8060
7081
12428
13456
937
23397
16841
20417
1184
8990
17415
4366
27617
25120
17902
30420
32614
17233
4189
2496
15155
20593
19619
14903
18735
23200
23283
11509
11058
19489
27922
15092
19295
18269
14675
10383
26292
14123
22981
22503
1503
13390
11179
31366
30803
25663
17196
1602
1436
13614
18252
29028
18671
6979
18971
31242
27398
13097
28972
31946
11819
28109
585
7832
146
10595
10341
19946
2283
23467
1234
24346
24888
12658
24757
18443
29660
18267
4790
16143
12021
24543
27900
16648
492
14995
18264
17102
22859
28841
31168
4561
3278
31418
23296
10240
29628
17347
6060
30441
4983
28013
30041
28193
7250
10641
22028
16614
10404
19707
4083
12035
29211
32622
27987
21748
29010
11497
26818
18251
7077
7209
31126
32082
13124
20079
1181
20210
23942
3203
17679
2515
29568
17657
16832
25029
16599
8115
8858
16479
9426
27303
31307
14309
18867
17378
22587
7535
26184
9421
14017
3656
15805
12976
6550
25749
20916
30836
28810
24375
31383
28077
4725
242
23085
28376
25713
27342
23660
2784
326
13757
14991
18920
29990
3967
13416
20804
24987
7875
29686
2248
7613
29327
20282
9542
9896
225
23623
15442
29741
30871
2969
17736
1480
27276
15527
11153
15314
3588
187
22049
20728
9290
2
18500
2028
16279
13535
16283
24922
28982
29061
29537
28190
8934
25541
22771
4532
8064
2852
4496
18672
3801
21809
25949
18671
26858
21526
28588
2637
9262
17260
24701
5272
9036
20308
30533
7685
9718
20931
6895
21346
16657
31261
13089
23628
8726
4870
9920
28578
8632
23157
9142
3130
27079
8201
5107
10706
12884
7585
25521
30281
23062
15911
31997
29455
24076
18092
7283
1754
29796
5562
25417
22426
20124
27877
19087
176
18151
30884
23476
31066
31954
2655
21069
16242
9511
14537
2834
6745
4369
23152
25641
2606
12418
3731
29352
14147
5074
18483
12629
30161
12457
3948
3248
12778
28190
27910
28723
22448
15392
13384
14552
3013
14869
7948
12508
18434
12482
28697
30914
12396
25451
4012
412
13411
31803
22104
31878
20509
6118
31248
25459
595
13452
20867
32556
19002
2017
25000
3733
16821
139
27033
29490
10185
30411
24740
1771
28497
20576
6815
32524
9715
7080
1661
144
18258
26121
15135
18847
20613
20879
18028
5205
10185
11734
29348
5829
11378
6187
30193
17470
808
26350
16448
13261
29263
25658
23374
20482
25287
7113
4358
13303
22742
16401
19466
22927
31074
27315
26256
31996
28516
15382
23407
22916
17817
7759
3449
9092
2171
12101
6412
25525
17519
5650
25572
6062
13376
18348
24371
15274
13260
32452
12276
8588
19197
27374
12668
14624
25851
23299
1618
11684
1952
26307
11072
31879
7981
23487
16554
26992
12859
29047
32287
29570
4596
2239
1070
12255
23170
31335
123
11626
22472
14618
22546
17874
8784
19079
19450
32716
2181
23487
19470
26271
6179
29918
27656
31462
23531
4078
11999
8337
8603
5896
7251
11822
23581
3516
21701
359
30207
27060
5965
15563
10275
24211
28167
4817
10424
8483
29869
16921
18024
26032
28011
9974
17363
7599
6126
1578
1853
14500
32447
29936
29315
27714
11983
576
30548
18387
3411
1358
15261
5850
16337
13652
25157
22263
23163
28305
19483
17676
18621
18577
25869
17822
9234
25008
20890
11390
27931
986
4234
10152
23282
1684
25820
20843
13500
4672
7168
11722
27005
10396
1094
5923
23089
5773
10135
24078
2584
13083
7779
8328
10577
4028
3802
7249
11690
32213
11359
146
28087
3454
19257
707
29217
27014
23692
15052
28993
13494
26248
2666
10477
19546
19681
5077
2706
5118
32127
928
28035
11894
21878
12768
15249
18465
21048
24208
19420
22126
25354
3380
24553
28830
28340
17341
30452
9676
24957
12461
27527
29739
22358
31867
3915
17808
13910
19001
14623
5424
19814
11124
31079
8874
19262
2908
26790
22088
8592
21796
17488
14977
10370
22956
19929
11971
5730
14430
8210
14192
8085
20310
28341
3879
21201
30405
25662
23876
1421
2967
4605
13738
25781
3411
9834
17856
32161
21315
23992
21177
21320
7382
24749
27929
21425
322
1456
32116
16811
621
10276
3705
26302
18190
2548
30768
8545
16399
29551
20608
9069
15671
1367
17652
29906
13573
28980
16831
3721
17375
3054
2557
8650
9836
28315
9531
24446
13118
6550
17978
21495
6068
19921
3824
10975
23582
4204
21968
28526
29475
3206
20555
7392
22624
18259
18071
4903
594
23150
13487
17373
11126
10353
31899
11132
13998
16324
3569
27345
13031
24498
9884
5294
16889
21442
4316
992
26318
6468
654
19808
32455
810
430
8910
27227
20505
29210
14618
10498
26304
12440
1925
27729
11369
24347
29384
26214
10701
17986
14482
22406
29229
28706
12088
7941
158
24645
11688
21350
32677
3314
12192
9668
12035
32175
2589
5233
23506
13061
17429
12508
7889
15235
26472
31928
21757
6662
24085
8794
1633
24887
12201
3171
12078
10324
13054
8352
7950
15668
2081
8750
25270
14213
28308
32482
27578
20825
19382
3047
27302
10465
30079
30121
3914
20343
5488
26354
9045
18914
14282
11091
13094
26070
23295
20678
14558
2235
4966
3217
32186
23471
5938
26478
9632
30926
18085
29928
6391
32177
1153
6664
16572
10036
29376
10033
18642
23165
26500
18761
23706
16186
11857
5657
4548
20265
27002
14327
30053
32478
10201
31906
28489
25537
707
19309
28554
31574
22587
18080
6753
30657
30054
7195
26173
13705
17728
18748
24594
16028
22412
22019
2548
32403
21521
19316
2020
3128
11779
26941
3818
11333
11200
24217
19044
29039
5821
2676
11165
7587
10175
1744
22433
10384
846
871
10064
3941
23142
13202
28082
20956
881
21353
30858
16503
8050
2092
32558
9
8067
8162
29589
26233
16001
29759
27058
5315
17158
29899
2304
29247
7575
7233
15455
27942
14111
21813
5150
9298
924
4602
3673
24133
11545
7107
14725
29037
27356
23816
25929
423
22752
11052
21903
14081
25478
21340
11228
20932
7047
28346
31452
16306
1581
16827
14402
5772
15811
10957
207
6103
30282
25662
25263
8672
14957
7513
8716
12798
29879
11986
11230
23575
6404
28260
11008
23397
565
26040
29577
8314
22568
28809
14425
130
4584
1542
16114
27081
26656
12663
1418
16765
19414
32292
3934
20148
13653
23154
19272
22192
24427
13904
18580
20066
17109
24785
11792
17710
26104
26906
10082
27886
21714
1663
15518
25401
21807
19433
18456
8165
11040
10875
32375
11466
425
1909
15627
2761
19386
26968
4705
26638
12640
75
13588
2961
23869
3517
23781
6627
15926
28492
12814
5927
4459
20709
18132
19038
18540
18989
20316
26089
8106
27424
3007
6472
31019
31736
6240
28712
20354
29777
6270
8861
21759
28042
28421
15020
4899
5230
31146
13068
7766
24084
566
29485
12764
1027
23074
19578
18438
2970
21605
23772
677
23728
4490
31359
30660
11127
20997
3288
13975
14758
17095
30439
6318
13015
30736
30393
13166
10285
2693
7730
32194
28475
2690
18697
32270
26657
15793
13332
5221
28408
23260
6598
13563
31857
14335
30710
9949
14776
7842
25313
6879
2975
14949
2419
11990
22776
21981
20162
12552
4162
22942
7388
14305
12425
16793
21698
25064
22919
31913
32692
20977
9999
27240
9647
15251
23468
27463
27957
5084
7813
14046
26700
14916
20611
27776
13001
11744
15542
4627
17870
8920
10229
29982
9362
3099
965
8740
18016
27985
18557
26161
25059
2322
15015
3762
32160
16213
8104
23433
27076
12331
9636
22369
1824
30381
668
2623
32626
4146
3801
14938
21222
17350
24206
12077
24284
7640
7865
10954
16876
21555
14666
3441
16679
9776
1159
22369
4768
3369
431
31982
12588
20784
28381
16596
7525
22017
12336
2251
12277
13366
21545
24668
24849
29370
14164
7666
10563
29824
2859
24116
24429
28277
17463
18834
14347
31155
13176
22558
18872
5623
20231
1950
15092
12373
28154
14303
32036
554
31624
8524
14554
23635
25966
6590
20311
12956
18832
7062
5454
31611
9956
17162
10987
14335
5516
13756
5396
14339
19010
10385
31727
28327
26873
30656
12964
27393
27329
1321
27748
18703
6892
20713
17066
12016
28527
43
28864
10836
16523
17984
26758
562
9132
25587
9327
20665
28049
12566
23244
31112
8109
25697
30285
20513
17613
3453
30660
667
252
30043
9517
7320
22691
22730
10732
13943
29429
12617
3157
9419
23434
25
7281
15371
1866
20375
16383
31883
8333
24265
16314
15018
24193
11063
31194
5965
27595
19708
7645
23693
8305
22812
21895
4781
4855
15896
32552
24911
17608
20160
23837
4327
28120
28489
24217
16495
11144
6303
26022
9053
5834
9724
11878
23506
1413
8378
15263
17684
31547
32358
27766
16958
3305
1301
8059
25910
15406
18939
1766
480
3504
32313
4640
401
24252
32247
4230
2759
15916
21939
29033
20759
19598
12760
17753
8550
26498
27795
25763
32348
9316
11746
24344
24854
24107
20974
6416
29211
23185
2458
14767
20114
19061
26972
20071
11698
10621
23116
18366
31353
16639
8570
13138
13729
21026
29061
22298
13264
11072
14953
4590
3087
11407
11161
9546
19069
1
7246
19535
15172
2152
19998
17418
25037
19422
15824
10489
28720
23908
30319
19915
21231
2505
6813
28520
9443
19406
6186
27185
8054
19335
14821
21641
23315
27908
2994
8852
29659
12849
17629
14142
26266
29691
11438
1664
14841
14004
11582
11487
18421
7609
2184
8245
15247
16978
25539
23987
5829
29145
7408
14631
21698
5919
7855
12667
31826
21259
9814
28286
13976
2180
12356
19432
15875
24465
32371
5528
14718
959
27981
22815
22503
8644
2753
28802
16323
26721
9109
10812
10032
4237
15102
12931
10266
12495
8302
8652
9394
24556
6061
21649
20508
27330
18219
28754
12136
8564
24725
14810
9924
32711
14246
8387
26352
13516
15168
9276
20210
19904
1211
29962
5642
2096
29053
30925
20968
3936
31434
4741
11549
10478
16350
21588
25040
5299
30265
32390
19634
9194
13371
28622
11316
19348
18928
27346
24567
13851
7213
21738
15491
6197
13788
21029
18237
19723
916
25230
28307
32155
28013
25773
4730
22362
17170
8528
28954
5662
11799
17547
19399
25916
7821
26621
22580
23533
26068
4693
20963
6391
29617
20501
16352
16777
27040
18838
17071
26470
30828
31308
32387
6725
15356
27980
30129
10360
2416
8971
26467
21197
25453
1129
1681
30642
2228
1774
7469
31132
20730
26195
28574
25769
19444
5956
29808
6020
22193
22372
13386
29577
6956
32402
26144
22569
11810
30059
7081
28048
16161
29967
4628
646
3810
29736
31479
403
8152
25897
20872
16743
21769
10708
4111
13432
29469
24575
22939
15341
14260
27543
27636
8635
31485
25061
28114
32270
3973
14864
27980
3050
21580
26340
8851
12562
11550
15825
19168
15657
21792
20279
12203
9239
16298
5089
11806
14254
31572
5071
21193
9358
19284
27192
23959
13893
27399
19151
16897
9915
12237
27718
30593
31950
32026
31760
11850
15929
16074
32620
15414
30906
23989
17823
22016
26228
25220
20352
26803
12690
15043
20538
10082
6957
21559
11086
8474
2415
625
5079
29461
16633
25251
12562
27440
19843
12723
27677
11935
24002
18574
19199
14560
5775
12991
31977
18157
8517
4928
31676
694
31083
19343
26314
718
15763
6405
31457
29285
1921
7268
19334
30070
3984
32687
8574
7489
8018
11838
8851
252
6007
21265
9876
20166
3312
4453
23966
26844
16724
11141
11162
25359
31362
3043
23815
29814
32136
25703
6394
12640
12483
22535
13410
8588
10568
25240
19089
1693
10115
29411
16120
26312
18206
27388
3122
12240
26148
31439
1093
1588
1895
2300
26148
5287
13343
7653
27768
28608
8403
1284
14751
25075
6525
6275
17653
13248
30953
27398
11603
17450
12126
17356
5334
1387
7296
8438
27106
12774
16501
13350
16742
19805
2119
3404
9825
18020
14729
26557
677
19477
16702
19846
1243
11270
27126
1279
10183
19576
15674
31907
16077
5841
5162
10526
11188
26189
7013
2472
8619
20208
20009
18066
6537
20671
11452
7710
23385
19247
12810
5012
16662
17630
19599
5266
5811
23425
24183
2212
15198
28701
2308
32532
26630
25467
18225
28420
16155
30422
7061
15801
2453
9430
21897
32570
17719
1730
12685
9498
26645
6641
22760
3986
32084
31105
1167
13523
32561
24652
18248
21145
4676
1816
17167
24068
1542
13070
19897
9636
16018
2158
18647
22994
27560
30080
12509
28487
12535
18894
10116
4071
9116
19856
32108
3550
16614
28008
32518
3310
16988
20047
2225
22023
29441
24015
9763
2329
27094
12916
16651
8486
19873
20605
8948
32411
1517
9942
20077
27616
32082
22603
29543
20526
22774
9462
734
1185
18772
2041
9660
32654
22588
23923
6906
18966
22555
9388
16648
29691
22653
12947
20079
31155
17360
26731
32181
20667
2667
17089
12416
3630
32463
21665
19967
23446
18220
777
24710
11778
2087
5278
13944
29529
11482
27038
2666
10733
28700
28694
30341
5715
2819
10325
14124
2931
11432
19872
223
30939
7978
30503
28000
13145
15862
17720
17428
11208
8517
28339
8619
2090
8934
17086
17156
21239
8253
29369
30538
13493
7564
14453
32100
27593
11889
11424
20620
30349
18352
24964
10301
9122
24115
5618
12115
31880
30543
5240
13934
15979
3657
4826
26007
21824
29465
9664
12582
3345
1645
7341
5602
28053
30449
23088
24683
29700
25550
31838
981
7977
2160
27007
17302
441
21901
5384
13474
20195
7011
4298
22996
5416
10561
15976
24464
7021
1608
13582
15015
5199
10099
12128
11898
7094
18133
5553
32355
12973
16418
30838
20048
11633
5745
3834
30385
18375
1856
3667
20373
21395
20153
27796
14095
13735
308
25668
22239
9433
7676
19471
27982
24408
16214
5820
7514
19008
3007
3935
2579
12139
19574
9680
16709
3467
19770
24411
14679
11893
26965
16313
26227
30656
27097
15935
10984
10639
6442
6998
9932
32683
12220
10795
10981
26837
32286
25256
21194
18522
30776
20386
2629
30183
1489
11604
508
28575
15444
19468
22352
29291
26067
2852
29574
27793
31052
52
26148
32393
26667
7814
16030
32268
25873
29386
10546
12141
2004
18187
21265
10540
29383
17122
22975
5577
23867
23530
18876
18390
10053
10867
28772
21584
23234
30331
1300
10031
15769
4314
28046
17980
22848
19644
8607
13859
7042
11604
29183
13769
29823
7119
13944
17375
5620
14727
10058
8888
14268
8826
26063
20055
1431
13306
30811
6349
6699
11174
15718
24770
11080
12952
6637
5713
19312
10464
26389
537
25751
17713
25362
656
20519
23771
10567
13211
12359
26617
30126
13404
28253
5612
14203
32587
721
1544
14076
2185
27157
30860
21188
5745
27362
3032
6152
2159
4548
23002
14921
21
1496
2506
11827
8299
6868
10775
27590
22407
17481
26273
7091
26206
20005
28456
13321
6874
32380
8708
18448
28717
1160
20247
3957
2404
22766
9985
26792
14911
29506
10898
23171
4672
30926
11909
22828
7682
18575
18283
21052
21196
2177
12773
17441
22630
6173
2838
25793
9515
3103
27992
7007
8288
6028
17710
20931
16068
1524
29307
24725
19816
10996
2545
6923
24257
27392
19147
15812
3580
16735
7359
17651
3217
26487
10798
28095
11803
331
27295
26346
26215
29506
12651
29873
28107
17706
5305
3060
32697
13948
16557
10391
26515
26594
2781
25384
20417
15862
23045
2498
1794
24909
13819
16433
12287
32692
5093
27478
3878
12985
12969
27597
27317
12142
7077
27598
12565
9065
7073
17489
22890
25359
18433
15734
12904
19731
25663
11811
4968
1849
15257
16111
9147
30816
17159
21567
11326
9151
6000
25518
10030
18799
11293
14515
574
28713
15726
27774
18151
15442
23500
5410
7424
14388
8926
28665
23438
29071
28928
2884
7133
4176
13041
13075
720
19104
6091
9573
13429
23072
16697
20879
9692
22131
17380
9954
16682
6398
3118
13960
4073
3563
31523
11439
24482
5748
20396
25834
5294
24670
12294
7635
8009
22211
26483
4086
18152
4117
11312
27626
16333
23904
422
961
16088
24271
2788
9123
32672
16754
24909
23989
28866
2622
17294
19775
31353
4694
12500
5391
4975
6281
17467
7448
6099
3099
25737
21343
5804
29896
7196
29720
2413
7174
11553
7435
10697
23435
13831
12349
22984
13583
31283
18893
21019
5971
8950
19740
2733
29794
3260
19760
4474
3350
29830
21595
17316
5599
6554
20247
7363
6336
10104
7733
4221
14490
31761
5175
8792
14765
7732
25082
12235
29532
30793
13976
8347
3888
11073
5772
29029
14624
3533
11799
19574
9488
11214
8931
9443
3479
23053
10471
2007
4101
12845
24202
6183
2469
2782
13323
26668
23103
16467
25120
9681
12257
24821
13277
19691
16351
4697
10200
21449
4377
17007
11403
1548
15228
30973
31737
441
16588
23884
23189
2701
25248
17442
15711
10129
6574
23023
6992
16110
4680
15691
28152
9217
21031
7584
9574
19378
27496
12836
4936
6914
24788
7435
4435
996
8036
3834
26341
25678
12548
16062
12777
23439
3224
2366
22268
2531
10045
19886
15565
28229
10961
23046
22218
22148
30133
31667
17145
5529
18385
2188
32547
29752
16601
29703
31032
4005
5071
17581
32495
6857
5066
32203
20653
13701
32245
20843
23464
20038
9434
11906
24396
16858
24801
32619
478
11650
27155
11412
6239
10056
32548
14200
9651
20626
32177
461
21762
30456
20422
5374
29535
14163
21155
32219
11431
22294
6848
4240
4012
18402
14606
10451
7571
2388
25984
14946
26747
23842
13002
17837
1376
358
12137
1231
21822
25913
6115
25795
27001
2948
32336
7893
1916
4115
2841
1622
4000
747
15104
24212
19280
3550
15968
19722
26220
6236
23990
15315
6122
23948
1889
16485
15811
10395
27302
23163
28685
11093
17399
8019
20324
8946
15989
9498
4751
16178
3763
17061
5985
32684
10941
30561
31452
31586
17241
3981
31901
18074
25228
22694
12660
27369
21344
31267
18770
9617
14053
18019
27752
24589
27254
6116
29581
5865
9021
3765
32736
8919
25338
16942
13743
6144
10751
15070
7832
12184
2687
18629
30446
28597
265
2499
27231
1377
13904
13393
979
1261
3629
31343
21654
1161
10215
6365
5818
17682
13233
26254
20151
23851
16756
30810
12373
6799
27855
11507
19148
3494
2653
13594
16425
29526
14902
27667
3059
28955
952
5206
7439
22362
24199
19591
18145
24050
19666
20648
19892
3861
27352
23438
4700
21590
6059
15505
8473
23042
6964
30088
10175
15540
28024
29941
5908
13604
793
16508
29562
13888
17184
9114
6350
12670
2553
13971
30095
30064
23999
20908
323
23193
14267
16539
29206
12927
1831
19004
30149
11521
20791
24709
29114
10219
4698
3260
3705
7368
17597
27623
4666
8439
12304
20357
20183
11265
26254
22139
9961
6186
4919
4689
28206
4422
32096
3230
10543
26062
25966
16577
28703
28211
7903
24018
30981
32370
2954
25817
3358
5609
23591
30525
28028
16745
14865
27007
27380
25484
15947
28199
13623
22345
22977
27903
9535
8389
4817
23168
1773
8300
15370
9098
9712
31809
2100
344
8680
13170
8080
18866
19915
4144
6753
3940
7816
27581
1194
9968
27883
30919
20282
25472
3777
2036
20966
8222
2876
31422
17174
26919
28313
22657
18563
23037
255
14802
1342
765
25771
32275
18677
27569
24394
32580
17522
1350
21158
14364
26468
8512
10373
4185
19298
16492
13774
17236
20525
19990
22766
5336
19765
7037
22394
18484
31839
12164
16150
3471
518
16042
19861
22908
13888
24380
9314
23247
4962
19914
19230
686
28102
21975
17802
21227
22731
13012
16552
26257
23838
32080
6941
26812
25656
30825
19674
28078
32040
21382
29179
25120
24211
13384
31983
1238
18937
7357
21466
7798
13369
471
23863
27546
22360
9757
16322
27940
4478
3233
22933
4818
13633
6194
12945
29714
12070
10962
28159
2839
9317
22891
32631
9772
28397
1981
9985
840
6824
155
30843
18915
18432
24151
29243
22281
6050
22395
26357
4013
898
17337
16094
11583
18719
27941
21521
14465
18696
418
28210
9878
32671
14490
8530
19547
31517
243
5139
7163
29398
19262
28941
24766
25535
17457
1904
27938
22061
4951
24298
28461
12511
29190
17099
24321
15679
11922
2151
15281
16613
28608
5307
2643
20573
19581
25940
19287
16170
3024
8301
23063
20746
8462
28760
27310
4220
14413
11807
6670
28288
26394
8042
17485
3998
21871
19363
5440
27177
29407
11353
1867
6597
3092
15586
17527
3111
21627
11589
7621
27420
14398
15447
3267
26573
2675
32035
29532
19265
25491
2959
3572
28707
17453
29757
19381
2502
20443
21424
291
23654
13430
28848
10487
19121
4486
21999
10026
23685
29692
12012
16976
8956
14884
27672
18215
7590
29653
29240
2672
1301
4843
22794
15613
7839
32758
32043
17932
32095
26420
26936
6099
21629
20925
23091
12892
16047
24318
25385
18579
7936
12904
29714
15262
32465
26985
18425
24684
3357
11676
32349
17297
8961
14141
25558
24401
29051
21471
11772
30714
15474
17761
11908
4728
18166
3358
16812
14627
21706
30564
31706
731
25887
31528
23167
4183
2723
16887
31810
29626
1210
27696
9307
13927
32267
25969
3388
28951
5183
23887
20087
10793
3333
14410
23004
28217
23642
3327
21473
22259
24583
416
19272
29737
29803
7586
5115
19236
18042
25525
18747
24632
1798
18425
15097
32411
25406
22127
19076
12920
26228
7598
31333
10558
10531
12759
13703
27710
28976
23498
4508
10613
10096
18586
4283
32422
18027
19775
9806
31405
9823
4747
811
18703
19080
15712
27905
15317
5023
26399
9462
10139
31649
31331
8590
17892
16081
18416
8143
4528
5632
26598
20387
21073
26124
15163
8061
18554
2215
8551
27455
12697
4697
13921
4700
5478
14792
11467
14649
4540
17464
6249
14810
6313
6990
15576
1978
21697
28697
13437
2810
10167
3923
955
14014
30510
19171
27753
24277
15308
7335
5507
4248
1680
26225
23327
29460
28774
29519
23203
29291
10233
7696
3894
14967
4553
16643
4724
17585
11901
21250
21862
32081
15226
21935
26033
17335
16820
30974
4877
18954
1732
6132
2297
6175
5180
29358
12462
13724
18743
18852
28497
16221
10804
15919
5228
27670
25380
7241
3231
17466
12225
29076
11411
4380
7714
5535
10288
18261
24460
1892
2576
28773
7052
17429
16179
22429
31042
31512
2804
32316
21248
17232
30523
6872
18452
13726
5365
10239
8417
4263
8385
17951
14645
18904
24556
29859
25814
12200
18848
26207
606
285
20568
29998
12361
7826
24471
30937
22605
14263
25050
1339
1258
6873
25291
21411
13633
2404
8631
23418
9001
13734
10306
24102
12160
19925
14682
27181
26815
14420
11369
6558
24529
25906
2255
4013
16166
22772
30095
31133
22531
21652
20808
5859
6684
16073
1640
3208
10596
12937
28572
1999
1572
22220
24715
29720
31562
25492
9923
18436
18180
30762
5875
11738
12686
9898
31324
2857
1609
22721
28802
11183
8972
29110
6439
4986
4542
20903
6777
15437
24613
7702
22411
16965
10745
29604
27394
17340
2365
25883
14865
30830
24783
27570
13223
17370
13629
11405
4070
18156
2010
14212
9176
13528
26641
8997
7517
28489
12026
10748
15208
11707
6443
11538
22123
13349
13009
16307
19728
23772
18943
8308
10538
31156
23365
17269
4331
20584
11397
20964
22615
13884
2562
17090
18168
3808
22970
28906
26068
12952
30966
21071
27036
32666
6175
13445
3366
6839
2259
8835
28701
9022
12856
22439
19960
24094
8080
25594
8488
7242
23822
26038
1686
24674
5864
31749
30028
1935
11950
22284
7794
31151
15066
2344
2429
9394
9384
32119
16547
18243
22568
14235
8594
20139
14993
16570
9825
19443
23256
26057
15047
17481
4225
11019
29067
24742
31926
6356
11835
16557
8598
17811
5921
29909
975
16655
25459
25546
2671
17649
22986
7953
4343
20099
4821
27371
24497
1463
21583
32125
32324
5483
6190
14637
5254
22763
5150
26191
19857
696
21805
12289
28953
8328
17352
26707
9981
8333
9190
22444
6427
15354
25987
7017
26473
27332
22864
22470
8770
17573
7593
16642
16125
29543
22471
16318
15044
6751
3383
13479
24483
22328
12682
8020
24544
16370
15439
11377
15243
553
23358
28446
9301
1947
5302
18834
21414
17381
28266
18692
1769
3981
27735
30923
5675
13381
31737
28868
22756
3694
8126
8948
19732
26588
28347
11374
13458
28633
15517
11639
7329
29804
32227
27881
965
16603
15435
19157
4565
17774
12170
18028
5712
27766
20032
6944
16628
16526
27435
14598
18573
18465
12955
7295
29708
14892
7206
18711
14808
28741
9372
27565
26985
14813
25662
26581
4882
29890
21802
21626
8734
3815
24090
11208
23839
21864
30030
12872
16515
13513
28615
22861
26472
20095
20662
8336
30386
1969
11572
15127
15962
30015
30771
31579
1288
18692
19125
19113
12773
9304
31804
12233
18602
29657
8065
10462
27646
14444
14184
23693
23038
24958
14388
26209
5917
7312
10487
17006
15150
15858
31053
7221
5311
9934
24394
1224
5801
19561
20913
21551
17381
17574
29287
14857
3489
31692
32039
16758
22419
30600
3702
19509
5774
19254
22234
18698
15699
8540
3655
10595
27561
32375
15322
23098
5040
8443
9674
17469
2418
8853
32155
5933
12475
16051
7316
25732
15659
25158
25716
19802
14473
26822
6241
18313
17242
10871
16929
15888
17330
16364
30604
4277
30283
7881
5185
14063
5588
29645
15257
2562
3211
24079
14041
31340
25614
28551
940
13440
26478
5841
9936
30801
11142
22062
5903
10449
29067
27596
21617
22074
6116
20295
32688
18349
3387
10351
1516
18457
31188
9036
13472
14943
4893
17759
18901
14516
19847
10283
21653
17222
24725
15604
31139
16930
20786
32199
28777
24149
30280
12218
19506
30289
11150
6773
26009
12691
9890
22769
30785
30595
8791
10112
18631
19868
21584
21262
26357
24780
24782
11686
24633
15902
16582
11320
30293
32406
20023
4505
11863
27228
27322
19147
19404
22302
29787
24703
3121
17839
31911
8664
13994
756
30214
27762
21495
20480
19275
13731
8867
21886
5514
14592
7038
26191
25641
28707
6734
21877
19258
14252
32450
25392
11272
17798
22951
1382
27632
21612
31326
3912
3443
10411
28814
31795
24457
21033
22038
25044
14135
20390
30022
19856
26467
30530
8014
4387
27368
18495
18166
17031
29926
2569
13200
29463
23387
23667
24619
25076
4088
7492
23306
11688
6957
18162
14677
18697
19847
11437
29453
14176
6971
14239
15173
21451
22019
2419
10384
10208
14632
10260
16822
5523
31712
5815
17067
22618
24027
27
11713
8591
25113
22031
32028
21525
11262
2614
2150
9022
12968
17415
29381
6380
16000
14359
13578
18167
25871
1179
6188
10191
30484
14120
13300
29283
5331
24510
17913
25921
23727
21765
29903
19710
26619
3542
21372
18904
2574
13309
14635
6298
1429
21566
16677
25280
11310
20374
1788
23004
7218
29122
29449
8760
4305
20742
11033
20669
30821
23335
31588
19
17664
13241
19391
16650
11079
18337
29970
27193
17284
14802
2827
2789
16630
3418
28180
1316
13164
12450
14723
4929
1810
19953
25105
15459
13962
1331
6286
31850
25406
29433
17619
8986
18421
10432
11511
11899
14757
31350
7366
9343
10888
17722
8558
12262
25458
4964
11644
1119
26466
16837
14599
19952
13655
2608
12843
12183
23653
5944
20922
5426
5639
1340
10285
23708
23223
29857
30433
6681
9404
4447
10624
31732
21828
13247
956
4454
28594
32355
22340
30906
7993
7558
22000
14511
15018
2949
21567
18718
14986
32414
4100
3804
21864
25592
20316
20194
13933
3044
27619
23723
565
27491
7720
2014
7645
5864
7518
3373
27742
23135
26452
3709
30233
4717
17575
22087
11955
11002
23862
27198
19746
26349
28886
12594
27144
21814
2119
12340
22592
5906
12903
8955
27575
23434
8614
29574
8830
13373
15802
21763
25629
10080
32148
1520
19241
8963
7570
32128
11545
13718
1526
2112
21589
12203
30103
6138
8336
4862
17622
19161
344
29362
21716
28111
32491
10461
32482
32308
17741
1351
6201
28336
26007
22895
24044
13146
16786
1487
23834
22817
21892
27745
11112
11372
21578
27746
942
13053
18855
19286
6897
32027
14044
12108
16786
4592
23929
3683
9412
31536
11378
14221
17475
13307
885
22675
28740
32517
16507
9562
25511
26612
19358
1124
20084
29705
5418
25753
25733
17923
14838
8264
17536
14656
16885
4457
19209
14374
11528
15141
9781
20929
16918
11416
15681
21165
21599
213
16516
25911
29453
8234
30114
31935
14092
9894
5123
4193
8988
5081
17795
26836
18981
10203
8043
1425
12234
4496
10145
23864
5952
21033
14875
32048
13409
31214
25241
19598
29436
8763
32404
30265
18544
18633
15217
15947
17273
28719
17659
18106
20041
10665
14352
1847
22235
27671
11674
31830
20868
23625
29122
20976
18891
27257
15200
3270
30074
26905
30645
30566
32245
208
32348
22099
29643
9663
16766
10080
8331
29192
20038
28765
10969
2449
12692
24821
16576
27397
5366
19415
15434
21020
10196
15124
30286
3869
10474
9160
15242
30625
9211
31997
6129
21657
14276
15820
27718
29074
30768
1733
490
12600
16586
31378
4339
19225
2935
2518
27773
5804
8037
13915
18757
1938
11327
4461
21108
16155
9635
31105
184
22284
29397
23323
26521
18848
18101
30958
27915
6860
13294
32580
7999
9927
20849
26272
7359
14794
802
27042
17082
21781
15056
4652
5532
17714
17771
8643
6114
28029
30833
22840
813
27876
21418
25479
6037
32748
27413
26623
30015
17396
11554
1955
13362
16318
22817
18897
11878
21803
14843
15393
12318
70
31008
18832
632
1924
7616
3294
1091
331
3134
8756
17680
21168
6626
15370
22156
2949
2254
32584
18445
17299
51
27307
106
23844
21700
19819
27152
20677
13675
4379
9554
26185
4155
23248
13569
32529
17319
18309
22845
21899
28657
18366
3210
22009
31973
24172
22311
29812
10182
18193
27803
9264
11657
18212
18320
21505
25921
11959
14308
5150
24283
19543
5886
18726
23051
22580
5726
4192
10630
6786
23672
14663
22130
20766
25539
30790
6170
6261
20493
14016
29671
23458
11793
9299
6540
4054
20811
27998
20352
16125
17419
15040
945
9630
32201
24291
21623
26627
21432
21498
9670
8859
22429
28550
5801
22940
6370
28447
27371
3052
31718
17009
15639
27970
7064
13957
3236
2953
26948
26178
31849
25477
32429
5171
21847
10424
22107
20874
8550
17543
24118
5733
29392
20633
6228
12113
11134
4224
15888
9228
22719
11931
6492
31632
30528
16442
2136
332
13113
21764
24355
28597
30948
5526
7152
9213
26931
13677
8541
16162
1730
15366
27393
22571
12043
26947
28740
9135
13273
14609
10612
13462
10495
19016
27413
14883
14921
11475
2936
24371
7603
23312
1679
11967
30169
25209
5119
8616
14511
32645
25463
14772
28274
12489
29504
19923
23774
1379
13590
27560
29346
10904
30007
29252
1809
31932
14265
18997
16922
8018
32
24255
16506
24693
14128
15465
18480
27511
8960
30908
8497
3783
9552
18247
26206
6424
13340
24550
25267
4543
16498
6724
20161
20573
32640
25247
606
14271
18929
27595
28315
6146
1402
17018
29686
31739
19631
9658
26833
26070
18716
18623
25635
16124
29585
25059
8302
32571
11965
10987
2801
20257
28670
13964
21278
10664
27256
16174
3662
16665
28773
21231
17332
11050
32427
235
29839
6249
9908
27579
29860
6878
19066
25915
9964
16364
24289
30608
29322
377
10314
32618
1023
21071
9573
15239
11937
18881
7238
30073
586
12945
32188
10152
26957
273
4830
17562
25262
29833
10470
882
11410
26585
12099
21943
29428
5471
31721
27223
22170
21019
10732
25068
24647
1041
17997
6205
13363
22511
16148
9992
6584
31216
18590
1535
11086
22016
11577
27664
17081
8993
15086
21993
30081
15885
17310
21948
13731
5917
25425
4159
27270
14185
202
2808
5680
8497
15455
12215
23226
3964
16647
10596
29697
22782
11189
32250
31135
31295
31972
2516
32026
2810
18547
16424
22618
8899
6068
21713
16481
28909
12736
13137
28726
2987
15885
26390
34
14965
30018
22780
15647
16302
21577
1556
5262
25987
1446
5028
26664
21014
29960
25710
24119
26332
16670
4917
518
12099
32684
30334
18582
8857
2014
4500
19858
15657
14044
5838
23685
13479
25246
24340
6731
19406
28418
31392
25286
2375
14620
16130
11986
21965
19661
30311
5754
17807
6295
5146
17260
4309
5039
4683
26538
32743
2644
23824
3203
20011
1120
28329
19906
18573
31261
264
21797
11043
19289
30865
10768
529
11453
27678
10627
4523
32602
28230
14922
2522
18053
31711
4467
2241
12261
13249
6917
12448
25034
15309
23279
21752
960
30510
23103
752
13669
29151
29844
26871
26487
9581
6614
25003
19249
31487
22564
9721
19416
11923
16910
27270
18065
30602
1285
27726
29813
6759
17423
12428
15079
18388
2752
31705
22053
27878
27749
17559
4638
22689
9090
9360
1412
23231
17791
3547
801
16301
24222
18176
13678
19927
2608
29275
6242
10277
23305
9414
17800
14789
10289
20338
18004
3884
4572
278
24759
16471
21148
16972
4593
20567
12502
4407
11175
9740
9331
16490
18229
561
1239
15621
837
5784
21271
33
16289
8887
29798
12143
19269
14692
28881
12571
14521
5085
2605
14071
19613
5643
16205
1237
14981
26632
3960
30260
9224
18654
4633
1824
3604
32402
14009
25683
16516
1889
16683
18080
17397
28745
22022
7570
29141
29899
11097
19792
19132
19440
12697
963
1792
18058
18654
26875
5508
8892
22095
11983
31952
14524
19931
17348
21095
25816
1067
11569
15444
21175
23764
19616
12551
3554
10448
5238
26975
31618
18735
28631
14600
8556
27146
25028
16647
24154
27065
8070
12435
30587
16453
10832
2087
7983
31520
11296
4821
22795
8468
7142
2525
24356
4730
27880
5758
27786
14764
19813
9740
4370
8125
14456
17475
29273
14695
24384
28635
7685
68
11582
7516
20814
11329
27646
23604
22974
8529
18938
20999
29492
25950
18619
70
18223
12933
22081
2051
29001
31106
5541
24580
11522
26729
6909
12566
4287
18840
7808
19619
31251
20201
27371
29063
3900
7468
2851
21280
31217
11220
31515
5796
16219
19696
24568
15032
22881
29021
2931
7486
29992
32058
20095
4974
31450
16541
24364
18472
17063
26756
21964
21640
6922
31759
1364
18108
1102
14828
13061
2834
17744
27154
29003
27477
15750
30642
8677
6234
6208
26474
25414
29142
17710
32189
27963
114
23075
10688
8399
22050
16920
2069
20332
18610
23924
4637
32066
15010
30603
19818
8940
26163
13668
3955
12881
24258
25023
10636
25289
15445
14934
4373
2178
9588
8804
22513
31521
11066
24164
2362
20396
11179
15643
15922
27047
11848
20952
32637
10109
28385
9211
18062
11810
2731
30644
13152
6135
914
5133
19046
2798
3536
10795
20164
31214
23487
16848
3263
5497
23531
20261
10354
12172
7532
21943
17603
5830
20083
15551
5782
11469
2338
14502
14401
15342
25249
28104
20799
20483
28782
12409
26152
5786
14324
1605
25824
2643
15456
19580
16655
28042
7856
10223
13522
22582
1036
8692
31153
23825
13914
5808
3536
2554
13069
22677
22889
18327
7229
11561
18553
23614
16381
1801
11450
5654
10729
8494
31698
24697
29438
24432
15818
18589
17327
6216
16321
13684
15412
11226
24290
22224
14118
3123
32659
4043
6729
6863
1263
24678
10665
32606
23671
4720
4328
23495
29188
11690
5846
366
8193
30504
12098
2995
28630
32762
24336
955
16039
1804
9868
29042
6719
12875
26110
32208
27207
25353
28799
2652
14780
10659
16650
25071
13472
7265
1494
26299
11759
5533
30179
24971
16852
7464
9427
22092
26653
233
18684
461
2797
24775
10171
25795
30128
12746
7179
16
12372
31868
27478
9797
6839
23190
23691
1637
23643
30680
17776
21484
31841
6713
570
12303
13749
30016
2907
14406
23430
19634
7579
24072
25081
10861
10346
27605
24350
11156
30324
23418
6179
10476
17527
24977
28359
16006
14929
21063
17170
30367
31326
17250
7491
7108
15104
3970
13323
30266
7807
7846
8952
30876
15636
6131
25908
8134
5440
24753
26735
2546
22114
3223
19482
2337
14729
9032
8406
13501
23687
24349
15404
15996
21319
18725
29822
3719
25440
22122
22845
27356
7657
27254
15197
11760
19344
25366
6662
20633
24294
4446
18317
19244
24829
17389
23202
4578
3125
18035
16331
12417
2387
31344
32529
18744
723
27966
2552
31434
640
3921
9653
29167
19777
28862
17820
10743
12598
9978
27096
8368
31235
16356
22110
394
32620
26118
13860
3065
547
6680
32397
14619
19165
9670
10024
25755
16299
11188
2459
31957
25480
30910
32218
32314
29742
31364
1693
15862
6703
32550
8720
18385
24384
8780
4812
21331
24280
2922
13574
5164
25850
24898
13318
27091
28494
5802
13275
12908
17527
29839
17230
17647
5537
1338
10772
22151
24153
17618
26440
20280
30370
15138
29720
20933
2885
25245
7870
31441
28776
159
4530
6980
610
21238
23325
29168
2254
13985
2193
10357
20446
11223
11000
5985
27635
23372
22219
5532
23402
175
29829
22276
31416
24183
30038
7764
32441
7903
16411
17994
26949
17967
27278
26121
11269
6718
4794
5308
28036
9013
27827
4220
9353
10645
22659
19572
32165
21884
5223
10818
16136
21284
24380
25249
7832
8364
7988
24901
15941
26907
24781
6151
17046
4258
16900
3394
14216
22049
7621
10621
14233
11757
2983
2122
2336
14801
2006
20589
9695
594
22352
22337
24795
21815
31829
4952
7788
27977
20248
8802
21136
18264
3771
26192
14724
18558
32378
32185
32406
6568
25383
7036
17717
23633
29910
423
18506
7313
6361
9111
971
9303
30703
13153
7308
5106
17592
7793
31321
25559
18028
15729
18499
13214
31693
15213
20279
2637
27226
30772
24277
27609
28102
27137
14462
26602
7080
16986
12463
1503
3956
23097
31374
12818
12970
10602
20931
4189
21837
19764
30345
22493
10903
25147
12293
7157
32235
13733
18646
9878
13323
4476
14829
18366
27787
10323
30623
15935
22406
25645
5368
7618
5007
7322
12627
22027
10218
30755
25639
16255
28413
31976
6948
20707
1281
5256
7807
25190
3837
1857
12170
8674
28149
12889
30087
7263
12894
32188
11454
217
25558
21734
19405
67
28946
9987
4928
28363
23576
12885
15201
2656
30382
7895
13393
2673
17170
11296
11352
23800
19691
30345
20602
13496
3712
6034
31563
19650
13864
9602
17924
1342
24577
22094
12245
15720
6117
18876
20349
3801
14234
16072
17177
19976
30025
14407
21049
29712
13874
21706
30265
21940
31133
24005
15567
19360
28692
20977
14560
12273
4815
28398
30104
21752
20336
32301
8121
22843
7153
26893
22835
31933
1754
22596
27382
23424
6071
25217
18692
12615
5065
3664
7370
2720
31484
11069
18864
1826
20761
17980
8175
4340
1853
15688
12706
11663
6538
13899
32289
19396
13596
32062
26506
13056
31294
3473
9888
30671
11998
19149
12505
6559
30015
11384
17586
11719
23278
24889
4166
15303
21495
11580
9759
11985
30296
2008
13388
137
2486
15471
12723
266
16207
4758
30121
24617
9776
16758
28096
23549
12200
12914
26080
14495
22524
22283
5786
25902
18268
5632
28088
29206
32534
5049
17689
15506
26378
23013
31676
29552
20318
8803
9498
22805
14963
18782
17081
26304
791
10941
15358
13587
13052
28346
2115
19919
7528
2512
16169
19167
4655
29659
815
26264
15583
23163
31364
24895
1082
21177
18970
24523
32233
19949
18172
10221
19054
21983
20961
23886
27995
21548
4353
9240
30145
26859
31783
19639
2796
5265
28424
27873
12621
14610
13779
2515
23480
13897
18441
14302
7376
9626
9615
21283
3263
30934
2562
13723
14122
94
27210
3674
9571
7308
28786
15892
22753
7758
27062
23776
18926
6932
23262
19772
16032
14317
11979
81
3594
12268
13136
20345
9139
6609
22595
3839
22344
12517
25811
15910
27789
9510
5915
30828
20377
13988
25080
3087
24899
8235
15640
22993
26584
5410
15188
25080
30735
22195
23360
8858
27198
9261
17920
11031
12237
2726
28765
2279
7403
22500
21016
29078
31361
13438
10109
19980
29796
10558
28988
2834
14287
5066
9845
21266
22032
20099
19730
5406
16257
4014
27737
32052
27322
17362
3521
16833
31749
26464
16389
27235
275
9113
20600
29683
5357
12973
11928
30147
44
20256
11749
11300
10605
12914
6644
3116
27136
26367
20671
17590
6880
28964
22335
20649
28136
5027
7229
32382
26435
13129
23909
4348
2853
7630
25244
23878
5048
14332
915
2584
17242
22291
11164
21582
9989
18797
20413
31910
23822
21086
2819
17094
13331
7518
21785
4481
13871
27754
1817
16470
29807
1447
8866
3641
9866
9289
3883
14743
29388
28851
16791
22932
29268
17375
521
23703
17791
14849
17401
20488
19620
22631
17544
21848
22786
19108
25360
26690
27126
31469
26624
23121
19058
2499
11751
10147
8874
26835
24782
2284
21008
7450
18379
26301
9603
27724
19667
4615
15811
31095
14032
26075
14889
5347
18931
13939
31637
17214
16972
12662
5031
16373
23704
4984
13362
32485
24922
22208
13037
28979
26157
16207
30060
4472
14680
26654
22863
31522
11171
13734
27834
4375
11369
20901
2821
30619
27631
5152
12724
25971
30708
32164
8617
4170
1673
9938
8344
14421
25379
18715
28348
5939
12783
17607
17608
13847
32101
18492
28193
28456
16928
31869
21322
7720
27885
23281
2207
17492
32546
4198
13639
9100
19761
4437
26212
5300
2940
17255
8844
7514
7531
24633
20861
2201
23228
30044
19468
1853
16155
9633
10335
6951
14323
3987
5724
20980
1155
32068
24673
4825
23604
16717
25654
977
20266
25872
6208
18939
5401
3136
28919
10557
15962
12708
15002
18222
31550
8471
15137
5427
28066
21204
12403
9704
14531
3056
32473
29121
17236
26664
9138
20209
24526
12509
16489
8330
20232
9565
20901
230
20743
6244
26303
27463
14359
1763
28025
10426
12826
3071
26093
1089
15393
22109
4803
2608
29753
669
31143
22232
15752
32548
18426
14435
27288
23839
28616
10239
25074
12996
4347
24127
28911
29403
718
1725
16587
23934
4484
22277
8699
28189
17497
3246
8640
27333
16313
5834
7677
30881
6064
28289
19270
22977
9890
25336
24889
14362
15420
23672
24849
8654
14506
23244
10872
6830
26634
13034
21149
26365
12833
20438
29063
29559
29261
31428
22953
32402
3003
28285
28086
26372
3546
14851
2230
17285
32016
13944
11354
10198
5035
5180
27020
15106
3866
17238
14155
740
23901
15125
11190
2281
16058
25846
19302
15384
12210
11977
25345
13391
12083
2064
7948
15055
13583
20136
22017
15354
27821
28331
14498
1628
2047
14740
23692
31465
16051
14500
21775
4741
19886
32389
20029
23754
2742
15406
24129
23557
24686
7430
243
25217
18056
11852
29097
21769
2614
21942
22351
30376
31457
7000
30394
8627
20254
19144
24377
4617
21982
12160
17773
9370
18404
28803
91
12326
19837
20292
23744
23367
3179
19907
15012
5042
21026
32761
10546
2746
11831
3190
29895
23318
4373
8265
23369
15331
17138
23072
23226
25837
18177
28848
19981
2090
32489
6231
19512
1159
8823
27648
32138
13799
24463
23880
23359
1641
13929
28639
3410
9450
26106
17456
23186
1228
31919
13636
24312
2805
24929
3555
31800
3098
26758
6397
14486
61
18852
4425
32763
3956
2316
13356
31560
23533
10692
31708
29162
11567
15301
17605
27055
24738
6758
25132
30935
17234
28441
26130
32367
14576
19541
8283
13530
21530
29907
6447
21169
17371
8957
2721
11725
14966
25764
7566
5281
12639
24305
28104
20941
11915
3742
6516
3569
28393
22629
24497
959
6705
32185
4731
14933
25564
18869
24526
14793
15731
2642
13838
28165
32269
10716
18342
11221
8980
31911
29168
3134
3655
5886
2901
4626
25861
16220
23733
19905
29896
20703
18952
29554
16624
8697
28230
5970
7618
17257
11909
1068
31920
11113
2145
24635
19930
8489
8097
5180
6870
31869
20248
10438
16044
3538
16584
3550
24357
16999
20814
199
2886
22714
17018
1047
8983
14656
317
7696
27817
18264
712
20780
31318
16002
31986
762
17995
28620
32218
17705
10052
29582
9934
13538
663
9047
3692
25692
24436
28711
3591
682
16235
26847
32333
13783
24622
1269
10022
23348
19097
1900
26335
8689
21231
3588
21639
13291
28263
8366
24985
24773
487
21826
16092
32570
3599
23412
2184
30897
23673
1285
32170
13074
4671
7734
18121
19673
19390
10882
4042
24425
9626
22924
30993
15266
22275
18519
9193
21685
16694
25269
24102
19767
6214
30978
12553
23157
2332
24081
22371
29192
188
8551
24317
30121
30923
14759
31032
20806
27982
13134
16113
16213
24501
14240
27559
10088
2840
32739
21472
19201
11712
2250
6856
13480
3049
6708
27420
7484
4038
30487
14150
15239
10950
18870
17610
12820
23574
8219
1760
3909
103
3265
3170
5024
20209
16273
1257
12906
10168
11023
8500
119
5902
2518
21193
1344
12889
22594
11998
8758
12822
5740
30841
1110
27934
26203
5591
21502
6440
23160
29963
5887
29840
2115
9191
30963
15703
13125
7967
28113
6506
9285
7340
25278
21543
191
21871
28966
5405
13970
4631
18444
29715
20473
32580
16286
3660
17340
3308
19213
266
5544
23807
15515
27985
23356
1350
4086
26861
30885
10385
11972
183
10733
11025
25471
12307
11375
1539
28291
29117
7310
32398
29029
19910
23462
17391
9351
2265
4675
14547
2793
22723
8849
27652
6210
16946
7956
1096
32080
957
6553
9095
3692
12837
24173
1323
30817
27099
28620
23500
14206
14786
21916
12813
1258
11061
5468
21185
11832
2892
26199
31827
2875
22875
30237
25444
1564
32444
20787
18613
27049
13263
17418
9800
27120
13886
18478
14274
6925
13446
20928
25108
19008
4787
4390
15962
27971
27754
32001
19459
7130
30765
14431
3635
18347
12251
10547
6245
9808
25206
21250
20053
427
4905
18910
23325
25209
18826
20888
9118
18730
14108
32050
14369
26865
22040
25235
2366
6423
25965
13950
25598
28820
26117
25797
31036
16352
32074
30906
29777
23815
24809
27111
25840
30204
12245
8447
78
23855
23696
18708
32134
1121
3238
16649
4413
6583
4474
16715
19585
31502
24132
2492
25335
29583
8027
11248
7222
30595
22192
17820
29806
21096
8603
16203
12365
31556
3035
25427
26659
825
5080
24840
20036
21082
17450
4143
13486
9917
1631
2230
5611
2513
4857
25250
9529
12274
8887
12872
10729
30267
17686
5312
10757
29340
22
24727
10293
18988
7489
20164
30947
16832
18410
12253
29342
15548
24755
395
32188
7721
10834
30780
18244
16392
13204
20759
6923
29926
8865
53
10524
18353
17795
3854
14941
28106
3042
16177
6256
8027
19985
17721
11480
18923
1359
12284
7005
20784
22854
20485
23473
21028
9944
13125
5715
7259
25627
2309
18612
21907
1442
543
29849
31629
18687
366
24256
14363
2181
12419
8390
15227
31827
19609
4680
4323
3214
16331
19785
8541
6381
23173
20947
22741
22907
16697
3297
8560
15512
25171
18045
10528
26177
2158
15142
9590
13458
23752
25716
2487
28041
28147
13567
25393
31245
3790
19324
20431
21039
8628
24873
17132
32431
9203
30572
3173
21442
3456
2230
22002
18706
22761
16558
2742
4871
18314
32652
23828
24901
13828
11458
24261
26230
5355
7394
24359
3401
22975
3772
984
32442
31774
966
20356
23957
21303
30658
2811
23349
26498
15258
17543
2450
3247
30607
22908
3707
22492
6290
15888
7199
17930
11506
30573
21202
9938
29752
31749
28686
8020
9808
28198
28344
22897
13801
25806
31909
13114
4637
14016
26973
679
11093
31703
29215
16781
16231
14491
3877
13770
12546
26642
9768
27074
28236
22489
17959
2320
10953
2674
20581
30069
28799
5088
12977
10260
19544
9329
5865
13026
6599
13788
11201
30296
12718
3723
27329
24427
128
3898
32653
16829
18339
32449
13417
8725
3608
18478
2044
1293
1117
24343
20564
5642
24466
15919
3883
14961
28636
13334
23401
25880
30215
29302
1002
15867
31855
4939
20352
29233
14112
2178
32316
16414
12092
10694
28649
5097
15773
21655
5082
18480
6332
21148
1510
24315
31185
31290
31920
18159
7484
15717
27948
197
8740
6838
1886
14586
3422
9406
28773
10695
29584
5019
23993
22867
3734
5320
30129
2088
16932
19770
6472
25571
21421
16808
31520
21040
22916
6442
10183
26614
9538
28165
25402
24783
11623
8389
32679
10939
14916
24973
4471
23061
23064
25516
9356
6598
24697
28528
22215
27576
29941
17983
31694
19854
29946
3299
11788
5522
11507
12326
28921
7150
11444
30623
18587
1056
15128
15051
27213
15016
11496
27744
27327
31491
8959
28637
3390
29149
29612
28006
6197
20355
17240
6095
21236
24215
4201
6391
4273
29447
13926
6231
27852
17727
11355
4058
7256
3486
639
25327
30934
29735
25364
27613
10307
10362
6799
29528
1622
13826
27385
18001
13059
26735
11925
24082
27203
21607
3523
20105
2327
22648
19492
28388
25546
10834
28927
28767
20855
17459
20195
22362
4300
18082
11918
2735
27149
8800
8462
27970
12892
7836
15654
13786
5175
3942
19443
31023
16706
20582
10447
6724
28999
22478
22646
5366
21115
30093
7016
22229
20227
4806
32654
6708
19382
1408
13599
30588
17445
19615
10949
8390
26584
18451
13564
31656
7387
16719
17595
3406
2938
22524
29015
27853
5960
9967
22948
12213
26982
13657
8285
1253
28673
2110
1990
29092
30493
26665
28815
25837
16017
12061
16380
5385
12627
13006
28995
23396
8694
7953
22070
665
12401
21650
19233
15055
15650
8133
25078
10312
3347
23583
18599
16439
891
22405
28372
26578
5256
2565
11942
2473
21851
30148
31995
5430
19797
17207
25795
7349
27793
28054
20905
1334
19377
5006
28151
31984
6366
16439
6067
11224
22026
16453
12558
21106
19576
22402
20480
19175
22911
27260
4396
8281
30859
28794
4617
12403
11876
16821
22083
2884
14771
5573
7263
1357
11458
18010
26015
12248
21635
10796
13605
11148
4308
7221
19034
2367
513
797
23185
11531
12170
27894
3560
26532
3111
4905
17263
14824
31498
23216
24717
30392
14948
9350
12191
14087
22314
604
4577
21552
3609
9102
2194
23693
15864
3669
22867
13893
20253
31038
20945
25701
13362
22747
28323
8755
26681
30136
26998
18623
3534
7824
29287
12986
5036
19137
6320
4747
627
16638
9863
28320
22441
5700
29763
14338
4606
6415
30401
12077
21204
31949
3334
2846
14590
22931
20773
5805
22728
21519
28771
14365
30008
446
20122
5874
24212
23902
30939
21506
6692
24487
11095
1999
14137
4150
28288
31508
30063
8906
3947
19870
8238
29874
30585
32605
17271
32390
10038
4027
7645
3606
22657
10028
29649
23712
3054
32519
10275
21830
1384
31636
15814
8126
31771
11366
9940
17228
401
9963
1233
30189
25626
28481
15924
27605
4210
25419
3363
15132
13982
23557
27519
10165
13847
30996
32
27551
5418
19106
29026
20319
1951
19816
16608
9901
18585
27916
5247
1390
19389
174
4271
16610
2454
30142
10221
4383
27448
7440
908
26302
6436
20018
27062
18644
12652
21757
17582
20260
10520
23914
12119
3218
23751
20903
11002
32219
5274
24170
25156
20612
32589
4486
7566
5648
26791
18108
19554
14198
12053
22227
18490
15570
15506
15594
13450
15707
1737
9742
8193
2965
23166
7944
19212
29128
30250
21624
14237
4784
14309
6440
26154
17014
25225
9882
25592
27615
15893
19427
3737
21956
5967
32444
12468
23746
25262
727
23556
30002
1654
7023
9379
2395
4133
31523
8585
2023
22798
26116
22095
13972
24132
14829
27193
7468
20409
20755
20596
7351
6823
29404
17820
1775
29487
18165
18050
18932
8513
32415
25643
1089
5307
10313
6428
5343
1237
24932
980
31704
7868
23155
10907
7919
1917
24929
11386
18062
13605
26136
907
26368
25382
11599
15475
2528
9725
9635
18220
27602
25106
4842
17672
8817
10720
964
30706
24200
18261
17778
14071
7812
29820
18924
3078
25897
1881
13357
24308
18565
5397
32466
20931
27938
20571
28899
12836
16768
9985
21745
9274
3522
25323
9825
27297
11176
21036
10503
28591
31421
14959
7927
29690
25810
7062
4247
1562
1706
1440
23289
10160
20727
1488
30824
17319
13701
28427
14145
22969
13494
387
21253
821
24366
13714
9131
13568
8143
11752
22331
25306
25064
5353
27032
26595
26537
26961
20125
22622
25819
32282
620
8372
12750
12703
29699
5564
10898
8193
32273
23097
3689
21706
25095
15781
29565
16336
31089
30765
8911
29021
4487
26620
28784
24972
9471
13244
25587
18166
26662
30298
17698
16526
23343
22538
24816
22218
22219
14476
6831
6148
18170
20141
7555
21535
2080
24848
16919
15213
6747
31790
31886
25808
7956
18844
26301
32544
21716
27789
14999
12749
1369
1943
20712
28870
6634
20410
30791
18329
18919
20638
14405
24539
6052
17948
21739
18122
3959
12032
9828
13873
32016
32013
6390
25740
2825
1602
26935
8301
190
7004
28797
15134
4703
26524
5526
1672
30532
32202
13753
27219
14976
13946
6589
21583
31160
17294
19337
2067
1590
7420
24524
4580
7225
10962
2030
24792
9359
20599
70
19514
13414
15667
11917
2097
16224
9713
1170
19869
12261
19524
31536
14658
22973
30377
14717
9768
31454
15884
15429
1857
16002
21645
4535
1101
30333
10627
32093
24059
32462
3777
6226
23889
32628
17177
16815
21069
131
1567
29510
26061
1142
6447
20115
17068
7367
20914
30191
23086
11453
8348
1543
18334
20102
13113
17293
5941
3717
4394
20781
29758
28909
23467
451
632
30095
4631
6859
26300
3568
32685
6936
17119
14751
13972
22986
10458
15557
15389
4474
18728
9470
19017
11191
24688
4199
19083
24758
10340
27385
28110
32581
20457
5653
1466
28929
15992
11871
819
20169
9924
25552
15907
6514
11421
6151
27258
27324
8724
14048
24179
12933
8160
32072
3608
21565
32000
8784
24584
14490
27042
5760
16248
10125
12612
19821
3960
32372
26649
17805
25463
5777
1966
16971
8458
28603
16077
27735
28393
29523
30882
19520
5434
25466
24348
21316
13075
19073
23702
26215
27962
32417
24759
8130
31279
3565
27798
14878
12140
9860
10786
23233
29675
20235
4802
11656
15337
859
26936
1846
29162
2422
2763
524
28925
4800
23461
18586
29761
32108
21114
724
8104
18996
26474
6504
1531
6733
27177
17231
20510
18842
861
4514
27030
31008
25927
28080
22088
7610
28582
15693
5507
26381
19160
8557
13889
4799
15939
753
170
32740
17907
25024
22746
5817
11140
6682
16100
22677
9795
5161
4119
11292
18064
4569
28032
14774
12423
3818
27567
27712
27103
26436
28606
27137
16145
14218
23952
6623
957
11249
31575
2258
12874
12627
11865
17306
11982
15487
29939
30893
12589
7124
16862
30324
6788
1806
7345
22966
14792
24927
11175
85
17322
25026
2723
5176
446
5516
4977
17032
31965
28995
31567
29471
9928
25524
27052
5181
18189
8000
27695
20093
12079
3447
27643
13576
31233
8424
2098
17929
23123
31030
31159
20321
15568
3439
25657
2971
16679
20634
14445
2850
20073
1167
2970
15793
18098
12044
2139
12300
7692
25860
23713
20974
22672
24634
18679
22594
13263
4879
13578
3989
32624
11928
28008
13004
26906
20212
28296
6674
16276
16861
24843
22037
28970
7036
11073
2930
18771
3458
15343
8813
12690
13428
29263
7910
31130
20294
18265
13449
27317
5420
7233
27460
10854
7597
21057
26622
12365
3833
3992
11654
21324
1660
21971
27081
12776
28595
19787
9033
31218
15679
27119
23242
21350
14392
19779
30030
29331
22979
2473
580
5500
25319
10976
12797
28799
9884
10186
4191
20020
14885
8562
22493
26264
32672
4941
28839
12651
16092
22720
28701
14294
16490
11235
11402
10577
7927
389
14607
14276
17113
26224
24029
32492
15335
16877
24743
31489
28046
8587
12632
21142
16673
29213
20225
30656
21105
18946
30997
25722
19102
10409
216
30280
23852
20307
20245
11547
7001
5915
29199
20853
4526
26676
18363
17869
25557
13939
6188
1845
23210
9997
13391
8506
6292
17313
27864
6412
26646
24185
30076
5087
22689
3085
2145
15504
7597
21960
24019
11404
25608
2575
19512
23534
4461
19840
9286
23783
8792
20855
7539
26211
6681
21463
26285
29161
14631
19463
12108
28867
28088
26938
15429
23648
12942
17908
23968
9718
20500
29898
22572
18795
13225
19049
6001
1910
20796
2265
15334
2818
17177
20483
22884
32211
7170
30577
31195
20587
8066
13654
14404
14639
21630
14030
2006
11974
9741
3430
31613
25026
1674
5599
8584
31106
18663
15407
18337
6230
9283
16585
15107
27365
5567
25374
22759
18124
5262
5476
831
7304
19532
7574
19879
16534
20881
18364
30361
20440
1221
3436
224
13115
5942
22161
335
1687
26215
14187
29874
26327
8620
20439
12805
27481
28147
12241
19684
20120
31717
25911
31811
2568
17454
5839
22879
26945
24088
20620
2804
22624
9311
25869
12465
29098
7233
2151
8937
3699
21204
2084
23179
24383
9372
17548
5460
20262
9053
20259
2627
13949
3630
21106
16974
8370
4047
9994
26963
10616
14140
14791
11089
13604
24194
10066
29144
2135
29650
12521
5566
734
22740
28259
22804
470
19517
24942
15704
11540
4516
19996
2540
13252
19346
31902
5831
15439
15320
18511
12139
2947
24101
8180
8727
9966
4311
23361
20285
30346
16402
2464
19766
10656
18191
7727
29749
25318
31671
7431
26234
28650
6257
11716
26824
4020
30776
14146
7960
3239
22768
26788
399
11689
6138
21403
7598
17028
7430
31717
30665
20363
26408
19
8378
7296
28719
16272
21462
10933
23090
8671
12576
22130
7019
25380
26557
10135
7240
2534
25768
5506
31680
27155
22951
16947
28132
22852
12414
28846
26806
30787
15970
15009
4925
13771
19376
18759
10969
28302
17375
5516
21205
20092
8628
29554
571
22339
27572
27827
1004
12306
21727
11944
15599
8867
21915
3945
11530
27000
20719
28214
23951
13157
6641
29462
12921
78
28034
29117
20919
15154
13368
29619
5320
13672
8348
11699
14472
26409
32150
25682
16202
6479
16677
993
14630
23644
14163
28563
26261
28862
22889
19427
26939
1106
9567
18480
30467
26918
2454
11178
17265
10627
14538
10610
4916
7467
31298
16381
11771
25567
19017
10170
8842
26916
24290
5364
4365
21831
25784
20729
28588
3999
2132
28284
32095
13842
8082
7480
22276
11738
1878
24790
25263
12681
2427
12049
1345
75
24332
14616
22076
4716
8887
25651
17877
30490
18302
13738
26955
16235
26544
13795
24952
6818
24
3786
4006
1966
27508
26997
3235
16371
12841
20233
5656
16205
564
4311
26134
3410
25444
31691
10482
11224
31686
23303
1363
20152
30817
3531
27273
16593
28196
13464
6432
6735
18205
14741
6581
11309
4076
14385
5641
17656
14710
2058
18516
13014
8926
28430
29916
