2363
14708
12098
13468
16812
3792
10077
1787
12479
19533
5894
26335
3769
6822
20316
16120
16735
5924
19668
23797
22129
29714
9695
13722
1909
32113
19655
12051
10933
21997
10458
25992
13707
15
19147
7665
13276
1971
16469
23340
22755
24509
19233
18764
3376
18440
32490
29493
7664
20383
2783
30310
29038
18224
12873
10517
25818
14269
14445
26241
14154
12693
17332
30084
9726
1923
31753
15719
7656
19013
26755
15611
9835
6207
20548
30693
26980
5489
8865
20026
31847
8103
10883
29260
20299
4847
4364
28867
25576
12880
29566
32495
13087
2233
4185
860
25371
22072
20420
3239
13015
23916
11054
10897
16096
9533
14389
23890
861
714
23239
3888
16204
32675
25223
19535
7438
28729
6002
11467
17446
20115
31170
9476
14398
11586
14610
12345
10602
22166
9924
2393
6577
27666
10144
26133
31690
6686
26813
26682
12067
13308
23461
14654
32040
19453
15796
1048
31681
7157
11969
16725
31004
20972
6913
2409
21678
5398
31783
24899
26996
22278
13776
13604
28031
17694
4383
30128
27311
28234
7076
2886
13503
28910
28035
5005
129
17692
6866
7503
107
30475
21570
22155
10835
26052
31490
24773
2679
23071
11232
16289
18368
2542
1458
5552
15688
23416
12020
9098
19737
32041
24242
15645
20536
9607
27817
10564
18402
3944
11433
8092
13333
1634
6461
22675
13138
6020
4494
25537
20386
14915
11909
14460
7383
1463
29488
13478
3092
17928
23655
32202
6287
1571
5039
30823
12694
25009
18782
18828
1488
13129
31232
5797
5062
29412
8954
30613
9121
22674
10861
20229
3637
5996
32349
31995
30015
17610
12051
8110
20715
16310
2239
22169
30362
11424
28770
15310
31969
22867
2027
1933
8405
7463
23968
4629
4230
2424
10944
10170
16073
32344
25959
25400
9275
30593
10673
583
4482
9613
15906
26735
30422
10090
14150
17438
17601
30728
32404
2552
18978
25684
16536
14958
13176
7530
1618
9618
3933
15110
32217
8489
31825
16956
13891
25858
25529
1130
21193
391
26151
27242
31015
9362
23772
12
32578
8322
5260
21443
7181
27021
9569
32414
8109
32088
3138
26746
30428
26820
26964
7287
32139
24587
1985
16808
25803
7437
4793
3087
12269
30692
7095
14792
3304
28094
22022
28804
3068
2540
11139
3897
31381
25910
3748
18456
25970
12146
11705
5824
1542
30549
27506
26289
7967
9352
16546
32259
3269
22526
27458
88
2917
9862
3769
7695
31279
24988
10587
17338
7356
25221
815
24018
8180
2971
31221
1194
26159
29669
20071
9378
24218
28906
22208
30365
27613
29383
14971
23733
7674
26240
7005
30509
17272
4756
20405
1446
5570
8660
4579
26774
1226
20596
18711
22263
26097
28515
20315
7228
2603
12760
22740
29321
32606
31022
24644
19747
268
4849
15572
10022
23602
7481
17681
10870
19056
1334
9012
17143
2153
21517
16038
29185
11117
15842
24259
30222
31318
10038
27359
6838
19887
5236
27526
17630
15132
14278
12552
3884
4085
4397
17205
2750
24373
21713
32358
30747
9875
2966
445
3177
20206
8687
21165
5857
3054
22775
22972
6785
24297
19902
7303
12288
16643
2784
22791
17415
14490
22621
26132
1438
24033
15780
32039
6373
4810
27121
20836
25092
29226
30425
6104
31844
14872
14628
25855
12832
13717
5082
905
1974
26995
416
10333
12291
2159
18501
10207
31854
29345
2713
4206
7523
17430
11390
20017
18179
14011
15681
15380
3609
23420
23594
17933
4432
28334
19281
164
17060
19370
9396
22962
25879
17339
25991
18025
4773
23611
17355
4756
24185
14328
546
13600
26465
12253
13794
19932
28288
24270
13160
12413
17987
9427
5295
8421
11670
25977
3617
9381
27479
1397
1452
3520
15882
27531
8217
8882
29647
2222
14489
1968
16018
11113
30369
19762
6274
8829
30200
18351
19652
29388
13583
5287
30824
9333
15760
28903
6044
27457
15161
17417
29471
11838
29931
1338
505
12969
23550
23872
4970
28177
9688
10683
21792
17338
9150
17834
2476
12608
19689
15154
823
11900
11997
17051
13937
17579
14326
12956
31179
8397
4164
17880
17638
9548
29849
22952
1099
16094
18399
2587
21852
172
20143
20283
16011
19380
18720
32658
14281
1388
24285
23533
5953
8616
4475
2144
13895
957
10505
5770
25227
31463
20200
1306
28563
24040
19165
22674
31848
2546
5732
12620
16783
18631
14919
698
31546
25119
10864
20465
17344
23626
5115
4457
29259
12310
20880
10238
20944
29683
31216
315
17477
16981
15565
20696
9742
24410
479
897
1464
25005
32308
20186
1001
25258
13256
703
28567
31171
3925
32720
29305
1826
6252
30509
25019
4495
26565
22398
1782
15253
22484
2871
30047
5088
9116
27674
16191
17642
26568
4093
8099
26583
14840
21197
27732
32413
19033
16851
25609
22887
17272
19510
11484
27452
23640
23745
5883
20955
20674
16615
30624
5354
13276
260
12355
24656
20733
3558
13838
15840
3776
26508
11665
4663
2135
8493
28343
24807
20770
26237
1272
7125
5760
26155
32721
479
5094
17838
10097
20674
3374
577
27062
20027
17201
25388
4951
27757
5783
24902
10595
3459
19694
10168
30442
10902
11258
4611
8953
25041
24396
19269
25292
12243
23574
29368
7232
22612
14142
27003
3207
16908
8625
11669
18207
18896
32506
26167
8453
20735
18963
1345
23590
2844
15483
8712
10006
20156
27528
29014
17668
28067
20479
32435
29166
22570
27618
2787
22289
4068
649
13232
9124
11648
5876
18666
7621
32241
9312
29355
16308
31437
17688
3295
13631
8691
15246
23556
19837
28785
4522
32559
13503
1189
16994
17232
2756
11170
8587
15286
10540
24020
30191
17366
11823
28392
31135
20040
8079
29926
13451
9490
14795
10912
25935
32553
16278
20816
27728
3893
23943
21885
27912
28565
30226
15134
6558
4003
27063
5378
23738
1593
12153
2927
21911
28020
20882
13834
23130
11191
8805
19702
29858
19955
15796
30016
3168
22310
10771
11387
13545
10530
11933
6055
20553
27280
12517
14680
31962
3636
12080
21268
278
24435
10977
30204
10666
14354
5940
1710
19915
17216
8239
14443
28109
29143
24022
17269
8178
991
18335
23227
16256
19284
31781
9400
4630
3112
12576
15257
22335
7564
24469
30878
30280
12396
74
3778
15951
24376
27773
14494
27805
27370
14037
32139
27958
18757
4249
20999
2477
26714
3872
5978
31293
19281
25993
15993
3350
25702
26284
4650
22517
20530
25423
27753
10231
22060
14494
23306
9135
21103
8917
30625
21366
27838
10304
30367
1026
16581
12389
12733
14139
23457
7040
12702
5961
12963
28207
31407
8178
30545
25967
8531
29219
27822
1735
26941
1484
8636
195
29724
11761
13630
28580
17278
8959
1730
23126
4590
1884
30943
31650
18272
6721
10428
11173
3280
3276
16081
32129
17189
11601
15602
25938
24923
23794
28041
31332
32225
879
22563
10659
1856
30015
24366
27730
28670
32735
27392
22272
20930
4202
17948
5304
19384
10346
3761
8825
8247
5357
24932
24293
21922
7132
8527
16957
24204
5001
330
21133
3359
6279
12905
10276
21950
21950
23494
5703
9449
4798
16256
19495
19553
31828
12547
528
19341
23387
16522
1762
30493
11733
16355
16837
17389
22075
1138
31769
14636
21777
2681
1964
19901
16572
23959
5424
13533
28568
27278
20204
24071
2118
7753
2993
11284
27715
30237
11792
10151
12479
25935
970
12488
6572
13270
14728
29647
19221
14947
14028
9604
9393
8095
30248
19076
31672
31411
11694
3559
9973
32526
23463
27423
4381
5474
2952
12067
17759
1520
26401
5326
10812
6150
26648
129
24217
19142
15766
7952
27922
2856
14912
27612
18834
2883
24169
25148
19744
7880
21125
24098
9212
16591
26081
28667
25067
9942
26002
10198
12495
1286
24492
7113
19834
26553
9908
11664
18116
17978
10583
21368
13019
13003
29275
26748
20187
19437
25815
18349
15519
21211
2207
14039
21206
2904
31491
25697
13145
18602
22457
31861
7100
19431
11799
6497
9250
22383
22149
4925
24662
7098
15411
29390
5912
24916
28423
2987
949
5157
4570
414
21979
5110
30947
15693
25514
28209
3187
5146
16910
25832
17379
10055
14157
26393
19659
15966
15324
24113
12917
8400
32119
29902
6546
13020
6256
15049
25643
22962
31560
19060
20954
27353
10364
21280
28729
10958
19105
11491
28571
7918
20147
22936
12282
13973
30891
5926
6705
3976
9807
26374
6507
22928
13390
12031
18652
7528
14732
22324
10671
27353
3259
2401
30015
12836
18475
30050
24457
19616
16355
16117
24034
30884
7664
30912
17893
19623
6397
20630
22704
26022
31012
20726
3664
21703
24324
23508
13689
4155
276
17052
15226
27496
21302
8053
12401
23112
19600
21443
23483
1036
16279
20463
29871
26886
30828
2154
21388
8133
5484
15343
11951
28034
19971
28425
14346
15803
7104
16598
11985
15645
31151
32010
14710
7079
11747
3894
7128
14861
20818
15179
7608
18010
2534
16218
13676
3034
10960
17053
19159
31287
12064
13755
9880
10210
17042
2120
24962
21428
19627
22411
26700
10710
12805
31365
26506
20446
16360
3886
13276
31802
30233
27906
614
7378
8951
8380
1408
20713
1475
21858
16814
14916
27456
20097
11986
27023
30844
22458
31136
27132
6125
19837
31059
12333
15551
8981
11678
28756
28781
2533
22758
8089
24207
7665
2734
9404
21235
15264
11859
31739
24046
25280
29177
21046
4852
19146
6597
23377
5479
3175
4941
26586
26541
1076
23884
32235
12421
21186
6043
31058
27291
7650
20316
30448
12890
30495
23416
3935
9729
2955
23885
9432
3065
191
14752
18515
13158
8989
7641
31215
17148
18776
25967
18581
27155
4407
29601
5336
10238
22933
21863
31520
7577
7597
16296
10504
7458
5524
15789
8708
27722
16391
9174
14151
27787
14695
6795
14052
7611
1026
21878
5683
12002
9620
19183
7030
4425
15886
32696
19132
16851
31637
15083
6662
15504
4046
13872
12457
20112
2649
7731
13811
14837
15515
30550
29457
24652
2753
15011
19504
26398
19969
16132
21731
2753
11299
17078
965
4980
2113
10491
18783
8364
28875
16399
3660
16040
11981
9054
23706
31307
23157
3572
14452
26411
6352
12597
27646
19430
26324
25550
19073
26805
5539
15595
11976
3139
23566
28587
14538
27327
8536
31440
3721
27439
25917
188
9273
24328
26931
23449
20389
22524
32496
16855
10959
4116
8236
3803
2518
6142
13224
1013
2077
16296
9071
5523
28842
27918
10332
6325
1484
21840
28380
25761
27649
19463
30965
15576
15382
7385
24968
5960
144
9035
25811
4803
8779
5335
21049
12720
2145
12607
19270
11521
28493
19744
29678
29541
15185
27338
30741
10430
18965
21839
2645
14805
1936
29146
16379
22604
18987
15170
28242
29397
14884
7135
27941
32162
18481
6557
25215
7965
30567
2126
31669
5336
32345
13893
14246
25799
900
18208
9794
11949
30955
12517
16713
12756
23294
3921
16981
23297
22208
16748
6683
28327
6953
1377
27886
9051
22985
1677
14469
16520
15023
4566
1789
5476
18313
25662
21281
23586
4621
18359
490
23914
6551
29242
5442
26630
13331
23315
31757
28894
32285
31359
9066
28454
5735
10104
11574
18646
10331
2000
28627
25434
2562
18045
8999
11403
28965
1076
24295
12255
946
13881
19989
3036
18272
26485
15303
23507
13462
4041
23851
27082
28810
30114
31944
15546
29350
19917
27398
22267
6447
3469
22513
14588
28968
8939
31290
31799
13684
1870
10110
6756
18748
24651
16843
13549
12688
8894
7777
28835
21073
27674
18869
14767
29262
1533
19644
971
19117
18440
22373
23218
9613
19437
29800
22228
20457
10185
10814
19023
25279
8885
11632
14875
10098
6039
2069
30596
7022
31295
23190
28126
22282
12975
6581
30836
23474
17081
28110
21697
3397
27088
5980
1251
23228
15128
31934
13900
23053
22975
17724
187
23374
20368
9541
4458
14110
12741
16378
5769
23617
2077
16881
32492
24714
10799
6450
25089
6398
1790
28294
9220
32054
2765
17394
10870
23045
5941
23678
13515
5979
16756
20794
11619
5481
19208
30595
1723
25862
2173
31875
30949
24402
10883
23031
13109
24729
7491
2101
22078
10874
29171
4461
18940
12616
1704
27183
17491
22704
24684
13101
5048
25500
27537
18499
559
7000
5701
16564
25717
29171
31078
17591
10622
9193
919
23602
32290
7422
23187
6853
22803
9325
26305
19722
786
5186
15625
2843
28514
8197
23271
21589
30845
28312
26813
6236
21767
2914
30318
20831
22784
29358
26152
5022
22333
15693
31105
13865
14105
12163
13510
30954
4712
12065
3215
19429
28588
25838
4503
7103
27788
3403
3787
18301
27777
15383
19873
9103
8147
6097
29867
11789
30404
20476
13420
22592
21770
21192
13930
2404
6531
1518
644
16044
20005
1756
20102
27783
5172
13842
27643
1314
8375
4556
18499
18478
23852
9185
13029
16355
123
1771
24102
3909
13353
18088
19930
30118
6606
8096
10362
11116
17609
25096
7799
31764
31794
31719
23502
16759
22800
28279
14301
9292
5324
13006
6004
17903
7142
20925
13616
14177
14567
13049
17412
24975
27543
26488
8217
17111
16495
29470
472
9672
15441
22937
26437
13609
12407
29322
10126
4413
2730
18661
25827
19014
30132
2458
20617
25672
24087
17781
29994
18447
12031
2626
31600
17779
23414
5942
7378
2779
2007
12426
14509
13824
26501
22121
16278
25076
8924
25356
26863
22114
22888
21540
26296
15383
5205
17272
2984
31425
15655
21199
6012
9207
27820
3856
7568
3962
9774
3752
14764
3259
21228
20268
1824
19869
4556
5695
3603
28283
12106
22967
6936
16237
22964
29435
13570
12999
26009
8623
9466
5347
13951
8596
17614
28961
8148
22441
1932
18475
21031
23191
28752
31614
10392
23115
27482
4646
27277
10981
15715
15048
21927
30417
32049
12006
1013
23603
19306
23391
615
31113
15526
29237
11141
11660
10695
18835
6752
3670
23181
11279
18889
23498
15973
32300
13250
28977
10114
23843
1330
31265
15407
6883
14813
28323
4708
15190
13458
6804
10647
22246
10150
13388
14036
1600
24994
18046
30480
15191
21049
29023
31675
11180
23421
18187
9620
12238
17234
18212
16833
15388
22818
15804
32031
22226
9170
2421
8663
12100
11253
3302
21298
14948
13888
20289
15278
30858
574
4147
24913
18549
24901
21260
5181
27533
14761
9504
11141
8042
18991
9069
1087
28826
16837
894
30426
10911
32624
9103
14002
2360
3717
26097
20450
3810
13084
23472
14169
9373
6850
628
8497
26355
1390
6565
4412
17463
31415
21202
23007
20491
24387
24916
32035
28708
32387
11566
9225
18002
23709
11576
8222
31674
25770
11389
11088
20838
18210
32481
23040
6657
7316
26887
29528
219
8347
16241
9183
16948
6413
233
15946
14518
15733
28704
32406
25667
12996
28822
851
19953
28483
10937
28995
27987
6860
15185
29987
29435
16186
29211
6089
7228
23838
25524
6255
29749
14516
21177
16719
9738
29461
13357
27248
17525
17325
21275
7871
10878
26096
22396
5985
22918
3913
13402
328
30858
339
16694
16644
22694
3148
680
10460
8920
5575
26181
21790
4871
30624
30149
8883
25668
19253
17766
29686
21071
29907
8587
14279
21597
879
16297
26330
29976
14487
30307
27477
27624
19624
16628
9883
23409
17216
4558
2402
22877
25590
14464
29196
9051
11081
24285
17716
9575
18391
24923
29831
13645
30672
1721
26581
10088
23209
23269
31847
8368
2837
12572
3732
18932
5425
4435
16783
18531
7422
5334
31107
8017
18709
30255
15330
24376
17814
22601
27130
17917
29538
2261
2505
13429
6026
16877
4370
7464
7943
12023
26288
20565
19115
14541
3627
18742
22359
23835
12681
24708
30319
5384
32102
2110
10891
3864
839
29863
23663
16464
5676
22158
15422
4252
21860
2769
17130
9839
22949
25380
26607
5545
14428
27663
24385
30141
20802
21558
29570
8979
6704
22749
20601
12203
23860
23467
20928
18180
7396
1454
10684
2364
4850
7072
29906
8568
32001
26473
3288
7046
11191
23268
12490
15553
2068
20454
21695
25653
770
2429
11803
13828
9005
23157
20485
5641
9492
5409
27676
13754
24929
10328
2917
14675
28021
3517
21384
14385
10824
27971
11325
7291
13680
6641
22785
9736
28799
19427
23309
5245
4754
15250
12168
15542
30759
597
15868
3432
9519
25639
2823
18180
11621
26282
851
27358
30429
22892
29383
9614
2784
13161
31743
14486
26871
27090
9210
10054
4166
9229
17939
10973
13083
28925
1075
12785
18631
24963
1860
28433
29101
11333
9193
15016
24984
16046
14188
19492
17490
24374
20728
3672
20594
17635
31496
4895
31861
18447
14623
27203
2576
4205
3514
24477
23493
25671
7298
25725
18613
32009
15559
10316
25269
1283
4138
9327
25251
8811
29081
8047
12027
13217
20609
27479
12453
8375
19518
25438
27153
26161
9175
27846
1158
15625
19944
32516
18359
1015
19679
30497
12184
19951
4971
14944
5231
14826
3378
27681
6446
30697
8131
15109
21504
7991
14283
2387
25890
14831
13963
29851
28660
10687
21385
153
10832
18923
18054
26971
30234
29333
19889
24742
14616
16699
25626
14999
26372
19073
15465
19846
29152
6449
21456
2351
5258
7808
12606
2324
11152
30611
9430
9757
4165
11329
7071
19330
10773
19227
23421
4842
10773
1705
15200
27605
9438
14327
11195
21047
32412
27216
9016
22629
23906
21578
17322
2101
5569
25091
19266
24417
17816
13481
9735
27437
4397
15168
13184
18250
13949
18591
5299
1017
27345
19132
5716
14196
13970
1834
2870
16009
17246
224
11013
28808
20571
27452
18743
19039
16588
20040
30784
21764
30946
16443
27909
19219
31956
22595
13972
16825
1586
16001
7698
22736
886
32085
17140
13899
13788
30685
18291
20693
24947
10680
8505
19893
17268
5136
25185
30197
17107
31703
3742
1731
3861
23888
20666
24855
8545
14546
9283
23702
21465
7369
18305
16823
811
4349
2474
12068
28258
18199
18777
28259
18691
13409
14141
31669
13141
30925
12558
17726
3328
14137
18630
25959
21977
17137
19469
23681
4349
18037
24565
3499
24093
18301
1255
757
15640
11323
5854
15557
12239
9696
7634
4218
11829
9313
632
23120
8357
14203
31528
1667
21625
245
17694
13752
7896
7205
32230
152
8655
7861
12562
7870
26531
5799
28206
29907
18534
10647
31478
19959
19913
14656
30150
17507
2353
12610
31825
7501
4109
25123
10902
7180
4710
3475
1552
4221
16311
2036
10541
9381
28160
4889
17154
11672
14102
22094
16189
921
61
6041
10843
9602
8184
6720
9755
11111
5664
18059
562
19574
2612
32459
19776
31777
1008
17819
29187
25216
4641
6502
13514
13296
21431
10538
9517
11265
5916
18043
22524
12175
964
14538
32117
23086
518
21991
10170
31436
21802
965
21890
17297
7107
1918
5390
12554
10815
17814
21343
27783
29628
22404
11174
11713
29981
6766
19196
24512
22109
6965
15443
3324
13860
945
12460
22211
21400
27966
6027
31706
2678
15479
7080
12903
21857
27201
22504
22798
19066
24076
22667
17243
17968
15701
15527
9568
14426
21615
3029
25247
18307
31876
5162
17450
16004
8919
25705
23048
30809
21835
13942
3035
15917
30761
24078
7360
19383
2334
4022
9847
28105
4995
5105
20420
28454
14817
15030
16916
18325
30901
8993
8804
16691
1648
11113
4447
2061
29890
7442
30406
22510
30488
26980
7189
15478
29284
2587
23140
5996
14876
23136
24459
24917
7813
31736
20105
22598
12337
7356
16167
4342
23750
12361
24792
7703
18690
29176
17636
16871
3068
17169
5061
24066
12205
14651
12753
5498
6830
28983
5914
21801
18243
31182
24211
13894
27545
27400
20596
28471
30540
32159
27615
18086
2604
14003
13251
15575
18497
31679
17153
24377
12045
8908
27597
31291
20496
21221
26199
7520
5266
18634
21163
9622
28316
21481
4566
16836
6984
8073
14923
9634
23098
7241
11141
24269
15983
7625
1261
27
31798
167
1021
5931
22651
27821
3494
8257
7499
1864
26351
27729
14229
10812
24800
11610
25134
29335
31646
7414
536
15331
17623
28974
6148
23456
30048
5010
27413
12530
4637
20106
20711
23702
5154
25831
14032
13594
23575
18365
20582
19278
29921
24181
3905
4854
27007
5406
18434
961
12849
9476
10387
18047
31968
19332
25521
17038
21690
25374
13736
8085
27933
4812
9822
3957
5046
1938
11411
29821
3562
27735
5735
14302
25972
5107
23325
25694
26704
2441
14878
22864
24536
31511
19265
10691
17198
12875
25673
31738
26841
3993
30640
32028
31667
15242
20643
15661
14082
599
20557
1853
11749
3510
4184
2527
8690
28916
3761
25565
11549
15172
18060
26922
17115
1111
23209
13336
19592
10028
13525
22219
25862
7978
16051
16622
30632
15212
6076
11684
17998
7260
27781
11714
6865
12163
21312
8763
10145
7583
20870
15068
23468
24310
28500
19769
11650
27115
31571
6119
8631
12239
25692
17899
4233
23545
19515
18035
28355
2329
14259
19652
7650
24777
32707
3188
1909
22885
26664
1497
1994
1565
32547
30401
27590
11592
10876
17251
1557
6395
1479
27542
8068
21979
30182
24641
18090
21551
5583
19731
17102
7994
24720
10868
11781
7879
15504
11195
31387
5893
19479
23969
26548
23189
10000
2293
10547
25314
25102
11666
18139
17073
1678
10639
30388
9977
24700
24757
30385
23028
17656
30774
10639
31862
13913
31387
31488
27006
2418
30719
20233
30730
28693
30331
169
3888
3286
18145
13243
16491
29713
4525
32285
23603
15919
12344
11282
13520
3876
9775
9189
879
14140
20292
11472
9078
20760
5411
7451
6165
243
16808
13192
4125
14635
16719
8175
23574
10236
27116
32550
2700
12942
6556
20003
7849
8498
16891
6245
5385
24808
13207
26000
10953
32294
15781
10839
6881
15572
30195
16542
17844
29083
15646
10976
30438
95
21253
9935
15726
9226
3965
21307
2540
25484
4935
27957
1852
22560
1343
26740
24907
10448
12245
26360
28201
24379
4801
21484
28000
31126
15603
9681
20869
24049
713
3033
18444
4795
25733
2705
29536
24713
14590
19395
2868
16659
28822
9627
22291
16255
1131
7432
14143
11747
26066
26469
12216
21509
513
12121
10651
31589
11787
8444
24237
31869
3858
315
9016
12615
21175
21629
534
28928
19414
22663
24331
31020
18289
21916
4952
26586
11753
2793
14476
11049
17524
14881
5534
2571
8907
5733
25145
10825
12579
6758
21591
14279
16991
2509
11281
4362
7812
8667
12725
7415
4461
15692
23066
11741
20928
28546
1328
5558
21536
23263
2779
20394
24228
18035
2562
25301
28808
14039
11747
25162
21027
3672
23977
11864
24857
30808
2624
23308
27858
9202
3688
24566
14123
4573
21768
30000
28011
31123
14789
16797
11640
2482
22484
15983
27467
1954
15116
29676
19105
4728
10048
29553
16627
3354
27083
12983
5033
29604
26988
11349
1675
8203
26709
27014
20088
16897
11390
22829
7258
3608
575
6166
21593
26665
19742
3711
17743
3319
6886
1751
29820
32528
27897
8645
20860
15092
11238
19308
26229
30329
31038
5614
22677
28526
21412
7470
19644
3455
16676
22491
1141
23384
29638
31146
18219
6926
7266
19170
27546
31162
24501
6430
5507
9831
8629
9550
31652
20526
6946
13056
18919
20383
27998
7390
29658
32611
10366
4727
2911
2080
30625
25410
28581
9117
26496
31455
26710
6951
31559
29345
274
1331
932
23626
14621
1604
27677
10773
23380
6415
29350
22522
4710
8669
32115
14893
3392
20786
779
5352
18377
6572
14494
24938
19408
15661
31384
25664
32322
13629
9078
30915
19617
31401
17624
13794
20145
28784
30424
20513
12405
30176
12699
23778
30809
25597
25893
23267
32177
31266
17266
9225
9058
32235
28866
11356
10975
4689
3636
12882
13144
2583
21142
17488
14638
14694
9596
16238
10665
2740
28815
11131
24301
23274
6952
6209
6186
24773
25630
24585
16916
9084
3548
29538
9107
17572
4278
4639
17083
8529
18301
5535
5630
3711
19024
12369
21920
13488
27574
18038
364
20182
3050
17449
28326
20594
13942
5277
29248
14078
15875
7847
31568
2697
19056
27260
12738
20897
3361
21691
27978
31861
3994
29358
6301
2875
20556
3021
21729
29648
8622
19587
29026
2718
32656
5685
2950
29379
20141
4225
27395
22896
14975
24515
28239
142
9559
9438
7001
23720
24236
10809
10358
18949
5043
25095
4510
7444
11825
6604
3544
4622
5518
1820
30963
24534
1578
4518
1399
29220
29428
32370
19163
3810
9528
24679
1016
27350
3768
29200
4542
29058
511
15520
5670
17480
17650
12339
15207
13522
12712
4438
31597
16049
22907
24522
31623
17476
24159
6789
20576
4828
30323
1274
15920
29213
19926
20890
18739
17064
15036
21915
10843
28663
30657
10744
31810
14727
22653
23993
13410
5949
11352
7540
15496
15619
17311
29716
16518
434
19160
2265
1064
11572
28755
32416
21866
29162
2050
22629
28392
5451
8586
1798
24214
3022
17562
1097
17585
3082
18300
7969
32502
23836
29674
23853
5137
25674
28194
5506
29528
13798
4669
10410
23737
11636
15292
31212
1265
20751
11108
3534
18943
1032
32588
29145
3033
19665
28980
20892
32093
12825
20248
23796
394
29497
25093
25482
26864
8143
14124
18844
9061
21160
32565
14849
14842
5092
30677
14695
9518
9812
5027
32480
21345
17447
21543
13725
29579
3782
2612
3064
22573
13820
28792
13240
1672
6746
21586
14225
17934
28378
16611
18923
17430
7618
24680
28901
8147
29899
1991
13208
29319
23683
8295
11424
10228
7920
25669
9689
15123
374
8261
8550
11017
13818
28870
29688
15447
26440
11384
21580
23121
25778
29042
1014
11473
12538
2175
30046
13868
30835
4793
4872
3429
12898
13658
3096
2209
29098
14286
18965
27611
10409
18445
29677
28633
25693
22823
8761
13663
17099
20512
10435
30882
10401
29439
6469
6399
31258
20002
25460
18669
23330
980
13885
31281
15035
14882
1615
23121
11679
6890
24025
29514
23590
6708
22933
17541
1899
30405
30469
26632
27050
10482
6141
6122
30189
13235
24417
10249
15080
3064
19248
18431
27937
2624
12225
8529
23636
6759
30797
9706
22549
7615
20654
8904
18359
13155
7270
27382
31085
23240
24291
11962
27823
9365
30978
21263
7135
26037
24529
23893
2349
8362
12441
18248
4792
6436
17948
20271
20981
17874
13083
6229
2645
5240
17947
12221
27426
13378
31337
18706
10410
23128
31324
18397
12448
13490
5850
26875
32191
32558
22557
8269
20144
28383
2999
32433
17454
26536
29652
13361
10856
12298
31680
635
29095
5947
5545
13201
6704
16760
9637
26818
5996
3739
7671
21977
28230
20208
12430
15508
4821
14917
14798
15448
18747
23872
18579
18978
3533
28918
26483
25793
18548
20664
2884
22851
20306
560
19166
11181
31913
942
17442
30703
23545
21692
21052
24342
12905
27896
31012
21700
26216
5411
10859
24797
2708
22133
18228
10628
4059
29747
897
22854
25312
9092
3760
13716
30880
30081
9541
31095
3669
10123
28649
18559
8347
19937
21427
19965
24017
3185
6055
23665
6082
20975
892
8518
30852
18725
23459
16573
32417
29834
24196
28200
1141
10261
9995
21592
22231
21843
6243
25176
7932
23992
14081
20572
9111
24371
4837
28916
9541
12036
10012
8837
23081
30418
21130
29946
19667
10232
19942
22455
8807
14625
17158
25550
3067
25108
26973
5750
26432
18897
19394
4025
21093
23260
7026
10604
14136
12761
13401
31332
4495
23129
13965
6631
29926
19956
22812
14177
5449
27032
23047
23128
22389
19744
12174
24226
11322
22824
24238
214
15139
16160
6889
3840
8281
22432
4933
4505
16837
13051
4247
182
32629
6167
18689
22911
17217
25980
3258
10211
13230
2218
12301
22666
3602
32688
22181
26379
27641
6394
1031
15456
30664
25963
5472
20887
21664
4268
2177
27337
15749
5059
13352
32336
8128
30183
21889
7221
13441
3986
5868
27112
24009
985
29697
1588
19079
25593
7889
26993
9730
12594
19055
5628
22134
12504
32432
11492
3842
18087
22830
15078
14529
18775
24467
20892
30520
1392
18196
16625
19440
25184
21819
1240
7523
24010
15850
15166
9501
20770
8861
13884
2331
13687
5871
32402
9335
22927
20064
23121
17223
15929
22357
11223
21954
3295
1888
15616
24228
23643
31938
19099
8404
14347
22830
25627
20548
7464
6608
29583
18969
25171
12430
469
6157
15729
17038
2826
17169
23481
12280
30532
14646
16395
18685
2948
19149
23428
21528
26342
717
5199
18835
24603
24182
11966
26702
22297
10292
19609
1980
20241
31174
30390
19246
25762
10655
25801
6740
29772
10125
30590
768
1319
3224
6341
26670
19413
25133
30317
8770
22965
25724
19189
29840
19545
17438
10399
31777
4411
11003
31429
31668
4523
2155
12656
10500
23308
26779
19239
24393
5952
23347
12549
23297
26977
11573
6415
25328
690
31272
25284
614
981
22647
8693
14528
32318
9492
19414
16945
10727
12896
14934
24003
9029
24143
31148
13464
17788
21447
5170
18038
29903
31562
20599
32643
27994
24277
5519
23372
27139
1288
27054
14604
14254
1926
16118
17708
2224
26783
652
7174
7302
27693
8689
2542
4040
30651
31376
3187
26712
15853
26515
30946
12767
14620
25083
27660
15994
14656
26352
26441
24496
2323
6229
16061
11176
28275
19360
15578
8856
2568
31465
7974
18561
23080
19520
20543
1818
25847
9028
796
27657
19923
28914
5013
5977
23023
13754
20518
28201
10301
27096
4336
26017
8338
16353
16384
31275
24069
30108
14036
9951
6296
10004
5403
28990
21018
22507
29885
23844
19019
9969
7963
23800
32322
24565
10136
4646
14092
24540
3928
29135
27542
32496
22088
8639
31180
30074
7518
8607
31491
28306
15906
5227
14228
15670
31597
15911
32202
26522
12144
2510
24575
31935
6905
11148
7681
26695
14834
13100
15803
14472
16682
8916
5905
2783
10585
24048
22283
4678
27486
1132
15926
27689
20938
3622
7751
14198
930
15011
23298
8692
11361
10497
29274
24533
25917
11308
20442
16782
17323
12117
28483
23526
12581
16032
4727
30285
28715
2077
3733
13168
29320
26874
29798
10250
25814
23287
6136
21501
4932
22041
15240
12705
2967
31395
24997
20316
8303
5954
2707
10099
12748
24456
24814
10783
24272
26267
6543
11748
1223
12847
2740
14878
12132
31153
15962
24541
24141
26053
1006
5362
17371
25587
17701
17738
24858
25245
8745
3707
8984
2357
6389
22941
25948
16557
15362
18267
32180
8238
15395
8777
13620
4620
18861
19321
21115
17658
4316
21833
6456
15738
21874
16510
25325
7064
29089
3991
13555
26840
15403
9307
30655
621
6600
7093
13155
29611
15816
7105
30039
21695
24057
18471
17274
414
24011
20648
16468
15675
13490
19958
25758
5373
5068
24777
29188
6256
3780
18223
809
14651
19446
23587
23788
26450
32724
13666
25834
15724
14216
21370
24899
20920
14043
6180
26018
32459
27989
30419
4471
14557
18085
5005
903
17206
23108
17402
9895
23011
15958
9915
15300
9133
465
17660
17703
76
4576
29261
14071
1751
3722
24237
4352
18559
21135
3816
17842
11133
12946
12068
4717
29257
14205
29622
11516
17165
22562
31802
27231
17241
30238
27874
17101
7192
8707
12814
22265
31171
27318
8733
23189
23764
15381
29059
2068
20094
4317
11548
437
19867
31691
11969
17341
2022
19458
16408
3075
13162
20653
24496
23218
7226
32741
23629
28747
14947
1237
14976
27881
25631
31004
6267
29897
28747
19826
1060
32265
23835
9615
30568
11184
20237
11081
28370
23023
31771
7420
20060
16295
22325
6958
2181
18730
4078
31091
15267
4166
14966
5775
14715
5504
13256
32731
11535
7837
5668
25578
21175
24167
20928
6251
30323
18861
15803
14161
11392
15756
13650
5938
30761
23277
5462
8941
21728
15183
11741
21648
21901
25287
31801
22393
20006
4932
16678
5563
15232
25880
18247
13507
23909
18612
28116
17723
14054
21939
19341
10798
26866
2843
32242
31597
6952
25823
30901
26418
26346
27304
26992
22276
30899
7124
916
23514
23466
23743
18593
9603
9079
18754
8349
2373
26709
4218
22207
23493
18792
15819
20075
8742
26962
4900
1123
24181
6401
22660
12347
31557
9418
17597
6669
6806
30652
25464
30831
19452
2350
7289
27298
28157
18587
16420
25356
16058
31664
15680
5608
24530
17058
25596
16445
20867
14021
23087
23308
10514
22363
9444
3790
1645
14505
27414
31518
3344
10577
21944
9906
25637
16859
12537
11151
495
4757
12997
29565
18024
25501
2703
6329
10537
15164
7758
16107
32395
7797
6341
30807
6156
16350
11528
2903
17396
4271
13116
11273
28728
26649
670
32325
29854
13529
11463
29650
18466
27916
32302
23257
9624
12357
26606
12441
25492
20445
14025
3165
903
12682
15213
13995
15402
16435
18423
16575
800
24323
9910
12344
22999
4797
28209
4880
25007
21839
22123
4049
31582
18345
29541
17926
30099
13775
30949
4848
3801
8493
27510
3707
20158
17708
25264
21616
31285
18946
16569
28140
10042
6606
780
28433
13236
3044
4217
7419
9119
23141
10349
12278
10858
5652
22388
1518
25502
3172
5372
22823
32449
21462
28252
20270
25210
29313
25365
29711
2806
21234
22103
30152
10121
31543
14791
13310
15257
14903
21887
30703
18104
16197
20822
26792
14352
20468
25442
3959
12548
4140
18364
164
23316
4221
25987
31836
21761
5812
17700
7150
31538
21676
15320
24378
3927
359
28782
11877
844
2141
7498
9170
27456
17172
13230
12878
23318
28913
17464
31627
13067
24910
20652
27344
8090
973
27380
26606
20637
21227
17765
13942
11188
19672
6212
21801
32234
28294
137
29104
28822
25855
15330
17550
17792
26877
26107
26962
7749
30900
6909
1809
21245
25587
9045
23827
7194
24171
3254
1997
5011
3150
21601
4623
20803
15645
1700
9855
9868
18619
30624
30022
15679
17093
31056
8713
7616
30758
12999
19995
24677
27365
31929
4849
3616
16450
26429
214
29790
21762
19665
30175
28718
27655
5791
24866
29862
11043
5631
17955
20610
23086
5948
5263
30479
6230
4507
10285
20552
31671
6297
1297
21566
20268
29301
9235
30141
25188
30702
25471
8236
8248
8526
28686
19637
24379
25767
14869
29350
8339
18781
19197
22295
12552
21732
3827
32718
24667
13515
26336
19807
17113
18938
5788
151
12591
31032
25439
12059
31360
25840
30328
27469
31925
29748
22593
9071
5909
19202
5970
31755
11029
6086
28661
10642
8049
23073
2010
3395
6523
1769
4620
6478
24755
11633
28452
16442
8345
522
7613
29572
31935
29129
3879
30089
11042
9099
13408
677
2234
2615
22335
5533
23632
27715
5107
19258
15248
1146
1708
10551
18015
8188
408
19550
11375
23942
24337
16877
12560
29171
17429
4158
8521
5635
26358
12967
28711
348
11858
3232
27989
5838
15430
6179
18925
9691
14815
21337
24462
25975
30417
12658
28079
3084
12652
4820
16690
10433
6859
2169
31292
8700
27471
26258
25669
32037
6988
27249
5227
21422
5121
30629
16908
6480
27854
12391
3475
6039
2209
27957
10642
17056
10162
22460
6674
19234
16752
11515
32295
4523
15034
27302
6087
24364
19539
27592
1499
1720
11664
14509
25751
21641
22356
3583
18439
28228
29502
24367
17643
2173
19233
22550
31685
5502
19637
8669
23088
20804
30092
28442
1651
20171
15175
4923
10582
27276
17417
10536
2613
17987
812
3364
12626
12789
3635
11764
1135
9778
15872
31044
4509
13208
28744
26438
31823
2968
32067
27036
16562
1661
13736
16760
16705
19113
31960
258
21140
31010
21337
15354
14712
846
25991
11166
20293
3579
29318
18894
16492
1442
8059
10094
6480
18413
2812
524
5463
1654
13509
23746
25664
18130
3500
8286
22967
9166
17367
1729
15142
13304
7980
21893
8143
14690
521
11235
5912
32418
25141
26579
2341
1309
19991
26228
1452
26758
21030
9135
29957
7073
21153
32023
24449
25165
11648
7188
16125
11457
14506
19265
3767
14358
28776
15122
3424
6150
27162
31162
25970
3571
24361
8780
12227
20778
25660
1824
1115
11370
8367
23416
3458
5280
6721
8291
20766
7413
26892
22754
9276
27658
26555
18762
31981
5762
13303
17897
5715
706
4898
21740
6907
14836
3912
10112
18797
19026
24658
11832
18178
7841
30077
19631
5366
28411
13067
28782
23486
11986
14393
3856
156
7218
16752
20388
14704
21574
31423
25426
4817
4382
22153
20802
7260
29871
15483
14777
12108
1308
9409
21637
844
15924
29562
11932
1417
23611
10345
27392
9738
17389
14061
2789
3908
11200
6707
278
31721
27242
31146
5269
7938
3747
29111
22145
21053
9260
21675
12093
32392
18960
30706
18127
29406
32298
24972
19590
7521
16871
27074
25056
23210
31821
9489
11434
20317
15676
10859
21609
0
17908
2463
28409
6925
31448
1557
8308
10565
8818
27070
29270
6216
5558
1099
9694
21347
17803
10909
1463
24233
14727
19069
31447
10309
27642
26254
26792
1038
10031
3711
5221
1372
18414
10117
7111
11034
2373
6409
16098
4637
15753
12702
329
8628
6295
22581
26233
26241
28511
23956
19829
3975
4260
516
12205
16771
6909
842
18212
13440
29728
18137
24530
20390
17759
29766
22600
14163
8563
5116
5522
365
14201
1585
28257
1014
14138
26137
20842
29152
19119
11609
11017
14883
18629
11198
20010
23822
1373
10031
25705
11226
25239
14304
10616
9861
1872
13513
30145
27614
24297
17495
23629
28636
17994
25953
24549
27699
2599
1117
887
16169
6786
28884
14779
11430
6002
18195
30741
13707
6946
8740
28862
31045
25884
10748
14367
21922
19144
20982
22909
14563
4399
23424
7899
23058
5125
28948
4124
19350
24039
28011
28009
7172
5601
8941
10450
31032
26163
14187
9016
2469
16469
26640
12394
28649
8760
18837
9870
11428
16591
22709
31939
21131
15310
28385
15620
16568
16050
28468
19791
22340
13057
16297
21511
23064
26579
25228
15256
30208
21137
17454
6489
7170
19709
4317
31670
9965
29810
10003
25486
32564
3693
31214
27866
12541
5709
30688
27280
10358
22615
18856
31175
2152
15869
32129
20507
20238
12128
29337
18771
15655
11795
6340
30785
13130
3362
22642
16106
31098
27219
14047
12775
9466
19627
2697
19211
4194
3124
21479
12102
6643
26366
3672
3017
7208
26468
3418
20075
21645
32656
14844
15692
11476
32322
17558
12728
6694
16588
7863
31310
1719
18018
20831
10337
31133
2192
878
19614
28898
15628
17501
26351
8664
25774
28460
3488
5036
19389
14747
4033
18494
24428
17309
5835
26416
31908
15114
2950
7998
7172
26516
16937
12749
32551
13052
12739
23750
17189
390
15067
5796
31836
28330
16723
20684
16240
16908
7571
13341
15248
12462
10467
3017
18939
15972
26903
21091
5827
21385
8050
5433
18129
23281
16069
8675
16170
31774
3287
12828
29041
17847
29449
2513
20908
23605
16954
15224
22859
224
28137
1699
15206
1274
665
1237
11846
32058
23418
6292
28199
18812
23365
21183
23868
17590
11368
16930
25844
12590
19555
24904
31868
13546
26226
5776
30853
31336
16748
31363
2119
18832
17643
22629
965
11495
22957
7434
28499
30469
10554
10220
22614
15433
199
12922
28492
5323
23387
16818
780
14994
22320
22001
16718
22536
6748
19722
24685
6826
27312
10902
5740
24068
31969
14988
312
733
16101
16914
25644
18095
8608
12946
24282
12122
9664
4879
265
24344
12262
5050
24570
25780
26630
32704
4336
23543
10256
359
11502
29284
15824
27737
16835
9253
1043
575
21572
17732
5899
26002
22489
11038
10228
11950
16187
2581
13304
22313
2683
23430
8784
28514
30279
24571
3501
21085
12393
4513
15574
19406
13712
6908
3730
25715
15443
9689
23752
18599
20851
5764
6885
32053
2400
1852
13182
22122
27391
6116
26935
25966
30635
26107
16099
20436
29818
16590
10988
17775
22721
28140
6645
2151
1498
4571
1215
15245
11300
4361
7497
27372
332
32005
22332
672
11211
25071
20357
10220
1968
2094
22340
10374
10400
32352
9701
29749
15643
32663
30348
21662
14080
2498
5303
22363
23892
14441
7199
7758
11071
14238
28639
2613
8279
25392
11479
29566
26146
26145
6995
25948
28373
28250
25576
3866
29026
18590
2975
24496
26290
30909
31574
32660
27695
8714
5730
7378
12166
21518
9337
15711
18347
3966
4816
2986
7965
5995
20608
20853
21355
25273
18990
5347
11767
16850
18667
3026
6650
3227
14425
22890
15304
27816
6159
18934
3414
6060
7231
243
9209
3635
16790
19815
880
12947
22628
6261
8741
19487
19197
8749
688
19103
9055
169
1693
24061
5141
5461
24175
13889
2139
27790
15076
32703
32642
15215
9083
28559
14230
28647
5684
29758
27455
1807
21655
24259
9957
7611
503
6069
30999
28496
30456
13499
558
14037
28239
579
10029
9804
28361
21879
27628
26690
5775
14956
14454
24485
11176
21149
3503
6614
5567
30617
27962
9983
9511
30200
30873
19623
19228
29843
2966
18051
10060
23541
21986
2447
3734
21004
14333
15710
28433
7716
26453
24494
13648
2327
7602
17984
5860
3517
22481
29415
26147
28074
26447
28126
21288
32281
23498
6750
15899
16675
1858
14704
32435
7989
8645
3841
17656
21696
20555
23860
30542
26674
4831
10748
12719
15398
24063
745
19000
4567
25414
13122
32487
4059
19784
8277
12451
8462
29374
16395
20348
16332
17635
23999
23605
355
32029
8528
8959
30151
19936
3189
5000
12168
6863
25169
23092
2050
31781
11592
7850
29652
4436
22288
2963
31635
26348
1803
926
11455
29629
15060
10184
5877
28992
19736
4826
10599
4915
24231
28211
1162
25220
21962
17351
5134
16240
26584
12648
1299
20204
24836
24901
27802
22340
7801
27568
12857
20482
28329
1572
4884
10513
19425
9094
20744
3362
9505
27051
25129
9039
10540
8219
13423
5118
18395
31764
22956
21769
23990
28114
12225
284
15813
21262
22802
15966
3492
12997
6455
30803
10198
26170
27125
28929
30811
21310
23660
27985
1925
7087
6801
185
9991
26175
7391
15384
30031
9334
26698
17377
11030
31227
26741
4476
26421
10511
14884
25577
27834
10330
31220
9127
1851
17898
27466
15828
2410
31609
2953
14997
6634
22510
25992
4792
16993
8743
14659
2200
29903
6390
19408
2113
31518
29801
29589
21205
1274
3151
13497
31023
18402
18423
472
27077
25983
15163
29947
5587
3125
5309
5319
29110
1529
16753
31220
21653
10594
26972
26881
31559
24834
10651
13350
12913
15606
12198
31115
27631
17084
6614
4535
17270
28485
16677
16971
13943
8011
20534
2288
4934
20965
19349
4750
25467
31065
28479
12991
21913
20017
1381
28547
27117
22673
6765
30005
26297
9159
12858
1725
22418
20516
25261
15880
7175
30474
30571
12469
18819
5447
737
19729
25717
28577
134
838
13485
9650
27744
3791
14601
26359
29642
29743
32338
32291
9076
1763
23905
9913
13995
2965
25734
24793
27611
19090
28714
14170
594
9854
14002
11290
17734
2887
19367
16018
18458
18775
24084
16558
14301
12558
13872
28123
26132
623
13885
30817
28857
1305
25264
243
11139
23673
13714
11396
11880
27711
16678
19549
11617
24846
26060
19565
32109
12664
7973
23520
27352
11049
11384
1011
17597
24674
6229
8454
16842
2474
25464
29170
8771
12224
22255
12702
13129
12755
16768
28365
5981
31733
9285
5690
30752
462
4761
25319
1372
20877
18744
10418
25928
21284
16545
11561
31240
1973
16063
671
8308
23879
11209
6528
19482
27326
11879
31713
9350
10250
21270
26459
1985
30366
17101
14618
5655
3620
19681
24625
11037
8559
18470
18992
26611
20401
3927
32249
12999
13806
7351
22735
20378
13488
2297
8624
30279
15869
29021
26341
2497
16262
2333
22999
21660
32033
23047
7460
28367
28537
30827
14578
12472
31492
11831
10628
22368
4918
24929
15371
15873
7669
14725
11710
20677
11084
18640
16684
7377
21859
15388
15825
8578
23727
22108
3560
18166
21606
15163
28289
7631
29494
19712
26067
19507
23606
8629
29651
19479
29725
21384
12550
24254
5810
12401
20371
22908
16515
3349
12956
12224
218
16107
4046
24146
18413
413
20279
7128
25941
19377
7512
29343
19137
22120
25468
10136
26348
23782
6728
4769
11468
22164
10898
19462
6925
12483
20599
21320
22461
19346
13479
4893
13385
15889
12292
26295
11688
9638
28012
1097
15574
1200
24018
28872
2948
29803
12948
24815
24846
11796
21000
11141
23469
12109
31320
12514
18926
32194
1681
23472
14434
19981
2550
7919
1943
4567
13722
5435
7752
12608
15406
9554
3025
29569
10263
20433
12005
23248
22468
2622
13443
30597
5182
19275
806
30330
30208
11353
26173
28343
3082
17468
3546
12879
31025
7998
13998
9861
31673
30822
3637
26419
4901
6138
10030
14701
14414
31554
4686
4449
23475
10639
28469
12161
7696
23164
2465
6373
30514
20852
22242
28394
16137
4724
26510
27168
19711
21522
8565
31843
8584
21183
21975
24135
19962
26953
2005
3002
3744
4772
30502
29668
19209
14569
17163
24658
28838
30111
14725
22356
23445
10042
9925
32163
16823
32737
14564
15175
21512
29044
19412
10168
2608
6862
12695
324
19541
6727
19118
13232
28468
27005
725
12834
13936
9813
1517
10303
20777
27964
16698
18064
1233
10419
1230
11818
31291
31242
22853
16270
24821
8043
23987
20686
23768
31515
16859
3825
29149
8189
12450
3737
25139
1880
16067
20451
12942
21465
12739
14735
18625
17884
13096
20321
22671
17639
17382
10182
4798
8823
1050
25787
19054
31232
8954
13291
1193
21039
2828
6679
9787
25458
7831
3515
13252
10170
6232
9455
22539
6016
25717
23179
9365
14342
1463
11918
16503
24287
23283
9665
31080
20145
22729
27799
27418
4410
2961
8536
12491
12945
30099
2430
21783
16814
7542
13920
29712
14893
24828
23821
17296
15183
24556
25979
30158
12354
4943
29921
10800
19874
25822
30561
24672
2111
23228
27882
8610
26913
11105
32093
21605
25289
19926
6126
28183
3002
23080
8654
30526
25144
19991
30727
5573
32080
2574
18599
4499
20248
6744
1824
1891
23608
8336
32751
15823
3241
29017
20348
20653
31165
14928
16449
9887
23904
17471
21551
25830
1693
9620
32077
21879
30564
30993
18851
29521
3978
27844
1622
4365
26897
15674
7700
19895
18858
28912
14002
19420
19832
26634
21012
24292
12055
5191
30286
8866
20701
27957
8456
12586
27487
29857
2599
27363
1335
24402
31146
1245
6149
13815
13521
20836
1716
605
18053
30421
18687
23781
9972
2224
28723
28214
1660
14063
26934
14639
16330
1942
8136
16671
13635
20108
26377
24633
7586
22441
19259
25154
995
30480
12490
14221
32353
29631
25737
21545
24891
100
319
3929
28667
13938
20066
5956
21114
18293
31778
19694
20734
22691
24746
7271
7078
15539
6818
9539
8456
32754
15608
18249
14360
31379
26592
26480
8524
23878
29465
263
8957
27661
3442
22323
17681
23371
30094
23198
28631
798
12260
5998
29234
23791
24073
16244
13050
32584
6962
9382
4511
3045
501
14288
14863
17421
16207
24454
28634
14115
22251
15197
5268
16248
31905
10075
28028
16739
10046
5035
27738
24724
16515
1173
32686
8101
5744
20142
11782
7666
29122
25420
176
26539
30138
16701
401
3111
11552
23993
20565
28283
26760
6548
4809
1100
20948
5816
17540
30433
22778
467
10701
23164
24071
9293
27065
28651
15460
21117
5012
9306
7000
2588
4994
17259
10191
21754
23142
3977
7002
17391
15619
13433
13430
5653
20066
18481
1041
24628
14707
19950
13386
18558
24054
28545
11385
10877
13468
24809
13935
14153
15978
8743
2303
26110
863
4942
23485
18541
25686
3802
26629
6162
17454
32322
31551
3911
19495
7377
32354
25270
20367
23729
5815
28436
4767
8777
17376
28429
30880
18889
7960
19834
23889
11010
8124
26586
7565
3964
2315
21760
4905
20162
25898
1033
2076
1281
12650
18321
25826
6097
8142
8487
7714
32083
4552
24829
9614
31100
12356
28132
25098
17840
17639
18808
29457
22163
14489
9368
17237
13340
23361
6170
11942
6123
22735
21948
16149
17884
32640
25949
17753
21212
15197
17005
20594
19963
27398
28066
18572
32707
29101
18156
12581
13256
10853
17324
22130
16513
8349
21793
27135
16726
12775
4898
21143
14074
31999
32531
13155
507
16904
29458
28245
27544
6168
4465
9672
12498
7159
18537
352
17350
31780
15884
14904
14137
1561
14460
12860
2165
6352
22107
6867
15188
8326
11138
28354
31898
32703
5622
17229
16007
2442
24343
13470
941
28934
32027
29035
19456
21029
2235
10708
22572
14256
15148
25994
14123
17036
2129
1334
21014
22075
10543
29465
27195
28325
10913
18159
15729
793
21581
24858
17576
6799
31702
16636
16580
30000
6228
6821
2476
28440
10753
28590
21405
90
18996
12132
24261
32324
30612
8746
17677
485
29317
9240
23094
6093
15847
29416
21031
7444
6144
4883
8581
28062
32694
4151
19589
18332
6658
7356
6142
2134
2977
21687
20675
9769
6925
10254
7471
3019
11947
12254
3329
14551
31558
29465
23402
19333
30396
24180
5989
22456
25335
29568
9799
12095
1311
29462
21655
32596
23822
1785
26911
26473
28933
11959
28227
27941
413
29648
9618
29097
14848
10522
22939
3095
12376
14692
514
27989
19080
18778
28115
12558
23323
12457
26645
16378
2681
3683
2723
10080
24673
31908
13111
2521
403
10102
20168
3414
30157
19186
28438
27236
2553
23720
24195
175
8869
25665
9764
5317
4787
18275
14872
6941
19026
3285
16408
13400
29229
23268
9296
16070
18146
13573
28781
8492
18613
15547
6392
12997
4998
31163
13538
25734
29440
27983
21344
4006
1812
29944
25593
3422
3237
16471
25820
31726
7813
24141
19320
21728
673
9570
23367
14480
22392
31587
24298
4844
13778
16463
30587
32121
6830
24693
30239
663
11644
20950
29658
9733
13964
208
7080
22183
22983
28670
23241
11655
27037
3930
27484
7707
26174
3748
27951
31686
32013
12040
214
30880
7249
22523
6394
378
28462
29542
30196
6941
21973
21766
32666
9427
11767
12562
29017
9257
32639
26143
3205
32242
24960
7746
17644
16527
11116
2932
7089
25454
18056
17210
7256
8145
13212
32133
12317
18129
6383
15062
15242
14498
27762
5543
14920
24856
3644
17159
19766
23914
26422
1668
28344
12087
24600
7501
16722
8390
17556
25752
11381
16018
26320
16194
15256
2566
5914
32437
29579
18821
17368
21263
4616
6573
21949
1665
27532
9181
7235
2036
23396
7668
24149
2291
31243
30556
25419
12997
3507
22344
2076
14041
26914
20537
13519
15976
11455
27847
17971
32085
7661
31134
16336
27736
2199
12487
23069
28251
24332
10793
16628
25892
3086
13647
5698
31029
11045
107
3331
6384
6970
12443
12398
29439
8032
20332
11116
28659
501
12701
9295
28459
28138
15141
193
19192
29279
9334
9722
26622
25715
9476
2359
21470
4954
9985
9319
14098
688
26731
8999
7704
7948
11593
23536
24018
8409
26418
27023
5933
4449
30222
30934
7681
9771
26145
7826
18232
26247
20293
18877
25139
20327
14710
9716
24937
26992
10900
555
30289
1361
16741
3999
9347
4692
474
3340
4122
17202
13971
12832
2908
29996
2980
28464
10141
3415
18074
21803
19808
16440
16313
14796
8128
30608
136
27667
12046
19065
11152
3317
16060
15282
4448
24659
8825
12856
5844
10793
30366
24598
20631
27656
14281
2941
30695
5830
32199
28183
7320
1140
23992
7833
14428
20112
14189
14488
1857
21628
29205
13981
18811
1583
27673
12923
21092
18219
8772
32736
2241
32174
21031
21803
15431
8749
7100
30333
29790
25342
26185
5907
7204
12373
3207
25811
12213
17521
5124
29220
20138
31767
29638
29187
22495
4928
11825
31316
29306
6671
16939
16501
10280
13829
14205
1049
29866
888
19068
7252
28305
11073
31466
23282
27973
182
535
14861
20556
15320
29771
2015
19401
9165
4456
1236
24131
15760
2252
10211
21416
21223
13429
32031
31122
26005
3944
21129
26824
25297
27475
10025
2056
11000
10609
4189
11268
16767
31406
2416
30890
14635
27404
24942
26536
12420
15429
15159
6192
29319
21426
21459
19448
3995
16235
773
13702
710
5808
10787
31658
14113
14727
1316
5708
393
13223
4603
26727
25240
18069
548
15190
9427
24333
27260
32591
11045
31139
9557
29997
909
15018
6858
9586
4627
15701
25424
18572
26624
24092
30862
1111
6990
1121
26735
8932
12894
12116
15989
9849
30697
18964
5968
24280
19257
2839
4783
25540
16537
25291
5974
6338
9738
15741
7536
7709
16439
7291
29479
21292
21419
19061
12147
19927
20034
12073
18223
27480
9437
1600
30834
24127
14682
32114
28
23993
23748
32241
19887
23057
16838
9477
10593
23159
29542
12275
111
26625
9200
24356
19379
10735
26671
5251
17529
5939
13027
12583
23439
24881
9328
30258
9883
31683
724
27897
14257
26240
28123
6757
4901
6974
9110
409
14238
17877
26889
14804
27756
10534
27428
7065
18972
21852
11253
18702
12617
4978
20507
5539
9141
10742
24702
4339
13208
24332
21565
14575
32055
23477
30440
5945
24249
21585
32496
19918
25142
6755
26715
22248
3602
31637
26556
31779
3977
4604
2403
18654
29578
27036
20689
31716
25033
7983
27759
15436
3600
23586
20863
5533
21461
21473
21586
32566
12306
9812
4283
29421
3409
19369
14021
22263
5638
27989
4001
16136
290
20565
20194
18618
3301
13498
1005
5939
7156
20068
16298
12802
10411
15118
17024
19275
692
6539
18049
12580
2777
9806
14817
28222
24854
304
32173
24008
14579
110
31929
13968
18449
13553
11995
20844
770
979
23638
11992
7261
31006
13721
32736
31250
14295
4906
13889
5372
11067
29149
24523
30389
23880
32585
20745
18862
5759
19068
25380
12159
10985
27886
18693
20859
6232
16308
16314
24456
23023
28918
7707
28974
5348
3491
1965
31981
645
21347
18118
22996
15225
24270
4594
32591
18505
2523
16534
30529
6943
3739
13011
13906
22221
16935
28845
20107
1808
31703
17517
12320
11798
31924
21571
27788
19263
27440
32560
12259
16161
14101
291
25700
12494
31164
8803
13390
22617
9855
30252
24054
21142
8048
27805
3605
25122
588
15314
13414
16803
16810
25677
1649
27473
24184
21658
9377
31158
21928
28722
5533
1457
5671
32161
3029
9665
4879
16356
10587
29312
17949
16149
13813
13422
13925
1098
31600
7920
22340
19642
15415
15513
21399
30753
30756
28839
6442
13926
29589
12753
14452
14459
13507
25152
27777
26758
27471
26843
24367
27966
30238
28615
32157
31895
31591
27694
28897
16801
18186
21312
3833
22957
25380
8312
22532
11443
7904
4385
21427
9456
30608
14616
25338
2515
6140
21715
23051
538
25081
31906
30340
313
13886
7477
1511
9211
28276
22879
20556
16491
15756
14617
6994
11509
27221
18890
22875
713
6222
5062
22777
24448
4793
2324
2211
27138
19952
20852
8877
7847
4860
6048
21879
9884
2404
15315
15332
16009
4931
3976
14861
28784
12189
32388
4663
9433
22259
18710
17923
20268
1557
13214
6117
14686
27448
20300
16599
13007
26952
16426
11855
9843
25984
9309
23662
23601
4919
168
8314
27016
12797
22065
30606
5496
29158
17800
11664
13216
29222
25317
28772
15012
3550
8113
9055
6609
27446
27976
1791
4612
172
31998
2265
5575
1196
16736
20434
29886
31584
5308
22674
22082
22217
10467
13878
18251
23823
9261
19269
24467
18709
4030
3814
16888
22865
31496
12880
31778
16603
30865
14977
2407
11971
22518
25139
31979
24488
16689
22540
5900
28038
5399
11541
18941
20944
14116
1901
29104
19903
9339
27967
17146
11497
31785
15345
13810
5653
23722
8094
28570
24142
15022
7879
28353
4662
5405
3653
39
10653
10840
386
15843
6482
4802
2793
7682
14137
25727
24731
21617
9374
17531
14692
3101
13001
2222
30189
15192
30163
20383
27187
6015
31160
12583
23351
27609
19884
27768
1272
22467
22963
14173
15518
14346
12908
4804
760
16281
24365
18553
6952
852
18005
30260
31133
32067
13278
18902
8002
19187
11826
21232
13557
11033
3392
3461
31547
32377
1998
2577
25138
20486
11025
22217
24007
10315
28795
3621
18984
12297
26068
11932
29821
26146
7052
8110
7123
27829
19792
2088
32344
12683
30939
22948
18126
30130
22287
13647
28218
30823
27460
3567
26076
18746
7392
11044
7524
1388
3879
29165
14691
1180
11093
5743
3584
14498
4330
6898
12780
17596
24646
16429
15768
4072
4981
19139
2725
22160
22860
16909
1948
32620
9909
3098
29663
14245
29255
2804
6111
6710
19994
7973
19856
26264
21465
13178
27930
2718
5912
13831
29138
926
4584
8811
27496
23249
16297
342
3937
16636
23072
328
32456
3408
27850
3227
5153
9103
12911
195
19871
1393
28921
27349
10135
4934
18311
27974
31539
16348
8894
13045
13675
15267
19295
4972
31281
23311
17183
19555
2028
15422
25523
29830
28456
28635
29738
2937
29324
10562
10367
19224
8972
14821
16239
7683
3168
23534
12936
24410
1460
4134
11395
18373
31393
4885
14803
11192
16476
11627
26494
28405
19245
25502
17452
20818
22563
18645
30589
30908
24327
30981
25504
23676
24718
32345
1314
30137
25810
9688
1283
22846
15875
1858
12559
7806
25434
17466
20075
14293
30799
17066
31343
8209
21516
26212
3507
305
7457
3589
13677
14445
19833
22303
14074
23414
12941
28055
4538
8958
15831
27211
29473
24187
14730
1272
12555
21800
13696
7516
15952
14413
16500
24471
19865
2753
16753
2007
5746
8621
1418
2356
28832
8850
21964
7129
14772
8846
10609
30309
14560
19163
18518
13969
29962
9880
29104
15634
12575
32204
23290
193
682
25000
6962
7417
13989
19980
22084
8000
30862
1101
15559
22570
28606
822
13287
13179
18167
16460
14754
23436
21052
1622
22840
11248
18149
7453
17372
14166
14834
7793
25008
25777
22688
7276
28400
26519
3898
31995
31085
6119
4658
11929
21054
27823
32112
6750
18354
7757
32234
30521
15241
13268
14709
25210
26979
32689
26842
24979
29048
20366
22573
12575
31626
21366
16730
1315
1560
58
13569
7828
13781
28948
1412
23066
14680
3211
26718
7188
5397
28822
16822
15836
27532
27140
20019
24652
5568
31515
7955
18305
8171
13696
7287
9182
32368
27479
513
27732
3857
31658
2465
11745
14946
15887
14508
29783
18813
20869
815
12383
17400
21152
14722
16061
27156
15590
29728
29910
7991
31608
29109
22127
22685
27893
7033
22711
25674
24219
9149
22152
7235
17071
29379
6634
23037
9759
21971
7897
15894
10599
9355
29512
8259
177
20599
22629
15242
16192
4834
2335
27313
29198
11499
18917
2294
19892
28123
9649
19200
29579
29621
31814
9238
4625
23055
17846
2959
25742
19233
12070
13961
22007
10012
29909
6622
19218
13757
7515
18516
22491
5665
31279
276
25639
24795
4460
606
903
12356
21717
29818
1135
786
18966
242
31383
11564
2125
27134
18594
19133
11976
13888
27902
27015
14608
17585
5643
23675
21543
23772
16767
28038
6415
3914
27401
25005
20619
31293
3636
860
9258
18081
32655
9979
24704
28991
24843
24003
11447
13364
13732
19152
23367
9377
22595
20087
14337
22693
23011
31705
30546
10632
2803
3256
10950
26169
13308
18314
24267
2555
16772
3020
17848
19291
26418
30873
5133
5989
32307
24955
29180
19735
8923
1409
9769
19734
21904
15506
23983
12704
8932
3840
13667
17090
5889
27488
26716
31435
74
28314
18355
12032
17727
29244
24455
12433
20897
21780
27972
31180
24279
12797
2853
15249
7057
30969
13560
24326
30379
7808
2594
20363
4436
21784
28898
8433
7279
1318
32474
26086
9529
30468
19147
19124
5421
25427
2976
18476
26917
23955
10414
732
25537
19697
7994
10889
16140
26463
24891
28121
8541
25322
4450
22095
22908
20808
16472
8316
9734
22961
3911
25716
3091
17649
23451
8832
277
4026
22538
2066
27652
30526
14033
254
16824
13309
18753
26854
16534
22236
14459
28918
3950
31864
15224
3538
17316
19129
28236
461
4750
27818
11947
22364
12830
136
8620
24522
11457
11289
18125
2605
11398
19262
15415
9880
387
27852
6212
27026
26485
4504
31807
17351
20134
25041
17515
25086
11284
19603
31046
26955
5327
17848
26126
17286
10403
5618
30853
4091
4087
28951
19954
3171
4341
18107
4456
2580
32747
260
3914
17268
3825
9658
8719
9651
16589
3486
23619
25274
787
9725
5070
24414
13201
28804
12921
20954
5353
13654
28590
9340
30336
7004
22399
28830
5015
6876
17131
9688
28088
32334
9564
12660
9812
25963
21363
14882
7082
32390
9992
17389
19690
27167
9325
20590
18843
31926
1267
20288
12346
21213
19120
29364
36
27537
16767
15557
17078
15562
4423
22606
20402
30289
17793
4730
12516
26322
28148
2172
26886
14130
15555
23937
8674
28706
17834
3299
1462
32245
17029
11424
18396
9902
274
13322
8362
9822
24055
6848
16536
26029
28935
25564
32416
32438
20161
26990
17899
1048
793
31786
1705
15945
10620
11101
11841
21294
17934
18726
27306
3049
17462
32482
15640
11507
15964
1512
8156
5226
29425
22647
17285
4780
2736
28396
10060
12580
5156
23864
4271
23396
22635
25746
9819
7796
27961
19817
12879
29290
10272
7581
20287
16955
22286
32494
1334
9681
25111
27061
6528
606
14964
26578
5575
1263
15052
997
19068
11076
23731
14529
20601
20191
26481
29981
19940
26203
31748
1933
598
28927
8808
1713
24124
16531
15381
2476
10622
5490
32714
17624
32095
16609
25225
24249
5541
16799
4578
4399
15609
3774
25461
27375
22672
1200
23987
17715
22283
10405
15844
16817
1692
13845
8046
25802
5739
10904
10324
8197
18232
17406
24317
24763
3905
9372
3383
30484
13670
4580
21627
26930
10123
313
22387
1707
4158
26369
7353
20541
28569
31739
3810
1981
15210
27858
15803
31825
19090
10227
17618
26335
4011
15772
31544
27333
26350
1590
20614
3787
31571
741
31518
16981
1785
11357
23475
17118
29385
9207
14860
30113
6487
31492
16132
2457
12552
1121
20438
30124
8570
25676
11927
10020
18464
21109
1028
29790
28717
16984
13950
10182
436
26059
12883
14083
11277
15827
1855
31342
3962
11708
32563
30921
10762
17513
4692
6958
3006
12264
23623
23877
5611
3913
30380
19898
18911
5809
23784
29422
27335
14762
15656
26605
30417
20413
23203
17825
15245
26435
25887
11333
2457
14968
27062
283
19325
31441
16602
13410
980
26256
7575
9091
30381
23701
8728
27531
560
25207
7533
16349
27269
20691
22155
6441
7409
6628
2196
20632
11842
24148
29785
31561
6254
17490
11038
6657
31607
17637
30365
28958
26001
25472
589
7373
26247
982
10723
13693
29275
20975
4377
6292
22317
28796
26799
10592
19037
24936
1200
7760
20724
23727
10231
11876
1856
2419
10481
13026
3007
19789
21413
4427
4415
9697
11505
397
23618
16565
31510
1146
12199
17731
14199
7801
27783
1356
19869
10875
26974
1904
19327
22833
17515
8188
26368
12413
13657
3075
31930
7974
8734
17072
27642
30927
31524
28890
29707
28202
8870
21209
30392
21865
25438
24728
17420
22261
14941
32748
21340
21091
30778
12580
3464
4004
32110
27106
3197
4219
5631
4649
29694
5684
14428
22454
18341
12180
11144
19348
25124
25356
22651
32235
29137
18737
19142
3097
7778
11121
9333
21763
15348
31486
2361
18349
12115
13327
17607
9
26485
328
12411
9741
4167
13174
7233
17160
25261
24960
16053
310
13763
17563
28809
2450
13674
9404
14119
29675
25088
26963
25240
32058
15726
8758
17061
30771
18792
7387
14140
11290
15088
22987
8213
5592
1820
30291
28564
16206
11546
24189
25842
8425
24945
23359
12696
16759
32393
20721
3531
2105
24174
16900
142
30009
465
27122
24260
13277
10320
1137
17814
15293
15863
5356
5140
29618
16902
16947
10271
2863
2804
6770
25222
32213
