12414
18818
21895
1655
9758
23411
15237
9293
29546
15461
1647
8590
27632
25404
15597
26703
5948
10216
19324
5673
13143
19420
15123
26696
16525
26306
15111
11711
31347
2925
556
13342
25129
14607
19261
25159
15837
27820
28797
30077
12688
26318
27295
5310
21789
31099
14051
11859
27511
29284
26755
21413
7986
30047
26957
1874
26693
23319
11665
12672
32526
26626
24381
11890
150
28564
17479
11097
10263
14259
25675
17772
16827
12394
12662
7994
15015
21473
14498
24639
29240
17037
7362
21174
12428
28580
24961
5039
26181
29140
18726
2401
6537
19508
18875
5057
9293
17275
23918
11092
10196
4976
12855
25153
22898
6305
31931
31658
3222
16984
29297
3388
7688
24779
12035
24325
9326
9107
2295
32134
2581
23647
6542
12810
29678
23018
31724
21814
6615
28458
1914
12256
29724
31435
2441
24101
25150
731
16952
26805
12019
14535
10391
2162
5485
31110
14860
18490
11231
7700
22774
30976
22334
12322
32401
11298
11333
22284
17434
10230
25019
4363
1843
2726
14328
3244
11656
3903
31142
13952
19379
10500
31173
20245
13149
26888
13041
7462
11430
25084
27624
4111
24263
32325
1351
26243
11254
31826
21652
11649
1163
1324
12417
11140
30048
4430
4719
3067
30077
4024
28978
24312
14069
831
14612
16684
32523
2599
1308
16403
18841
1011
32144
20076
15283
18812
32696
23788
10631
11073
29413
27443
13191
10750
28338
9471
16075
7552
5770
24480
19632
15799
20074
2988
30150
16909
11496
28403
3049
2806
20085
15029
10157
2504
28127
21011
9472
23246
26138
21700
21258
17815
319
16905
23384
6036
14549
18403
9274
3299
19280
4739
12905
15205
19159
12290
19949
13334
2378
23634
28222
20126
1412
18805
12714
21283
15837
14316
25590
30306
3059
29555
22600
23550
28075
2027
6725
4887
24434
17048
14966
16671
11209
21388
14832
28393
21504
9059
22836
11267
30273
12593
20052
31814
21713
3257
9815
17323
25235
16608
21983
9313
30926
16993
15625
796
6703
14017
8853
9647
26386
10118
27207
8157
9981
30116
2700
620
2925
8504
1377
124
4054
14712
26737
32535
6885
2282
6269
17161
17672
20949
27649
12530
26672
12022
22805
21401
23766
27763
14993
7299
2108
27925
28788
4805
8181
28593
24455
25622
18087
18663
5181
3112
26128
25871
3294
1593
27207
9841
28388
15589
16964
29620
11174
11326
18851
2714
22579
27166
32677
27370
15489
2236
12152
28077
24007
1918
28088
23708
2087
17934
3893
7642
7056
11696
31991
18399
8163
1235
2431
12724
25684
8421
11088
21350
11796
27244
16558
2741
14893
26451
16550
6156
5805
16257
32078
26550
5894
28593
23374
31566
26549
7805
8863
1911
1314
18363
19603
6606
6599
12813
29462
23325
1941
25268
17715
16850
8339
933
9434
18607
21193
28639
20960
32194
19292
23035
17991
32152
21754
16645
10176
11950
30072
10122
29294
20776
3770
16626
16621
14021
1748
2320
21907
14099
15214
31224
18677
13279
17517
21521
429
16880
18896
11371
22875
18933
28887
13650
4842
13755
9323
29987
1557
32163
15546
24414
9257
10836
18978
1021
14860
7853
1872
18692
4990
15869
13993
25178
25503
17015
28392
31703
5809
22496
6921
18846
28960
20107
12647
29357
8127
31367
26145
2482
7509
4887
23745
2080
4440
9826
7456
32643
3064
30060
20356
29969
17248
19525
1036
7041
13880
10881
2382
24352
22382
20455
5694
30753
10038
366
19282
30516
23887
6757
20195
91
2184
15857
2263
10233
18308
15548
16765
9772
32442
748
10168
21597
12223
8786
608
10518
21960
19684
4325
9747
27499
21358
24373
27803
32165
31876
4320
27665
28705
18363
26490
24262
22199
28953
2114
2321
2100
18633
17664
28322
20057
13075
27700
29203
22310
25740
25708
4800
19288
11914
5878
15577
11824
28635
28087
24501
27254
32183
26715
15977
12478
6386
3247
11930
2794
17270
13898
14735
18672
2545
2419
21386
10973
5579
3391
7513
27674
7003
12538
25640
5102
30810
16584
21401
12101
5784
3468
3607
22448
26349
19465
8039
11180
2163
28488
32127
7207
28658
569
2972
13120
9116
17564
21391
14415
24315
3874
26967
21797
13095
17104
11509
8341
30524
18341
24188
12851
7435
24188
14440
9051
15888
18996
1072
8565
29861
5133
23839
30072
21876
28501
5471
9389
7474
69
29015
3766
26251
2598
11575
11470
31832
18615
208
22098
7192
30931
5546
11905
15518
21583
9040
8064
11527
1314
9711
1696
8175
21448
25375
30180
30437
5352
12545
11966
25115
6708
13194
14874
10338
10896
1054
16797
11094
17783
30561
3631
31702
13723
30026
20407
4792
14028
6009
4645
442
13083
458
950
12475
23359
10538
28787
31531
7736
31913
5884
16832
17458
9425
14979
17514
12459
19766
5659
22666
4056
11343
5427
20319
29509
15748
30045
8384
8637
24968
13653
11793
7785
22761
30014
12656
11067
19686
11310
11567
19086
23168
22253
28551
1030
21460
1018
32394
28862
11175
24783
90
21154
16195
11366
29593
15129
29314
13052
19488
1256
21032
14101
18420
9555
12405
27584
4213
6276
28667
25628
31705
27953
28846
7195
729
13178
21306
32390
16042
21264
1689
3138
815
3228
21476
2257
26989
10847
23657
20507
24127
9237
15871
14703
2379
14880
20886
11205
8244
19426
14354
18246
31250
28011
10586
18446
30495
84
14763
1584
4274
21482
2355
14074
9586
4240
4571
21371
21955
29278
1892
18499
1157
5902
32181
21098
20478
25369
18803
11732
5908
16925
20179
30898
24256
18050
12972
28748
11199
27741
8657
27391
9355
916
8861
13185
3977
1348
9423
10605
388
22623
17304
19195
20570
18842
28147
3086
7669
14982
26933
7797
3965
19452
25061
3946
1228
1983
32461
24159
25635
19805
10833
28923
19995
1622
1536
2143
19934
25984
15465
7085
22934
13738
9520
15307
14118
31616
28513
25700
6425
28335
17923
24112
2007
3657
8945
5750
27423
21610
17381
4047
18353
19740
30166
20524
1355
5240
10884
28698
20695
14
3153
12101
28387
30599
1106
12859
4689
16521
26278
19827
2896
16859
14598
398
25227
458
18334
3292
13472
25547
31771
13858
25043
26977
11014
13467
26116
31297
19280
22844
27870
30645
19502
23868
30290
7998
32039
31188
8003
125
15466
11588
25219
2643
24422
20758
26111
29512
2453
26022
10294
297
26008
14050
8688
29685
29833
15951
12332
6139
26509
26189
23130
17212
14248
4763
18634
16918
28630
4637
32613
30500
23895
24029
12443
12896
6730
18769
15516
906
9853
2012
12491
3022
644
11158
23407
4769
264
336
18348
25068
16994
28115
13747
11628
3688
12393
25397
2392
135
11935
14365
13381
14867
11592
11134
14408
3802
6853
29898
10074
24575
20100
23878
30464
6406
25031
17850
16171
811
1447
13421
24668
25336
31320
32592
21773
5142
2990
26234
12877
5988
14048
13012
7082
18246
23949
11542
11859
9792
10748
242
10110
31683
2216
24718
18952
13126
23292
31800
18267
12697
18267
8790
12181
5238
19043
7067
11495
4186
28019
6017
3642
24722
18026
15603
25881
32153
9394
13129
15051
3489
3966
14202
8383
17264
31055
4493
8238
8045
19645
32337
19707
18171
13940
24910
32734
26117
20605
21243
31681
20186
4799
24370
618
19516
11461
2016
7259
22963
11457
24577
6134
13864
6097
21196
997
1198
22402
27434
10425
28579
8339
12141
17873
504
14075
25919
5502
10957
13100
20952
23652
8001
11418
19061
2084
3720
28023
10501
8504
23614
5057
31013
5150
21754
17279
29006
5560
4391
20040
3149
9971
31247
29700
22260
31655
9529
8439
17936
18622
31221
19707
10395
15769
21813
24588
2610
11439
8094
16394
6601
10103
2527
27579
26781
4489
25410
18192
5482
28416
16000
31913
14302
29218
22746
6298
8270
3139
30565
16496
16297
1510
11942
11375
19370
25126
18526
17950
29521
4436
15271
4102
14227
14050
27456
15030
15441
1663
7718
2826
9607
31876
26212
30125
21702
30095
27179
5085
6884
26989
17189
21870
12786
19774
26631
5138
4974
24787
21606
27607
32442
27483
25291
31985
17357
11071
3337
31418
9769
32074
1742
11255
27660
32525
26233
16477
28139
12418
20523
8020
14876
22767
22305
5114
8403
13069
2369
31339
15439
9322
22770
21056
18773
1036
22833
23125
25566
13399
32738
6608
31757
5169
25187
31326
5987
2915
8295
22464
12854
13890
28930
10375
21855
29840
1536
9243
13364
24477
14715
2562
26294
27569
14765
28255
5131
14510
9986
12217
8494
22002
22641
31230
14309
32123
14861
31432
14835
2638
31191
10974
29839
11801
30423
20734
10262
10775
9835
8666
14333
3892
25566
8544
5897
18802
24124
10558
17346
31371
6245
14502
26917
26584
12129
29006
30617
32625
23283
26044
18980
14486
23665
7360
11231
21325
20434
28226
20903
15181
4873
7485
7190
4635
14226
21260
13745
9331
12874
24549
24931
20201
15747
25763
3371
5584
8536
18888
32017
29787
22078
10178
8798
9986
13788
1133
29452
29991
11805
2522
21884
15866
10883
6735
29799
19610
10174
25998
3863
14205
9597
25434
6615
20241
27268
22328
17064
24483
20222
16755
11829
19073
277
24930
265
14939
30657
11501
2304
30447
2013
24910
6907
7142
20352
4373
30936
14072
27530
21359
21410
4439
11133
30887
15876
10315
14223
26605
8964
6425
23805
2647
5358
1066
29857
26405
2189
11113
6087
21833
20641
20461
5949
26151
28046
4824
26793
28057
1362
23935
32287
19254
6073
5323
15347
22740
17108
7135
204
8779
11175
27130
29690
19068
24354
14239
3594
16786
16211
1780
3991
12424
20697
2921
23139
15852
31900
13465
24742
4066
6587
24693
7845
12139
21446
30879
21127
12519
16686
32532
26212
17881
15865
19982
16544
7147
24250
3881
28279
11570
4033
11716
23768
26034
13455
18602
4983
16933
23437
26354
9758
19448
23037
29731
20547
5783
25648
18332
28384
8682
30201
15155
19583
17951
8035
5405
29588
3243
2463
18702
31504
6795
18496
21664
307
4048
19115
15097
18594
90
456
25512
11193
27108
3582
24785
23074
19265
2399
24714
5287
16612
16927
19844
23364
19110
31051
25326
16769
7876
31159
14230
23807
11815
6969
1106
592
15849
1556
10654
17419
14868
19127
14470
26656
9645
8616
711
18282
19441
26555
30257
19331
5854
10887
18255
32476
12021
22810
12106
25357
18495
27884
16651
361
16526
7954
6560
27094
29445
32180
28641
5084
25818
30145
18259
22011
12123
9441
19020
26434
19247
1964
3928
7965
8415
22553
19932
26479
661
12345
17913
5344
29475
17701
24499
6521
24134
20021
17747
17774
9772
27762
32009
2618
10805
9806
17878
29681
10999
19347
15273
19666
12164
21914
1737
7964
20463
6077
6770
2340
2316
21518
18115
6051
32120
2122
8664
6740
18393
1800
3123
9919
16999
12598
21600
15695
26540
25542
15832
17579
12423
28069
28455
20291
4983
8685
2890
24361
2326
23131
31323
7203
14820
32259
9584
12286
14662
24642
10688
15653
29135
3061
18183
9074
9917
20200
3372
1859
11975
6546
3361
20177
19478
1791
4364
2493
17809
8461
8100
30444
9565
13531
20189
7317
16548
19327
10695
9880
27798
6903
11699
32530
1198
866
8857
21806
9783
27761
21174
1598
17678
5912
25977
7434
32169
14217
24992
23399
18520
27490
6815
524
29131
24613
3393
19106
31957
15850
28561
18458
20847
10832
30715
8515
23808
30649
8111
22940
2012
21687
25670
7271
9226
4033
19624
15870
14666
17195
13613
26474
21078
32085
9986
8242
12137
14626
16079
10865
510
15019
26262
25899
5594
9269
26335
10465
2892
22369
4882
21091
1716
30371
5412
28646
31042
6901
7285
17494
26368
4557
29689
5358
19987
14156
17303
29957
4926
16568
206
1067
6055
2860
21150
21108
23518
17038
27814
24340
21531
29890
9610
25900
20935
25885
19607
27364
9790
13341
682
18106
25300
12119
6733
3866
23062
23984
17188
10286
18002
7120
1160
25591
14681
23764
19313
26781
14723
25411
3993
20739
12276
1604
21470
15263
3102
22286
1512
15241
16519
15007
269
24529
31948
19377
14449
17686
18663
6378
19570
25940
26029
4947
3907
6654
5786
16651
15574
1101
14545
2109
27136
20439
19295
9807
28376
867
19648
10076
20576
21500
4516
29157
28007
11844
30963
15043
29357
27147
8462
30048
23113
23584
600
5159
31304
14951
4853
11577
26263
1580
22481
22370
10787
28855
1764
21323
6974
28193
7861
21745
20293
27238
5917
341
29055
21690
3918
29814
329
29985
7443
25468
15216
16442
8538
12086
13023
7515
17903
31430
23674
21219
2186
6811
4681
3276
30476
28576
20953
12672
262
691
14815
30958
635
29785
2847
31196
27623
5296
12428
8575
11135
14245
4785
18761
15291
6502
14927
24322
31506
26395
1608
21274
12548
16337
30907
16702
25694
16822
24433
1833
26298
30604
23416
15805
14661
14936
3085
18514
11973
23386
24768
28238
28378
10818
22226
13045
16003
11169
9698
24451
12773
5022
8136
29560
11080
22762
18370
28468
19299
29686
25806
11459
14041
7779
4950
15098
21763
9914
6674
28355
27632
11357
1579
7861
15786
22461
21148
15592
2747
25294
7902
17159
7664
1464
14532
9382
17757
7120
32164
15318
23713
5318
22199
25591
19564
1567
21698
14030
9022
28902
12022
8152
11121
3999
10517
14813
8825
16509
9431
10951
30059
24533
25228
29109
9916
9937
13570
23372
16715
25193
11433
4173
31906
5775
32245
29293
30329
25002
9988
15201
9596
13382
6273
4664
26959
12554
26056
2797
23502
18666
16459
17469
18329
26526
16948
6070
26576
17490
19532
4113
21787
10911
31515
6593
17390
20410
30545
8652
30731
2027
9572
5850
4424
28737
30843
139
5522
24709
27787
8462
23602
14700
27583
21744
15951
25360
8990
9521
12468
4001
2664
16285
10964
5720
9024
18777
32523
31405
13200
16317
2087
29642
32554
23393
20519
2111
17579
10619
5187
4599
421
20328
18988
15979
16893
11400
2708
24341
32401
20047
1265
7720
20254
27289
24702
27518
29538
21566
11907
13778
30589
7655
20951
17455
30621
24352
32675
17320
18138
20398
15720
23882
32095
11554
68
26703
12747
7854
20849
3220
25047
2872
7182
26958
20024
5549
2082
5112
19911
13208
1758
912
23519
4595
29730
15362
26118
15420
28995
19941
7376
14796
23820
32357
19457
5477
3330
11136
32242
778
11244
16502
28214
6163
24979
20090
3964
18816
10183
7598
10423
9358
28834
19022
19837
30088
529
16939
13741
20704
10895
13916
14421
12926
13108
21808
28115
10072
13039
24679
15674
13635
10000
29601
22775
29960
29961
3862
28340
4795
14709
14984
3708
10312
2137
21622
3360
9807
682
24979
26074
16178
25872
28790
24369
2156
29674
26003
30492
17956
26770
17258
23146
5377
17378
17150
27489
26177
10743
20617
7078
517
11060
16494
7517
1007
7818
20591
12176
1519
28919
18720
2517
27994
3661
21403
11051
3645
18229
22390
4134
6384
22643
29938
5196
1518
30572
28533
702
29667
2021
7227
6683
11271
24333
10568
1953
16555
14270
20641
7573
31249
15360
19387
18661
1409
18383
6964
2573
6809
18718
30401
30007
2789
24859
31080
32166
28592
10933
24047
4180
27161
19035
24468
16858
10601
11015
4862
5009
11171
3196
19316
5111
27741
18124
24653
24148
30159
26396
26279
15773
2090
2475
13148
30360
19243
5393
14642
32065
15855
15045
5970
6509
22793
24802
27644
16045
5842
22827
16248
7029
22016
2380
6992
9085
19066
26723
8636
6504
28779
30142
14686
23460
13717
3302
8495
30865
19689
15069
186
19941
24660
30885
18568
14159
5339
28417
30427
4186
5354
10112
5279
3477
5353
20150
32413
12529
1553
27597
20210
23914
27518
12605
31423
19945
1413
19159
30755
29545
18247
19720
102
32345
19078
10588
17015
5954
13752
19521
6553
2730
18522
18446
7257
27704
391
12611
6083
29977
5321
4114
19157
8609
8495
2847
30260
21046
24224
12165
5150
29546
13678
31257
19616
29031
29742
1522
31241
31376
6088
1065
20894
21861
22986
24797
1167
19879
30978
14714
27946
31933
28747
2107
7247
29015
4007
10478
23332
31313
11150
6904
29961
6362
22150
9368
24015
24021
22772
15216
2084
13951
23346
22081
82
27731
30177
3062
7978
23595
7297
9188
26938
10407
5695
31568
28231
27602
30989
25649
15607
11267
23288
24888
16077
6146
11702
25358
4186
20076
30847
27357
10674
13401
25631
13841
27422
7995
19784
22368
25104
22026
20780
24839
23132
11678
2123
1111
4004
17500
25482
19057
4884
8468
24454
19022
14672
14634
551
2
9387
8692
22136
10561
16282
29028
23222
19234
15208
4583
5287
17699
26411
3468
16428
5485
29430
5225
19482
12890
29520
16955
6470
7477
14565
26444
12255
4673
20604
22682
24321
31228
16169
2869
31366
32676
20164
32489
11040
28923
32409
15389
1189
19272
27745
26875
22185
6558
18802
14801
27474
2144
12338
16567
10344
20997
28113
24691
18092
26905
5176
26265
4971
900
26684
4343
28754
27407
24
559
1412
14116
9754
27046
23018
21461
21404
25245
17866
31265
22582
20126
29596
32114
306
12058
25369
4713
21824
16976
8852
29406
14443
26480
12941
803
3148
3585
18308
23689
8318
13440
24075
24870
1874
14922
21791
15573
8899
2236
696
30589
32172
22424
30367
31895
17720
4266
24448
15338
30362
5804
17984
18329
5375
29544
5008
4960
31681
12572
5059
14619
8414
25378
27868
26248
23464
8656
15084
22605
958
32158
18075
1597
31802
11654
2564
25815
32556
31921
30662
24591
15688
15183
14423
29522
9691
14023
20892
708
27396
32016
27831
22988
5664
28510
11809
29394
16518
26626
21496
27719
17525
30603
3738
20198
31306
32050
18290
2362
22006
7797
18962
17505
30896
25089
898
30223
2791
29141
19416
21462
29307
18597
28169
2980
14636
20092
25087
25997
14163
10406
27884
13002
22224
16589
7133
11778
579
18274
19602
12489
5247
13631
14477
25191
23611
4234
13929
17370
2059
30940
9581
15646
3727
16034
14177
4011
26346
2500
3232
21056
9590
21381
22127
23007
20663
14251
29581
13336
653
24799
15116
5771
10669
5206
26974
26537
32593
8369
25523
17594
1327
13346
17795
10532
8104
24017
27750
6890
8259
15998
30252
115
21593
11367
25898
909
27666
20076
24274
9649
19856
29297
14471
27017
10345
8964
18095
13743
23899
16447
8713
21688
3643
8176
22336
13937
27183
30968
13505
22120
2589
7665
10954
27566
29027
19220
29124
17884
1737
2905
27347
31572
6579
30943
28331
19657
18332
23695
32421
25090
21951
28925
3090
17370
21271
19598
18895
14220
5770
14048
15386
24365
28002
28006
31395
17274
3580
6995
22758
10964
8900
2234
26809
24969
353
17651
2849
22357
25132
20544
874
13865
11239
2224
16503
22058
10156
24132
20566
13053
12579
4689
12823
17986
14072
1573
31199
27486
8076
23789
31544
12414
26091
29911
28075
14553
767
31603
16273
5173
30467
8543
2854
12204
1849
12579
25055
17328
992
3418
25086
25421
10849
23059
19043
4270
30665
21878
165
31459
32635
9131
15713
18657
6695
4599
21202
5578
246
5416
16802
623
10503
1844
4096
20
29471
26653
5875
14451
924
9751
14830
14083
22187
12525
15524
14201
25787
23713
11037
15759
27442
22355
2058
23045
11614
13923
13654
16614
16814
24282
19197
5389
16162
19718
20513
3303
24320
32613
2651
21627
26313
2245
22351
20647
28267
3496
17539
10156
22200
12525
22897
13037
1047
13229
18394
15859
12665
19556
30302
14005
28559
31057
6474
13078
9275
21023
19889
28592
7748
7364
27326
11216
4429
10666
32072
1729
3592
15116
8615
16974
19111
31652
12230
3714
20371
18563
28026
17074
23649
21056
15122
10174
6402
22868
28208
14227
26425
2501
20183
30196
26706
14850
27332
18043
2834
4366
13058
25562
13802
22497
6073
23655
24943
31244
5703
14296
14095
31131
28049
10826
2044
23103
27803
30857
12397
18349
3927
29067
15110
31553
23995
8509
22676
9447
16662
8323
32766
23355
17316
9849
19065
22255
28256
16128
24570
32109
14617
19062
2033
32446
16584
10948
12852
2731
14369
16798
3129
24866
18024
9222
30345
16859
18566
10002
28273
32570
10332
10736
16379
14456
15959
16679
5149
32510
28997
10015
12079
27409
2151
5604
29602
25524
25543
28199
31984
7626
3787
20358
26319
5756
24843
1549
5290
3290
8544
28924
3409
16069
24381
18122
16112
27916
30275
23147
16190
27349
28687
17871
23542
15423
14423
7595
3979
2117
22325
4731
11800
25062
9666
8904
24213
11394
12519
17062
13393
8072
15984
7298
31900
11598
10338
20250
5316
20800
655
19661
23620
2365
15975
16405
5943
32318
16657
6482
21779
8249
8123
10697
12179
14661
30254
28652
30197
15358
2981
30940
6246
20779
14815
31532
26555
26782
19059
3816
32097
20828
15972
9941
24471
7422
13301
12027
13786
21079
24254
29793
8609
13143
17920
14872
3915
6703
15670
8058
4950
12726
19180
15284
10193
3340
29140
4738
24084
25213
4119
17978
22702
28072
18665
11020
8607
15584
11360
8072
12488
28114
4486
20064
13983
7528
22189
15728
32551
3822
31746
19963
288
20084
19557
4664
28026
21107
2168
7181
21264
24755
18422
10522
10899
14955
1351
20473
24260
21419
1873
4804
9447
6647
7568
31448
14708
3636
25193
8665
21775
13769
30651
19447
28090
9982
29112
30575
6218
13479
25587
1364
7703
32007
17593
24463
6904
24559
6821
16421
14191
8230
10351
32184
21280
13325
2821
337
13192
2435
32221
18780
2795
16647
14729
7668
27534
9244
8332
23137
31527
23282
11884
28639
31378
9538
23816
1441
30149
6778
29740
23062
12294
13594
30563
18795
8284
11614
9740
7505
4675
26397
16816
2560
16035
30449
3731
31868
28931
664
17033
7703
3322
154
22027
12599
2023
6956
27530
11097
10978
14933
16643
12374
12531
31055
24532
21221
5505
2864
32462
15970
9997
21194
19083
11726
12832
12751
2050
21526
22657
21305
17752
6552
26796
29928
3322
21219
18816
29837
20200
21694
20024
9160
29780
2413
1692
10125
20843
27439
24440
26316
26995
2059
10062
19537
14614
29388
19272
24553
31485
17739
24688
31430
6817
6124
19747
6948
18782
4715
9923
6957
27082
31193
6061
20250
17732
24545
24939
20124
16336
22352
20266
28026
32290
20949
11374
10107
12792
2820
5124
902
173
9377
11065
12808
14347
22556
7497
27286
17762
24920
27418
19668
8918
1712
25386
18581
12029
25148
21958
20803
8874
20560
22910
24706
6403
10054
13269
3088
24026
7294
14909
13039
30266
31394
16194
1479
5951
3375
24581
28294
32555
25905
17900
6985
25783
23374
12440
12415
28839
29445
23575
26187
30113
824
5979
5419
23103
18408
7915
30168
26979
16705
4057
6253
31947
982
1780
22218
13797
24109
16446
17979
14564
30590
19105
27733
7699
19384
9181
15137
3433
10437
20677
6269
14430
4367
17835
29886
9726
10051
13081
13466
1340
1877
2754
29254
31112
12484
20663
23003
5540
26143
3294
9470
30899
9672
28833
31168
16787
8184
1251
12483
19564
19971
29752
18079
28297
3805
17749
31875
9319
27869
6597
27680
26124
28866
17630
4802
5530
9716
20212
6080
15396
13324
14540
21015
2240
12693
4947
20818
17886
5140
16272
28077
14552
24903
27352
9081
8138
1451
6977
15810
16803
29760
24665
5168
17532
29584
31767
24619
15913
15342
6161
27970
13070
19196
23280
10446
30516
4208
29217
21714
9629
22551
25550
25126
8660
5402
15629
13781
22471
29312
28759
24003
11737
19700
30779
30867
23860
31176
4691
21703
9308
32571
9848
2857
2058
8695
11826
6250
5687
27614
12402
14858
24439
4102
9604
4727
6792
20482
22335
22649
9771
18020
4479
5581
23858
14975
14037
14609
28891
24946
3452
32480
15708
12386
22671
30269
19647
9222
4474
9269
31728
8553
21935
2752
30229
21483
23706
5865
31261
11401
2518
14894
7836
26207
28577
13098
2006
13419
21901
18801
17433
31892
6009
188
16977
17387
28864
1862
5846
12336
1968
25461
648
17048
19774
9405
28702
12237
1271
7106
23483
31031
2362
23996
22722
11130
8101
5920
10732
26176
29133
29053
8088
4408
32306
4259
12386
25183
5490
27403
32758
6526
14268
371
18471
5363
26248
14793
22587
9141
16005
24906
7817
14483
28115
6635
28743
25276
23155
14072
925
12164
3324
19707
20477
22885
13199
30943
18615
26692
20748
8789
9672
9974
27782
15735
12019
4611
21749
20395
15636
9130
19755
15307
26032
8485
13322
6531
1232
19758
31987
7162
6416
9153
3201
19380
9715
804
19832
6071
4217
26149
4600
492
10740
5027
5367
27337
23831
26447
12270
16429
12624
6068
6353
5003
6232
7541
15429
23371
14856
8150
2062
25453
12910
2686
14790
12656
30240
12412
1493
24434
20688
8327
10909
12952
12833
3722
17397
28848
15545
30304
29401
14613
19351
23515
11615
25811
24999
19468
19181
12812
14228
958
8362
16027
23518
24388
16946
5622
6444
30581
14990
22105
5859
4084
20835
12577
26615
15029
12393
19062
31746
21692
32031
15404
9875
16424
15038
16363
12488
32625
2155
17550
10527
5614
4016
29386
25993
20890
14125
25872
27584
25111
28043
5812
13275
24819
8370
20046
31008
12075
13628
1889
3353
19437
4649
7994
24810
2210
5332
18715
14561
15916
293
3481
15951
26476
16905
22851
25494
17672
3615
24196
20100
28267
17589
20171
15583
29709
5874
12008
5953
30452
20820
19130
9766
22907
22878
3079
7492
27986
13194
14507
28955
17094
9605
23541
10956
32066
18587
24398
11822
20758
8304
5659
9759
3704
2546
16613
2840
24008
5771
19383
30725
4377
10139
19400
16723
12012
24101
90
586
6718
13001
23266
5277
31686
18930
21097
9791
20600
22608
1586
24953
16717
11145
29597
23354
10310
11051
17227
15278
26287
26086
29059
21777
28833
32504
21973
7366
12746
4072
19965
15011
12144
21111
4106
8848
2996
9940
26559
27728
19988
18959
25401
23966
5428
20688
13010
23164
5598
14921
16454
12232
2887
12137
16660
27664
31892
16978
18471
15015
31644
16910
6838
29944
16624
30333
19561
24091
18713
22674
26301
15526
22304
6847
8105
18118
84
5550
25474
5262
9543
27954
13852
3214
31770
381
12082
32424
4090
147
5639
24863
23019
11263
24654
25585
22212
9924
6215
20071
15995
24470
28204
23274
16547
27466
30923
1304
27187
25484
26996
32279
6281
7632
14101
15145
7599
20107
1188
21121
31196
27810
18109
6742
20030
26914
27789
15925
27894
3891
4078
16027
10853
8263
28883
3779
21414
151
16359
17597
28251
2000
31857
4032
9645
18953
27003
26817
2190
27897
24115
12612
32065
23911
30097
13427
3613
30945
24890
15981
29582
32689
25509
15840
32604
25357
13692
9178
19760
17294
23109
30172
23636
13284
10305
17969
30394
5063
1940
1661
2368
5936
11431
26777
20786
19914
20939
16798
784
16035
13343
9024
20114
27688
22451
8030
25578
21584
22253
27094
24137
16663
16684
19614
14244
32046
19628
8721
10680
16625
24490
18822
8268
27545
13512
18983
8374
23731
7858
6145
19104
465
12034
12119
22028
27775
17505
31292
12950
1144
17391
13409
11257
10778
486
16683
14293
23832
7546
10248
20656
15215
21507
11012
570
27803
3933
11159
2773
19722
13199
20929
13908
28113
28588
10585
22019
15518
5623
10659
31208
26605
16202
23328
20297
21375
15801
4010
18543
12552
8818
24768
29097
4393
23271
26654
6035
157
10544
26256
8855
1463
31658
19721
19381
4620
26597
23535
3712
15469
19645
19642
31849
22296
24518
14781
21824
13870
10734
14403
2296
14952
14173
22750
1707
29702
32416
508
31965
29193
17159
22715
28421
4514
30283
11263
17482
25066
23924
5569
13194
28627
31994
18090
12448
3679
4139
12256
16103
28432
4044
32544
19706
7839
3075
8461
32190
14833
23925
15815
675
28486
29099
25536
27430
8116
14010
21707
3483
13524
27171
10614
27945
32443
20216
16026
16662
11819
3904
8496
324
16139
19613
27750
7164
26389
9260
19955
14571
23759
10669
9383
11626
2748
7652
27974
1539
723
25662
29078
18736
17968
31672
28087
22373
13578
32509
8115
3153
15077
28622
30038
1378
2824
20903
19520
12679
306
22432
30776
3641
31369
10641
963
13756
15059
1145
24309
8866
12776
14881
28808
19602
13671
21500
15659
583
681
23890
6428
9435
7411
6301
6137
10310
23536
9268
11988
32034
15966
21030
15493
18353
21767
14185
27716
2080
23027
13876
9847
6157
18396
1961
968
8520
1506
2231
30331
29142
31616
20031
7678
20796
8383
17525
30914
15098
24233
23946
26698
8789
21505
5000
15234
9049
21041
16765
13137
17695
9860
6107
13681
12620
917
12319
8575
1242
7944
945
31822
7707
22391
18955
25985
3066
30383
542
2905
645
25629
10993
4299
30888
23427
28556
6614
21307
31727
18964
29203
16704
17134
25143
398
11621
18429
10955
980
26833
19520
689
13645
29468
29303
23808
27340
927
13101
13407
18277
14319
24882
19891
1151
2980
21068
3579
41
32095
42
26487
1458
1291
13721
8720
1139
16226
7163
756
10480
29363
15604
6017
3104
20707
19558
10084
27912
6835
20128
4610
10383
2112
28370
6935
25485
6864
6596
27292
6949
15307
12488
17391
3925
19720
26862
14382
15307
3658
10870
22499
21242
31755
1163
10215
28526
2936
2350
23936
28508
26556
9584
9677
11902
5249
18916
31844
4637
6580
30548
21817
7024
7305
947
7618
29732
2496
11091
22872
10556
13606
16984
23777
2075
4702
6765
28076
20959
27361
28853
18332
14577
13636
30724
20105
23770
29114
21328
28387
14425
12249
5218
29080
13746
8609
4817
18232
23880
24506
12081
3672
21102
17149
22152
22836
4731
30518
23041
30360
10780
11048
28389
16896
21743
466
27334
16126
15181
10481
4094
988
16999
14534
32344
14210
8852
16665
7180
9883
14313
10110
2801
13300
16651
15063
32238
10276
65
8218
689
9330
29389
31829
5028
15603
4733
32751
1565
32243
21885
14128
10454
24726
24687
17411
9884
29375
7869
25851
331
13873
13614
28053
14585
31477
696
5053
29554
14587
9110
13971
14309
11524
10906
622
4828
15550
1219
5665
13937
26161
15122
3454
27327
15963
1690
5401
25240
17175
27351
27471
18550
1092
19008
29318
6067
26658
10527
14517
5628
3839
4769
6184
259
6676
21545
21885
17524
22954
746
24307
19499
9857
32693
4324
18084
27249
27919
9103
27570
7250
19335
9755
7028
13082
12359
10969
27013
21573
18920
2250
26740
16762
10123
22113
18804
18795
30245
393
9300
16381
10266
10474
31665
16809
15118
6760
20842
17953
4087
6893
24404
17975
2423
23401
18479
30971
25706
16151
21721
27684
32443
22273
4546
31666
123
14022
24736
27857
6964
1691
21092
12287
21370
30352
23916
3697
2244
30485
17402
18099
12154
23228
16101
23696
29007
17728
16526
8241
10193
3015
25622
12425
25918
27236
23758
31984
32666
13024
31215
2573
20990
22714
4748
32250
10291
32364
28100
14243
2176
26608
31548
30063
20415
30339
28621
20259
21430
4521
6777
1795
32677
8561
1444
30266
7964
32250
14464
6267
19215
30774
11466
31465
11564
24558
19636
4660
3436
11014
3362
15365
24041
8707
30744
28573
14575
13770
15219
25017
1365
25258
4056
8120
13582
17565
3051
26111
20987
16587
14273
13725
19715
26704
29847
27947
17254
30783
3268
26870
11854
6887
32748
28257
12456
20053
24439
26244
30513
5146
20289
11289
24276
20046
32403
28825
21811
28116
11603
31906
10116
21984
4471
20380
13214
6327
12479
25244
12115
29110
676
4744
31233
8342
28300
30077
11364
2542
31295
8045
23214
16633
15518
6669
15578
24218
26771
5102
12605
18845
1092
2793
19806
21568
8332
30145
28935
21234
9387
12548
3996
4186
572
13106
9132
17051
25960
19489
198
26071
13658
29600
30606
8178
30962
27483
15
4504
29630
14335
24147
14465
3878
13726
30001
18163
25574
19284
15207
5257
30658
555
1769
3124
884
828
8824
15231
21738
16663
24949
26391
8622
20581
9720
18570
23974
13260
3357
22863
27133
7955
13726
20231
12385
30087
21671
11522
32367
1949
3301
3845
13675
21464
15329
4426
8757
20205
12684
31177
4472
30502
1562
1718
29733
14084
532
1611
10272
23336
19625
7111
14649
8051
21574
21943
11869
5997
9574
31092
14093
30179
9130
10221
19728
30677
22828
16294
7781
30351
20497
8193
21372
25877
10845
12733
1446
15556
27659
22716
31177
7479
11102
13065
29528
9064
7026
18713
13186
15383
9494
4945
30890
30064
478
30921
4632
5096
3443
11088
23534
28264
16686
1200
14173
21933
3557
18739
21272
2799
2053
29541
22537
2496
6625
27932
20036
10552
12362
22966
20025
22607
5472
21922
21037
31114
28071
20258
15339
8666
2910
23630
25270
16065
3084
12893
15747
26550
29787
8736
32101
24267
15913
15823
11337
1165
3293
3080
9187
17195
31735
27669
28904
13531
15340
3950
30334
2426
28976
11390
26097
28530
2452
20138
24231
993
31698
26512
19030
3576
9574
1420
18804
2465
15008
21377
17391
17764
31992
17878
29215
6027
11169
6334
29177
28292
25185
957
15493
16520
23199
18024
3986
7802
17086
29292
8104
28178
8105
5841
9790
3898
27823
12416
8237
28856
28050
1027
20581
22542
26330
17549
23262
24734
12399
11322
3026
30226
22119
27031
7978
19963
15389
1637
7222
9400
30083
11162
6560
16794
19129
26281
32163
1606
6622
21507
3704
3418
2854
21214
26385
7251
19244
9781
9226
27822
16266
10000
23773
4173
27048
27653
15701
29981
27601
2559
21317
19446
25740
21054
25721
22210
5161
12703
24813
25058
154
5406
17725
27853
2948
30617
349
17914
11926
31959
14218
7681
21018
15816
26496
22013
29129
10766
23022
3380
996
8893
24615
12794
22144
12895
15386
6610
22306
1596
17540
25815
30859
3288
6500
12378
10965
23996
31920
23757
6591
20089
9030
27359
9542
22763
4645
13289
18549
14011
23517
393
25213
22055
21060
18572
5640
3078
107
2834
13003
9990
208
9708
23898
18489
981
3401
26945
9424
6769
15506
6480
5414
6438
23954
14902
5376
10035
27354
19282
6419
19978
20836
10693
24006
7428
21878
29132
4922
13652
16073
2637
2695
21050
4075
3759
18505
8569
19682
2799
8284
10
5394
15856
16099
28434
5217
22035
17039
21778
3992
23560
19486
24413
4108
16356
10017
6096
29311
15475
28675
701
23873
1231
23367
22824
24986
28721
529
13110
19565
6152
22504
14050
27157
7240
11706
7922
16787
517
26144
11817
2795
24640
16100
25279
25803
20225
21441
32270
3438
19622
15977
13454
8896
3450
30669
6659
11715
27017
24216
7669
32049
23731
1788
11361
4963
19712
14258
18094
11121
2867
14396
10466
6555
16802
21614
20246
2791
17732
14636
28456
26636
32012
3701
15023
24463
21365
29345
32052
23340
26207
15078
27295
25719
26905
7457
12783
15555
27839
9939
10286
11331
710
9578
8100
19567
28117
25539
16204
20905
21718
24812
28292
6177
11342
25646
10504
30710
18921
4683
20257
9374
22106
26628
17946
7047
4449
15838
31988
26110
7213
14630
10587
12881
15845
20019
20696
2096
22146
14315
29255
7257
29663
2185
25484
1909
15635
14237
14210
25660
10238
20819
16436
6368
11554
11001
336
20393
28084
16572
9944
25308
32755
8370
21531
16354
21945
1822
24292
1446
29008
4079
19185
25151
23686
8585
6566
29647
5636
29896
16899
12459
26843
24130
25812
6844
25184
15565
4391
16933
23098
12610
11523
23333
16569
896
22103
27455
10090
22707
20529
20889
14312
7894
20528
11939
3316
20854
16444
28408
8648
31673
18548
32137
19369
7072
13672
24824
29116
19081
3721
18498
30490
20216
28894
19105
2854
31638
504
24241
21535
32634
3879
19665
10225
2984
11502
8396
18257
29143
27317
24249
20232
8312
28350
32543
21391
8179
3674
30301
23261
30004
13917
19273
10365
3430
14287
280
4067
5886
19684
22654
16640
27644
27182
11285
17172
29037
12306
27651
4548
4149
4217
31960
4204
11019
31943
32181
18358
13765
12305
14771
8556
20950
27019
18562
5770
5141
11071
8785
920
22464
20741
10990
5942
17088
5039
30767
3833
24366
19588
22416
13941
28183
3312
22301
23707
22396
24185
21907
13126
23453
16117
24002
19728
27000
11514
20789
11626
16012
22679
9749
7916
13282
19521
15435
17385
23630
8720
3557
5447
22515
6444
16059
17293
261
8066
20306
11838
21971
9147
30464
25958
17412
17262
26961
26994
14624
10644
2730
7492
7251
12605
22572
7815
5486
8322
1755
30784
17711
4027
7680
25510
21186
20722
4300
2868
29319
27543
6973
1020
18966
116
26182
28990
21889
10724
14122
1593
12761
11328
11817
23105
28915
2715
22622
17170
23147
21423
6376
10596
15850
15126
11592
3008
15013
21182
20746
9105
8230
30871
17576
24702
19535
19598
15275
11767
10908
17087
30227
14094
14504
9702
2297
7305
13299
7703
6771
20789
21730
4016
5304
4221
15111
26251
5252
9018
28323
8568
5822
26317
7017
12778
10585
19052
26757
1008
9080
14009
4573
16999
10453
5017
9879
11119
31843
24643
4315
2331
26162
4503
19162
8813
12435
10930
25871
14465
126
17343
16836
25608
3376
29455
10713
26360
31512
19565
7873
18050
24052
27307
3533
16709
9784
14209
18605
30145
32175
26008
26420
19726
22372
20705
30299
32205
14019
14635
6281
15200
29180
2805
31505
25942
29608
10880
17660
19241
16303
29993
25354
22572
16233
27894
21747
15295
6403
17007
24562
25029
5669
12463
19076
20312
24017
24506
1390
14267
1423
16657
26109
23951
15815
6788
21905
5194
7534
13128
6749
30182
20708
22345
7528
8406
12317
9409
20951
4670
0
22538
8559
28771
25356
2481
598
22881
15681
4811
6681
2588
3902
2956
4595
29048
3239
6165
77
973
29129
30606
2945
25237
23681
2421
10723
11368
11353
15669
8962
2347
11765
8187
13867
18052
5550
31941
2607
6288
3452
17084
19046
21209
23065
9667
5364
11650
23395
11600
7755
27333
27651
9594
11762
28832
25676
9812
22660
10954
17509
9594
6907
18668
18859
17897
15150
11534
29521
23060
4505
7759
14921
19508
8285
5082
104
24799
7047
11285
31429
2012
18069
9244
7010
12086
19255
25453
15886
19599
27986
28645
7305
4279
16458
24043
19946
31101
16769
4331
21822
13765
31771
24582
882
4059
6661
29447
12403
20999
1589
27545
3987
22882
1075
11960
9007
19175
24792
25190
5006
7885
8277
29599
27917
30229
19832
14478
2425
28255
20011
769
10429
26625
24894
14107
31933
29274
10598
14920
11393
21092
27013
20086
4758
22409
22059
11651
15025
29368
8285
30961
25238
17335
7574
20961
568
4283
12556
11583
7970
23606
23092
14394
28437
3312
3208
24823
3571
23641
13448
22406
19163
32542
3583
6933
20630
15354
12167
26467
11570
25807
28495
5752
31980
26101
1308
19092
15444
24529
3470
29797
1451
32426
21157
2428
15760
1209
32131
32514
29404
14975
5492
23719
30154
14684
28715
31708
27227
17500
30543
18242
23032
9044
26422
3682
2137
13358
27376
16798
4007
9857
14727
10855
2013
5477
6277
29617
15732
29573
26551
5796
15167
32117
6705
32661
11156
9798
16530
32564
21676
12888
2185
23559
13388
29808
21912
6167
32421
24842
22296
16105
1146
27633
16254
20399
17536
25612
220
6080
11274
16763
12971
4422
19173
6627
1223
6710
32385
12037
25531
6022
22610
19350
12863
22682
17270
25162
15359
20223
11672
9011
17822
28251
14100
31561
24059
18596
11868
12874
21683
14993
23194
6852
31207
15438
22935
2159
2879
10868
5339
193
29230
6968
4630
22973
14200
5091
8894
15116
20466
12930
14074
13646
9865
8158
22463
25522
1926
23982
3128
19396
20753
17676
11884
28551
3315
18726
29467
17860
22432
21046
10472
3233
14452
17588
29374
10869
20285
2249
364
4315
31482
9736
4242
22022
24034
18265
10945
30804
25256
15157
30942
37
9982
17433
8391
29677
28504
19764
30521
21128
2034
22371
2290
1998
14100
12896
16146
3944
9365
22071
8903
14818
23198
28921
1065
18432
17328
31923
2147
20566
18920
29089
25364
8979
31618
26784
16117
8222
22685
16866
6587
13156
11837
9189
5951
27504
8854
26278
4060
24124
22152
16146
24088
20550
16486
16061
12167
20967
9211
31702
23789
18144
19407
30043
3491
3126
26534
1929
10812
12353
13386
1175
25191
28927
20618
17827
18967
29870
25475
18413
20962
28825
30750
10819
7847
12850
12762
7868
1140
15969
16076
9385
10407
31516
10980
7881
3923
5944
30833
6588
6117
9342
8679
22202
11527
6146
26848
28293
11204
9392
5730
8348
17901
9256
4192
8882
25532
460
26755
1118
18616
23574
18474
31508
32728
20528
23983
10836
21227
9150
12012
15393
20791
16638
29949
23989
10593
14612
25928
29811
23181
16543
3003
7965
197
23184
6741
22343
16543
9532
20968
18188
5658
32176
26653
9983
2762
27972
3768
14436
5941
5491
29
12193
13180
3561
13587
8943
23358
26846
10185
20821
2233
20899
18455
21975
27442
31098
1285
6891
23703
18091
3985
8748
23140
31188
15021
29778
1475
15745
7304
19810
28407
21500
21774
22818
12282
22375
7602
5072
6757
16391
1643
8979
31889
9443
1020
15154
16892
27278
13177
25732
29422
21569
30471
13608
22364
11052
20451
21237
16652
28686
6566
20916
16634
19204
2759
16781
19451
11678
7777
448
4768
23352
19254
11158
4189
19336
11253
10646
5610
7027
31928
20219
21226
37
4561
870
8907
28768
11206
22225
8429
30740
19610
4548
18438
27185
29262
5579
8389
25785
23208
8743
17333
23321
13363
20676
12901
6841
24711
24427
19398
32210
11210
6457
24532
16512
7543
29776
9848
11288
18014
14284
7597
3259
12269
15865
4835
9515
20653
9923
23456
5342
10767
3693
365
25681
29545
7302
25840
11167
30268
32537
7254
1874
32696
9765
4340
20345
2946
21324
8237
17659
2996
20943
17302
10538
29222
27322
1112
29595
24300
26972
15830
6710
6175
17402
29584
8073
12001
15557
15943
23393
30107
3848
5219
12700
11145
31910
29073
11065
377
20420
8624
9649
23503
9411
13038
3210
30157
4209
21294
20777
18961
30336
7342
5352
25695
9271
5606
14696
161
871
26803
19241
6956
31137
5300
31319
22085
18342
8436
5607
22756
32031
4298
15587
2744
21646
8190
14850
20842
2949
2605
15740
13094
2838
24943
26908
600
29834
14390
25239
30387
26197
8826
24604
22392
3402
21011
25388
6901
22028
21094
5548
8012
21189
10051
32057
24693
10522
21262
30907
20358
7262
2077
15421
12082
2053
2402
16124
6544
24156
32330
20413
4894
32632
15844
17252
20230
31852
21830
29123
2208
6848
19757
29872
5687
11294
29411
23898
6416
3661
10342
21469
28328
26468
32710
21779
18238
29239
9679
685
1425
28438
24552
14723
19435
3255
8507
25129
23134
23920
31510
12227
8782
11433
27793
16666
13104
18578
21874
22511
25744
5137
4173
6799
24921
29951
30704
5031
30801
29331
23550
25690
21987
6174
10457
23697
2849
28665
18117
28050
1545
10940
29771
10965
24327
18097
8156
19730
8124
19337
1207
27551
26366
28237
3853
24569
3616
12695
19298
1953
13171
22017
25910
22569
19980
11998
30949
31118
11976
12072
15564
23240
4750
17082
17837
29856
10708
18367
27220
11970
14693
15467
2683
6931
14433
29929
15596
31556
3973
28052
10469
17576
23980
3433
3776
5698
26006
27836
17363
21795
2281
29739
9622
25331
29813
26577
18435
8909
25020
12988
25411
16464
4530
1696
17542
27890
25793
9164
17971
1944
13328
23902
4929
25188
20485
11699
14820
6862
18441
28450
20845
14327
24459
3306
14187
825
21575
16488
10263
20227
22984
11918
13807
8164
28203
31120
25760
27621
27687
6880
27433
25628
32330
6493
24894
31870
22405
28616
23530
9717
21739
14199
15737
28339
27830
27469
15509
31941
3723
22249
26287
5867
22783
1566
8609
12199
18521
18595
28817
9876
17049
7692
24
13305
9402
7673
15779
12958
13621
12430
32282
15326
8134
11043
30656
18942
24178
9532
4955
21693
13257
6587
22676
7212
6761
10324
31136
5568
19907
2882
16928
12198
20514
5432
27974
24150
4585
19355
10042
10347
7707
28910
15804
9394
28705
5006
17418
7809
22216
29855
11780
21578
2186
23366
9870
1135
19726
10264
9526
15448
24562
15571
1815
7620
28871
3148
12028
3676
25693
26281
28873
1422
15169
21968
19479
27800
16773
7712
14879
17635
27583
14174
4825
2195
1364
20978
19813
31068
5111
15443
8105
20887
5228
15552
16700
2965
29842
13105
21890
13107
28320
6029
16665
30126
10671
10269
28276
25529
17273
23617
17862
6605
10080
28513
23586
17089
22194
6183
7648
10394
1579
16363
30786
18340
13499
20079
18008
6082
8074
24013
1312
2
14138
27309
4850
10356
31340
21691
32283
7741
22917
17241
9929
32231
1970
17040
14375
6139
23849
11341
15560
17362
11954
12746
21065
21672
15974
6474
16434
25842
10679
1033
30238
27633
30897
20595
13596
20872
12928
27796
26708
29771
6961
11472
28910
21976
32445
31444
26927
24938
11587
28876
8933
171
3221
13526
25862
29386
25334
10423
11412
6606
16162
16846
29891
12842
8591
7494
19038
10385
19187
9359
11879
523
21510
22030
3070
2633
29321
1555
17795
15413
3975
11276
7423
6350
4827
4089
31680
24627
2034
27680
23876
24829
32722
22274
24921
20946
21595
2445
18817
26936
12493
21907
26011
10150
907
24699
13248
2017
15647
30263
14188
2438
125
2166
19422
18914
10380
11802
30145
7946
18146
14060
30731
26920
32719
10126
12326
3604
26526
12722
32078
21284
17687
31882
14138
2372
23881
20863
30718
16201
11398
294
15664
28290
12462
5232
9289
21904
10417
7713
17999
30072
27983
16515
30385
25847
18210
15195
26995
28182
26079
5660
1162
10749
23769
14939
24714
3852
18630
4739
15486
9512
710
202
26903
21587
1185
16995
28426
384
25168
4853
29875
28069
31936
9293
9982
2833
20946
15952
10631
15616
3494
6963
20992
13677
16665
21486
13012
25895
24972
28909
14601
12839
30184
29449
24939
26657
5342
26808
18663
5977
6260
25472
7221
21944
10941
25010
10938
5663
4071
84
8364
2555
20860
2399
11383
16666
12001
12843
4959
31677
30499
7719
31079
25326
12274
31181
24690
6931
11758
16853
8873
25796
546
2729
27676
16346
24782
23578
30636
17608
25962
30033
4904
10287
22503
3336
11958
7340
22328
25082
31605
1781
3345
12183
23904
14372
20207
23293
13430
8786
20568
27684
16664
15208
19044
10072
10162
562
15484
23277
22429
22965
10850
13614
22852
11971
31601
13974
18310
7116
24359
5187
30812
32503
23264
7847
6332
13937
25828
129
16317
30469
12452
27147
15611
28910
4161
31861
9789
14057
3918
2451
26709
7054
10967
31699
24392
30943
19106
31345
14767
5666
24500
7662
11101
8172
19479
18622
13122
26239
30683
30785
30863
22101
14171
8692
795
24317
26306
28905
21254
15398
24269
30580
7068
21754
9938
10536
9596
9645
2049
12545
7161
26453
26090
30691
18880
27132
63
28483
2235
21747
475
29732
26934
16746
260
24134
21569
25406
21741
3994
11605
13330
25727
6136
14138
21665
21081
16660
16423
6226
10774
5807
22828
28430
29390
16138
7373
8526
19167
14240
18672
4728
28909
18964
12281
32107
24103
19817
17715
24408
21964
1905
18546
1237
3566
17032
21750
27948
21879
27522
22419
30713
23401
19425
12303
4340
31594
13387
460
19979
13183
11068
30630
13236
10008
29689
32543
4993
21325
453
16058
14580
22631
11094
19364
22678
31906
12938
25241
30019
19505
29783
10246
12232
31363
21760
13163
13488
26821
15503
27140
15450
30120
14207
27816
20815
31332
4025
7409
20691
6397
29122
32157
22970
16324
29234
29236
7549
1570
1896
8683
18317
18065
19324
457
28391
6635
6773
18952
17897
6119
24764
23230
31844
224
11729
21437
2034
13529
24381
25527
18058
7103
30664
4774
12113
25325
30443
2922
1459
13302
17544
10420
17075
18590
1241
18724
10367
41
26791
11950
13384
23001
19900
27970
25168
30898
17306
11436
30789
5248
18541
16825
18893
31771
21055
25243
11106
3306
30827
31374
1888
17318
20820
24764
18780
19040
22614
30302
5048
10182
28669
28709
29556
29602
21621
20184
1607
13475
4674
19262
18159
19296
21809
14654
29637
3738
9103
9797
17300
31937
22936
14056
23723
9914
31026
1995
16945
14304
8668
5569
11193
16201
17633
28980
31510
7754
27089
16584
17521
16445
5937
22331
7321
32641
13170
24720
8601
23491
29216
27244
29072
25980
8540
19392
957
699
27532
12200
6106
28965
24913
18323
12203
10554
24506
26789
18134
1754
9911
6233
15605
23303
13264
19563
9706
19180
13590
25077
29810
8222
10330
4056
13054
28195
31390
22621
16062
12593
15305
15900
14590
18999
15007
16413
8885
31778
7407
24894
22107
20057
18446
16084
21500
30857
11653
31381
5003
15272
20487
31670
20856
19508
5286
19280
2436
12732
13382
4104
5077
16290
24913
27887
6213
2847
30124
18343
19456
647
15594
14792
11598
2511
11968
12673
12717
16460
11705
1411
6691
21437
7723
26
25042
1164
26986
9629
31437
16209
16699
14857
19754
28568
14220
18921
11353
28644
32354
14969
14004
15092
25618
9482
21334
16964
24500
424
16945
3543
16853
25851
29275
2356
23916
21867
4777
8623
15631
31623
4223
6633
14439
12712
30950
13978
32226
14033
28639
10382
25767
2266
12792
22510
6863
10702
21532
29889
978
21649
13743
28850
23359
25798
22747
17940
28593
30191
5412
12323
2558
32214
22595
14477
21681
26157
26929
15921
22459
26993
24962
22822
23653
14100
20724
16383
19849
8922
16200
4685
26626
25476
80
11366
20321
9388
3658
26725
23265
28656
24172
28786
11934
12626
25536
1604
29953
23263
13362
25571
19583
27535
1000
6579
15747
23917
27345
3502
19624
16119
10369
32753
32044
31688
23100
14458
22434
6260
22352
16944
18662
26036
10152
22307
27990
28355
18591
25110
7231
9991
13330
14651
18326
6900
23993
30269
1001
10286
6839
3971
19604
237
10095
5812
22584
32422
16282
16502
4457
2024
31894
6524
1959
3460
28161
3263
27792
25328
8327
7947
29011
30189
1784
958
6248
10600
31134
28365
20351
22430
16333
18439
26038
16260
22459
9118
12814
24934
28818
9187
32288
3790
19140
10321
2316
12711
29343
28109
14003
3746
2337
1068
16166
1753
3853
15606
29277
7347
26174
30569
25645
16391
32060
28097
5236
9604
22797
26551
26519
11600
29006
30280
814
7407
4738
7351
25341
12391
15017
2773
14887
18081
9237
19584
29854
11539
29305
4714
27870
20124
13891
30748
10715
18863
14891
27450
14647
12724
20236
6152
31161
32683
2547
32557
27131
30227
10358
6327
20322
31754
3912
10336
18771
13237
5898
9999
9380
20450
7011
26018
849
27884
82
19691
11377
28895
8643
24312
6248
14045
24929
23960
3421
2497
18092
14874
24559
12801
25931
12888
11299
6873
32163
16117
6817
21158
2984
14050
1569
27280
14323
19495
5408
31083
24342
17888
7127
17887
9004
7045
23149
23495
15284
21871
27500
4312
30623
22168
30322
15491
9639
29603
31529
10012
22243
31516
18552
29755
12184
4864
29691
3171
14931
3968
26033
18913
28980
9986
19445
27895
29069
10089
2992
6970
3500
4246
204
28217
12532
14382
8940
21855
18995
23198
25178
20251
12335
15709
20800
15677
13442
18033
27932
22692
22696
11573
7278
2070
22871
10329
13491
7791
1038
15658
7319
17406
2801
5140
24167
3884
19156
30309
16069
4190
14230
22867
11167
21789
25264
6721
5986
9845
20493
20542
5226
1690
3357
22223
17598
12754
15909
30190
29178
9870
5593
19282
24972
30938
27436
22769
14627
29944
24935
23748
1893
21832
22136
21962
17633
3948
2957
23119
24900
31912
15330
9070
12495
24975
5591
29141
19976
6364
19014
12232
17328
26014
9747
29801
4854
12440
27141
19510
27114
13543
21716
27347
7732
24549
4995
10762
16390
26702
3055
31248
22863
24737
13737
9993
11570
18633
29953
6095
2998
25341
11363
27119
3519
20453
30695
3829
19773
13822
18211
20202
28067
30783
18756
21530
2203
16381
24413
9243
21239
24076
2302
10762
3563
18215
32521
13848
6266
12177
28865
5701
13615
2557
5924
11372
22541
28076
4731
9600
4296
10197
17967
13845
25910
31817
9950
34
12288
22871
11950
1541
22429
749
27617
20167
29057
30977
23978
8098
9617
7471
4927
28352
26075
23460
16688
29510
20100
23354
16631
30353
16897
30948
11984
19135
5514
4685
6603
2674
25036
25532
31263
1488
19423
32059
25025
207
23159
4856
6965
9903
11102
11499
10917
22216
7458
31161
25904
11909
16651
18649
4740
29873
10575
28661
19631
18929
26505
8083
4658
17042
20328
27380
15959
19845
20900
1852
23493
3240
823
1492
1362
584
9417
3597
18712
14307
15980
23046
16843
16946
9097
31439
23114
18022
29466
10190
28531
25779
26650
7522
17468
11275
3642
20167
31743
31532
11990
28474
3862
29404
2599
5725
28072
23923
12474
988
17602
12187
4385
18001
6570
1620
3560
18789
12144
17979
12235
3896
27333
16395
18469
6404
10256
32356
6060
17149
14271
8395
19804
6011
29915
26611
29105
23898
10720
22330
4633
26017
14283
3959
16553
23651
13172
18163
15375
8419
27934
693
21448
26875
5709
29955
23699
13247
31192
9509
18725
20317
31294
17516
15134
30280
19005
21619
8252
18325
5025
677
12238
7845
91
23807
23660
3588
22994
17431
3558
401
12926
15966
14202
19423
19890
4258
7754
8924
14777
16343
25613
20400
20517
24598
10756
5608
4196
21734
24623
5588
2196
26299
5314
11821
16536
20924
22483
8443
23404
12745
1877
32694
25269
28605
5961
8876
28829
5104
10803
12194
11229
8705
3531
29630
18971
25042
28662
5285
3191
14803
24564
23776
27233
32388
28635
10116
24237
23349
2628
12050
2793
14352
20548
17308
9454
16730
5022
11305
25269
29686
16694
14171
22636
21291
20425
16207
31945
11175
1756
9413
18335
1987
12786
1409
7855
14600
5122
12785
1216
6898
12072
9743
16114
29429
13467
2441
25679
4542
12511
31519
2979
6587
18492
11085
2957
3805
5998
2603
215
5021
3230
3217
3843
30525
19601
19582
3878
31056
30752
2235
8442
26236
26088
18363
21038
29311
9282
8646
20480
29552
22390
30295
22286
25159
18475
4290
21865
17568
13858
25
29420
25532
17188
9809
29644
29897
2617
17057
10607
5731
14107
31531
25986
18266
12778
10718
9030
15030
13089
28827
23338
11512
21449
22678
13471
7843
28141
256
2600
6139
24909
8419
29616
23053
4182
24653
19233
8431
10578
19632
24370
23369
4061
27785
18561
31508
31384
13888
5345
17314
6433
28239
15605
14559
22082
12455
6142
5078
2664
10575
16881
24695
12887
16463
10189
10391
32285
15564
11819
20536
19524
9076
9750
1803
25932
21533
1054
29491
2905
10920
3496
31052
12840
10028
28808
17836
29511
24913
30930
31464
4742
19193
22764
10650
9897
1574
14312
30050
14943
21016
31249
2859
31096
21429
30660
19632
15954
15662
5762
21822
5012
6368
30786
15291
32287
15224
13580
13799
9026
8539
21187
226
7981
15173
28483
13039
8105
28207
20652
23159
5894
19063
20476
3665
6996
15931
20964
21312
17878
18181
16852
31421
9907
26286
17241
24311
8431
24444
3496
8217
17050
31630
9595
18123
27975
25466
26907
28667
25280
18484
8894
26077
2552
25650
5396
18992
65
6093
13853
13764
19135
9451
3133
28985
15389
19931
24978
11017
25214
23424
16773
20169
4535
20146
29855
25003
23995
16609
28319
2120
6486
14331
25289
6556
11551
29072
29312
25426
23208
26933
10775
834
16375
7718
16357
31289
12090
23599
18839
23544
11958
3020
23498
16511
13569
19855
18394
23179
30065
25794
27636
22365
20692
13646
18803
27581
15969
22747
21865
12863
16623
3897
14203
16069
15461
3582
27379
2885
16242
29553
30224
8652
5502
24743
11168
10179
13536
32492
10961
11890
23889
29797
4421
27842
31392
3059
4964
17991
8104
5209
28406
17277
11648
15010
27633
24402
31473
25533
24463
19941
4141
18795
26020
8334
19133
24155
17455
27422
32188
15762
11567
20072
25155
10513
21176
3072
27684
23474
325
1858
22235
12884
13392
22422
32449
28727
22816
20467
23171
8873
13283
8098
10451
26595
6908
28741
9821
7470
31902
9495
24573
14410
25242
8053
29999
20495
26741
11422
24263
6229
22462
183
3554
21778
24222
25362
30492
2242
5297
28591
24067
25100
16916
4611
29900
11426
7360
7417
9285
18793
28694
9271
4107
29146
25274
31394
11005
19112
20133
31268
28656
2466
24438
30893
4773
13020
27401
3703
15608
12553
14411
4495
11353
19756
10317
27281
17280
18800
30103
9906
25693
9043
32190
27396
9806
16650
18745
11510
15509
3617
17776
21530
8457
19299
25878
10540
22283
5625
6841
13903
23228
27094
24983
31897
4206
9042
18612
8914
18520
17428
13353
377
10893
32566
18623
12296
7983
20644
13756
30586
1759
9157
20733
19977
22393
19806
14661
16444
28926
23731
29397
27425
16082
2031
12861
27607
31016
14277
18801
26704
6842
30296
27423
5461
24253
17752
14400
24011
23316
8046
19438
3892
2756
10459
14709
12153
23720
21340
12460
24550
6758
31056
15494
29046
15265
13340
20452
3665
31088
29135
5293
7315
13839
3586
12577
15951
3285
29187
30570
4820
7782
50
13172
7470
27946
20138
2815
29680
24062
29988
9203
7729
12585
29209
1267
16853
1937
27431
25652
1806
18479
19638
22672
21793
31168
3291
8406
19566
25789
5501
30053
8619
4494
6582
6137
15984
30459
23163
5572
19192
27875
7808
28609
1318
14128
24918
7493
2246
15626
32214
7383
27926
16459
22467
1857
23428
10547
18603
22759
954
14942
21518
25944
4312
16626
26307
10531
1024
5405
9622
28140
6168
32447
3894
29886
4811
21091
30031
6819
9937
23156
4339
11122
19313
24750
13886
22249
11588
27602
27450
31739
7227
1438
26112
15979
6883
7420
13856
6810
29416
22650
7491
27550
29401
27898
23311
6035
14634
19626
28747
22070
12415
16951
7492
17840
8488
19518
8047
16815
31719
19716
29263
12475
16890
25190
6041
15304
11861
31251
10903
9223
1072
30200
17098
11010
9921
29948
27091
16616
24139
5102
10388
27941
28247
15035
28562
9526
24897
18917
24221
1468
11511
15408
12212
8655
5374
4255
18723
23700
28086
4254
15086
274
9438
18049
11122
3137
13146
14381
30538
23908
23604
14869
2160
16537
23778
28265
10404
1967
29383
17545
21266
9527
23036
3264
18735
32222
10575
29743
28388
25594
12172
32007
12782
29026
13820
18172
133
13187
19500
15350
4923
23984
239
29961
3624
30138
11430
27559
15684
11969
12479
19220
28692
26185
20604
30235
14473
30608
1782
5376
4389
22816
32353
16309
11871
14496
3217
6224
32585
2287
22717
27069
8560
13940
3716
7856
19459
30127
16941
9438
30264
24596
27187
4205
15596
21274
4609
5033
19338
17807
10746
7928
19501
1838
6332
15632
8969
7795
29094
32615
30983
14510
29848
3819
22959
24663
15097
13556
26699
28065
13823
28791
28745
25937
25130
27516
21730
14801
21522
25810
9209
8832
611
25089
20550
32077
28966
15744
22195
28292
8770
25896
21254
13031
28482
23785
18369
22529
12376
22972
7494
20151
21666
2264
7231
3104
20397
22313
26429
11415
56
19710
14239
19726
29754
20994
25014
3749
11814
28013
25639
30843
20333
22139
1680
11203
19524
26910
19310
7707
3241
21231
14654
19994
7840
3179
16098
9768
24003
29276
14151
403
13305
5013
20549
2015
22406
1762
22726
21085
10820
23871
14891
4095
7727
1096
8427
7018
17191
11505
6269
14157
25074
2679
7801
25841
18561
32151
28922
2322
11124
32765
7238
21230
16608
25599
2993
6555
30799
15499
8638
9117
29704
350
7048
3256
10129
17271
17248
15875
16243
1484
14008
11326
13885
3643
17216
20581
15051
17091
8014
3717
19400
26356
387
32463
11378
19876
23468
19691
5789
21220
15590
8591
19963
12851
7942
19023
30874
3313
9015
5047
24750
13590
485
2455
913
4131
12762
4510
4616
9817
2727
5162
17864
12841
26182
10079
12345
17389
1533
28791
26233
19925
16005
12120
11940
11300
12140
10348
4691
32156
2488
24749
31330
24630
10701
24575
14327
26135
2193
28099
7871
22208
18381
31657
5243
4229
24023
12997
14780
7744
9326
22246
4074
21830
20197
29731
16523
3994
2948
2742
27074
22113
21547
11534
5142
4246
12856
17439
13685
2559
31147
28157
25977
26208
16264
10921
9962
21742
3965
19242
27267
6150
9413
22240
12025
13599
10828
23318
25145
24830
17940
22742
26609
31785
29655
17665
26963
13213
29422
20127
21014
6595
19313
24435
7869
19361
11936
2770
24603
30285
13953
24246
6167
20648
18635
19215
21421
23880
8451
4953
9781
2230
17893
32371
27112
30682
28165
14511
27040
6835
6070
7206
22495
22348
22571
21326
14099
24811
9692
2510
5912
3979
8747
8080
19455
19340
9800
4632
526
25002
5970
4117
21255
21292
17855
27446
16558
30301
23549
23615
14469
31552
8281
19804
1242
10368
3617
7861
20227
25766
2565
6466
5865
24462
13763
993
17347
28700
9988
3750
12836
31275
1408
2162
25400
28870
21609
4807
12618
18587
27399
18394
11658
28332
24736
1770
2830
5960
28570
23249
15126
31034
5091
11993
7828
18752
26769
17872
28908
2495
2246
10079
20472
692
30679
30615
1359
30190
21677
27853
29895
25467
23659
22440
21560
29280
80
29048
4227
20877
4832
25801
979
9487
20542
17465
24867
21384
17885
25478
30977
18396
23895
18155
15249
31534
3741
7341
7124
23307
32081
29937
14378
24548
1392
11216
27670
26562
31540
14765
12098
10549
8761
24006
26051
21133
8158
22282
1437
10573
27886
7979
13706
15837
2688
23539
18679
1919
32283
31451
15696
31876
22814
10970
7293
31424
20319
10363
26797
5179
8467
4146
30034
5161
23534
10992
20844
20509
14219
26869
9995
6521
4365
32486
13327
25385
18951
22815
16435
28561
3737
22858
13386
6851
18140
4656
14024
5366
14208
30160
29059
8500
5556
10670
25787
11346
4678
30062
27480
20517
8204
32673
21620
5875
31106
19679
13849
4904
10676
13590
23884
8010
7263
17185
32586
23087
31059
12957
4113
13166
20251
32760
25122
7187
20704
16074
29574
12183
11147
10857
3087
26895
13866
9400
4320
14499
405
5951
12591
3394
2897
27265
20554
9876
6068
1929
20696
17200
30538
6087
9570
32528
15224
30490
18962
30273
7775
3118
3002
32735
8707
31496
16407
5441
10925
26079
21336
14705
6286
12334
20186
29919
9380
30727
15670
14678
1250
14762
3965
16942
7051
20822
26562
17604
13791
20319
27865
1319
7673
21121
2911
8980
1016
23668
18426
13093
605
21696
1762
30789
16820
11731
27809
20839
32631
24657
15383
12152
31791
12459
21952
10129
5340
29427
15418
30066
2967
16623
16897
556
17270
22124
17534
17181
29616
2004
6208
1313
5633
1795
2697
30727
5200
27223
7180
3650
31120
10758
22773
1249
10724
1973
29226
10178
26118
5190
31696
9730
7657
18417
29970
2743
22173
24726
32029
11746
10100
31313
22895
12703
4707
5712
12626
24479
15274
993
8867
31448
17591
24527
5080
22907
20040
7663
26434
23335
26065
20726
29582
3932
25117
9357
26002
8242
29495
15784
28487
21835
27019
29971
26641
17158
30793
8269
16967
31221
30474
23706
31215
19090
26294
4180
24777
28973
15781
5762
