15679
23834
21809
8227
14109
5743
10402
19136
24242
26279
11101
4013
13012
25291
10643
10343
27862
28021
4040
21103
2825
10047
27004
25431
25730
17276
13067
25372
10782
5414
722
8374
30916
26648
19859
29934
24810
31357
18970
10096
1883
10889
14369
10785
17207
11367
3698
7858
23867
23666
21579
23158
21570
423
10758
23664
19212
5210
17657
27057
831
23849
25244
17377
2475
47
30441
11803
30674
18554
6665
13310
28328
18366
31020
26368
11927
7754
20153
1542
28870
32572
9639
17202
26011
17649
27690
7164
31871
10688
6547
30597
22753
30952
27505
32551
6269
19398
32253
25937
20190
10060
17333
3730
23073
3502
8262
20723
29949
22622
10927
15754
10752
28219
23204
10316
3099
10758
9520
25123
22625
1301
19615
22849
25868
23115
26523
5043
449
21831
25493
14393
11541
25052
1639
6485
17231
12225
13111
30370
2671
7818
30366
26727
16240
9687
7689
10604
2251
3532
24160
13068
29244
3009
19942
24460
21960
5946
13665
1707
22015
2841
31866
18554
19839
26386
13670
31342
22457
17760
3014
27316
22264
22710
6860
28100
7071
1657
28320
27193
4273
28972
13570
22240
4503
1836
24880
24335
19742
27037
18186
8504
22976
16292
29044
15293
24356
18902
14332
7174
30952
18929
22461
17362
13981
4810
4994
30922
23827
21639
7983
4700
19671
30990
23133
22982
12795
9406
7749
12401
24853
12124
8927
28801
1418
10576
16203
15274
1293
16657
2415
11333
15458
7390
6370
7331
31080
31919
28936
30881
22102
14443
22143
19836
23109
28251
5050
3047
751
30175
28908
12379
7094
27231
25384
17839
1512
25221
14022
30184
22081
10153
14600
7506
27569
397
9470
5072
25440
27211
22438
8304
3568
16011
3928
19266
18946
15865
14945
363
26619
28663
6383
16245
31496
16526
13869
13801
15199
27051
31918
7200
24008
31880
27151
9558
1116
8040
9688
19456
11405
21383
32676
26463
15975
22353
6274
16214
8470
30930
15258
4729
30887
27758
10772
16998
28947
31698
24117
6744
14969
8490
2507
25593
6827
25236
21452
15992
14316
469
6458
27612
248
21580
13641
2200
22085
22308
5316
24927
22665
21453
6317
23353
124
10412
3108
8663
25567
2577
12681
4131
19389
20330
10981
1820
32753
8375
16774
9953
27624
6206
20714
7691
168
11392
22751
832
30737
30315
31463
27910
23907
10193
26337
15316
32513
17945
31462
19055
11637
32053
6770
30836
27571
7892
196
17200
29858
8664
4743
24760
14808
13834
29361
4406
16293
16396
24236
6786
31316
20880
5556
8690
4269
29128
20352
22642
10175
18973
1572
11479
7132
2852
5942
30832
19172
7630
47
23006
21447
29919
14869
12838
28485
4769
30807
30725
17912
5849
20217
21892
26517
26874
1008
17355
18287
21145
4048
6458
25148
7713
4516
15798
28956
3528
14877
31041
19927
16065
29168
4302
27750
19635
16249
9555
3510
18795
12196
2335
4008
23758
17933
32622
32348
8465
14438
6715
19119
3884
31002
10837
18946
3979
21807
30133
25406
775
10609
10255
3348
22550
29389
12711
394
62
15867
2150
19123
22992
14944
32557
3261
25042
29746
10089
12594
16957
31197
28904
22391
4201
28837
31723
11929
20421
23693
20860
7240
3275
8056
30209
21796
9267
29583
2578
19000
2663
25826
28040
4036
10040
3666
6358
8512
6607
7598
8349
9885
30950
25372
6010
7886
25400
28603
16931
4999
29749
1926
20914
14917
28923
27260
6208
9870
16770
14590
27574
29050
2582
30584
10976
31346
30987
30019
6339
9528
7340
6858
561
14631
21876
25324
24986
17853
14465
930
29989
12374
30277
2530
31487
20282
6527
27843
2035
13786
12905
23521
11324
5719
16947
19715
23191
23620
31409
3323
17820
25773
9809
22478
10061
30552
19535
15381
9968
25930
25900
19875
20762
28813
13148
27496
22029
24881
5183
7317
579
27537
23890
18689
9547
19416
6567
20684
23252
15043
15250
18242
27144
8104
5798
21762
12059
9143
13791
1375
17187
2688
25121
774
22058
29621
27873
2017
28545
27185
4898
1084
2136
25658
3236
16679
13452
6403
7000
539
19904
20341
12054
27104
21679
2607
29074
9901
31936
13516
20109
10642
5596
13924
19528
27923
18556
3413
18494
3862
22534
22595
27666
16895
24409
28765
28359
22809
15270
30946
30255
29752
6531
2020
11430
3740
22586
19533
24320
29977
14183
21791
14015
26485
706
24064
25737
26898
12345
17653
20186
1228
9282
3438
6391
2085
4207
5251
5667
31136
8258
23165
32020
20074
26692
1432
28584
9023
19281
519
10965
31884
18998
25401
29406
20945
29054
27227
4045
26698
22920
22046
28189
16590
27869
24506
14263
7415
26817
2355
31008
24451
19464
8410
9968
19450
10283
7704
6022
27025
2203
15207
17658
3407
25685
29089
27475
20334
19895
14461
22266
28676
21650
12374
30575
28387
20096
6447
2619
23229
31096
15093
29222
7052
11423
8963
3753
15408
2913
23276
10150
30554
28353
31860
16727
2986
30957
18143
27781
6932
1814
6511
26362
6536
30078
30504
8248
3794
27091
30678
30315
12223
6075
19025
16285
4737
13232
11264
29481
596
2062
31132
1906
13922
24682
15670
22484
28644
16166
23932
9947
17291
4418
21048
4275
4638
21621
537
480
29796
25469
11702
1583
7748
23731
3024
1005
32043
22242
31447
14166
5550
22617
27568
592
25713
17471
27062
25690
17991
12839
25599
11967
11162
25572
7136
18703
6926
19871
23731
6607
18273
25639
24791
26480
15510
9607
2041
17790
26706
4062
17042
25114
390
31339
22193
18346
4942
1256
25083
26319
12057
4377
15600
31896
2571
31396
9072
10485
2463
291
18045
18798
913
6264
11074
27668
13563
4960
31572
28344
13502
23628
10809
7772
25891
12396
5159
27367
10434
4364
31245
797
24227
24355
32472
27853
27044
21801
2543
27980
18202
21290
13055
22051
30907
12569
6910
2565
17852
2918
22122
19972
5942
15826
19666
15108
29646
131
12696
25455
24213
23379
31221
298
7469
25454
29757
16328
10542
30492
25701
30462
20679
27611
18882
26967
19113
25265
12819
23337
16672
14016
15810
5576
6275
14875
14695
11001
29903
13528
28814
3242
17039
23143
7610
19680
18175
10530
7082
6640
31600
26660
15322
19186
14318
14175
26189
4211
28961
26089
26250
7530
3441
663
2533
23661
5485
23245
29439
1317
17262
23444
18064
9728
13943
2285
5476
30245
19552
32614
10148
941
26420
13290
3415
4624
8663
26077
6184
15581
14316
30569
8810
12975
9461
8210
18265
7260
16060
11665
28835
1135
20211
18143
23847
21209
28695
26000
1276
12515
12698
31074
32437
26983
18240
27158
18915
6464
18378
27518
8924
17407
16082
22488
17339
8415
5622
1114
13992
13308
6456
17422
7514
1983
6821
3296
4569
6813
31029
29430
1161
21761
3827
28223
15204
7046
19037
7759
22151
20842
30478
106
32240
24384
31130
19422
7302
4580
698
26774
19545
26036
32169
13293
22572
4605
15821
1984
30257
26804
12186
14279
8211
24167
4276
31013
11321
20082
29523
26685
3146
20342
4332
8392
21740
11271
12302
7204
29394
21413
8586
18927
12533
22510
6358
5845
29729
18961
25523
21926
20404
3206
17678
16044
22435
27901
30500
31035
21437
6804
6378
25481
14388
19532
2732
3264
1881
11198
32244
5458
167
22538
15533
27021
16643
5393
27528
2671
14402
31460
19359
22715
6124
14715
16217
5708
7999
17579
5773
4522
26743
31826
26090
12251
6989
9429
28054
18556
10430
17356
21269
2064
29709
13563
12909
19607
3339
2949
19079
12387
24470
4956
18649
14119
31840
1788
30786
20817
24306
19801
22325
10649
21744
21525
22810
28890
27294
23031
22257
7201
163
15769
29497
18692
28429
9312
29968
15414
22934
3505
24219
11864
6437
9826
17064
23313
24216
28783
7570
1632
29377
4847
13669
27697
14254
26182
17731
20015
20270
4251
30727
5082
2704
18061
30247
12505
1966
1057
2783
17809
7979
20991
9356
11766
2040
27359
13398
29345
21533
21822
12561
20516
10934
17749
16741
18586
25403
23371
20781
29570
26117
4522
5662
32717
30222
28688
18345
7221
18425
22055
3618
14801
2642
29398
27937
23782
17174
15289
11561
28673
9846
30927
2183
19778
19160
14451
8061
29179
24095
16270
30624
4218
16428
18954
2687
29730
9892
12170
10117
27585
11764
16472
11553
11805
31635
28318
23843
27856
21895
6106
20586
2390
21291
652
19900
8293
2863
25649
2037
24444
25312
885
1892
22719
25258
19109
17010
18690
13275
24163
10628
1060
11177
3229
10787
31646
1911
10176
27995
4955
15956
8744
21856
14539
3013
32220
32376
28723
6084
25720
18196
19527
24584
31594
9024
1018
18055
18529
16190
6805
26938
14851
13678
19974
10016
10463
23410
16251
30341
25762
27278
2608
28804
8589
1877
15493
13771
23078
27778
26452
4254
31022
15652
14209
30751
24532
16894
19923
22732
7208
5677
18690
17993
25554
1803
13841
31328
9988
11092
23261
17734
20397
30087
3831
21279
240
17807
5807
27333
27348
15779
13425
2501
1597
24171
25685
427
19739
11876
30193
31360
17121
28805
30834
32400
24889
11811
11499
29553
15605
6162
29420
9280
30537
781
25431
16686
20280
855
3439
30779
26445
27555
2610
2882
5003
13106
23017
1846
17318
1851
16381
171
23924
2959
4364
31128
7070
3709
10044
21595
17563
13299
28879
30717
19935
23527
19704
2488
16207
18421
10989
24502
27385
17482
7998
4380
19714
22464
25445
18247
10207
16202
29598
13397
12488
14483
16121
21224
24682
24546
7597
21286
15325
9537
431
22789
10709
7390
5507
28613
10268
11953
15699
22206
30016
26975
11838
2907
649
31839
4082
13415
16941
7515
23677
21127
9671
23769
29280
23048
24838
11802
3301
6619
17570
9794
5811
5086
17813
14010
2720
10846
1159
26323
22214
18137
27018
20652
30169
24072
10247
25941
12984
29980
16120
15412
19009
3145
18776
29096
24426
4737
13016
22765
30093
18050
9428
1344
25860
10514
16261
28227
32246
25737
29560
13218
19824
19857
3903
17399
14520
24874
21862
27371
25310
25585
11945
2718
4243
1697
19555
1098
32318
13274
20298
5155
23629
27425
18010
9345
26057
19753
6671
23616
17710
15696
14295
27751
15225
15469
4551
24841
15746
24777
18061
31081
31628
3947
1446
19297
1819
23193
977
13829
2822
10651
5059
26499
18892
3522
14108
31310
22059
26793
15258
28027
14831
18363
14476
31851
32521
6389
138
6570
20192
7405
23396
4375
7148
14868
7256
5445
2432
5432
26760
15394
1511
4941
16811
11990
19123
10348
10498
4334
14162
6172
28301
25274
14818
2769
128
25331
14918
7346
20209
13217
15226
18847
6099
17980
10019
23155
12071
21266
30571
14214
6001
24552
13067
17527
32361
6628
28585
10536
29172
1707
20069
11273
24914
20678
9903
410
16025
13130
21339
13611
21602
18616
22007
3814
9154
16674
17500
6928
24188
17295
13443
13964
20852
32417
6810
17569
21351
11381
19799
29181
3034
3531
9357
10489
9808
8295
26109
6942
17856
5303
29806
1000
19526
18101
29952
2251
19225
15887
24253
23156
11965
31109
10353
31569
31610
2451
2235
20307
11788
15953
31845
22771
5276
27799
1777
18291
13295
3684
24948
14950
3294
17025
2984
24178
22022
28513
29500
18261
32192
3404
9582
11046
2132
23485
16092
25309
7785
1544
3479
21526
24512
31551
6522
10258
20002
32087
1722
29695
25751
11143
1725
13945
11993
3057
19248
20048
29960
22660
12116
20108
20383
4897
2968
21422
14247
9468
26477
15929
26411
3398
32086
30321
7659
25353
17726
7523
7764
11859
30991
20261
30384
23702
18304
23135
27291
21583
10543
4362
4278
27622
3055
5752
30879
18389
18531
20117
27936
25613
5580
21100
9894
19605
28703
3565
501
18805
9307
27373
3867
466
30489
11630
3234
23130
6500
25889
8970
4835
24524
6185
29815
26446
28598
2850
21670
14258
22262
19042
15653
31671
16800
22654
20932
1343
16922
9744
2375
22092
24438
14008
20061
3614
24063
5985
11478
12699
30226
2502
24336
21236
27952
2356
20402
23686
17744
3217
25501
766
30330
10653
8224
8897
26257
32120
363
3211
4977
32357
5447
1365
9018
6861
11780
32125
20202
18823
16818
17185
23346
28502
18836
13259
4994
15795
13777
12628
31591
28365
18797
24066
10774
719
29304
25588
1097
25185
29317
19392
18505
2673
27486
9818
8268
9523
9206
3640
12034
13414
6559
17331
19051
12506
12669
26801
22763
17199
7739
8065
1184
31199
19964
4358
14579
8319
29845
7704
7789
7233
1529
16423
2253
29118
13556
23841
2903
22514
18973
4758
10094
31880
26374
15387
18789
23896
2485
14572
1939
23343
25688
13525
22437
27086
23860
30802
11832
309
19167
1013
15528
13345
16559
31496
16674
4051
32626
8564
7425
10515
24159
28897
9559
31349
16461
2335
25033
30683
26915
32708
11681
31547
18320
21271
28446
28322
1788
1069
22798
22393
32190
7250
27295
9992
19343
8619
8563
29752
15422
16153
4594
669
17062
9055
23012
15027
8158
23432
8511
30568
2735
11395
7485
19675
27467
12305
18866
11364
32571
14561
19613
2516
31130
16888
14333
26110
29569
27991
7654
25206
16578
21976
10963
17048
31961
14426
14910
32204
25631
14365
6510
18185
19777
17007
27793
11672
22257
21897
27146
15131
7643
11956
24588
13005
3803
9136
14440
22027
10605
11093
28323
21012
18021
22907
11340
15117
14048
21016
32652
14408
20346
30632
24575
17861
13249
22738
30146
12025
30186
8520
22222
9935
24259
4591
11908
8429
29161
17472
904
20536
571
15598
4051
28314
27278
4552
24324
12803
16035
9954
9975
4781
2134
18159
3737
18085
25879
6898
22267
5767
6046
17686
6821
28552
25051
8921
5932
22202
15148
31344
13575
8588
14035
5991
16798
6032
11943
6793
4004
24962
1545
255
29095
27013
6426
9916
17125
4271
11308
18456
29282
24008
28534
18106
17463
2383
27403
13756
15661
2750
26381
28938
27786
2832
9245
17419
2091
24703
30743
25476
3795
30610
8956
16057
25795
19799
28720
27605
7819
24301
30694
13195
28191
12870
5336
32766
26157
23595
25147
13022
1966
10113
22002
9940
19900
16842
19202
24609
11171
4335
4166
12418
12602
5692
20324
21078
18804
684
24575
16130
18226
24679
23342
17557
13403
30089
813
7848
5935
17445
21331
5769
8664
19338
19524
28312
66
28356
20584
7408
14381
9318
9372
6474
20353
21383
26919
16927
11489
523
7919
7437
26242
14372
3309
30332
29502
15639
6622
9345
29156
4420
28219
28931
31443
18785
29292
28444
12231
12038
32057
16321
32242
19054
18049
2470
17999
14716
29230
10332
24627
30716
18280
22204
10789
32044
26633
22665
7407
21114
7249
26449
5365
1936
1756
26260
17862
10126
21712
9001
3057
5014
15963
8668
4378
26254
27485
16732
30284
17953
4193
13141
30865
17671
22482
4313
17344
14983
27500
3588
26519
13114
12784
4320
8969
24337
5404
12166
31193
8345
25562
22918
18536
8574
9400
12425
18892
4175
27800
21557
17441
27520
3496
9553
20260
32181
12949
17450
26878
28478
14844
20021
19805
4317
26146
7925
17097
17360
13540
6175
21046
8971
29681
13565
7381
20934
25910
27920
17456
4919
1946
10745
6262
4001
22508
21658
275
27277
7705
15736
21380
3671
6819
25699
3178
20717
10318
25434
7901
21972
9757
169
19970
20844
15740
11348
17632
4468
22719
27832
24687
28368
24011
32368
24562
3210
275
11126
28551
2072
17607
7562
16637
32477
30791
12248
9957
3314
19422
981
26092
10533
19629
23914
12392
578
23781
2644
48
16786
31802
22731
17073
22178
29844
24929
2878
12357
16135
10286
16296
1756
13573
22826
29455
7125
25042
9178
25335
4722
2105
31279
19102
17868
12414
13995
142
16407
21139
28101
4718
14119
28814
28303
21277
12851
13659
13974
3842
15578
27566
23817
23197
19299
24892
14622
12130
13385
2603
18354
19144
25335
30919
5168
925
10192
32118
10419
2460
18802
750
18799
17217
15164
31397
32589
15836
7438
28041
13781
25573
26703
1266
28753
28047
28213
8149
23087
16287
2880
18490
13992
11391
13320
7408
29599
19342
16185
895
25548
23227
4316
13918
25625
24146
2776
870
28748
29461
26296
20103
27367
1679
23726
11450
7244
27045
15320
11062
11557
29038
22467
5863
8195
6725
28462
22556
3653
24860
28688
13952
11324
18195
15580
6475
22669
13129
22275
6073
15062
9969
4794
28092
13716
30633
14335
10477
12100
1032
13526
8649
30408
5750
17625
5402
18189
27201
12783
29107
11755
1773
4700
11872
23116
26059
10234
15389
5521
5581
17605
26758
27697
20888
22685
17551
18851
15323
3144
25461
2943
13791
3511
1525
20448
1120
29066
1467
780
13980
19926
5405
28759
937
29221
9993
23108
4619
24766
4924
24046
23942
27943
19125
9638
12081
9193
12394
11998
23500
24467
27193
10054
15443
12033
15905
9524
5331
28894
20402
16201
23933
18536
20930
18258
8697
20339
98
11372
27389
10673
30481
18540
26141
23856
14127
7293
16357
5156
29364
16651
25637
11239
28449
3296
6284
13630
5303
14221
9592
18910
32231
31500
269
23343
6923
30883
12421
24143
15955
25867
21446
31066
9218
16338
3898
5609
19162
6654
18395
31960
12500
12275
25997
24397
18453
23191
4017
28917
14366
7091
6135
30609
16195
18845
1907
29618
18526
7700
500
18112
2244
11371
29585
31297
14968
746
15492
3160
18079
31601
20284
25996
29748
32606
29869
23499
28413
17073
10987
26287
15038
14958
20983
26880
26284
21059
6872
13177
5412
9579
27886
9423
11165
16082
13700
2799
16092
9338
21924
10631
3943
12829
8751
2505
10811
1812
10797
30572
449
2935
14177
20211
4863
20614
15648
305
27403
20551
10596
28685
8390
20593
19485
2179
5830
27785
18631
15851
6548
2891
17985
19070
11800
17227
20701
22806
9297
29404
8884
31797
16970
3889
17980
5705
6985
28354
18204
5934
26441
4849
25918
13045
28330
13550
32294
30180
24104
6616
8323
22973
5898
29221
32260
16452
20379
18499
12141
30459
6110
17023
32490
10288
5758
15399
11427
23865
4612
31211
24976
30207
6732
32137
17551
14777
26170
15530
26036
25850
14761
16134
29664
22766
26532
26575
28821
20448
17625
28237
22024
15104
7754
18886
25464
11620
2118
5280
959
30796
6552
10953
551
23722
26366
1879
382
30178
21213
9580
26989
16846
1330
26717
15877
27141
8140
20243
5531
12893
697
30385
8406
12462
13566
12406
30982
12761
17803
12006
10423
28681
14445
3620
8839
32313
21574
15267
6708
3319
25594
253
29689
27751
16556
13859
15899
28554
14313
24247
26815
5312
8738
14006
12286
6028
15712
29274
27707
20376
8243
13631
15540
249
22763
1220
16472
435
3339
14772
20697
22656
11515
13606
29697
14541
4093
23713
30537
6
3170
8580
27048
6163
24574
6053
26537
25379
31961
24377
28096
5288
3623
26100
9438
7074
18811
17265
23875
545
24631
13523
11156
26117
9543
31661
23597
28425
15119
9247
12472
26112
23969
30274
7166
20830
7476
5830
28670
15097
7378
6874
12860
785
10576
4940
2652
25742
15491
21234
32495
3722
16561
29768
29837
30479
10310
25178
8996
19234
11720
26853
30095
8192
20493
4025
1899
18855
24236
17761
13606
31384
10929
7430
29272
4316
12181
9105
23127
13381
18541
4112
12038
10742
17761
21339
14829
293
30048
19191
17295
32032
30738
6970
5367
24718
27662
29872
14229
32248
19790
18622
26440
12680
6111
12677
27324
10256
733
4361
17910
5965
26527
11155
31533
19310
10543
16724
19932
11728
12285
27466
15381
10508
19924
16232
8728
3635
7692
32753
15396
24408
13826
23077
31373
9039
14789
30751
23567
9909
10514
27134
16994
20016
30851
10819
29966
24056
19203
16762
18049
23191
24453
19741
3935
26349
1782
28085
29721
17270
13935
24642
10433
21200
2480
18141
10013
18295
18890
25756
2810
24276
19483
20662
2242
19830
15743
25831
12881
16543
11717
27414
32261
6402
28512
20022
17428
17099
8031
21098
9763
20192
27040
6252
5396
12646
23872
28719
26911
18824
25941
16067
16420
5747
14816
31610
5695
15781
23805
2121
19614
18024
30813
26992
4751
11929
12022
8285
25821
15534
14073
11726
5981
13048
20485
32567
7364
18468
27034
19299
187
2312
3536
8797
18486
1949
25673
13457
11265
31559
24932
5423
24987
13917
30131
31696
26184
5349
20912
18780
98
18591
4523
21547
27376
9798
26119
16234
24442
22546
2982
25025
29211
6529
10402
32562
29655
24663
24894
23109
20271
5859
14620
24674
4851
19333
5296
30078
8024
31085
28404
8954
10570
20133
5981
11719
2051
4946
3086
22479
221
5687
17485
20624
1380
17018
32563
6410
6064
17067
27303
24284
18674
21762
13965
4778
1612
13544
26682
15809
10214
15801
555
23294
30270
10953
21495
14060
6591
6309
1667
6956
10390
11163
14453
18714
18113
32636
16107
1965
3176
17568
24172
18591
9841
11819
4127
10446
25935
5519
10042
20451
11802
30546
27326
29489
485
11538
30562
32736
3916
2246
32204
12362
588
13638
12551
4261
1624
14
31026
14051
11944
28734
15989
12758
14549
20198
24634
29592
23971
1153
11417
15146
9245
28607
27667
16731
27368
6536
21892
11499
7121
27197
32339
4593
15784
17473
6892
122
22609
10168
9072
26227
24344
17294
12458
18633
5445
6075
9542
6094
8432
3270
30525
8927
16407
9352
11668
28484
21486
10291
26182
30295
13942
30611
30847
3816
3665
23955
1802
1505
5333
3586
5901
10790
607
12439
32500
20415
5354
7475
16811
3641
25824
11623
10768
15945
31791
18230
15016
31411
25504
1308
17808
10346
6757
8015
16567
18937
11248
31300
10827
8737
22540
32373
4465
27076
294
7522
5945
7426
21739
10197
31697
9121
25369
22891
3065
22706
5774
15696
694
13681
17574
20554
13131
9070
18115
1017
3941
14826
21037
1885
23958
27268
541
30872
13316
24853
18452
25589
2915
6872
13937
13354
32288
30926
22851
30682
2015
20832
4444
8286
22824
17735
9639
7621
4957
23465
32443
31769
240
10628
16559
26084
7634
2128
14128
12275
1071
8160
18386
21082
4440
18314
24228
29369
22273
647
2311
25533
11436
7068
12992
15849
30053
9210
14667
30102
28080
22884
18802
4664
5568
14223
15135
27364
3049
14542
24431
3087
27480
2543
29959
10905
770
13663
13995
18442
30938
2453
14349
27675
11591
16046
1250
6008
29397
8021
13883
21444
28203
14566
29203
1245
12861
22227
2340
24418
27842
19782
9984
10355
14057
22280
18524
8888
24135
2721
27567
19621
14868
10945
12284
21500
24728
21982
21995
25235
20704
22815
22303
10327
25781
10873
1988
18065
7887
19992
30311
104
10565
11008
32267
21671
6216
4852
15993
25793
17681
406
28375
19731
21784
22225
15996
21096
16775
4212
14339
2242
29422
18207
23198
22360
17720
29283
23981
32219
2014
14373
21136
32509
20058
19267
6329
5172
9439
7547
22533
3771
32071
26760
30028
18907
26701
21133
13623
4712
28412
12727
337
10126
8295
13086
865
14542
10139
26861
2808
1347
32210
963
28998
42
3305
15193
28465
7841
22036
10852
6569
12975
28881
8637
30773
30597
30234
14015
27090
13059
11231
4336
19454
4222
1203
15076
6160
6337
18374
31327
27338
27473
29971
29626
10801
7414
14810
7304
15772
24438
2385
16761
3084
22180
11671
9086
13499
16025
25833
28717
13816
18242
24344
6504
30257
18715
12090
20537
25426
14137
1440
9985
7246
29326
17929
7890
22778
25193
19989
9241
1058
30268
32765
16000
15319
29858
25984
30738
11270
15264
32545
16288
30543
22059
5007
19044
8723
2795
4965
14565
13263
18495
25875
794
681
4481
11548
28626
23881
20875
26243
6996
1770
13946
24447
20802
14769
31410
28278
15811
9021
16162
29481
14816
3967
23241
30765
14127
13772
17272
2202
3759
23600
29658
3591
14068
17670
29363
19125
9604
6853
24421
17418
24448
19997
10168
12609
32135
6723
19162
16993
9943
9097
19877
21355
18357
25649
17441
24536
1808
23427
5194
19010
16225
13085
22035
19554
32469
20107
29866
9018
21166
30999
29950
19347
25062
9698
1407
25258
6934
30260
15140
32551
31127
31249
8115
5710
9703
24333
30013
16761
30030
353
21223
30662
3265
4925
32497
4109
11014
20064
10736
7957
24089
25575
28510
1543
10191
7778
16213
17698
21945
27181
5528
26289
4171
14334
8659
5690
25917
28090
17700
14329
20786
22925
2265
5260
3224
23353
29308
27888
8143
14254
22797
2732
653
19164
8078
8268
19073
3013
30917
3601
11574
5846
6205
24295
22843
12919
29838
4503
27265
481
32478
574
32260
23087
29608
2046
10413
28088
10428
6899
21879
16797
31879
5737
20178
8606
19093
27468
30533
1586
2388
22239
30038
8406
29979
29105
22190
677
27754
10958
28281
4393
24948
818
29452
15729
1242
7555
7882
12643
3514
30207
22600
26452
17128
22195
9647
24534
10619
23533
28514
27089
31884
7413
21985
12502
21050
19704
7918
1455
4593
26693
32238
5435
8173
16828
15249
377
25081
1154
181
4322
381
32250
18568
26620
3767
17393
15853
300
26953
2841
2082
22219
4596
16825
19103
29565
18851
17058
23617
23742
8619
13413
31143
3006
24913
26819
30429
26735
25741
20581
13367
31452
22541
22222
23168
18108
30333
14989
8788
1351
11014
13751
10955
12616
15636
2708
9048
6516
26973
18585
19696
27898
3103
23958
5742
30299
16552
18225
22582
30844
6684
30867
29464
25082
22899
18529
22136
19133
17601
31470
12716
28624
954
15535
21670
8559
9589
8431
979
22370
13168
30915
17218
24458
30165
5697
23817
23226
19707
20461
9957
31688
17456
22644
19232
15587
16822
16029
6328
32550
30731
10620
7869
18542
31853
9449
5883
4969
9886
4656
25561
26096
7653
4362
9601
8599
14165
29900
10817
17026
2385
6623
15921
122
22608
12144
7703
1599
16606
18792
4487
13088
17124
20127
28751
6858
4648
5964
5906
14174
20503
20417
3890
454
4803
29525
28147
25672
23848
29601
11998
15195
27827
24559
3428
22714
5
8431
8644
15544
31476
7340
17711
31187
3026
22207
297
30347
13810
24770
3634
373
25961
12040
9638
27531
28690
9611
10978
7366
10197
28966
28584
22255
25128
261
6085
6834
6357
13401
24560
25332
2046
4176
19446
10854
27999
4676
20
28506
19668
29235
18852
10710
24091
26991
6909
26599
2010
20886
32404
1080
3044
12229
17767
10979
18616
9
29851
8327
13387
21782
13923
32667
29703
8252
21029
24578
13843
13718
28632
7391
12245
24709
10929
11434
26037
7260
14078
16260
8228
17757
8018
6087
12765
21989
23778
20706
29547
995
20271
2148
6124
21134
22245
7510
16148
27736
6147
31182
26741
22813
10045
6849
11261
25761
9887
18969
23488
18745
5490
16135
29431
29384
22371
6299
30281
28141
14050
26258
10570
22395
26313
13423
15682
24618
18238
19149
23855
14476
29146
6899
15117
31042
20747
2217
596
23407
18102
1610
21443
21869
9761
14107
11868
28607
1297
3035
27056
26183
10287
3483
9564
27065
3760
19152
20948
5456
24885
6823
13919
27840
18416
10904
6243
30315
27657
2622
26595
17879
10304
10598
5446
2656
11475
31846
29786
30250
6818
15024
20632
4442
22929
27558
5802
19846
11822
13744
14122
28009
21140
9100
9901
5340
5775
21478
7936
5378
19200
18217
1457
18626
31875
16276
7121
5498
16720
26512
23289
25585
7775
12865
9099
9614
18384
10843
8250
14792
16521
9015
717
18398
7457
38
32287
24776
28157
1541
8555
32109
5304
27409
30918
11542
2248
6397
5869
2083
20319
21826
27713
15101
10896
17335
3856
15691
17331
30561
22806
2409
21770
1420
32324
26645
5797
20250
192
9324
29314
29724
9772
15382
17401
9631
21035
24509
9815
18888
27169
22467
5834
9764
9787
8500
28029
1081
29616
22265
29187
1121
19526
15183
3833
4824
10007
30072
26855
13075
26261
22448
23656
5459
26572
16739
10123
10875
5863
29085
17016
10782
11510
24002
11095
16093
31470
24703
10605
19696
26097
21760
19336
1794
30928
29284
9630
17730
11983
31598
4529
21175
23464
5757
30709
9427
21714
25022
25141
12620
16386
6048
24179
22055
10995
22408
29903
2070
20579
26311
13482
15107
11870
32201
7434
14573
20926
30094
25664
23283
31475
26974
25289
22702
0
8377
9587
8644
4038
21902
27328
30138
14981
10925
3983
11786
25504
26237
12025
28278
160
17906
31098
12187
18812
31674
1873
22473
15896
12215
10793
22034
9483
4786
504
29601
26533
23118
22824
20302
28465
14650
3061
14191
26487
10155
32534
22000
2693
4106
27039
25254
22959
13289
30246
20448
26581
23868
32548
9535
6372
12230
27295
31944
31391
11985
26886
22072
6816
19234
7005
13463
32153
3372
25753
14864
7136
12164
27214
13824
1835
15765
2183
22861
7576
2709
15605
1273
28144
5304
19789
26359
12588
10403
11499
22845
32056
22819
26043
14106
5368
7967
2137
7370
31113
13771
26487
17736
8393
1823
8832
31331
29977
15496
17274
19220
609
18397
29745
31759
29781
30868
3730
26264
18935
28982
3157
14744
25181
4368
6623
20720
18101
9772
20582
5901
21894
31615
23382
9404
13113
5988
3315
4928
9175
15945
9792
13475
12820
3496
22048
9801
18317
17210
13244
29131
6734
1127
14372
12290
5015
14848
31545
25185
5088
21552
14282
30344
14362
2736
23293
10263
1080
27963
8945
13504
5870
22594
4257
5793
19128
8672
12556
14544
26655
4880
403
23095
19768
286
29602
4770
11885
7003
21394
11798
21631
16661
5838
21093
31692
29638
21813
8959
14542
14732
29120
22283
1509
985
13925
30134
24150
28268
26427
11467
2707
27264
4318
30085
445
10819
5653
31649
1127
24713
16562
31414
21661
10434
22970
1481
12068
11049
3270
27932
27140
20799
6825
13896
23620
7800
8019
23179
29429
308
28406
16227
6002
12272
20071
7516
19173
26302
2758
18726
6925
6386
13409
4842
21567
27423
214
12254
5291
2370
6264
25112
9441
11580
21236
21152
14740
27014
10037
20936
669
3104
21124
29120
11074
11722
31476
12133
12217
16759
20733
7514
11240
14335
29799
17754
1903
3092
8297
13260
8936
19063
25363
24984
27245
27243
25577
28730
29019
2667
32209
27669
31574
25880
12335
2313
5774
4725
11086
3399
11072
26966
31746
24164
9343
5398
6795
25773
5684
13193
24765
14523
1124
3889
11102
20295
12209
18869
10960
5951
2852
2702
9967
15896
16169
1540
14909
3687
24027
28761
18493
7339
11394
12612
13084
13933
9818
27553
5270
18316
7319
11622
32280
10706
6053
23513
1058
4810
23988
12288
6384
5078
17012
22361
31321
24700
9245
3276
14071
20225
14771
15838
3720
18233
5768
4135
12692
5021
1794
23302
9297
18590
10910
27027
18627
13881
28469
6357
21543
6092
20863
9782
13202
30248
1749
16947
9174
28647
29755
15192
165
23552
5789
21868
3833
31384
16473
8425
18098
10267
20478
26287
24449
18060
17491
31736
9478
20761
20892
4751
22069
19955
23576
22845
5118
4700
31694
132
9005
3330
28042
30608
1423
2699
5410
30059
11862
10353
29949
8816
21950
27152
16086
30210
12273
9213
25022
7294
2856
12698
14688
31085
6420
10471
17033
6655
26492
155
30952
11189
19495
23668
16914
19293
18428
29643
2504
16451
9576
18027
29565
30630
22016
5027
17683
21609
21352
18330
28390
9995
1907
21219
21771
25049
32651
8273
15834
23906
28500
7437
2473
16684
18060
1765
6107
25765
24118
29927
32026
15452
247
20015
28384
10097
21184
8957
2108
12619
23469
7179
19411
7048
14893
29725
1829
17466
16484
12249
31505
15440
205
2009
28059
8786
3620
14591
2286
5458
29315
12040
11165
21535
8651
15716
3630
23739
27461
23109
25049
8207
11913
4087
19597
7646
22431
6255
26164
31992
26213
22310
6968
29616
1328
9512
6214
5263
29366
9063
9042
21322
17196
1878
1499
22002
15531
5555
27760
26219
21208
16292
24435
6175
1476
5638
14621
30195
10257
1794
15554
19579
20567
6625
13142
25705
31173
7457
12593
16716
6156
31432
26895
14455
8824
9976
12379
29758
23136
23748
6317
14185
20673
7490
17041
29922
28454
9441
19850
4017
1995
19197
2390
22314
12545
32689
19572
4965
28628
23533
5092
13807
30188
30664
20526
703
30385
31511
933
17772
22451
7230
5613
26269
16456
326
187
30144
19575
14128
14812
31487
26388
13193
32377
9583
3885
5183
25497
10635
3237
4531
20455
25570
22559
22287
17078
5132
14877
13530
3138
17378
25961
25034
23352
12015
4277
15833
17273
15905
21374
19354
8731
27588
18998
21454
689
9137
17825
26419
27085
29635
2432
12956
10435
8331
24173
22854
7855
29253
31494
18794
2745
19978
2125
16143
21399
28487
17743
26914
26708
21869
3588
25800
7760
14826
18807
755
12425
8793
806
3124
17432
25333
13228
30416
5631
9556
31901
17173
13857
18258
23474
29166
29586
9803
6438
18870
24081
10893
30047
23882
211
9996
22993
2402
14979
24920
4384
23585
22150
21965
19076
6890
19331
3081
27762
23158
17187
4004
31353
23843
20245
24859
4714
11151
28502
29452
17595
7014
19887
1961
19501
14456
21119
615
26797
17423
30394
502
24952
15999
30514
22134
29315
12030
19733
10216
10522
7606
4023
24802
29639
29721
9106
12679
26997
14197
23180
16055
3029
20936
27000
20867
2305
23765
22238
6884
16480
9079
18175
24492
3785
19766
18708
8380
9707
26648
2519
4984
29420
17593
3908
32376
22608
22686
24993
20096
16157
6855
17852
30643
17212
3715
27764
30467
32547
28809
15226
2028
15025
14915
4953
25186
345
28525
14004
5384
25475
27103
14031
20386
26415
6055
2386
12749
27612
24411
11081
29166
1448
7854
30062
28776
5048
30528
1451
2834
5594
23995
25051
17640
1385
7963
14289
5632
13682
20557
24219
30656
32276
23548
32007
335
14125
8872
31079
10313
17971
24824
5778
31159
17247
20561
25131
24382
31249
13735
22566
17558
18544
21139
24455
12606
8784
27814
1133
10862
15194
24318
4944
29006
7270
27158
31111
29029
10284
13794
3853
29524
21276
14876
11652
26564
4746
217
14458
24221
18190
30559
31468
32376
9771
16698
32264
4184
26414
16781
15671
29588
14169
20135
23387
3608
14657
17366
15701
3278
4981
25984
11723
2134
21088
19311
28200
25085
8561
17773
22756
27885
8057
28177
30981
14241
21076
24536
15078
2460
32203
16503
6711
26971
25017
5744
28997
16008
9069
7396
19835
25712
26192
2472
27945
16567
22471
31131
19077
12874
12891
30518
22512
27798
31768
20324
20858
4856
1074
10388
18343
10356
25583
4109
18292
10153
1728
29058
17301
22276
32177
11495
8961
11573
8708
16003
6320
23007
19225
11589
10403
18068
7058
13147
32294
9216
10676
21761
30546
22372
1807
22935
2517
23623
27489
23287
25846
28264
1720
24325
29907
4086
16087
12168
10989
16387
23515
25656
12263
30007
26654
21271
25227
12481
18268
23301
18446
15763
18708
15503
20885
28623
14897
29961
6903
30844
14826
20444
1733
8574
21991
8736
23432
1477
12709
25710
17993
6596
15643
7919
26199
6181
16030
23481
17988
9915
13314
4956
26161
18360
20226
18359
15179
27424
4321
16657
18582
13437
18770
8549
13546
18645
31894
16892
571
14553
29924
3905
18973
23391
781
22226
9094
11282
12896
15315
5590
616
29643
17799
15638
13525
1092
15393
893
31807
4711
18391
5177
11185
26465
1593
27500
4179
5900
2497
10100
3482
31579
30635
32623
18876
32505
14342
766
32359
31533
27660
1866
16818
11521
7855
25925
23380
1443
25460
27955
31251
23051
22404
13160
23936
13790
14593
6739
18402
21907
2198
15803
19568
3028
26962
9033
19907
5671
12982
21575
16522
9421
26892
17575
1664
6634
4091
11079
30107
17383
2905
12147
24454
5909
576
4012
11602
10899
30820
9639
25449
31857
4515
27545
8643
16661
13278
26290
29788
16862
31496
6887
2021
3848
13180
27637
5817
2256
20116
4003
8724
984
1399
30023
19327
3276
7730
18059
25231
3910
1803
25969
31439
25583
15377
2965
7675
2536
11000
28339
28271
3944
2340
3688
19934
28070
20484
3901
23623
23545
21409
18145
25381
24125
10103
23990
231
4730
17795
10639
10399
448
11165
9657
18942
30805
25352
11320
13696
10515
9800
21586
4324
8203
6451
6738
28639
18542
18251
13446
25873
2478
23627
14730
7992
16352
19200
31688
26276
4965
22106
15936
3819
29641
12483
9861
12509
14827
9647
4104
16570
13662
373
9369
21667
10512
11101
24107
12111
31529
9722
21976
25343
7222
27066
1061
8372
27015
19899
22150
1951
3797
29408
15909
2265
11049
25893
7135
13140
15608
26415
11663
31762
6547
7208
24720
22164
29631
969
11645
12694
13727
31928
24891
11257
12763
16661
30522
5633
28667
4431
26871
4800
6164
317
5830
28114
16807
7018
11726
31051
10694
20144
12117
2030
5240
23048
32062
22432
23903
10912
4047
28
31640
24622
14520
14823
31971
27525
5969
4487
15364
31589
8740
23280
22121
11160
27051
31039
9484
10810
30811
20138
15515
18265
29665
26807
14551
8894
25515
15533
22330
27657
16554
2120
9436
26884
12886
10929
17303
13873
7411
2477
2665
30117
25875
22293
1307
24601
3165
19078
5920
27711
2956
9049
17856
82
3515
1750
28022
25073
28895
3748
26262
22573
12181
7044
23858
13281
6174
16448
24639
12866
29863
22749
27636
28086
2254
8728
29555
20714
2147
25873
11691
16414
27499
2881
10621
27844
17259
11953
27933
1866
30179
31342
9404
17204
24
28472
9316
24941
10262
24698
16675
13535
16118
15743
17771
21825
22621
31458
1209
29744
6981
12358
21109
2178
4096
15944
24601
17367
3961
4274
18070
1648
14270
20721
16116
17733
2491
7370
20024
5713
5192
5448
26762
22321
20583
23033
20375
8685
4806
17498
12341
1046
13964
30607
17221
11281
25938
6231
30174
178
8302
16704
23720
22285
28536
1815
30341
14984
22535
8611
631
31541
700
3219
27838
30303
12674
13492
5952
19811
27411
1383
302
32449
32703
27219
4581
5491
19305
6487
2834
25214
22738
14530
26138
29894
18970
13767
8377
17190
10883
24363
15593
15552
3449
6209
30725
13202
7887
14360
32046
21835
2124
26867
5870
9820
20582
7161
9243
13137
5709
25902
21502
27746
20267
21410
28085
24389
26794
6633
9942
17223
29880
6858
19797
2971
17031
11835
18600
29682
2263
12942
13864
15180
1399
15845
9403
269
13833
1003
13232
30803
3591
17350
6378
25991
19971
21063
21057
6706
24627
5220
1573
25362
24108
32233
22404
7278
9198
26730
12526
24742
5153
22140
19192
1294
29086
30501
29150
22780
29233
32144
20076
23328
28317
8453
13854
22804
21473
22809
18054
11572
14778
10786
20462
3760
17001
5614
21311
10208
10166
1205
5921
26327
6453
14923
6244
15418
20424
11162
22943
15443
31333
18512
22038
22113
26650
3285
7137
5682
4942
28800
20811
9204
29257
1034
10617
30281
12535
21571
3148
27289
14312
25859
30087
14252
9372
22628
20277
28280
5886
5678
19269
32055
30766
1939
120
26813
7811
15133
20093
12297
29393
1252
19802
3610
31463
28420
19469
3588
27996
3662
8819
9538
12940
3902
23146
18510
30429
3885
29746
11631
12871
5576
18970
12754
18707
17089
22360
5341
10722
965
26168
32192
3314
26285
27001
32589
14493
23544
1267
3593
28450
32121
2430
7299
27048
11597
26640
20964
1152
8464
24613
3784
171
11600
28004
13388
32412
25922
14463
24936
5694
25268
3931
6784
12345
19011
10353
3893
1138
24526
13684
29313
25040
16171
2355
6403
9030
3352
21698
20887
30222
13428
16340
11306
21810
943
24684
8909
24145
15999
21941
22791
25504
30676
2605
25968
24367
18447
24841
22907
11118
13166
21206
31636
9455
21707
15708
26475
6509
8327
27335
2191
10254
21441
5129
9022
30437
25547
25210
24444
25019
478
13505
2658
1551
1804
11000
441
20571
23671
15883
32199
28313
13249
26209
11625
19462
9155
5567
22626
31270
32130
2153
31731
11016
27998
12682
5548
8395
15501
18133
4225
13921
18120
12141
2080
26003
30788
23042
22146
28229
26596
15933
8128
764
25005
3423
20521
7837
30074
22053
16529
26488
24049
8174
29931
17284
21429
16671
10523
492
8413
29895
8197
15819
2214
29567
26858
24116
22372
5013
3828
22390
11967
13417
26383
4510
25115
30998
28667
6205
30552
5717
30879
30571
8124
14239
161
27147
15661
16274
1843
15697
18340
26518
15408
3458
9950
704
18279
16379
21589
26615
6711
24181
22894
18261
32604
14215
32244
28367
23816
26732
15045
16921
23861
13319
17611
27076
28730
19236
17454
32170
23965
27137
3016
11915
22313
28429
25818
13048
16960
20207
17149
31600
11122
2506
29787
29130
6222
1472
8734
18386
11127
29365
13609
6455
20219
6997
29446
25765
22753
18264
26400
8238
24065
4868
27699
27886
10009
24564
27136
11759
31772
17177
6981
1610
14797
5118
28652
655
25997
336
24451
29031
13169
20125
16364
12152
12952
8028
29782
27273
5052
29486
2156
8167
15878
14179
3019
23047
9767
4544
16826
29036
7076
18559
30997
21707
113
27544
8331
7278
7874
9023
27402
27862
4382
18350
6262
27812
28853
9764
13985
20922
15859
5934
28280
18845
14165
18981
12666
16669
4732
27128
23407
20281
19328
32555
7254
18237
32390
13088
16031
13869
32661
22678
7578
20326
9381
23919
24624
3203
30201
2486
19409
1150
14511
12256
17325
15895
1942
12882
18471
378
28223
548
2694
27932
14935
31525
26862
20966
30515
16671
26256
6805
18349
604
29725
16993
4655
17256
7296
7900
13069
6169
27084
286
10520
28109
5747
29215
28784
19187
24250
3684
32665
10189
1641
17630
6865
17523
26311
32015
29089
8220
6341
26734
15027
30105
3962
781
16867
24866
14031
1913
7320
4949
27260
23009
30805
13692
22835
11899
14219
25359
10266
28452
20658
23674
27263
9287
9111
22303
16840
25855
14584
3743
14760
4736
8270
31573
13465
25267
24554
21028
31878
32288
11075
12659
19399
13585
21391
8053
25171
4084
9872
15790
31537
16130
12209
21939
13872
11550
3921
9009
18904
14848
23647
32560
4512
24466
17447
20633
19554
18074
23659
26102
7947
3738
23478
7290
12183
19700
11245
30785
27709
1874
2855
4568
21222
11589
11966
32000
19684
21805
7335
3247
29409
16472
12030
6232
19733
27246
30181
9836
25533
10252
27535
8225
13256
6319
11928
29298
23507
28628
13976
16487
5463
22877
14071
2710
20001
32055
9219
28650
30211
26170
3647
27555
21706
20560
18430
13470
31855
8666
2353
8663
11154
5199
1406
14380
13347
20518
10386
17764
14947
32759
27831
11375
24587
7901
32681
18159
12234
1566
10661
32760
23797
32270
10948
3092
11131
22064
647
25227
5143
18591
21939
23521
30921
11436
26207
6559
32134
15561
21067
6999
22831
29606
2931
9442
12992
17561
16100
23020
24266
13123
7631
12979
4387
3697
15580
11787
22235
21056
32192
25766
27763
30085
14098
24978
17482
9835
3674
25603
20824
14942
14444
28243
27166
21800
5108
17991
22493
2906
21073
19092
26119
1006
8871
16801
1523
23850
4911
1423
23252
22728
7378
12663
16876
4947
3319
13298
11005
19156
16793
27359
21761
30894
27548
11360
17178
17095
19297
24870
32204
2024
7064
5103
29802
2919
7765
6732
4814
1027
102
15016
24397
4623
1765
29574
13547
24787
15113
18442
28106
30511
2113
13755
4585
31617
132
14215
24075
28361
15074
31240
14068
8971
96
9477
23771
28917
15106
24124
29469
28866
23337
26974
12335
14942
10015
2396
18902
28875
10481
1761
29082
7363
11901
31
30072
6815
4043
26063
22743
8055
12193
18803
31165
6539
27217
24799
5699
28641
26326
25335
17990
25904
32287
8634
15712
8701
11435
1408
26902
10756
16982
19839
16211
16601
17523
14740
20758
463
13850
321
30055
12057
15043
15346
8335
31791
18196
7812
15240
22388
21496
12807
4019
30485
18417
26563
6857
11572
2735
11898
24340
18246
30433
27885
991
31929
7755
1441
23083
12506
5145
18403
6563
3063
12659
29194
27090
12224
2129
10492
2964
2803
30865
2292
14026
4153
6983
13186
82
21579
30804
32467
23607
22360
14906
10802
4132
32171
21550
15311
10783
31625
20079
27583
20339
14424
11479
16453
30702
27911
9135
16208
26957
425
3784
22852
1781
28259
24263
28925
18916
9097
28865
9490
29926
15620
1032
15958
22796
1271
16964
26533
15962
2466
3525
4829
17600
19078
2583
12074
20812
16585
4823
5255
23453
18141
5318
18561
12187
9053
32028
62
30565
15159
13087
959
8587
12048
20467
22114
30590
26596
2228
18603
30788
22253
32450
22339
19312
27847
27228
31553
24658
3025
21361
20393
3435
31190
19634
12338
17443
5357
25836
13645
11455
20381
17045
12642
16013
14405
7589
4957
10337
4027
2983
21097
7493
13108
21007
18171
22893
23908
13006
5395
29545
742
26404
3007
19870
19933
15541
7648
15351
31964
2272
22576
12760
10499
26188
30852
3156
14187
28867
2639
19615
31173
29508
11368
22214
16957
15443
25613
2205
28325
3220
8487
15609
11983
21400
22479
3872
2618
12023
21266
29310
26865
24479
9457
29338
9137
10603
22444
12104
24394
20728
17473
26911
14151
11188
12847
12845
31697
30263
9343
5866
1745
25815
30725
21355
27733
8822
14052
26840
2613
12703
17744
10016
15094
25554
19352
32491
12270
23323
355
12241
13993
18921
15929
9929
28044
25886
29510
8420
11192
15459
29275
26171
8242
27838
9782
12581
27712
24934
8195
5550
15638
5846
7715
32069
10417
5152
28715
2741
20996
3716
23600
31319
6226
27457
26946
21125
21979
5035
13110
30801
29114
20350
11177
31863
18702
6514
27713
13457
13144
8719
32310
29834
9764
29891
15121
31829
15340
29490
10932
28127
8761
6861
667
24386
13067
18598
10849
23867
15739
28546
27014
29150
16799
29744
8815
904
9134
9242
16046
8214
6756
31258
12420
2132
23720
9615
11684
4024
21101
1967
1850
9297
19670
6943
17196
4858
2461
31169
23200
23507
1461
29901
16830
10994
25390
29475
7351
18773
26202
2527
17926
6683
20014
814
2550
30708
3050
18273
15204
1751
7677
23616
1478
19955
4642
28321
8300
11751
29392
6713
18182
1845
9169
25521
7015
9460
29232
6396
21640
16326
23385
3049
24272
11530
20348
23284
20882
3667
29490
15458
24024
5400
9315
32653
6751
11949
18023
14460
20706
11377
6507
18870
12443
15434
8471
16472
2568
17742
24174
13926
30699
31939
24821
12127
6548
18250
29463
8980
16994
14935
26056
10937
17032
20964
16233
1085
11533
11879
20971
24535
16151
28417
31800
11234
19560
31736
6862
21226
21801
21863
27565
8199
10470
14900
26996
15721
15067
15171
25031
309
2926
3817
19187
31888
19196
14500
7381
248
6616
22793
12536
4059
2449
14845
28157
26722
17268
27432
16960
10126
30802
679
12728
11911
32132
22017
31519
17201
15147
16221
6227
7935
20412
17138
7677
24588
3261
10430
15984
4200
12489
24187
29652
14255
730
13775
5507
10977
13000
21187
23731
3693
8972
24182
7254
16015
32714
21011
12350
4572
18191
28160
26501
10780
9815
12632
28204
18263
20818
26012
31234
20787
13799
4773
16071
2685
12666
28381
28050
8965
11114
8111
17264
7087
14558
24124
27470
12487
11714
21584
14105
16021
16140
17812
29731
21553
6724
22789
24265
26777
5699
5796
31059
26113
24891
28015
18971
32618
20471
21905
17650
1142
12900
25302
25535
10107
20817
23393
12905
27094
31091
9889
20983
8834
14252
10369
14070
21225
10892
23775
10011
15865
3353
18240
14890
30075
24267
2754
25110
20896
19675
15954
15978
1757
16574
20766
16103
19961
14316
4941
22895
21093
18661
14062
22306
23243
31094
23855
31942
24553
19000
976
4716
1440
7003
26327
3664
10824
20129
10884
26370
71
19117
24967
20675
26082
17278
17265
27186
28499
27703
10089
7208
22299
30241
5920
12512
18585
242
3591
26203
14556
24656
14527
2
16822
23185
18640
7054
13073
17605
12447
19749
20102
8182
23450
18117
24876
7086
14006
3814
12206
8634
7451
2651
26785
20270
32029
23930
4372
32425
18799
26748
8040
18394
2707
25383
14434
6211
9365
23466
17022
18749
9465
7368
17286
22333
11506
16184
15460
7765
19413
27212
30517
16382
24012
2002
31646
5652
17103
28472
7523
22306
464
19443
22837
20448
11318
17184
29644
22010
5517
7276
3894
22547
13180
29234
10863
12042
14839
11492
16177
5244
18357
19884
29197
25226
14053
19539
2235
220
26141
3169
6831
8933
3475
11654
12268
15209
29839
15160
16925
18749
6944
32670
21474
24911
11279
32173
4712
6630
19217
22161
13628
15146
4928
7758
4193
22758
22988
25511
3232
14733
2286
28479
31263
11899
10014
32254
28981
16766
24198
31414
13693
23445
6326
31494
20265
18679
665
895
20121
15959
3240
22278
28205
17255
15197
21881
1623
9883
23531
11670
2036
24111
28972
26136
28892
31339
27867
546
28343
3366
2307
17633
9235
10889
21943
22638
17332
26389
20228
23537
30251
30439
3876
7436
15787
21051
28916
119
19479
816
13993
24039
32607
203
2238
21301
30733
15165
24880
21180
32283
15721
14062
28931
10248
1953
32139
13724
30763
1968
19767
29515
25670
21022
18157
27499
31582
175
2286
16526
7626
23085
18285
31844
31627
10087
23948
11486
19675
22906
27271
23698
30984
25935
20271
27234
8067
30821
8091
1112
14132
27345
23834
18901
14353
4739
3179
22763
751
23498
31793
19207
31640
19227
20385
25811
2333
19470
8574
32090
28782
29097
21319
24686
15655
3041
23727
12358
11437
13918
12109
2668
20346
17535
661
29655
21685
11934
7175
20563
13318
25749
26534
26922
10664
10624
29868
18173
14528
23749
10876
25331
10221
21586
18904
29462
11296
11302
3668
22009
13742
12051
1034
24990
5027
15554
26000
6552
24922
20727
5671
4205
29258
4118
3125
30782
12323
31975
16374
9898
7962
15254
29294
4079
31872
1534
24738
32082
11162
13606
14087
706
25773
1036
22843
30648
23128
28578
20979
30561
18726
22551
32565
11263
9572
18263
20167
27021
23344
213
7911
23457
21715
16008
5948
19095
15185
16179
3597
15340
9534
2538
19889
29160
10194
2770
20038
3712
32320
27944
14246
23930
15172
22149
16279
2514
14587
26464
14402
16989
15096
9428
25319
4524
30356
12195
23246
27955
30085
27772
11393
16298
1715
377
27960
29364
12615
19692
26261
15295
24068
14683
10897
12331
10970
4809
9143
25774
7352
16695
30096
7159
9123
3179
16734
18577
9477
19696
8972
26123
71
11870
31334
27990
16801
26332
21638
26734
30513
2018
2446
26940
23627
19524
25245
26556
20241
1900
23547
19291
17475
6630
22423
9123
11608
3875
21428
21529
1229
18550
31199
14182
29885
22883
6692
32182
19378
31001
26241
19038
13243
11581
667
21697
24510
4585
15280
4212
8976
25333
31949
8352
10051
10869
21313
6824
13375
14466
5969
23564
16020
18494
3373
30606
12303
30226
4643
32147
7820
27450
10771
9163
25866
25220
291
4116
21253
27220
13747
19100
26112
2028
32404
6982
16737
8170
372
22096
22657
18450
28061
23602
32516
26190
12000
20681
21350
16627
19659
19892
14295
25670
18979
5119
19785
319
6286
254
9415
10637
29839
19068
6920
3289
15799
17942
4676
6991
7962
16353
32326
12635
7169
9299
30403
12464
21726
352
17386
10895
6277
8931
6460
32582
5528
20032
29342
5879
16451
24903
18348
6042
16426
22620
2385
15429
31392
32725
7572
12715
3354
21668
19893
7140
19427
22582
23161
10604
6417
23451
10946
22381
10167
1510
18530
19265
32604
6615
7985
25906
21420
16055
12894
28805
1134
20612
15362
5304
22966
31566
27387
27655
20572
9697
13047
25397
2732
28580
25295
18056
14687
17857
29975
8214
4299
21382
20211
19263
7766
21004
24875
24955
4656
31510
24450
25686
20802
9019
580
18616
25441
16200
1567
18282
4552
22752
24115
5846
18885
13925
19564
29198
6066
14876
21520
4368
20007
15499
14996
30281
11630
26150
2740
13655
7991
19499
19907
5907
23181
21707
28479
16079
1033
9866
32424
13532
7750
9960
17298
31312
24212
19521
22522
2565
14833
18162
15574
27365
15925
17853
7407
14181
2956
22895
12787
15952
553
15295
32710
8390
30777
32122
23066
4484
3094
24541
26687
6502
26302
23874
6972
1321
643
9472
18974
24694
18948
3724
26768
8732
9051
18404
2988
28062
15256
17197
12561
3565
9839
10138
31798
3446
9773
18833
24062
3935
12272
28169
23180
19982
24
23863
24920
25324
21241
2153
27522
15208
5586
18226
21607
24382
9219
28615
8307
27641
25722
20137
9782
27062
23407
16772
19897
23852
1105
31063
23058
15081
2048
10198
28982
8158
9020
7181
22031
29470
20830
4677
2254
21731
3909
15147
16771
32466
19092
15919
30954
31104
20763
15147
29576
19252
21650
3909
759
1007
22157
24854
29055
19113
4268
14348
19430
20446
11538
8972
32136
18761
25369
12892
29354
23280
19524
18625
13579
4448
1398
2020
14012
20794
28769
23546
16178
24558
10560
27300
11930
27079
1225
26900
2924
10536
10845
7538
3651
4885
7811
3966
8172
11508
20884
11382
32188
28565
1720
25146
30759
23409
10000
30126
32655
8751
21813
6240
29530
2413
21730
363
26439
27324
6893
3483
21250
29932
6524
10961
24566
4747
7285
4777
18786
6568
18998
6235
687
10460
7303
3551
6145
21900
26060
1109
32012
3944
13952
27555
15913
23863
14046
21856
18344
22231
18657
24305
14184
127
1647
1777
27814
27464
28625
29143
18963
16108
24167
25042
24105
4301
3994
26104
26046
11321
23569
1184
23770
12268
28456
25868
4550
9430
4766
15436
28261
29215
25229
350
27591
21097
32160
11418
25596
11861
1408
1614
13862
72
911
18597
28882
9583
1497
6349
30345
16384
2120
7000
20641
3779
32279
10211
9305
24018
3976
24566
32294
29853
24538
11564
26439
9520
28533
27284
31135
24761
28265
15702
26052
30020
4886
24730
8020
22730
18732
26789
9096
9578
19671
16709
3595
10998
1587
27504
28684
14769
14598
15912
7570
2647
23726
11937
25871
26462
12376
25510
25913
31612
24435
6201
29973
26985
19045
4474
21076
4326
18300
11210
2531
9470
28711
17199
20158
30604
20070
31482
13061
7677
32383
10408
30545
21335
6387
26119
25672
15226
30896
3738
25199
27559
12680
11325
17472
23614
19170
5900
30333
10188
4783
19586
2755
15172
7328
16862
20578
23437
16790
13771
28524
9277
13147
17727
14860
25509
30863
18340
10265
30733
25829
13878
12523
4672
24975
8876
30574
332
6646
282
31860
27523
24751
18710
19280
6341
24746
12826
21664
12802
28333
3881
27498
6650
3841
3509
6251
17223
876
23489
14251
10142
30047
31043
5205
17490
4207
14540
30406
16409
8457
13162
22756
7699
2914
13262
13489
8712
11950
23722
8480
18930
2194
3677
12583
187
11483
20434
18709
28231
25968
16037
24102
2229
3717
19080
21588
19170
786
16358
28273
13359
11652
26054
1139
30085
4274
13041
29711
28566
23826
24151
32649
26213
26157
20143
3786
3592
3152
11614
1715
21676
28293
8346
10929
3547
30913
28879
15505
25338
8799
7489
20118
11542
28877
9204
31689
7136
4742
201
31377
19957
9792
10217
15747
15971
614
32614
5755
11113
4296
7200
4076
23167
4754
17894
28788
23958
24698
1758
7348
15777
31550
18983
19294
11860
78
19900
16271
12076
22213
27548
32096
15791
10398
32296
11448
31989
31781
25548
7780
30311
427
26081
10089
22471
27006
1746
18072
21105
22041
31614
18532
32736
16023
21470
23793
28531
21870
5864
21613
16753
18265
21939
30115
29516
26262
31195
8909
16674
5714
21287
16554
16521
2658
10345
5073
6284
12083
20390
2117
31473
19972
4471
5961
17086
16722
23471
16246
23547
19860
1854
17162
22712
29225
13654
8323
22354
18063
1996
31085
7667
14293
14528
23416
3928
14931
21888
8141
23767
17304
8362
21666
6560
8356
24465
25868
4931
31832
5858
29461
4978
10794
31368
6159
28424
2333
5324
32552
1611
4849
26817
3646
6766
27542
5087
4340
7259
1255
13038
6661
22703
10901
3622
3800
9477
2657
20628
4437
29303
3215
20159
15352
26978
4247
8332
25635
29290
25117
4703
22201
20670
31267
12675
17128
12701
24702
30668
18246
21786
16774
23162
21792
13340
3090
16481
24078
18344
11172
9031
32715
21859
13024
24718
8772
25938
2627
32019
15343
17637
30481
24661
12382
15156
3727
19162
32020
21128
26995
3022
10391
23325
11161
14830
10183
2854
13303
29604
11629
24594
2259
27251
6167
9486
21555
15766
29220
17099
1174
26596
14363
15489
26081
17655
22849
32308
18076
29069
9834
24630
32094
2862
8975
1005
25222
4880
27809
28118
4652
30775
11293
202
2648
3296
17889
16000
31089
27424
15294
29012
20728
3273
30030
9030
28790
6797
25223
1606
31922
13926
11409
12719
14120
17717
26837
22801
27063
31657
599
24627
15002
12898
19781
28760
31897
17750
30928
29378
20352
628
21306
5237
9425
27528
5168
14141
31926
20319
8539
29682
28473
32299
306
4603
21943
7464
28690
6161
10386
23936
19344
23109
25895
6765
18446
10565
4096
8861
9356
1755
10058
12506
20673
950
6537
22506
14698
10861
5258
26036
12003
7105
16537
421
6644
16419
15349
2642
29421
12918
27265
30303
12021
18453
28092
15519
6047
23064
22771
1916
16574
13267
30134
14234
4219
19104
11400
31159
3492
8927
26074
29654
26695
1594
30523
19868
28800
28462
28873
6138
28559
19910
24299
22540
5933
2474
21570
14657
31521
25945
20444
10941
18702
9907
21419
27643
12943
10426
16182
19639
15749
15001
17039
9227
28336
28646
32133
17112
637
17956
7962
25959
10271
17292
6456
26704
29409
29453
15519
17563
30139
24977
20770
5926
15651
130
32275
14150
6949
4492
5884
8369
31158
32677
8335
13468
10054
18763
8672
5664
20884
24589
5586
9698
8902
8525
4303
24819
13497
19524
28349
9973
20118
6471
7469
11136
8358
22088
21973
5828
29287
11423
23872
6511
30431
29707
6596
30673
15152
14067
5813
20541
25453
19442
18392
8371
10668
10387
8474
20413
21340
20825
22146
15511
4313
2819
22629
6802
31550
12557
24537
7098
9339
21882
8043
11959
28071
3537
27669
21489
6039
4454
29290
19960
16815
3290
19476
12578
19192
20197
2432
5750
18803
12883
984
30152
2989
26957
2866
27430
22676
3546
17671
27507
24969
7078
20198
11346
6838
14081
31081
17222
28066
25898
12137
16407
31234
6606
23918
18039
22739
15820
28009
27365
5541
4923
10918
22226
21050
6830
8700
30722
18511
23990
21063
16182
7610
17065
16664
12808
16053
19874
18346
21526
12922
29385
11288
11106
7696
24021
23246
25593
26980
21199
21565
22227
15003
3096
8916
30715
15271
14765
27947
28655
24088
1450
30849
25674
4405
16909
12136
13216
7756
9149
191
10410
8006
11979
10977
26787
17278
14327
18204
8433
22228
8054
10597
14344
16125
10482
26697
1420
25373
5331
8487
21941
12695
24253
19613
15352
14371
17753
14144
30948
546
32601
29328
30538
12591
16822
21035
9376
1015
31548
18752
10407
16202
26953
15431
16460
11634
27090
6895
16332
10179
11942
22104
28
24179
13815
1923
15240
21164
11286
23047
7578
14048
6782
3845
2621
10589
2068
11357
24610
32033
28333
11298
14947
1263
10705
16460
30055
5282
17087
32429
31493
11458
15792
2343
6636
1109
19552
1563
27714
25847
2507
32036
4491
3373
9012
27654
16333
3319
4716
10209
28657
20644
19793
24235
10605
19946
3733
19676
12576
1846
7105
31595
8061
22849
11385
6650
8684
18148
22273
18766
27501
14125
9728
27137
6271
22962
15236
17275
2624
9509
9543
5918
31957
9257
17969
29633
23820
1124
31005
23904
8512
7126
20704
7441
10622
22633
6535
19770
27365
19913
32481
30210
27219
21877
31806
19973
19006
29975
31093
29516
28639
32529
14636
12412
918
8536
31827
8781
20618
22149
32498
20798
18320
27945
12837
5000
10574
6497
22372
19280
7072
17579
24840
21792
11834
4088
15371
15000
4751
15363
26384
32097
2802
27616
31395
3683
21755
30168
1729
17720
4909
13940
27035
27616
31189
6616
919
12982
17205
20306
27800
8354
12002
23347
3711
21393
4203
31454
18674
9506
12603
3870
604
1954
2497
189
18996
12091
5582
21330
28803
23400
18494
23130
13984
21676
25050
17546
32062
29316
12157
29028
5033
15770
29558
17673
3149
571
32302
28238
14968
26379
14859
21265
15713
23544
11923
5838
15464
30060
16085
28525
14495
1991
9988
15454
6026
5900
32102
5096
19235
28378
14956
15038
15137
30367
3107
14804
21370
5640
30923
1648
23591
15804
5316
28804
32295
26697
20402
19259
6598
10078
7385
978
21023
4412
31433
6825
29152
8807
7744
12954
3405
26529
17484
10889
1416
1048
28592
30012
20751
26591
5513
9069
11654
19099
32049
21534
7863
15999
22372
32557
24279
28538
20641
20008
9226
25262
8915
30562
24362
18981
27185
20295
22468
16575
16739
1004
18788
623
26854
14059
26131
29863
32177
26989
25117
4881
793
28296
27928
5248
17394
22476
15393
23590
20215
4120
2409
2823
4716
6322
11505
17837
23297
7319
12945
542
14842
19984
4415
29195
5773
17030
26510
23882
28299
16535
24949
135
2627
13418
11090
17462
10148
15935
5678
24523
24737
3914
20803
15662
20698
2241
23739
12393
15992
20788
6587
22436
19032
21533
7072
14164
27501
24504
7817
26287
14687
21780
18197
24675
19064
7786
3950
19335
10433
24495
1414
20690
8808
5477
16032
20491
31077
5558
9235
2496
13917
10179
32074
4411
8903
9530
23312
6834
11853
23078
18442
31166
17269
5900
25221
25614
20352
10547
17267
19549
403
11587
22191
27041
1300
28690
2185
16006
15191
20922
27774
13594
14458
24303
16711
8906
1933
5263
30230
18573
31222
379
5404
9055
1556
15014
14158
8433
31011
21867
25961
3231
96
23588
2611
18594
19821
28920
23044
10119
23030
4852
21382
31199
3733
14685
15801
9273
20723
14661
18234
20813
15665
10589
10948
5242
3718
14346
31991
4211
31529
10171
1880
30261
1905
25977
21658
28732
5178
28096
21020
19958
11404
29581
10930
888
22135
32184
16040
20848
27457
28292
23812
10586
15044
10613
8716
8695
32273
19297
7944
4091
23897
10442
12105
5894
3342
1643
7786
18134
17989
16401
982
6331
7775
20908
30602
24907
488
30374
1053
2646
22207
21363
31229
10525
2423
23914
2043
17598
2558
29907
15626
24819
31612
25921
22339
8444
7038
16418
1069
5850
9300
17812
30268
4798
11959
20346
29591
1729
22192
29391
16926
21205
10165
19259
5292
3324
5140
9444
23961
6584
31637
30855
10884
10434
1370
28103
27983
27134
20747
22469
22122
3759
17200
24560
9301
27368
28894
21279
3168
19267
28310
17629
8374
21204
1642
32003
22425
30048
6497
25485
6127
25035
12317
24230
28414
28880
32443
22277
21364
27637
24571
22140
6570
16573
2977
29902
32041
29727
3099
1730
25454
27191
14179
17269
15338
22076
12071
21492
8525
26290
11304
266
8196
480
6368
29527
17920
9861
16231
14754
24506
17607
3735
2417
1652
9068
14959
28118
25537
9548
15285
22667
20039
774
29407
18753
9156
19699
29236
32566
1103
18776
13103
26886
21217
736
15140
18115
7955
6985
29477
12871
23593
13917
14119
457
2384
4388
24673
14511
12068
6488
20213
31395
22133
6425
14034
13545
23627
19170
13273
29168
