13262
10714
20908
9863
17522
20719
1452
29190
433
14135
262
23719
30215
24271
6317
5532
18858
28070
16172
22615
20751
4586
10052
5283
25776
2752
31191
23789
26125
10552
8965
3810
5616
23936
31380
27200
8182
9304
19349
2533
32587
26821
32580
29485
8373
11786
28465
12154
26068
5588
8861
9236
28072
5813
31527
7220
18003
30419
5288
14683
27680
24290
23643
15848
14789
6479
9025
26090
11749
20926
12227
16947
10713
26807
4762
18862
3504
12188
17132
5362
21876
8415
17847
30742
7087
26737
25715
28359
9518
20606
14067
3737
23045
26199
1165
29595
20436
27568
16506
23342
18760
26635
9599
24855
20196
28276
13517
4818
17665
27503
7207
19753
8979
3887
18242
6150
12335
10248
8305
29830
26826
295
17538
20814
29124
6529
11746
6434
15525
18185
6920
4020
16678
6694
13329
28857
28659
5476
13224
1346
17071
3434
5929
9034
3384
17708
6662
19339
29741
6753
105
22935
11438
22072
29979
31267
26979
30278
32420
23462
6336
451
20404
19747
22663
16119
30401
16194
17038
23791
12530
23462
30402
25972
25660
9851
1644
2878
1227
24142
9395
10340
27043
3618
16482
279
21639
1472
27372
7824
12569
11342
12462
22087
20292
24867
18035
20838
7383
24282
12349
10365
8818
21669
17731
26487
18342
10724
13622
3533
8792
8183
29384
24313
21862
18000
10095
5934
17038
29900
5222
22598
5003
16451
1270
25340
24192
7518
13811
28763
27034
9640
22153
16246
20977
13032
1593
11098
6576
17583
29726
23873
24950
25645
885
28424
20732
31304
6492
4579
29431
19440
30682
3408
2112
4268
18976
10825
5682
22393
17934
24254
13395
11733
1785
19778
23863
15639
1452
27909
18082
20993
20908
28162
1261
664
28609
11641
32171
26163
433
20128
28044
5075
6991
19350
1409
23218
26804
4760
25376
26911
2509
887
26699
21896
18198
24905
13836
15833
932
3167
20164
28933
4201
6264
9093
22241
17588
4916
4284
2617
32759
3788
3603
22814
30925
17663
5525
8061
32059
26192
1555
12278
2102
26990
1223
16106
20582
28404
8760
982
13354
3410
18013
1248
9948
6411
10245
16560
854
15650
21367
10881
26549
30670
1109
11384
32349
20341
22214
9268
22589
21464
5075
3494
15444
16268
7442
20515
4211
19881
15234
25015
16197
6086
21943
13501
16270
4132
20791
9132
8368
27689
8995
20276
16499
4880
21530
8842
3589
25824
31578
29184
32320
28058
29992
26584
5420
22711
22643
13146
10437
14545
28596
11812
16638
30625
14616
27586
14597
553
12769
26494
1481
1330
28937
17529
17850
19961
21801
21499
32207
8998
18842
22024
10190
10749
26330
10292
30152
11224
29233
22200
28386
20437
148
17348
18780
7372
16585
22807
9675
22404
12492
30670
4009
4390
17010
6777
26384
31217
13132
23924
6083
19504
7118
24949
16750
25449
31152
15457
13615
21464
14741
27748
27732
5659
1003
320
23655
6959
20754
28645
19560
23707
2240
17475
3929
15595
12452
9564
18432
19552
28233
24477
6632
17894
24638
26990
27561
22598
4724
5640
7785
3997
4583
27270
24227
29453
25472
18751
29223
10930
25146
26452
10082
16856
18565
16517
18912
22891
26856
32073
16399
24238
23017
32541
13894
6704
6449
1820
31493
11005
27116
10960
28799
16913
29295
2888
14165
12818
23837
618
30373
10046
139
14987
25923
7074
21218
25661
30790
23436
11397
32360
23239
11844
7668
25757
4837
30455
23793
6054
30732
25076
3297
29794
24184
29211
26228
19664
7156
657
648
5993
18920
4281
19531
10419
26770
25184
24224
11027
18324
23608
20677
18658
22447
7304
13874
15556
18894
11809
21956
15413
8006
26516
23578
28773
3932
19106
3392
28998
26120
30708
14730
30435
16376
2829
31171
13555
18392
29308
30343
5294
22737
6230
16110
16607
10831
28387
29291
14395
26888
13720
16883
23025
24890
2629
3169
8322
7731
6800
6681
32467
8983
2466
15339
4993
8414
24096
20795
9844
19868
3165
31071
9399
16645
28878
29769
3718
31280
20158
30310
2985
29339
10050
29637
6657
25200
31856
9852
2657
6662
21708
21576
16287
5291
4867
6003
25578
10401
30172
12027
2141
30822
21611
6640
25301
2360
27272
542
7680
8921
18815
14828
28599
23696
16649
20868
27022
31600
21627
1844
14249
1500
4158
5908
16849
12363
21375
11754
25286
1865
25127
842
10711
31423
21262
24322
23217
11891
11883
3509
8053
13266
20624
2245
8461
4334
25812
21878
31167
14531
3280
24401
13826
22718
1998
20935
22417
8064
28286
13591
3775
24799
22251
21106
7690
15149
29870
9052
7154
8637
2401
20565
1804
28836
14679
697
24658
28093
6282
3557
16317
23280
981
13211
5910
32179
6756
1960
5897
16336
27496
14019
27259
19817
11279
13497
15389
21562
2483
5575
14913
18463
27730
5959
3309
20694
15678
7056
29230
17669
1557
7447
29871
22143
31732
23770
28810
21443
19176
20478
23134
8902
13733
4278
31906
22770
23931
22120
7993
5230
18053
14603
19782
31392
27684
17364
11585
32752
31147
6929
8011
23759
31580
14677
5566
21496
7060
2005
23561
11766
16450
22034
16315
3559
7325
29880
20445
895
2839
30662
9861
32336
17292
25584
28840
1608
16832
19266
10288
23931
28680
7429
13390
28450
27207
11494
25618
12260
27932
13653
30521
21333
17754
22828
10566
31421
21433
26769
29396
16666
30923
27933
29994
18536
32049
16702
17424
11295
18958
14041
481
31998
1468
4404
482
10759
26814
22036
25810
31435
24310
14882
25538
32487
18712
11411
15655
5839
29279
17928
30766
31178
3711
7859
29263
23870
21466
20412
27429
8494
1526
9187
637
9729
1071
15206
23725
12165
12457
10021
24871
31027
17289
16132
18253
24501
24165
14225
25991
17317
29688
15079
30355
2456
22555
2258
18717
23387
3057
25139
3472
3708
6753
17318
13867
21516
6345
13155
7511
5540
8176
9826
26168
9126
20797
16579
19330
6341
15399
30060
20622
5832
14317
18676
2221
16522
1415
15296
26812
5446
19932
8043
22264
4369
20533
23403
27924
13992
21746
25842
8329
26220
14460
28179
17710
9899
8826
4134
7688
16673
15688
30061
28771
22975
420
17912
19745
25259
27307
23493
1107
4487
9733
556
30470
14838
5212
17530
15199
12636
11794
4061
18155
8166
8243
11392
4912
25291
13736
20982
28808
25553
24750
23260
31535
2578
30855
23482
26266
10240
32623
8491
4874
2727
1234
22846
8546
3634
30652
27675
31029
23473
32145
18410
29988
13337
8446
9200
10599
27788
27951
32507
30889
32731
18755
23809
27417
22858
10237
2052
31678
15507
24508
22584
20490
28461
16045
18280
3507
1741
12095
21398
17086
302
215
29922
5085
2318
10438
10925
9466
3193
3960
25597
28692
2121
15853
18211
32330
11502
32621
7324
14133
16491
19320
24886
14971
24993
3069
17267
30625
4304
5068
4146
30753
8539
22860
21132
4029
30923
18801
11005
26386
16151
18153
8644
5232
25635
10646
30860
14057
7814
21057
16203
18344
18320
9869
12395
5509
14476
2345
6184
7894
3394
8778
19257
15751
28608
3161
28850
22893
20826
14568
9001
5335
13552
8683
11543
10086
28271
6949
25730
23327
31642
22496
27097
24511
23051
30945
20000
26702
32372
13979
25676
18167
20779
31651
16881
31511
21478
868
13082
26004
21699
20756
9592
6000
21131
4839
20160
28318
30263
17794
4686
29972
17843
11186
27150
13857
29667
28254
22172
32257
29156
30906
6826
14255
9620
25790
17827
23802
26964
3031
20877
11483
14604
4060
22580
7174
12400
28739
9093
13247
16002
32661
7480
21231
12888
19743
25010
1399
1312
22251
31273
26052
1377
6126
521
15523
18308
18051
15254
21335
32658
22296
22483
11242
10303
5927
30115
5056
6952
29801
7215
17522
32345
17478
13447
1753
11026
8079
18060
3176
29131
9839
32013
29375
24437
16543
13616
9598
26627
11738
7444
4695
6697
31377
9652
25448
16483
11487
19471
13255
4922
15807
32134
29278
24771
12925
7045
26361
19816
27242
25189
3485
4586
29908
14225
15388
23207
821
8936
17894
11289
19371
30563
4642
28832
28584
28408
22525
4993
15083
15806
30018
19758
20143
24657
4908
1224
3362
10616
3448
27362
22808
21253
20413
12680
32257
5629
7424
1407
21528
3577
30083
11471
29918
27596
3807
28287
5063
15206
4690
10144
20275
16633
5466
12685
3487
12634
131
32112
15133
18857
22653
2312
31489
2612
7537
4266
8670
6297
13461
8838
2993
3371
4095
30508
8795
12183
2231
13135
10325
26312
7951
30408
7071
24583
5431
23773
17657
12647
6156
20932
18262
31584
27185
24931
17294
19898
17761
25434
25683
21420
26115
10307
26214
2886
29951
3128
28938
3084
17361
4758
21178
8420
3804
28417
30231
14642
14848
8105
8996
30017
15214
31947
24757
20965
10427
24954
2597
14174
6708
20895
27976
28544
22642
16703
1184
18193
2094
24828
8660
24179
18518
5087
7261
28034
30303
29268
22659
32448
3294
32374
14984
26032
20562
28045
23075
29823
15940
10965
2608
13545
29331
30594
2213
10331
30473
19456
27336
21333
12593
24191
6559
6163
25197
29359
29352
9324
28227
22216
24779
30458
23288
12750
397
16251
16480
1811
10886
7799
6388
4861
25365
2084
10533
25865
9810
20102
28912
23312
324
5850
23475
25034
24917
15925
8767
7824
9986
29033
4910
26214
20695
31784
13687
9784
21147
4972
31039
8292
27848
7957
27378
9081
6206
18132
7315
7742
23095
17993
14672
13559
5246
19560
30554
15331
9692
27169
23539
15113
28371
21568
1481
24373
3727
31890
29058
31805
27674
17993
27800
1160
24527
22945
10855
6609
4369
23236
12164
6953
23613
2027
1873
21563
21724
711
30670
12756
14366
18719
10162
8099
25476
8378
27323
29501
9180
31359
10306
2147
28786
4315
4114
29320
26245
17763
4474
26510
6392
443
18593
18385
2122
8118
22042
26470
22216
7358
21688
31909
3329
7287
24996
22500
635
32415
27308
18566
16036
3129
14046
21301
26123
32746
23894
7531
2000
28067
7764
12855
24410
19840
21138
1086
24135
11760
25812
20736
4777
20759
2496
18780
15727
14704
10736
9046
11553
27063
12870
31001
12497
23558
15999
6456
14158
29758
21003
11321
28314
29096
4892
21332
30622
9180
15358
9336
541
26338
13990
10127
25831
10904
5773
14595
1615
2387
25791
30081
10462
12745
29230
4861
28745
10287
9293
19190
12961
8862
28634
14843
27082
1211
30203
22638
22830
16023
30605
28808
15282
4820
4793
13725
3562
2058
32456
24737
18568
2408
14904
30188
7963
31391
24335
6202
5878
17147
4463
3318
2669
5075
15467
21944
27720
28196
4377
780
24433
11129
31720
9333
30448
3598
1076
31153
12825
7220
18968
18751
2308
19191
5764
31
7486
15359
12687
32473
25278
4788
29454
14272
21787
9382
16741
632
3324
2347
29341
18614
18895
19530
17335
28743
17342
18647
23104
9812
23006
28128
1062
28644
28842
29512
10698
9122
5297
16818
9814
12513
13707
4512
31313
22493
3345
1500
3185
14147
1742
17688
27824
21236
15280
22225
19873
30726
22019
18297
10245
8716
29088
22484
15514
17816
19554
15267
26675
9214
23258
11136
32269
3162
5444
19977
7265
11732
4281
15424
12086
24354
14502
9522
5497
32591
15484
21719
7247
21435
1449
8762
17578
1892
18888
2265
1819
12131
3348
29007
2535
30906
10531
27952
32092
25420
11217
27189
4709
11821
8826
8345
16221
22812
9580
16578
18209
24398
14235
9252
13929
3950
20119
1379
19288
9441
5820
951
31569
1614
18344
30101
2829
19806
7411
20108
27882
31680
18202
7277
22918
369
26811
24494
22157
30778
29704
17168
8143
14458
31862
30336
9878
11045
20661
12603
6966
32013
28901
7990
13541
5984
13575
15805
11213
370
14257
27482
6496
4029
22790
12024
13036
1063
28134
31304
4719
899
28514
27492
428
1113
15987
20915
31614
6890
20459
31244
22381
18031
21675
1566
21375
9122
12823
21263
28752
10367
24263
13155
21349
19788
30591
32
9150
18135
8290
17711
5290
13823
1634
3334
4832
28789
5371
3972
18378
18116
13345
18460
26404
27535
8823
14134
31430
24602
16321
21202
8382
2573
23452
27247
28578
22132
23661
555
29989
3593
21143
26923
743
16054
19441
3901
15762
24150
31607
23996
8738
2748
2367
6069
30084
2806
7855
1351
21091
30162
750
28240
18751
8610
23448
10310
18111
16701
26038
15202
13384
21062
15085
25348
1742
16561
30453
27987
12266
25474
20813
15907
9517
14040
32557
31005
29109
30507
29117
5913
1533
466
17540
27343
14841
7880
28707
22703
13667
6063
5443
17933
12880
16405
29644
897
19974
21239
25175
13966
23569
18819
23015
1665
28564
3874
27091
4252
3806
14006
10247
26484
17725
5408
29037
8600
1815
25862
3749
15219
7222
22483
4348
20596
1124
14335
31644
28524
2616
144
3328
3639
30767
3553
15531
24734
9214
19362
16666
5756
17447
1056
12791
17696
17355
13510
6799
32755
2239
3044
4230
25690
24546
29616
8905
7390
941
20107
13509
8075
28939
18565
6615
11157
32363
25122
1283
19010
26900
6239
8424
22275
19641
19952
25587
21220
14670
22988
29908
1831
23322
24299
13102
15148
26892
20814
14483
405
19794
19521
26031
24743
15400
7645
20419
23026
11502
11216
8790
5428
27006
5473
18727
12923
10172
13998
30309
1930
24943
28984
22818
19582
24143
23970
6150
31665
9310
19126
25664
26847
17020
11689
14530
21383
10550
26528
6574
30868
1504
1138
26635
26429
21475
22192
7613
7466
6231
5347
1460
11736
31701
23572
17507
31038
13958
15250
17524
13745
640
11759
23482
20741
2131
9036
15463
27893
31198
214
1663
31428
20328
14737
3468
14885
23276
25685
9876
8025
9651
29462
4680
25751
19496
28520
22398
19120
19433
24641
8673
19699
30746
15617
30951
19534
2046
4529
25348
30135
29640
14472
18718
26570
5038
19636
11840
23476
13632
14935
3986
21839
6904
4047
137
7822
6674
29754
22363
4636
19101
26425
32182
31040
32211
11765
14769
260
28326
4448
771
2710
24731
20926
14450
23278
8411
29539
18831
28081
7560
18622
10401
28502
1869
23958
6367
8839
12601
10132
11490
13514
8909
8194
2393
18016
4179
10962
16383
10605
11634
28386
22218
7258
3584
894
20325
888
2327
5927
17121
26086
21099
29586
26024
12724
15834
756
1970
2888
24901
14973
25851
11265
2207
3618
23092
5147
12355
20896
20920
5075
31115
10942
31939
28619
19870
30930
11486
9391
8841
21894
24990
3609
5778
4828
24206
29874
21960
23152
23914
18331
32223
20990
12430
1291
29755
26915
27053
5689
25163
13416
22726
8828
19480
31100
30548
7600
29982
20673
5062
5597
1882
10
20782
1043
12452
29348
20285
9368
10815
29331
3695
6726
24239
1821
25731
24878
8650
7309
5422
21633
12050
22833
25360
19377
25154
17317
11495
4819
24103
7763
27395
16968
5553
7227
8442
14748
27466
21232
6044
16814
23142
3555
29481
6673
24412
26340
31170
30131
4468
18406
7710
10940
9025
14851
8830
6585
15665
9664
26595
4090
26210
26769
15742
10552
28599
25504
17512
29820
5420
26570
15251
24635
18790
8938
18433
12742
24463
29275
3379
3042
1888
16056
10725
18610
20351
17638
27896
10974
8716
28757
22192
10734
28534
10882
14879
24055
31636
17345
4833
20090
241
22841
25354
10377
7783
23600
11613
8235
17135
7817
24511
258
2999
2186
16875
12843
18549
23523
15462
12646
6652
10220
2998
18807
24332
21295
13263
1996
25455
24102
18382
13663
1345
17222
23017
22238
17552
6204
10150
30730
28965
21622
22092
18013
27296
24805
21399
16111
9931
21761
11952
29594
29224
1294
32092
11100
7884
17822
8564
25086
5488
2136
661
27379
31942
13815
4120
15235
27401
27030
8005
8233
21976
28970
31171
24889
13380
14160
12371
6853
1832
31305
1471
19394
15289
29762
1548
24679
7261
22745
7671
15318
17345
19422
18080
1278
17957
13654
6528
15040
1275
5830
24736
21328
24753
17838
30477
27359
15563
12115
3463
17783
2612
2497
10105
10278
19414
5649
25646
19806
18792
22504
26689
30876
25735
26176
31573
27976
17417
14699
11783
19676
18830
6740
7201
8265
1367
5897
7952
4247
7260
8310
1177
4811
21656
13683
7623
2829
15272
16130
14888
11018
7060
465
25401
3992
12781
18695
27678
24984
23832
11837
10646
32289
13289
8905
26159
27099
15220
7747
26294
5032
12063
5698
4850
10890
3836
9063
5778
2753
26710
30621
3683
1587
3210
2462
5574
3089
10776
6586
18530
29624
31738
29652
3094
28373
821
4781
14129
26317
32429
2149
26342
18780
5437
20542
6650
2172
26119
28068
25536
20872
29449
31850
19271
16289
6642
5719
10962
3409
3891
12769
9096
2414
3928
24120
31085
21313
15001
134
27537
8680
20140
30325
23688
6905
13022
16883
24345
31848
2658
8754
31546
7595
16617
15858
16189
3099
17779
17154
28996
18078
26468
7940
29946
23683
2522
13682
14725
29613
8510
14046
17334
31220
12057
32126
10371
1480
12329
4839
3000
10775
12469
17177
30441
16753
31517
24764
7339
29803
5301
7849
23556
32577
31955
8876
6175
31423
25127
13704
14404
11361
16971
13372
25608
8633
10139
9861
20417
6929
31047
7844
11581
2386
4519
18017
5300
8996
3790
15696
31226
21847
4449
11347
505
4738
23978
12896
19551
17897
4840
3717
1428
28068
27881
11049
21743
8190
17371
28308
31529
28
15968
29874
13586
26079
27104
5651
13954
15626
11555
24631
20883
24488
18719
25353
7693
28584
23566
30633
13602
29643
6852
25710
21852
15296
13376
556
723
20365
4993
18098
30627
28208
29595
22679
30877
24454
31241
4151
25149
7533
19269
2552
476
6181
19862
11730
3879
6653
3625
20494
22992
3627
31844
20301
32644
12027
28535
21453
15900
24364
10804
5096
13847
12950
20768
16861
12616
27153
1738
1747
16844
26259
8795
12059
19775
22424
13423
27574
22575
10439
20003
19735
9681
29394
15983
23337
32755
29598
14775
28308
15154
20900
8092
12093
19309
11927
21272
23563
31866
19782
22730
16369
8983
20165
12174
30761
23075
19143
5969
28605
8206
18255
14884
13388
26766
21384
27534
2059
30355
18928
29223
21770
4734
32188
3938
26041
28813
22393
14763
1706
23450
9455
15538
30104
30726
8266
13318
16809
13040
29308
5093
240
12714
13533
13395
32566
21869
13844
4713
18938
10059
1595
15344
15798
16486
3646
6446
30820
608
13956
2304
21825
13330
24786
809
21969
22145
14700
13546
7203
17933
9085
19411
23126
31724
17592
25304
23388
983
29760
17831
2302
31235
4293
32313
4896
9555
496
24743
7239
460
26882
2368
3928
20297
17592
216
675
30832
3185
31586
19487
26084
1682
25794
10999
4540
24106
12252
10822
28469
15314
7153
8479
31395
26072
25643
29649
1454
11164
3446
31337
5050
8249
18066
12408
23207
26728
3686
4630
15291
8098
5272
18982
18652
6277
2138
5596
10755
31865
18823
381
30445
3731
12270
25190
22804
5562
23790
12880
2525
12808
19267
12242
275
8562
4383
26663
26516
14252
2172
3634
8778
3399
20913
17087
2397
10781
25668
12812
8103
12014
8704
10888
24169
16971
8263
4314
26940
17587
7081
21797
15946
4093
18869
19851
14013
17909
32014
6640
27512
29258
20418
29952
20997
936
18392
5747
9679
24609
10792
2703
29074
6353
28528
8943
19727
194
4003
25732
8964
11021
6020
5849
4955
5186
15476
22683
17826
31498
25224
23896
16315
11275
18655
14471
5333
17676
20531
22985
155
13146
4013
7790
17066
29034
11262
7227
20041
18367
9387
2410
8788
5390
2984
26099
23930
24993
23337
18954
25257
16889
23989
32233
8645
19639
23676
16079
22688
10173
2026
21833
24615
28816
20092
24752
23001
1024
5587
31731
20862
26892
2567
8086
10005
25344
30525
25851
21774
28384
24956
3809
26297
12297
20156
31530
13055
4118
30528
25057
12112
5633
20518
1403
28380
14474
9277
14429
8710
12253
12054
23455
10773
2671
28254
15120
5421
2345
7530
27258
5759
1736
3860
2087
20156
28292
22982
2211
30927
1519
2516
28612
20171
3617
19983
6888
15138
18
21143
126
10777
26695
15856
2248
3960
9649
1112
25566
29830
4050
1368
247
8756
18465
10138
2788
15257
15024
26362
3549
23710
4620
2271
10880
4347
8804
27340
31255
14178
4078
7986
2074
9465
13447
19593
1269
7438
2202
670
5642
28935
4930
31279
26362
23703
9651
29365
24608
29240
26070
8833
9823
11221
27699
27914
18462
29638
30996
21382
15248
14850
1255
21431
4665
27024
12261
10504
1454
21055
21745
9176
16796
23191
17347
2838
3851
3599
26181
15374
17636
23425
21821
31874
8625
6106
8237
13053
29349
6422
19575
31076
11228
32108
20421
15822
21987
29381
2472
26005
29819
4723
128
9902
19098
9504
26011
2869
8115
25348
9377
21324
27191
1116
559
10534
860
13847
3522
23391
18461
18130
27351
4495
19330
8198
13648
12062
32289
24448
1306
22618
28389
9490
21773
19910
2318
26761
20755
4533
29561
27614
20365
3096
29986
7601
31218
8341
743
32754
26809
27353
23183
26338
13946
5422
20234
9274
20048
32080
10746
29353
31105
7036
18035
13700
28769
24523
18687
24762
29299
31166
6374
7430
10706
15898
32428
31848
24015
7926
3034
21205
14556
27154
12290
1838
9641
16746
7933
28783
1932
523
27767
4905
21030
3366
174
21298
17476
10083
19062
28058
18947
25207
21121
20194
19000
17657
5085
6505
25358
9329
15806
28711
23025
26035
17022
22941
17067
5995
22498
20236
8653
6904
19615
19430
3665
20350
22300
29058
5757
29494
16762
4883
27659
12041
5842
15835
7046
94
13757
4508
21239
30000
27674
32080
31681
28259
11
13337
11210
23640
19009
28283
12763
10687
17786
19401
16714
18604
14151
26589
214
5613
22035
30988
210
1692
4193
2650
23686
21488
22869
9705
2770
6488
7798
952
8724
6347
19122
4234
4940
6489
31395
24867
8318
5127
17936
26042
4696
8921
17079
29100
28949
26160
9289
27502
17569
21590
7607
14533
8190
10072
26540
15161
31718
23828
4186
28871
9394
32146
30842
3286
16250
7064
8590
7532
10878
17272
12650
4258
15556
19501
20210
11861
10499
16038
15397
23071
1984
18274
20827
12677
19639
26173
15818
23154
11132
20618
12623
5605
12130
14689
21356
27366
2716
29754
11149
32190
24738
9659
24207
26471
4055
30415
25986
8514
15976
32248
8622
22792
11895
21222
29141
16643
7545
72
11448
12414
13020
18402
9436
10362
16877
27872
6542
4258
25338
30826
14629
16513
10163
11384
6279
10483
28374
6376
17391
12761
6924
1742
19693
8209
12558
11787
31150
6054
8459
26913
31101
3651
16206
23365
17034
16878
12316
15542
31978
2034
19163
16718
7904
2077
14458
19798
7771
14380
20748
27807
23487
11140
31926
16334
10728
2851
7116
21496
5997
18901
14903
6255
23841
26795
4634
26331
5600
24489
8629
20876
9096
32447
22665
11278
25925
23291
8124
510
8978
7164
16832
28701
21116
15786
30000
5027
6313
6692
3834
982
11674
20474
8131
2522
1197
22685
135
2763
24166
25363
4736
22537
10094
18159
13898
22995
18652
9089
15940
18456
19892
32586
24633
25993
429
31666
27200
28915
27960
28926
16096
16588
21181
1660
23672
15628
4392
6912
29662
11070
4004
4500
21063
214
5798
22124
8807
12229
14894
12312
18649
8523
14666
12541
24512
21260
30427
23814
5551
19047
28571
22423
29638
20995
20831
11715
20254
13738
6042
4286
26984
28763
20771
5269
1232
154
29496
18204
28456
22283
24002
13096
18498
4927
29914
9215
1949
718
29581
15629
1348
5798
23516
14809
2548
17058
10247
27191
10877
31583
8460
16062
29290
17995
32362
31100
8676
4094
13098
22249
724
15566
3104
17178
6472
10141
879
28471
13080
758
27979
23343
6857
20569
25091
10154
29105
25042
2366
17472
30044
6608
10884
19944
13359
23861
9985
12723
30027
27562
16518
26554
22453
4661
20945
23124
27827
27661
23566
19853
20857
9645
3486
23252
3076
30247
9750
21748
12103
17083
23435
10310
2693
8360
9485
2852
26622
10562
3697
4768
7885
21573
31060
32630
31761
19561
28508
22336
18251
29238
27073
7657
26119
282
12812
17252
25279
2745
16415
6558
23292
15492
14710
26289
6334
9101
30124
26458
23326
25241
11329
21933
4658
3703
12186
18439
4657
9361
22857
31813
471
20417
2959
25395
2059
28518
27679
71
31936
5302
15397
29072
8473
27222
29063
13289
8912
14888
30059
30578
28376
1380
11257
6209
5953
25322
10594
3924
20573
6102
14369
28618
18721
7765
5249
17491
25293
3768
351
24806
3024
7879
6705
31922
16869
11096
1607
10326
32643
32
29009
29780
6260
20936
27938
23491
18883
7747
8371
18245
220
26464
26731
15417
7663
31643
19357
3122
13717
16697
27475
6311
5558
14228
20042
32492
4522
8883
11837
16480
22942
5405
10854
15081
24890
19439
835
1437
6529
4397
17302
1474
504
6230
31407
20473
21770
2363
27629
10678
21419
11536
22403
16115
29756
29124
16504
24614
30894
14222
21490
23664
12267
7369
21939
19479
26225
15361
13796
24374
19008
4174
13329
1203
17911
29664
13174
32114
5946
27868
9337
12232
9302
15463
10103
20275
21800
25599
19651
11336
29499
5394
5612
16620
21808
16073
7231
19655
22883
11813
141
5622
29643
29774
2095
8704
21282
1832
2886
31500
24902
20518
6215
21841
8928
7523
28856
10445
14915
10479
17204
4922
4503
10854
18101
5694
28726
9928
6931
1506
32598
29316
4807
15173
489
6614
18933
24466
17345
9043
11946
25391
1016
24771
24162
30007
24207
16942
31949
3883
31061
24378
26578
26852
30730
10932
27861
26828
31685
1132
25397
25678
12691
7494
20505
17547
13409
24974
30573
25423
17948
23948
32295
13379
9238
20568
463
3684
31404
24816
18750
10675
15398
10632
29350
9518
24286
3361
17106
10496
18085
2909
31151
30965
23906
1682
20492
2864
7932
12317
670
30496
7290
3833
3655
20656
14953
21648
407
17342
11902
29648
1940
975
125
11906
4022
25601
4697
3287
14134
11073
29597
29508
22409
30909
1034
19088
24103
19612
10626
28204
20880
2285
7461
21698
10129
32478
5049
10000
20675
23599
17743
14583
7510
3302
6179
6351
24332
25923
29381
10494
27784
10230
31094
30665
27081
15504
15061
18794
31218
10808
4027
2146
15948
10911
12899
4112
18061
26934
20686
1411
22107
17054
7781
12941
9228
6239
10465
5912
29872
3294
29800
9405
14673
15241
8952
22675
4473
16725
11017
10053
22261
10602
24942
28520
5849
4636
23165
26123
7108
7710
26223
12687
28005
1522
11530
9913
26942
23972
11389
23557
22696
25272
8075
1853
10264
26209
3819
22859
9120
10228
4591
19532
23737
13211
613
6117
7487
6478
10171
16346
3005
4095
7526
28892
25835
22805
30851
8099
28277
30748
28863
7741
1790
4795
4213
7078
30565
3302
12311
16792
26951
13652
16591
25764
9925
5684
10854
31362
1927
15900
16484
19110
12032
5442
4729
3347
32756
4846
7195
27508
26936
26415
6001
6249
28602
27854
30576
28959
6593
30592
19780
23843
8053
21087
7409
24696
1185
667
25914
5095
32696
8813
24258
30614
21014
26701
13937
21468
30089
11877
18201
7252
17168
3653
5721
2352
30434
25816
6338
23248
13746
21143
313
31636
30514
3068
8092
29678
31190
3642
4777
25787
9178
3115
20763
31699
30086
10122
19989
5854
28849
19042
15556
2154
6532
13510
14145
13115
29824
4803
19636
28642
9666
11923
15039
28818
5510
4883
22042
5934
15851
12920
26234
29094
1526
25917
31160
20612
19928
21855
29231
11202
4212
10701
21606
18911
15900
1562
6127
23858
13467
12918
32654
2941
30841
32732
15518
5061
4986
15501
25009
1633
15464
19644
26743
17234
11282
15243
20193
13010
17301
22582
3973
27695
26586
13198
31045
16090
13920
4522
10795
20923
30524
9177
12696
19656
28766
7898
7582
16598
32277
336
30634
16815
5334
7792
29798
26212
4153
16637
23261
9189
29508
31350
26337
13774
32236
29326
10921
2436
15321
19164
13247
24449
28778
27348
30490
5868
1017
18422
18566
22381
22112
32325
24909
3391
6843
19707
14864
27527
8304
19323
15350
26852
11629
27271
3337
27207
19889
5555
31708
4101
15374
2329
20081
22826
18477
12111
30811
4369
24018
7062
31776
15153
4449
29780
31713
28986
21922
25029
15677
26465
16065
21741
9330
2807
30361
15057
27333
28481
17969
28646
5157
31876
22663
1994
26635
5471
6797
15666
29092
9821
23666
7716
19250
21451
6178
18534
14512
14791
272
18998
21940
29338
16691
31547
23194
22344
1870
25020
15583
11877
19061
30736
11979
15657
26317
26197
16979
28359
30611
1125
13117
1531
4704
14342
7301
3298
18347
865
7424
30479
3215
22454
12095
10715
29134
77
14518
24316
19479
14768
5149
5466
12676
18711
6935
1054
28775
10276
29458
17419
25414
6352
8558
8977
17956
13734
10977
22047
28930
21039
16922
32058
7078
16301
18852
11724
3739
18955
11534
30526
25977
277
21833
5576
18023
8677
15441
18312
13021
13469
25615
30674
21935
12892
13439
13512
29255
18282
1294
9002
22833
1462
21830
25711
1502
7043
30892
8980
18849
25182
14825
14644
10238
23123
14633
9561
18468
25952
2497
16786
8120
22314
21268
28869
15060
11503
30903
13895
17744
444
3539
27562
14656
4832
6091
2262
22205
26784
25631
12891
18665
30508
30097
518
7213
19410
19590
15795
27077
6770
3758
28769
23679
16178
20967
6540
29375
2162
3679
26295
8647
23811
31737
11080
15925
4755
24307
2712
19917
2156
1989
2123
9849
23135
2636
29405
32398
16378
28711
23678
21073
27650
27234
5664
17082
29
18001
24782
20856
26830
10687
18751
7732
13734
23113
25003
2330
16825
5124
19933
24214
16464
13158
21898
28763
477
13923
28897
16298
1332
22742
867
7377
10487
20515
14581
24562
4434
27162
14643
7941
5609
4895
9480
1312
19471
1928
4731
12022
313
13383
31436
12447
14770
2761
20160
10391
1936
19486
9529
1032
19942
3929
14345
22604
17467
1850
8968
30125
20027
19210
6501
6000
31661
9927
1337
21779
17573
13953
17762
14546
22011
20740
32142
8048
507
1463
11414
17715
10590
12740
32014
9265
12410
28793
1050
1994
21685
27375
25218
31094
30271
19177
31753
27329
10753
21758
14587
16531
10192
28155
1542
9141
26855
3971
1610
14993
2708
28664
11187
12345
18737
24991
10631
11435
10070
11518
30011
8788
5453
27273
18827
5330
11462
8062
24522
15614
21708
8718
21366
11818
25080
2237
25615
24743
1765
10507
2345
17803
10467
26964
3265
18352
27888
27125
8141
24064
4324
18864
7446
4848
25835
2386
28234
9547
31032
21138
18253
9777
21496
9789
11217
14431
17285
13712
29478
21681
8413
27365
15955
14308
5714
26003
5221
23969
16003
27919
6407
11447
12170
8023
4435
14505
18039
24208
10984
15464
18174
16877
14653
12897
9068
3540
23861
11706
223
30524
19187
22745
19383
13914
8687
15655
28744
11388
2889
14355
3025
8501
4702
16729
10674
23226
27546
26244
24793
5516
7565
8113
25982
8023
16448
24983
25360
6426
18121
4292
12911
9353
1821
14889
16475
176
29734
13529
14381
23000
15893
4366
18116
20654
19706
30829
2499
31906
18833
25483
32506
28046
10335
18607
2081
28824
27390
10202
22220
7257
2998
6148
21659
26687
18253
14761
23473
21295
14623
12932
21352
23919
32113
5787
1347
22980
19970
25211
15909
22999
19683
27333
4032
14813
29065
25833
17999
3959
19489
27954
26248
32727
4899
11779
18380
16677
12074
3168
7842
19233
14595
32175
2915
31497
7683
27328
311
11965
24222
17420
6463
6945
6966
11066
9748
25027
25393
21992
7025
10686
31310
3495
7724
16350
2105
28999
20587
516
26205
23382
11796
6604
32761
4579
3461
19054
30838
9095
6278
21986
3064
5543
20859
15688
24115
18419
30943
24710
11136
12594
26349
16691
4143
22850
11680
27828
23071
13402
5854
20900
6285
17299
21232
1146
24106
7847
27446
14181
26992
19192
19737
27003
10037
980
320
4371
17281
22519
25351
17775
15517
16465
27693
11167
11372
5130
26828
10913
15358
32196
10127
10957
30051
22048
31263
25713
26557
1923
6622
440
20889
24346
17624
6096
17792
28443
9975
15179
31944
26190
25462
13254
19632
205
21143
4809
29101
30216
18329
12783
9470
2059
29412
23623
12422
6148
13448
9977
29915
25599
29413
15661
5531
20981
18859
9000
16383
27653
9478
13496
16306
29185
7442
25299
21987
9260
9621
29819
1689
11074
26093
20196
20550
16825
19783
2265
416
583
14098
19804
8620
32676
13236
20877
7707
2449
18811
25037
13274
17177
16854
18978
17893
28183
22213
7645
5724
4088
21646
8827
5592
21442
946
25034
15615
19797
28447
10061
9302
498
23207
27872
20055
23033
32177
31391
22468
24567
22062
15877
570
28895
10191
7249
19721
16792
31605
17454
4163
23992
13034
17042
19987
912
1230
24295
11856
360
29908
617
22610
30731
7214
11983
7941
9863
22085
18477
13115
9006
9646
13849
20551
9696
25945
8205
5831
18317
6668
18700
2497
23285
30736
20104
25074
17074
28971
20100
11106
26745
24270
14582
24892
14749
7310
20591
31709
19668
9944
7677
9515
5438
4577
23633
1832
18083
27869
7709
26823
20221
25969
13248
3326
2358
16234
5157
2076
3378
29871
19688
32605
16656
4468
15803
1723
4013
8369
8969
4360
26730
15571
13273
9786
27696
6321
22260
21510
27569
5313
13130
3248
6896
13452
8082
26657
7683
2143
13617
31546
21271
24388
2653
14696
32182
21808
22402
5240
14149
4478
3044
20141
18641
18844
5511
13072
21003
23557
24652
10248
24976
5999
20572
20522
25198
581
15305
11602
740
13911
10099
31219
30826
9425
19241
11435
17649
22121
8465
23067
24940
31709
1098
26869
29071
25245
8911
19542
25815
8644
18079
14423
10442
4941
14875
1247
20608
28036
19375
12987
21858
4282
13492
18160
21810
23869
26517
28751
29004
9608
2353
11083
13099
4278
6529
22536
6702
317
3963
30388
13980
21464
27702
32282
30183
2757
2382
116
1069
14641
9866
4737
26372
17137
31420
10456
13687
17522
19433
24444
4428
14067
21162
24496
17801
9457
27858
22541
11830
739
25425
15057
19811
40
18265
13946
12653
25662
10943
7316
4222
19508
14243
10959
15699
23650
27475
27220
22850
14935
30829
6489
26491
25363
5188
21235
9614
12663
13189
26924
19757
10489
31259
9558
9011
22684
25167
25247
30694
27168
24372
14053
31865
12661
32322
7627
4566
20598
19521
23052
29850
17108
361
271
27232
26192
14535
25788
21570
21294
14050
20367
19101
6374
927
18154
9749
13084
23394
18352
6617
19154
15222
12559
17192
6109
3503
20893
21013
30357
14157
19111
12167
1489
3876
15813
17539
24851
32506
30898
18094
19199
21553
4955
11789
23570
934
13366
14352
2448
25816
28373
7119
6334
10317
28859
21395
21074
3377
28782
8088
2600
6721
4814
9745
20278
24039
15012
21613
22466
31142
30334
26073
32210
31929
187
13062
24549
20983
1506
12076
31200
17658
9528
13903
19019
25216
24465
4289
22461
14353
26726
20456
10901
14051
3368
26689
3819
15866
9940
11429
12999
3987
18888
3787
29840
13763
10197
18703
30151
6748
22677
21873
17909
22032
31742
21985
14817
31449
27448
20922
17159
23960
27564
27788
23366
8956
6238
31262
22745
5029
30076
5043
16008
31625
25143
4749
23583
6295
23761
5040
21280
23707
19703
26856
21429
1634
18514
6925
9704
22046
1369
24966
21270
24843
28777
13068
929
18515
5911
21424
25830
22320
24005
1056
11119
19536
13171
13862
1385
21117
14296
27249
4440
27773
1969
7064
11529
22583
9050
23132
12488
11544
9115
32558
27348
14773
12484
5361
28432
25778
28668
24832
3835
5346
23254
11379
3554
25775
13605
12958
25941
9405
5394
22747
11735
29130
12651
5002
32729
25049
27198
7253
24810
3215
16295
23993
4392
29405
10982
14273
19706
2527
3508
533
22273
27908
11224
28468
24139
31600
25333
13566
5322
25758
5286
7797
2565
26698
30412
27332
7694
19854
15911
7553
8372
21835
22308
9263
28921
11210
8438
29959
12487
7587
24296
2808
24798
5086
21490
25324
30993
7001
15498
24141
20658
31593
6844
11975
27467
8132
2173
12112
32142
22943
1085
20070
16015
15379
27579
28056
22833
6085
6429
23112
4574
22982
22080
17327
29820
20920
6733
21026
7836
9011
17805
17299
31220
26215
20350
12634
31503
15362
6950
25398
14403
22612
26023
21390
27876
18864
788
18685
15543
32278
23939
10510
19369
19472
27235
26692
32193
730
2576
15198
29524
17861
1445
28120
5496
14045
7954
437
18106
13514
26478
31868
3092
12276
20366
1409
16921
23275
9942
14693
12915
14853
31823
22240
7567
22089
5626
10430
3223
6027
29284
20776
32673
2521
2171
23077
19494
4630
14752
12129
16309
21989
10749
25900
23272
23241
29465
28869
14488
8330
25769
13785
30029
15066
18346
3399
11000
11832
22444
10534
21733
5141
26225
31241
12267
18997
23990
31105
27366
12633
4945
32228
15207
16155
9084
31565
10921
26393
17777
21988
11975
8021
20023
10592
25645
988
21947
10698
31564
23974
12834
387
11923
4286
15710
20616
21658
13730
6399
12533
25248
25069
25676
25800
29495
25651
6291
4328
9534
30509
32701
10598
26384
12310
31013
29442
507
11348
171
15857
31220
16987
11268
15837
5512
14799
4692
9006
8726
20200
20990
22920
18492
1307
10426
3988
1167
3319
20969
27652
6287
16717
7974
5073
2010
32659
32542
26055
30111
24458
26273
3908
30294
3615
20473
24125
10670
20367
17530
29825
12487
27855
9306
16450
21666
4139
8387
24017
28886
21805
7207
18089
30340
4032
25812
29103
7052
3733
32200
18616
2561
23750
27078
5964
9179
18106
11433
22186
12012
9800
30457
31499
32022
14879
12220
9771
25786
3173
20622
25350
7539
11422
18420
20191
21765
16592
21998
21383
4240
12772
5835
22236
11786
30544
12353
912
6635
17907
21693
3884
3370
9792
4344
8532
26473
13727
6091
16460
31085
5904
68
26299
21456
22290
10745
9903
28154
18115
15260
32226
14669
4680
28624
16188
29856
5743
9275
13720
21487
14739
24285
25547
20560
19393
15776
1506
13353
12824
1072
14252
14241
24950
15372
25721
16724
27729
6878
25632
8011
10210
8968
26951
19499
11401
12927
9438
5292
13677
29660
17133
12621
9059
26032
9360
10311
10001
27672
31551
3007
22099
8338
10579
26687
12509
21519
3014
30567
22562
30538
4411
27360
32373
23895
16958
25490
20846
3199
7884
26903
25488
4427
29974
30063
22824
2015
5506
26869
23672
20361
2035
31377
7445
7322
9802
30768
24206
23669
16429
27505
23118
8165
11271
30369
30916
32692
26959
32234
9665
12153
14350
28871
17441
12977
18843
18363
1197
26641
28329
2627
9280
24347
26244
28937
21801
11248
13208
30810
22481
11621
6451
30426
1694
31064
9868
3191
22806
25413
29443
32155
8776
20756
28586
20134
3687
21045
29189
13211
9145
11503
23566
10265
19119
22005
1404
17294
8534
1595
19013
7591
7662
25351
25186
22283
17623
27723
26322
6728
30133
9522
10209
10509
5068
11001
14506
18843
3500
11776
21467
10358
2067
289
32184
608
12303
13120
1891
10887
30819
26403
22362
16638
17964
23940
6977
11626
20676
25957
18146
12798
14567
9892
1138
10921
6932
31439
31253
19597
8502
18489
2213
31156
22404
4942
26543
31998
18598
14883
17087
16990
9497
3666
15326
24390
31188
16644
30552
32608
14892
21839
5315
2431
8437
3267
14652
4309
11498
575
3828
26214
15439
26377
24044
24252
3028
5662
8700
8157
7357
29127
16922
2938
17984
16237
19673
6505
30254
30126
24112
13910
25814
12465
4733
31413
16423
16566
10953
19962
4628
1777
17998
18957
26173
5272
21814
29432
29387
16443
10406
5859
18587
9556
17403
27203
20128
16927
21332
13390
3202
10155
27472
8114
2187
28721
30233
902
15556
28582
29089
14465
26459
21132
25387
20074
14920
7949
9230
13775
11824
19530
27573
12794
31882
25585
15083
10017
1280
25101
3157
6365
8728
18211
28224
27869
12563
4218
27038
17884
20758
2746
23114
2768
7559
12985
7316
28261
26554
6289
13305
2729
13261
30966
20274
25865
31952
198
19825
28284
1065
28386
10471
21502
12343
2109
27273
13120
15926
4658
2836
1950
19299
18203
25934
25425
31072
31007
7567
18662
12761
22347
8833
14574
19816
2276
11044
18424
8630
4860
22037
20668
15076
15428
19983
5785
17449
25377
6066
27714
25532
31234
27779
12980
3572
7664
18229
17515
5037
31591
1319
8405
28655
30052
16685
27655
6346
17087
19347
5807
22404
30139
25439
16969
27639
8668
5335
13718
32564
5112
24899
30026
10604
20625
5108
21765
3857
19554
26757
5253
22840
4920
26209
23834
3394
20739
5509
13146
1979
28973
28808
12565
7810
18474
14296
7052
11818
31569
2630
10717
5793
6890
26309
4034
27407
8840
31598
8315
22785
21401
26056
7689
2759
7739
18503
2205
2330
3153
22802
592
24579
25302
19977
6932
2808
28018
18951
6379
27719
10315
12132
4183
21432
15390
31679
24849
22637
142
4346
27389
2574
30908
3973
3934
15651
32279
9696
21063
30401
3446
31067
12370
15209
27236
3105
31891
17709
3258
17524
23247
25876
3188
31034
10730
5056
32701
10169
29343
30030
32588
13983
11892
21630
17651
27205
31468
22804
6261
28212
3326
32126
32409
6121
30918
1974
24188
18133
8571
2410
4395
1448
26017
11099
3953
20687
23423
18435
12782
9787
12756
6522
14185
16997
2246
32410
1384
11919
22299
7010
22269
1100
12203
22680
19938
2626
31509
1714
6600
3631
31154
10231
10733
8234
8647
9698
7405
4908
11775
30151
25306
26318
28696
28856
17806
32340
15324
25258
19264
18667
32339
5332
10070
16175
21815
22360
11642
23024
15016
20005
31472
26166
6433
1308
18983
23170
23467
3954
9358
4439
20048
13909
26280
3321
25299
31442
19043
10357
11678
28406
27558
23009
12028
10803
31529
27109
15496
23814
5001
17531
7910
18391
25756
18162
14256
6433
10498
12089
17331
30418
6652
4186
3420
14069
21889
28741
9069
2958
27279
29391
26612
9669
32704
13818
2942
5191
18461
17271
18568
24810
14902
15209
29494
12688
15731
7276
12616
28749
16805
19670
28233
16076
29920
18749
24585
14574
2957
7225
12110
19125
20155
874
6343
7521
25782
26045
6721
24536
2011
32492
29
28235
8106
25668
26370
7447
28701
18091
1487
10985
21304
5601
21460
7718
12514
26886
24385
4490
10483
20573
26590
13327
9102
29775
4605
16
15281
9651
17838
28078
14346
17228
3633
9331
1549
6291
3505
28725
27459
6583
22831
32061
24805
8419
20668
8105
19881
4287
18411
10767
4572
57
4742
5987
6577
21381
18816
3099
27097
26210
23595
29328
23123
11168
16811
13992
29574
26079
24235
25778
8589
23961
29518
12177
12754
14435
9576
8733
20190
21871
31471
32710
28271
21334
22700
6267
26059
8980
22838
5066
6229
19540
4129
30536
29790
18159
3443
27699
12861
3503
13655
2134
2466
20056
16406
7725
20775
23273
30274
22602
15400
16415
32053
9207
10965
9531
18362
12061
16517
22789
32521
32100
13390
12305
30713
22684
4050
6209
2161
8284
20571
1419
20767
15592
7723
7164
20333
14680
3597
15101
19377
18679
8496
19926
30628
15338
30517
1392
20758
10002
26247
24415
7392
17203
28395
7711
3609
18261
14936
5790
28045
17002
8200
30459
21866
14386
24015
27278
21821
1372
31660
16168
4637
20206
3486
28572
14118
230
18360
14206
18986
8225
6264
5162
14498
29565
15701
22280
12523
18491
1431
11535
7087
21927
14187
16264
18849
1018
19255
21013
10605
6783
28971
497
6638
6389
5401
2681
11426
16437
21638
13036
27740
3604
6913
18799
31801
12427
22707
20308
8917
13333
1848
15003
5567
29017
28845
28857
6442
32265
27914
24217
18405
9482
2482
20961
6029
10709
20297
30582
27905
23325
6598
9026
21782
14514
14025
17717
13708
12453
15918
12169
2625
14253
22754
4683
677
16585
27125
20503
4974
22567
19953
4131
20621
25925
9323
12670
9056
22614
22487
922
12585
18151
22433
26633
1471
15298
14457
16772
22147
15890
12014
21553
29078
21449
6206
31526
11593
831
1388
22313
27605
6171
31892
23225
1869
12151
25724
22355
14800
20287
20075
28654
22019
3290
4670
5320
25534
1805
28856
27748
29958
14108
12314
19923
18236
23858
26355
12340
1171
3074
26938
13175
14792
6063
2970
9830
21517
27625
12557
11749
15174
3418
22188
29048
23671
19008
4550
28935
14461
24155
13359
26590
19197
3593
2778
24824
23963
31920
27306
24701
7020
16988
32646
18057
30893
1193
4524
20271
17077
5860
13639
21438
27688
25965
6211
12610
26990
12383
25184
30798
12643
22899
23429
18937
13904
18722
19544
1575
27419
12042
19723
12042
10426
8595
30328
9704
2029
24786
10609
9502
813
16558
24657
7013
29919
32321
16087
19540
17870
1153
21557
23078
24536
25631
17251
7358
14568
687
17849
27112
2596
17674
15293
13026
1895
14576
16442
6939
10993
498
29074
27706
26973
3471
25940
2914
25044
21150
31249
21428
24193
8172
31596
31254
14660
15909
19569
24115
30891
26872
3112
27843
14622
25462
26729
30477
13913
11195
4849
9130
2336
4561
3254
23691
27949
13777
15224
24126
9070
12619
32153
19564
17517
28648
12334
28583
5904
31566
23382
98
16258
15940
30923
9025
23153
791
2230
31380
22650
12604
26824
28958
11745
3638
8582
8730
10886
1467
7652
640
3604
15634
278
12164
11388
30143
3747
1631
13986
866
22715
26963
31573
22749
10442
21993
13445
28853
22093
12414
13488
5307
32741
26877
2206
18667
23209
23790
24910
23956
3009
6832
23088
27833
16433
27138
28565
18103
30450
15817
14691
4649
12615
29453
15885
8969
32078
324
29122
19736
3797
32723
13797
13695
23152
9426
27838
26550
26312
8463
30063
12709
18486
32086
9257
2825
31377
23792
2719
3098
3396
18794
9403
14187
21923
27544
15760
6929
7039
21976
8337
3335
29687
17307
27392
1745
16018
29218
4521
25696
30859
30342
28367
2614
23148
13563
27751
14026
29662
23893
7812
814
14784
4300
25107
22255
14966
5372
21448
21309
27780
14384
13144
31051
19291
19167
1769
4089
13938
21111
4806
3249
18073
22874
31064
910
3467
38
5970
25284
29634
13370
28715
32060
10383
12150
16081
10366
22633
9537
32412
29140
7558
16593
128
11948
24232
22695
24712
27711
4154
31576
28543
624
2971
14739
25840
19959
28858
20832
27986
21950
17891
7846
26748
24459
18904
29936
27743
14304
11300
18032
24563
12576
8108
15429
17010
7666
31623
9209
29381
19178
24079
22094
2875
15207
1592
31546
9601
11703
22305
20272
6863
10882
14825
19873
5215
9061
20932
25795
35
25821
13902
5777
15799
24423
10271
11027
6037
3045
29599
22495
23688
28484
30235
224
11619
348
31001
30294
21234
31511
22505
21534
12337
20438
9085
26164
9404
22032
14459
13942
29575
25404
31631
10154
463
24306
12294
16835
592
4429
7321
4960
24761
12435
29318
19606
349
29208
10982
30447
10539
8799
20026
28338
8672
2179
23111
357
28283
6357
14884
21905
9201
15047
1169
32709
14883
9737
29834
26845
26893
6897
20508
27012
26176
31264
12664
16120
5778
32611
26182
15630
2068
9175
22843
24949
18500
27473
14830
11326
27268
8444
22247
24988
21195
18244
24057
6377
6299
16115
30419
15594
5683
27034
27601
24916
30725
19251
21784
4495
24682
28420
31201
31929
29589
5063
23573
8942
24517
25351
8731
26567
13759
14285
21229
11808
9596
14460
6258
24863
29471
18426
31752
3698
14378
4624
20831
30167
17648
14100
17294
12770
13902
23237
14432
24059
5014
6774
32239
23974
2252
11887
30325
10503
4373
14992
13918
17061
9580
4663
18594
14958
17303
29540
3409
25083
24921
32027
26224
5654
8170
25866
9987
16761
21412
12396
30827
31961
13311
29741
10738
28707
18367
24655
7845
22790
24940
6796
19810
23217
16387
11325
1841
31454
10219
1914
30679
28687
2090
26499
5289
9495
32729
4190
28063
5597
22485
12738
5289
26973
17592
28980
3910
27887
1288
24432
1618
21708
12206
23818
10271
26062
18089
12885
28872
27767
25091
24196
19650
9525
1796
25103
18868
31204
32679
2137
18825
14485
17994
29839
27587
10126
22953
30163
8466
6802
3341
26266
7461
28002
10433
6994
6848
1923
28358
9289
9743
19778
22471
26314
24890
8694
7247
20873
30521
24453
24122
12352
12522
26409
1642
25243
24672
12148
10939
31314
5758
29586
4152
1172
22213
26575
7567
684
15723
5976
20930
21983
19373
20294
4896
8851
20070
15064
27252
28343
4831
5376
32380
32606
24041
4898
25500
14765
22825
27928
5076
2808
27316
9849
8944
7208
10972
32027
766
21600
27721
8406
27909
28384
2635
6283
16884
10281
29038
30821
30681
18017
5711
19807
26451
250
20143
25095
3402
2959
16582
16513
5341
18446
23769
5582
15772
25628
5391
23119
29176
26037
18305
25476
8695
27411
3728
17178
13869
8658
27515
5925
12007
14673
32561
12202
17321
21595
17763
11616
5851
15879
1502
32183
20927
26076
28696
22554
15526
26425
5384
8305
10084
8180
13115
21227
13825
6722
2341
23802
26033
19927
8629
1951
24070
31822
20268
22247
25189
11466
18478
694
30647
2782
6937
27843
4704
11434
27543
14308
24693
1095
11887
25740
1065
102
22433
5777
21129
8243
11953
26675
27242
32384
15683
28251
14239
6175
3048
21024
13935
20879
8504
9103
2886
32732
30497
18860
17066
30912
23166
13236
19825
28174
26859
12197
3377
6224
8408
2560
1273
29871
14301
23246
574
6676
11085
9185
21016
27021
16142
9308
22191
7666
24232
1398
4335
32456
5275
17530
29316
14949
3062
32274
3074
11093
20517
32454
27491
3325
16139
15552
16055
25470
24913
7890
3863
6877
7421
13498
10203
8544
30278
17572
32269
315
21158
20976
11293
15723
29234
310
21973
30179
4903
32135
2192
5862
29637
17142
27559
6068
9824
29271
21805
3176
27572
4679
5852
3873
1913
24941
5966
17504
17207
7679
2929
32433
4956
26247
25653
17806
4748
6119
17543
17280
18232
19610
4995
24455
26482
24894
32485
1468
3839
8783
449
25397
7086
1846
17269
6441
9193
7810
25307
11092
15242
3957
451
11677
31472
21698
9376
29943
31825
5269
14977
20357
17233
14804
24899
2049
17108
12964
14853
14430
29969
30768
25053
12204
14825
17318
25289
28477
28534
5249
12521
774
30950
27662
2027
14663
10122
25129
15558
32111
14890
30536
22443
23098
26268
18364
2616
26396
8596
1075
22000
9442
6334
21376
30440
3479
4874
415
26306
23460
11080
8179
3039
19516
6388
31443
26833
24823
31571
2117
24591
25789
23231
13321
24557
14310
21566
11482
2763
10143
9050
5872
12172
21648
32301
18377
9802
27836
30652
28457
25927
15528
23686
20832
25127
23487
15708
30411
4957
30709
7282
29853
9700
1195
28855
13023
15151
20690
29538
21430
17250
18516
27597
8165
18370
25775
28039
7314
14698
4323
15525
11853
6209
1167
19544
27982
1576
23127
3013
3838
6776
25992
29968
2234
2475
2815
4794
20435
30041
8519
28462
23257
30823
7169
8854
18457
17275
1673
29427
19812
23986
4566
14957
21778
23958
14754
2023
27719
11850
17611
11735
26229
13576
9466
13141
23074
27342
31106
23410
23276
15955
14731
14026
5322
21056
18799
29533
11412
27549
32612
24218
2502
9353
23388
19901
28033
14127
30249
24667
31442
29941
27621
20795
5175
15862
17809
18792
12895
3251
9724
27012
6194
27141
15846
32095
2065
23895
19302
3529
24159
11537
10377
17572
13632
855
11580
22333
30112
19188
26732
27356
31096
22673
29803
10137
9036
13355
27286
28018
3833
5828
14901
24475
16301
28760
26274
14869
28471
2578
28846
9602
25217
6336
28480
32056
26458
21381
6975
15252
24441
25293
21170
144
31935
15238
22310
26264
4797
14990
19280
6554
8566
5223
13300
25693
32102
27954
6
10259
14531
11483
23566
29233
12802
25489
21713
9342
27549
21113
3373
25450
4372
27811
2885
16034
19762
25661
24798
18401
21905
6150
13065
3081
20320
29958
25859
8818
29028
8317
27225
18050
1853
32281
1103
12158
14827
26219
28291
6815
16784
8604
16078
15209
25719
31324
31851
1592
26454
32028
12891
2332
21200
14205
263
18150
12862
3080
29480
18563
12207
28191
6628
22665
12589
6707
13369
7440
23363
7736
26015
963
7356
18006
16361
13367
10156
16866
9325
31867
31669
5260
16484
27632
25987
10202
10388
4186
6041
4309
22572
2360
16464
24066
5871
25937
16668
403
2708
32400
27410
11231
30573
18449
25767
10768
29768
17020
7355
7451
5523
2706
28374
7414
21443
13829
23729
7173
12534
29325
248
7893
25046
6968
8014
7180
32193
14338
30098
6304
31272
7077
12896
21576
30005
5042
13531
6704
5041
24289
31146
2545
30244
23973
22849
27840
2366
12548
31586
27365
13685
15270
9187
13680
12784
14636
15537
30759
32420
24515
16661
10178
18877
16376
28214
91
17471
22222
23776
18464
10733
1549
26755
10827
106
26334
1919
15956
20894
10901
30878
3940
25947
32206
27106
14350
15936
8635
31874
26170
24030
12220
18991
23393
5146
15152
20379
15616
24018
17804
24636
18758
5828
14506
1870
17424
683
23395
31255
12312
29098
29791
32622
10345
1006
3884
28798
28183
20624
6030
14024
32300
29624
16150
27495
17381
18440
24822
31640
15135
20280
22548
30329
5900
3581
31581
26641
16682
24368
13404
26001
17526
556
25611
11993
30941
26744
2537
2366
755
1702
24908
14219
31719
11386
26873
13125
21943
10319
2290
2868
20384
14775
19087
2846
3801
5986
22224
4310
12160
3137
12018
12918
25045
28650
21312
6632
26534
32319
19500
14763
1546
21066
18846
16083
16210
2156
19596
25682
26941
19383
3787
2935
29547
21144
7461
15796
29204
3769
22443
31652
16634
5157
19532
32076
21148
31662
8103
18338
32685
17548
30750
15179
27332
31046
7980
169
19541
7126
19704
29973
15072
7432
21034
32105
17256
25379
5117
25026
26151
9163
3733
5764
19328
5414
20884
5790
17717
14910
10984
13071
28634
20134
29670
31657
2186
5473
13469
9492
19160
3839
4452
4119
27400
23305
14006
22035
128
18591
14144
32464
29817
23136
4151
17276
18682
16778
18415
753
19463
5218
23210
19255
2838
17367
27054
7242
6850
5218
24730
18461
1731
7728
1273
5086
32286
6275
9240
32380
3993
29782
21269
20583
2674
2624
30009
22679
22352
24474
31879
31439
23930
18148
6293
29475
18503
24421
18331
29368
16598
14354
32202
31179
28670
6577
22239
4852
23688
15422
1527
21420
31132
27534
30629
17934
31098
24370
23106
8154
14443
18846
132
27327
21494
25227
21074
474
16982
28825
16343
2170
32300
5689
27350
15910
6770
26058
31293
21473
21168
258
19452
9900
27506
18320
30999
845
30457
22783
24570
22351
21041
28126
10510
29514
28131
19486
31113
16996
14380
23227
18570
6936
14894
6303
2661
3382
15877
31427
9787
20779
4348
30103
27087
15491
13825
13732
28564
24492
7255
19311
11019
12541
11915
20129
3915
26870
19881
15462
993
29642
3247
5395
7131
7194
16450
32011
17184
21252
13984
25827
22019
14684
11222
31940
22295
20025
20019
30481
14148
26292
26364
24138
25626
21228
31585
561
4198
21582
31152
16427
27395
18707
18121
10984
14323
12553
16338
21830
32686
28567
1068
17523
18618
28411
7077
19794
3964
2263
19695
24865
28750
22508
14417
3416
14290
22309
2716
13012
19845
29143
23649
14388
11415
26951
4449
15236
24314
13165
19525
1817
11961
14071
19087
19899
395
2193
15569
29194
4776
3428
28444
23834
32475
9948
21948
10337
22232
19375
21026
7891
11217
12827
17442
22859
19012
28527
15199
31277
5911
12492
23811
19529
17126
28973
20915
18691
18332
20645
20418
18865
25664
28904
5540
26693
2834
31501
26790
21292
30167
12946
27613
6262
21617
14753
25436
11318
18866
27281
14250
11820
10866
27312
19828
12961
13023
23104
1406
4755
9749
17855
30943
1810
3055
15468
17774
5098
284
12294
32376
1410
19829
471
5556
1540
13453
24817
20600
3518
13450
23992
7468
13001
10036
22176
23808
7144
31052
8760
30170
6834
27679
6760
16530
12532
5467
27894
10082
1361
4384
21839
2200
2859
6746
9093
12686
25031
32079
13460
1500
11947
6260
16361
9932
30539
24453
7717
12047
15845
5332
27934
22190
26026
11490
13606
4931
8734
4140
29585
2152
30145
12103
11889
23664
1007
7471
30116
17749
14853
9181
29969
25074
5061
1815
31790
13170
32508
27020
7878
19209
8801
2080
21241
32738
3009
16261
12420
16728
2393
4107
13634
22888
12932
5049
13043
13158
25494
6812
19005
31472
12551
24927
5872
10017
5588
5660
29070
17926
24866
8050
27147
7254
10020
23000
24529
27997
14656
16176
23303
32570
26989
11424
2835
12106
7392
15005
3677
10980
29159
23368
26454
8263
32021
13054
17082
31696
24991
24362
29458
1393
18694
8030
17788
29278
32246
5283
5038
16137
11887
2829
14137
25937
6434
402
16907
17142
10782
25627
8248
17489
19115
11228
1786
10050
26742
23009
21750
27241
30703
32746
18368
15513
30192
19321
10914
137
11423
18217
25241
14541
16277
17985
31649
28677
17216
11913
6962
29013
25477
5213
31755
25877
23978
23807
22318
9673
20852
23346
24108
24915
11660
6660
10914
23143
15143
18923
18180
24128
3302
1043
13465
17041
21755
22519
4807
32703
26254
22319
19345
15181
26207
5000
26974
22168
28332
17242
31228
21956
10837
22
8932
13046
11070
21279
19136
29123
32757
1243
31786
1769
19605
25097
26039
26685
27370
27477
6964
22757
21973
9001
31791
17863
25586
28103
25530
17985
5497
14229
1387
5403
31074
21943
7079
5562
28109
21731
19232
14742
16288
10865
24477
23022
28018
31666
17914
22970
4520
28547
26479
9185
14301
15906
18965
22956
8584
29504
6821
17786
15832
5719
899
26038
22755
11581
29948
9223
17920
19706
17100
3270
2417
11479
15076
6837
17734
28599
6506
27374
28029
6058
32256
27929
1902
22464
17993
25570
30823
14363
29097
18859
10131
16456
29261
28029
30496
7120
3948
23621
22688
27913
15564
27197
176
16946
2951
28840
32216
24767
6159
5058
14003
23282
6512
9463
4944
9131
30165
30035
21975
5249
78
11322
26224
6673
17360
30297
5728
31382
32638
8412
7797
27323
14374
29921
23717
25773
783
26413
5362
30067
28146
28702
14737
29826
10310
8161
32330
22924
20928
17125
15138
9370
4635
10896
25144
3162
24085
28208
3309
26298
3514
14388
25671
32693
10212
29596
26776
21101
1795
28078
23642
22651
15130
16363
22110
25475
19722
5697
16166
13579
18195
9602
15759
18573
9880
26133
22194
970
6946
26348
17677
16738
13992
19637
19166
27042
29454
20821
976
3485
12523
22418
31193
14462
5007
26383
355
27420
24133
9342
8362
30159
14037
6673
1637
9347
29005
25649
21416
28938
18689
5747
15625
12215
10961
27848
18178
27176
29866
7412
8598
23651
20048
23617
26423
18469
32602
28020
17128
4726
26238
19200
16799
24449
30222
16762
21229
8355
22979
3661
15584
18626
10682
22191
1833
6880
20156
2771
8570
18159
31682
2400
18738
18663
24760
5923
29244
15895
31362
32512
14132
9400
9277
28207
5324
14792
19911
24741
29807
26902
31617
12751
18980
921
29523
9606
18868
12293
15089
32064
30479
18848
19293
28035
5612
8530
7598
1952
15536
21756
29967
27549
3729
12555
2570
22131
24827
20557
31495
24698
20530
28163
9743
33
1850
7735
20438
9442
16116
24656
15353
32373
14473
16355
6788
17476
14091
30668
28343
4384
15450
19326
21258
10034
3397
2711
15982
12340
16626
29368
11990
19937
24448
25491
23798
3753
21482
6469
23882
6826
13615
24807
21083
11484
10928
31583
5182
11403
28633
8828
29021
31499
15107
25667
27770
18855
2969
18563
7152
3034
9082
29872
3644
22978
12191
16877
22461
22225
25598
31083
11704
28870
3758
10994
12959
2779
26187
20925
22419
26944
6044
15243
30503
28873
22131
26099
3431
3812
30165
17912
12569
24013
19291
11741
12866
22789
25048
17723
492
13824
16188
18256
18215
13597
16825
31642
17742
32476
22564
7332
30603
24908
6557
8481
1437
450
114
6967
30169
22224
19521
8733
16495
32373
20317
31208
10223
17554
11123
28066
31500
28061
16750
3997
9119
6553
22679
21510
9967
21318
16641
14781
31535
8085
29988
30052
22088
8542
32456
21175
23001
9557
8997
16411
16508
10811
6728
14457
28748
14673
21944
32588
5796
8978
6746
25337
12585
29729
29074
31072
10250
13953
13739
2736
23942
21252
15737
7807
22191
9990
27452
24346
24942
8794
8904
18201
23496
389
27363
19767
95
30762
15855
609
23612
24518
19913
22029
20939
16030
16112
29901
19751
15093
7914
29988
3480
20097
6627
18072
10331
20000
13208
5896
10401
6600
1907
8768
28889
2236
21495
8139
16690
26118
21855
17160
1884
4385
13186
385
23439
5878
1786
4983
20175
22282
14725
25282
28270
2293
17835
23512
8402
13846
6562
21803
16249
31621
8558
184
4665
10313
15436
7132
4045
3019
8529
20842
1933
2187
30543
508
6269
16146
9208
26246
6537
25896
5702
16689
22287
7494
4122
4198
18846
25166
13091
30760
10750
23418
21761
21928
1648
11410
24234
12563
15670
5731
15117
431
86
31596
6390
30758
18076
7386
1074
17186
19934
9143
6643
537
4739
19038
23670
23147
24646
14898
27106
25258
24632
29071
6772
22584
18436
17921
18905
21272
3703
22196
20443
27646
18752
812
27712
2216
6132
14902
10735
17009
16469
13599
32085
6948
24531
29475
8711
29710
22099
2344
31657
31575
20016
6573
32270
914
1407
2301
24736
31122
15512
16808
8451
27775
28114
7475
6389
23594
12941
17679
11129
16798
31094
8136
19764
1528
29190
7807
27671
23416
20812
32410
31294
11479
21485
21434
8216
5851
8553
28141
22985
8234
29855
28710
972
9052
11668
10986
6877
8019
12400
3915
13078
25039
13769
19994
27224
16445
28708
30553
23020
21200
10937
11759
19306
26067
17783
17311
13530
5438
12872
20795
16410
18055
22422
7957
24960
29882
31758
29111
16831
716
8100
3796
32527
2093
26071
3710
2440
19356
30006
19608
7887
24639
28707
3727
10485
6387
27351
12613
1180
17889
678
29518
29276
28754
31364
12127
14181
2244
201
6915
12645
15164
561
23952
25004
24031
11815
4954
13198
11708
4163
4390
520
19949
25361
31714
8359
15582
20
2195
27558
13292
4362
30862
9046
9522
26226
9707
5827
19359
5964
13367
24981
332
20000
14697
16692
20493
26433
29463
17712
28743
17491
23530
24287
10753
30987
13648
5192
19517
13622
22896
23103
11912
4093
26979
22994
28880
6247
11169
9444
28022
20255
11961
7704
4516
28024
1094
6129
4065
7598
10270
28471
8418
2159
26572
9372
18083
23449
24129
14751
17847
11846
22470
21681
18653
26118
12853
28822
25299
363
3433
6927
25199
27595
24563
1718
11499
15937
17422
29737
4737
4597
4310
13930
20791
18333
5044
22150
14845
26692
32285
6773
11253
842
23420
29506
23058
11693
9068
5740
3812
1670
15403
18059
25266
25815
331
3894
6090
4739
8875
30757
4373
14494
28582
29587
5870
24807
25226
3046
24116
12435
76
5266
1438
16461
24698
25147
32079
