27374
25689
22677
27797
26603
29593
11375
12160
6655
18971
19183
13605
4065
21830
24377
25131
10599
3116
99
15452
13316
10753
21022
6327
12431
27858
6297
28608
9797
11379
17314
19483
10002
23994
13583
1881
26892
21994
18012
18706
6464
25202
20885
31796
19378
2264
16758
11930
11423
752
27858
3809
22277
19281
16689
31863
29798
19977
189
24052
2504
4496
5983
12718
5632
27643
19237
3207
25904
6258
19431
31498
15759
16612
26154
30903
18792
20473
23876
29082
25190
8009
12481
547
8718
21963
20742
26929
23437
2704
1844
24688
25268
32689
5199
20197
17473
2438
19360
2503
21344
30232
11351
6033
12401
2265
15989
10581
11532
24211
14057
15955
12610
19871
9977
9674
1574
5719
15076
21262
10637
30669
19398
14299
3857
31934
18619
6377
29276
5313
15175
4288
7843
19908
27382
13518
20336
16825
25663
4279
3749
3213
26286
27628
13246
24154
32323
3455
26710
32221
19477
29238
21996
20266
16954
10462
24808
12958
22251
18657
5337
20502
29412
14107
9729
8798
7946
11498
11283
22253
13648
13700
31291
21967
6363
5518
14431
1506
14693
20714
8613
8517
26079
17104
3125
11790
12890
31776
7744
28475
29991
23542
21569
25068
7997
5759
15490
6863
29660
7692
3042
6107
25456
8805
28631
23105
3512
6752
16815
23711
12071
2994
32539
14711
32139
1284
11245
5601
14316
32330
289
9340
28087
4944
3354
21674
16668
19605
10543
509
10420
27229
26726
14316
29799
26114
25471
24011
6541
7563
1589
24314
2643
23935
16832
9052
7264
15612
18590
27658
17081
3
14227
26697
7906
29718
20463
5818
11591
31493
9999
18129
4314
14341
28454
20104
16892
4866
15678
18517
9377
1590
28793
27993
18863
27131
7837
24538
24488
13021
10703
31219
5769
22004
25503
29834
31474
18289
24901
31363
3206
18294
25898
31795
5013
28971
427
22296
31225
16398
22809
9671
11069
32650
7940
19493
16389
22732
16057
5082
30889
29394
19209
27907
19236
22724
6988
10023
2093
6792
14758
13933
23459
23441
1673
22796
11310
17399
13691
12546
7716
1997
1818
9737
15785
30895
25693
9159
5147
21914
16156
2117
11437
19712
23507
22178
19537
25884
26787
521
24796
16004
1433
25824
27492
25853
8755
14402
27117
8850
21536
8112
1093
2280
2888
7427
45
9420
18188
165
16569
4110
12495
10753
21754
21906
16309
11320
23002
23460
18858
11030
13126
18572
9639
1092
24723
5474
17200
6335
28698
17188
23330
19080
22054
26118
7595
670
11025
31497
410
21289
5289
15311
6361
2552
24280
25774
3639
18221
1925
8451
12395
27703
16821
4553
11862
30465
13302
8810
26761
7529
30205
8148
31751
15604
4494
17872
27212
29376
2716
13967
654
28602
12978
4230
28738
23824
19345
5757
4834
25834
15643
7650
750
13141
25199
14178
26673
895
12886
17851
1349
3370
18142
30411
7257
26203
2116
21229
4402
11602
32535
22150
27760
3775
4507
18907
9235
31795
12396
19238
19773
9941
13923
16104
6969
4694
32701
6784
20413
21543
31866
15613
108
21225
16900
18993
21919
6693
24593
15366
9829
5693
31946
7702
5577
19618
31789
10101
5459
25672
14000
9937
28881
4695
807
29886
18262
16164
6119
24651
5508
30559
1836
18905
13575
32142
23224
24621
30050
4025
4797
13251
12782
13671
3069
5221
2335
10698
4400
27901
6410
13879
7078
4520
25892
4313
1837
13323
18765
5029
15669
29162
7693
24464
6962
12790
29213
16384
6210
17127
32041
25217
28176
28875
12244
14010
18680
1182
1277
2719
17260
25114
30784
14056
12438
14288
17856
28609
31294
30072
22308
3523
5615
31878
480
25379
21845
16126
31414
28969
5610
16520
8828
4580
5074
11719
4127
27165
25602
32231
31720
14217
22952
21109
28670
20290
23239
2420
25133
24696
26658
13741
6885
20324
23644
28998
3462
15486
9821
16022
1498
3056
760
27448
20195
330
31178
10590
14040
17271
8549
21352
5226
23792
28334
3510
12619
3119
4995
15034
15857
30823
12449
30033
12952
7794
24261
1363
16774
2571
21266
616
16018
12093
8883
6430
8167
30747
27073
9785
31750
23218
22887
7243
10506
2876
28996
26500
24880
7831
26640
17354
4246
12533
1923
14604
12355
25812
32626
12756
21096
20017
29756
24604
17381
7672
19556
25699
26383
8640
383
27392
11185
27573
30801
13237
18513
14037
9267
14215
6324
23392
31159
24781
17828
26505
29839
2440
6640
12402
13483
13298
10421
28503
30370
12634
10460
16138
27475
11054
10724
3487
13004
16986
1505
22120
32363
14544
13509
14372
7746
22888
25823
15219
32192
4587
31905
23949
21390
29546
27046
13108
2232
3285
24820
14311
6925
21449
29822
7513
32456
4008
8685
12065
17264
31471
16031
7859
32764
3780
25840
19343
19003
11471
18105
23480
15731
6987
2327
14440
21577
1885
3438
17154
6624
420
19373
22088
30277
10513
8659
26574
6667
30713
15538
23982
19762
26472
32242
27774
9550
23737
858
4479
26340
5475
13131
32023
5656
1302
29325
386
31365
23047
26447
22980
6765
7048
28008
23778
28946
5851
8163
29009
25699
3656
7099
21679
15835
24173
24547
2993
10919
3542
28297
3677
1799
31437
5020
1145
30966
7027
29836
9795
7693
1040
19793
5474
20645
10152
32430
16925
18492
1743
20919
12491
6426
16573
5265
13194
22323
15013
29817
27700
24656
20803
14599
10895
4458
18613
17588
31428
27478
28299
32411
30739
27304
8737
2428
14276
5841
14125
27654
24673
3210
26260
3670
16674
1910
16770
12475
32169
12034
23225
16316
8687
10897
6697
10588
12927
16598
28353
6044
3298
1664
21126
13378
11354
24605
21730
23001
9939
23352
7998
22009
30230
8901
10195
8392
24896
4800
1724
11713
6770
12048
8528
14772
25803
433
8112
14862
22163
9234
24732
20827
3001
30652
24459
27913
23680
21045
16634
28783
27765
8228
30980
4366
9636
17333
16435
18454
29707
12863
19094
32044
21839
5413
29971
20074
4270
29178
23807
6567
11061
7656
5612
11001
27699
82
29122
13433
1517
26808
3858
29510
13971
31707
8614
9677
30067
31778
10589
14151
109
28989
2870
17538
23975
29448
16554
24037
9602
7090
4415
10927
10444
25886
2650
20863
18231
30089
10580
18969
2569
8046
27601
31847
22294
6310
14925
20670
20459
11476
24824
5475
12621
28416
2756
23886
18146
11906
29372
15405
18221
13090
16279
940
11200
1149
15757
26100
22956
16555
27241
8561
11837
17950
2016
6617
17380
13517
10273
618
885
2706
26797
32115
21906
24273
20329
21781
2151
347
32241
12619
15769
146
12080
28456
29816
23245
13102
32096
1148
24318
23848
25098
7151
146
6118
19876
5863
8856
5193
24408
17015
7718
17956
32381
24614
2040
9036
28001
32160
31067
22771
31046
29868
24649
27441
27562
10078
6870
29412
8396
19598
25035
28090
26475
24713
18064
21644
3537
3589
18511
27630
16400
9051
17494
772
7052
26608
17853
5271
7097
26100
30793
32359
17446
31824
17041
17091
11195
19673
19295
2136
19775
23242
28249
19527
16668
28017
25569
31354
17511
2856
8249
24631
12571
8327
11755
11509
19365
10200
1896
30063
2470
25803
13295
27896
13812
2156
11184
18702
5602
20817
18226
817
29633
31768
15858
27894
12966
6161
30797
19031
20334
5175
14495
26189
29440
6245
24493
21921
31186
32454
20544
23550
5295
398
13843
10060
26295
28903
13295
21817
17575
1326
15637
30488
31066
8544
7644
2031
13200
6607
30619
2251
239
21274
13257
14167
31303
19803
12899
4781
1306
28578
14222
8812
20060
10147
23678
13323
25207
12715
1942
621
1682
7385
12241
31669
14099
24458
28512
6491
28514
4117
10645
32384
7920
5561
18431
20606
28537
26067
21207
32196
16518
8532
26778
26337
31797
9843
22776
7646
10556
27295
26349
12241
24108
12472
30254
11439
31219
28542
10182
24930
17829
31818
10753
30747
25468
19964
16265
29418
12061
27700
16847
13452
29468
24261
8876
2948
6083
12646
12617
29549
12047
24491
9788
142
508
15668
15091
10671
770
11813
20566
25643
18912
17365
26792
17991
31896
4555
30894
9154
18875
20198
21524
22701
22502
5851
14604
13949
20109
24549
16184
18271
23543
30903
11722
23499
23690
8886
31978
5724
1865
7269
1624
27103
17307
12320
10578
15786
3150
6926
26040
11311
987
24657
12910
4048
7660
23679
4866
20981
539
11606
12430
12380
3069
16811
31200
27825
3167
9636
3801
6751
12239
24359
31507
32421
11871
28306
966
14060
10405
18349
3309
6488
22022
22237
22948
925
26677
26266
11221
3092
18422
31010
1811
18702
3880
27247
6854
8808
25602
28263
6025
24927
6557
16212
29648
29350
14770
4243
25550
3766
23462
6544
2198
15462
27843
19698
6784
25019
19913
4114
4814
22273
27045
1714
6287
12314
10624
18156
13508
12311
27131
2408
4546
6917
21945
10706
18903
23049
18719
2955
2352
9648
9047
13983
1786
10880
10395
16632
6600
23507
22960
22481
27445
26853
25776
32109
3786
2091
4877
20232
34
3302
22739
26382
19531
31481
26925
12171
27248
3319
29739
14562
1973
24705
29122
26819
19043
15567
7701
5463
20549
10124
2802
24765
27730
15335
27296
26810
26507
30695
30680
7852
18727
29694
7953
23488
27118
14562
19713
1381
22243
10136
1632
22017
18213
10193
11503
7650
10519
4218
5561
4215
2751
32399
21656
29120
24940
3632
24828
14339
29852
10742
30696
30145
28700
25735
24381
8168
24945
4200
28219
1098
9335
2579
32581
1102
840
26698
12004
26597
3423
1706
3087
23744
27134
7811
7594
30145
10700
25063
24908
16047
23491
19713
10053
14381
26953
8616
28640
20461
32157
16692
11749
10529
31861
22673
4706
18738
19430
4754
17835
31925
30083
17543
12704
2203
25289
18705
16686
31655
14523
32053
14617
13350
5833
5040
3576
28122
15606
12938
23425
27703
23866
3822
24838
5330
7205
31545
10048
3606
1222
6993
13132
13880
29643
13112
27379
1646
15849
17377
3630
13916
5503
27202
27113
13263
29558
13482
10248
17070
1899
25173
24744
22830
29456
16702
20647
3140
21711
7732
22886
8288
26033
31536
11725
4696
11903
32742
20624
11426
6183
22682
18353
31943
23392
30517
10567
15636
5009
27288
25981
1683
30959
16432
29149
24378
1510
9162
14799
30817
3003
12713
30812
12666
31343
11990
24376
13052
24550
7096
12032
13728
25161
21732
9408
18896
14760
13878
24760
13148
27876
29729
10848
11632
21964
8003
13737
10947
12422
1597
19846
26128
14897
27073
1963
22218
8904
14061
26004
24076
22089
15319
1738
16335
24855
2665
20578
15455
29597
32111
11718
24080
18741
5102
20152
20268
30280
5815
1683
19505
25014
15421
12500
1593
28024
16036
16090
2490
4740
6170
21226
32111
29680
22890
3190
19862
11611
20174
27039
5980
24713
26373
25080
26774
17997
4262
7821
10161
18092
436
29476
14316
23615
7538
31938
11716
18137
27769
2417
10160
20842
23303
11585
7951
12067
12698
10381
17759
13275
31678
895
16815
27570
20771
726
25175
22004
13554
23015
5862
18240
32609
15842
18012
14057
1414
15959
21914
31644
29544
1785
29206
15171
3164
28321
29907
4650
17807
30614
29073
13664
28383
9483
17985
5217
24047
18921
16059
15857
20346
13519
8371
3147
29415
23895
13289
23675
21534
30364
6817
21769
6043
2809
3667
32727
15552
1299
21667
15180
23152
18969
147
18098
2521
18762
21496
28125
29585
9400
21803
6158
13029
22348
27904
15895
878
31755
8444
3007
27877
6807
15810
12391
24887
7417
1487
8942
220
21149
14439
23763
31077
9374
1231
20633
12885
24389
15805
8048
15410
13516
24845
21009
13788
23911
18357
6378
7197
30853
4603
22395
14208
4946
9190
32512
7271
30849
17906
31824
29016
11594
15879
15621
28568
16302
29868
4061
20987
18946
31353
25696
9722
20395
458
11715
13062
22311
8379
27917
27676
25933
28496
9848
8090
15829
22003
17946
22865
3354
8228
14276
10971
24351
10092
13867
20014
2000
10898
5445
22130
24715
9490
3062
25360
32479
15051
16620
2316
18580
3064
7880
26260
2283
1377
13182
5337
27430
211
7934
27677
32331
18893
21780
19981
9766
23164
13964
27218
7565
25833
17819
12643
28136
31858
31098
27037
32752
29559
30036
6805
10678
16725
9826
17069
24039
1176
3413
2789
24655
30060
14068
27892
9117
23637
10246
32664
13414
24864
16498
23850
21868
17946
22949
22645
12575
25471
9268
29640
17508
30517
2242
20042
26262
7354
4133
31630
4810
348
5828
31079
22104
10408
20291
14334
2199
21796
22627
26657
12263
26945
27171
990
14325
21643
24108
17745
23866
24867
5995
32698
29125
30063
3328
3794
24379
7696
31831
20576
2588
29716
1684
23559
31303
13165
15669
28002
27841
5538
25074
13395
12978
17605
24040
32663
432
31397
13303
30110
6464
8260
29289
20378
24986
396
26580
19159
26541
26941
8001
17482
23139
14634
26509
12908
27942
21157
27152
29001
17315
25400
5245
5331
19150
27030
23049
13693
8998
1744
4048
27397
58
28620
26740
27025
8556
4852
21255
29950
18421
17963
16683
7797
20009
4357
6263
63
17404
26423
21277
27610
13510
26444
5066
15948
31299
29082
12494
20151
16606
11125
31357
11054
8495
17058
16597
6087
29378
1294
23649
1009
15386
8384
15964
27144
25589
8205
19482
19751
2002
30219
2468
18750
7089
12104
22435
26980
14106
6843
18559
14446
13152
32506
20679
16320
32551
12206
22228
26723
19236
5956
26025
29272
29732
2278
1822
30252
20048
28330
2366
9421
13743
10249
13037
14748
2028
11410
11214
21187
27482
18143
7011
9161
1845
31689
17270
13924
4395
29144
6584
11662
21530
27901
9385
16090
5148
12932
8119
22025
29633
26948
10922
5848
16027
18969
2111
12573
15616
13460
12307
15122
29963
31728
14275
1521
31972
72
22354
8385
16961
26632
3275
32111
27437
3490
8999
27680
13321
30082
8304
24774
28368
24643
24359
14065
1951
19747
22244
26601
12916
180
22588
26361
9781
25557
16359
6157
2293
20193
25890
5248
29044
5414
18259
12847
8676
25753
16108
210
24563
19911
13713
12684
3589
2063
10621
7360
27073
17935
34
23079
5072
11868
27663
7967
17633
19574
27159
22342
21489
3579
6576
11080
29129
8218
29849
27125
15816
16715
10688
1943
6114
23357
8034
10114
21481
30992
24692
25580
12811
28101
31042
18431
16541
16115
1878
12333
2839
10171
155
1220
14943
18429
30146
706
2634
21452
21477
1770
14432
22304
26986
3863
20447
25035
12843
26065
30467
12207
11987
11294
8581
8493
19339
13722
19553
6113
6615
27338
9949
2956
25018
9646
19655
27473
20001
15509
30206
7973
14463
12085
16180
15745
22452
10747
28657
18777
22067
21408
25051
3154
4964
6397
27958
24880
5191
27424
32423
653
26459
9119
14909
12753
32702
812
20401
19038
19349
32362
25581
5387
2478
19712
13260
28628
8804
28395
21537
7632
1987
7192
13050
21347
24813
21042
15910
21172
1212
29881
21236
11361
1961
13140
23358
30834
24813
10856
15270
7052
27366
29161
30496
27751
17083
3696
11185
19842
19267
30862
19574
3862
22307
11873
15591
11592
15927
868
12637
16034
25140
8843
30930
9924
26251
30352
5096
24919
8080
27783
15661
31043
31963
17593
18078
34
29422
26031
28778
6644
10265
25997
7416
28948
26779
15778
1578
9835
9738
23612
22500
4579
1525
2241
21448
26398
17351
19963
25156
4713
27118
24244
13519
25067
9789
10371
23919
20258
15759
2277
32639
31889
25262
22671
32175
15282
29811
16643
18764
12082
26414
4194
14018
23901
23879
32641
31583
18136
13094
7742
14425
21902
593
23061
14099
14316
24532
21230
15004
31825
23014
29241
2680
192
30921
30781
6820
2777
18162
29613
29908
7175
9322
22397
18175
22010
26996
8947
15133
856
7280
20481
31792
6319
16127
31698
3201
16815
30312
32163
20780
20118
4923
24532
30430
5611
15412
28479
5086
7791
16481
21704
11082
9553
21639
27957
30116
21665
16323
21313
4749
15879
15213
20459
1999
28085
2625
9492
12705
10650
2753
26185
2087
12504
18645
21470
24121
3961
21173
27708
32101
23133
21768
10107
17207
26487
16974
4404
9143
22074
2427
13456
13620
31821
8164
3749
10560
2694
25183
31491
22268
32278
4518
20105
14998
12801
28157
5246
3599
9426
13845
8669
24386
18060
3375
29423
18210
25315
3204
1823
9795
31660
997
12043
2716
10131
11679
215
8843
18700
22945
26310
24857
12684
21473
31755
14208
1272
2555
11228
2026
29022
13339
18121
13692
3811
1310
588
30099
31740
9716
5793
17997
2529
73
28375
11852
3391
7268
7976
10678
10029
5711
5510
26752
6754
28216
14454
16877
165
14359
26657
337
29828
28305
5544
28699
841
27932
25785
16658
31530
21861
2912
16607
27072
25583
25631
28620
24251
30716
26176
26827
18131
21168
30826
14778
29442
20852
20851
4325
8176
10137
23413
25549
4527
23357
19748
29480
6056
2419
27998
20520
3285
13726
13572
18176
10289
10270
17161
21157
12653
8239
22216
32209
28133
23821
17563
21838
22994
16989
6313
20337
449
7112
23551
19685
4164
17385
12259
5801
25575
12905
13156
32092
16741
13672
26422
32185
30236
23071
957
3678
32447
18628
30056
31441
1611
6062
29504
28612
20796
22970
25537
7320
26880
27629
1000
3617
7084
18011
1165
9897
9198
21575
4595
22327
3394
6027
31134
32273
10345
6971
25188
3711
9240
31109
19143
26066
7661
30939
16770
29093
16294
1109
3170
2915
15509
848
12631
11529
17231
21596
5579
25389
14245
28501
10290
8256
18645
29391
18403
21776
14337
8375
24358
29328
25311
3640
25486
14556
26291
2780
12425
30584
28538
756
28725
8920
1896
24889
1653
25382
31381
13235
12869
63
8948
6106
22858
20223
12420
12796
12717
958
16842
13278
15914
3610
24702
13990
20580
25079
13957
27640
1404
20933
3871
27232
28897
24066
30818
6384
26986
7679
6375
32298
11426
9702
3523
30240
19555
3580
25784
5081
6822
32548
1709
12791
1945
26789
9820
30359
9714
17196
1867
20089
18819
1301
12541
9057
29711
11238
25193
20924
1117
32540
22955
8583
23434
28715
17402
18029
27811
15296
27098
11055
27252
12361
27538
3145
1946
15799
8673
9683
31968
12930
30445
30885
18888
18926
19324
27326
25447
28558
15462
18151
17782
23558
23627
24467
6567
28436
13697
22794
26933
27346
10320
24262
3263
29749
31074
18461
20054
31962
9333
28705
29141
31234
18259
17605
6000
3291
14596
20801
11408
1
8514
18359
24287
15940
9261
19990
17822
9900
30272
4671
13631
25018
27780
26982
28976
7153
23811
32443
12277
18837
25472
21834
9593
22451
24165
8480
1958
28257
14333
15280
16691
10311
20451
14197
18109
25438
6331
22232
16922
3832
15903
27219
2026
6913
26332
22999
2926
27780
26463
23915
17566
31600
30826
10519
15477
32157
17932
4096
13200
17162
27343
25300
5879
10089
11059
3432
14139
15581
1371
14240
30145
5122
26887
28048
23645
17710
11202
4832
21282
7926
3421
9589
26745
7668
24731
4941
24433
4552
11310
10155
30806
4957
22498
21365
10117
12398
14873
21722
11902
28744
6519
567
19259
5585
30430
15420
29121
17097
13213
19275
17396
24656
26596
11296
15279
28840
32124
4023
15124
11837
25268
4714
30497
7138
27039
28251
28804
27230
10108
11537
28337
22311
26742
7270
12593
26733
2958
2720
19261
10842
23253
3550
23947
20889
13278
23222
8808
26389
5235
28188
7
24835
24455
3717
5401
19746
28268
26701
29597
28737
16966
18774
32250
32515
27072
16371
6731
21471
28413
8452
12282
18026
25042
14690
9104
2009
21042
11901
17611
10433
20201
21059
25330
11298
15501
28228
31589
19364
6322
18964
13944
20768
32094
28913
9857
10594
30909
31398
32048
5166
3349
23471
11039
5504
27899
158
7594
3096
18376
14526
3841
4406
14919
13301
7291
1443
14256
6127
5934
28656
32474
28792
17084
4098
28588
32554
30319
19407
21717
11849
21641
22882
30140
10987
3029
18981
1210
27228
22402
23391
15752
7872
12593
12284
18419
24314
26957
22413
13015
1485
6555
18063
6986
3137
9746
9200
21528
25417
16364
4047
8560
4258
7933
18308
23772
4862
25924
19168
5494
20834
24768
26293
90
6605
8068
18585
19799
29466
2574
32744
13290
17959
30677
4104
19564
8759
29217
30705
2442
8341
6431
21228
26102
11131
24373
30362
6748
11313
3731
12857
28568
25721
19723
4899
294
30507
4642
21143
985
25629
17255
20668
25808
31557
27395
16611
21671
2850
15506
27405
4842
20055
23601
9901
3535
23706
7128
29359
10788
8908
8939
20152
18310
9833
13323
14768
21716
6179
1330
31102
2275
31178
24063
4114
4979
23407
28750
425
23138
29641
7948
20556
5920
6104
10058
20634
26723
21959
24463
15304
11292
14103
371
8934
13737
28154
12649
10084
13388
29181
14557
7380
24028
20458
9855
30705
12730
12525
18654
12001
26631
23797
14136
28343
24852
15453
23696
19004
10522
7372
14594
17903
25644
15706
19796
25930
13929
26100
25805
7495
31862
3585
12618
20515
26668
22085
28046
13922
21901
23046
31194
22803
27645
7022
9917
341
24495
3889
8750
16666
26461
2928
15064
31019
14908
7644
28085
109
10799
3358
29150
20578
11834
2423
13986
23282
28986
20643
2005
28012
14548
18692
19562
17608
14508
22524
4933
14127
9687
30619
25162
5821
7826
20346
31674
12677
14900
21734
3519
4821
21857
13889
69
27068
28289
5542
21772
14538
9840
22220
19963
13079
14711
1069
19896
27270
1148
3943
9845
13131
27253
28898
19213
24747
11811
27315
5711
16131
5116
29376
7321
28428
24681
2085
15274
1629
1585
30679
23729
6450
6453
21639
7337
4459
22879
9674
20201
30424
27093
4726
3575
3251
2162
2639
20126
26734
22902
13027
10560
26032
7036
7090
19821
7066
22445
32146
21427
14158
25140
2386
25016
24498
16113
2462
21639
1649
15986
23586
25896
19011
26399
1523
31603
20079
32436
26410
8997
11150
18421
20946
22324
23953
18589
2052
5984
21253
11159
25936
31755
406
4976
14175
15434
9170
28941
2519
23100
1072
12953
27007
27035
31057
24258
25252
9360
30597
28709
16059
17100
23441
1286
17735
18132
21168
14149
1021
13724
983
12429
25126
27736
24125
20175
838
2191
12571
27887
15611
5745
28848
9149
9255
31082
19593
5926
30033
17143
31487
9132
23625
27577
24065
19
24331
8904
25876
10077
28646
10057
20631
7929
27358
24643
14924
27960
590
9902
1812
21504
24274
30157
9722
9156
30307
30142
16499
15027
24260
5200
16356
1072
7966
8212
19557
3203
17639
6583
10437
31950
16391
12174
4046
4930
19006
6003
30410
27538
24000
15056
22854
11176
32547
26873
29205
26776
24187
959
1432
22482
5060
23106
8509
8347
31360
9734
29766
25022
28832
24137
9676
16254
31912
21908
19459
3536
7951
21905
26815
27335
21220
11548
3895
23888
440
25756
5897
19487
28343
3220
127
24809
23832
23157
28177
11220
30136
1975
22315
6956
12289
10023
22576
6999
16913
25731
17342
29451
23576
25156
22836
12222
13058
10683
17521
13918
7767
24927
19167
19523
19807
15718
18865
11362
22409
24210
26984
31939
11277
4942
10908
14389
9425
12025
12281
24640
16522
27522
27016
2907
18467
2357
1327
9055
25442
8404
18556
26684
24777
23530
14238
2794
13498
1884
11700
29859
29663
13377
19019
3664
19657
23283
22561
7233
17623
13414
4399
544
15450
15801
25575
808
32246
6667
7611
21138
23884
18064
7902
2128
10453
21732
31566
19966
29457
8095
11538
22550
30434
11561
15296
32611
6962
13520
32067
3768
23004
31255
21467
6369
3530
29265
3429
27354
27739
26735
18397
28223
11783
4887
32545
4100
10821
20726
10232
32614
27308
32598
31826
22817
31065
7923
23762
4836
28306
15114
27529
15106
424
18100
17413
24682
8482
25714
29834
14041
22039
19465
7327
19278
30428
17040
21708
23743
27872
22727
17315
11530
4563
25514
1021
24110
26638
25414
16518
12219
12847
19404
10364
12423
11779
25828
8627
14499
30378
13123
23517
16269
20981
8320
10504
25255
27923
21795
16232
12264
19565
30976
18519
2258
29390
19907
24730
12708
967
22475
28134
24784
25938
2364
28066
25263
9397
9039
8431
9588
8873
16877
14822
16735
19132
17789
28192
20787
23028
3834
4732
12009
30901
16968
9244
26790
11236
712
25265
491
24909
24106
24569
21771
6978
22914
10374
10467
32645
21662
27072
20165
19817
14231
14637
23733
32563
7847
24816
22488
6854
30778
21904
25385
30080
18760
14587
18030
28511
3041
3787
24939
26984
23562
1479
24405
31561
26311
31405
16009
11325
20345
6191
126
13104
32618
14395
5624
548
5031
27263
23423
8403
23822
17453
14864
6805
9895
23803
16402
901
13880
7535
18059
22751
15123
16985
30356
16557
7987
14753
17163
27811
28295
15426
10887
9287
18574
18839
21905
14933
4132
26582
25873
29025
19868
19930
1286
5054
30478
23077
6010
17055
4850
31525
2998
16508
26862
27830
13746
15031
13549
28393
14799
22144
4209
23043
24776
1270
1578
13257
26598
25230
967
10747
8564
9657
7692
5663
31091
24769
23333
28287
12943
6900
30522
18549
28497
1285
22339
20454
23445
19631
7710
22541
2623
21403
6110
27002
23338
19844
28519
29018
32097
2457
25144
30200
24978
27427
26247
29828
12479
21863
30611
19476
6967
3790
31798
23016
5061
24387
31673
10994
19239
28125
5357
26261
32705
8638
27511
22190
30099
2619
32620
12497
10857
4669
8990
1237
6737
742
821
29842
10322
6520
29953
6377
32603
13427
32526
14341
32634
23550
20473
12513
2894
10632
6019
16394
18879
21167
30180
423
12268
23393
30050
21686
26469
13121
16929
920
25755
16972
5181
21968
16789
10428
22
28424
12516
13868
8427
8020
7384
23550
20907
2235
18164
7930
26631
15860
31648
19511
9676
15981
11806
30015
21616
29586
4287
30574
16106
4939
32087
4763
32199
3014
16878
21243
18811
23672
9656
21057
18165
94
14920
5130
630
19849
19712
377
3234
28121
3276
18462
28120
21769
14352
8221
25535
22507
26334
15756
7457
18677
17773
28956
26621
15869
21190
15356
1495
25409
30657
23290
6739
32682
2608
3308
26626
3666
4186
6222
20348
4419
22699
21548
17583
386
14761
14403
11894
76
3626
14435
25710
11679
16836
28439
16133
18428
390
23432
28115
31084
25829
13983
2094
30145
8953
9066
3064
19998
10218
16065
16060
7609
7845
21033
9465
29664
17107
11768
958
7994
3851
28346
8311
15952
6982
12756
13063
14667
16276
32103
15895
2303
20238
24439
16813
28457
32524
2125
31744
1013
20120
25625
11403
15556
546
30684
3424
20523
1909
1413
30399
6975
21993
15194
24807
27664
7898
29338
14380
21875
25178
16737
14154
28677
15395
25547
15353
11372
31951
16476
18881
6880
25420
2976
12048
19435
2698
20238
138
11884
24438
22322
24224
3810
13100
19724
14692
7143
15720
32435
1691
5115
9022
6973
7700
131
22028
26083
12345
8721
24236
9313
2788
29158
26862
19612
8308
23734
9029
13703
1311
6827
18112
20295
22154
18604
23356
9878
16790
9950
3033
14181
6781
8299
8106
21189
15135
131
27313
7175
7062
30881
19210
24866
22800
23568
1638
21078
7902
13485
7099
23823
9672
5358
23866
11788
15780
19235
26242
7872
5415
23036
17171
4601
13306
23116
22789
959
23312
10764
27642
20607
16184
3235
19537
30569
20974
8293
1692
23574
3191
19801
10068
19310
28973
4415
26316
18377
14103
19665
20836
24660
21436
30282
16383
6071
22329
21797
13495
7668
20114
11047
28623
24978
8262
28319
20712
15356
5926
31213
22648
15652
3942
21569
23929
23147
31221
30629
19294
1221
10762
14398
31819
27160
8448
12494
901
26086
19555
22654
31784
25900
27211
9691
12312
16778
2024
25374
11065
22435
20063
6064
3811
23751
4564
10989
14736
14288
22216
9257
5848
24905
16806
11248
11168
3798
9368
12946
12942
11727
8095
24543
23744
28975
1763
12336
2749
30381
840
25255
4523
18216
8513
7351
24771
13896
16873
26342
6915
25955
8784
26321
31010
28061
27922
31345
1993
30036
2607
6302
5632
13499
8470
6865
26599
11716
259
21550
422
6980
25483
6594
7846
23378
15734
8201
10498
22767
4556
20915
17720
14573
31538
935
17957
19977
24439
10825
7472
6235
363
29688
6853
21488
25840
27867
4869
23221
14675
4062
15035
23958
15836
26871
20626
14568
21667
11438
26246
26628
14246
26844
24473
23605
1049
12979
30151
15061
4093
30206
23611
18098
15860
18858
20931
30903
17236
28038
14210
3016
5242
21831
32741
32749
27489
25807
2520
22707
7283
16815
15417
6863
11678
24042
30092
19717
25515
8188
9201
72
14795
19482
6484
8995
30579
4796
28644
9303
22634
26713
4806
10438
31521
2673
16138
22671
2370
21969
4318
1915
20107
21011
28929
15512
12765
5732
30331
23843
17552
27530
4236
32427
23562
20261
3298
9332
27024
15412
19982
27674
1115
23772
17977
28022
23023
2405
2579
20933
30888
14470
4109
26119
10390
17634
28616
11430
18059
11218
13773
12888
21873
10597
8062
10822
14817
21925
21325
5486
21490
10012
26923
31046
27471
32407
22339
27042
8589
8234
5865
27095
24251
15732
5581
26913
27706
29988
18293
24130
12751
27580
27370
18028
18678
24982
22705
2913
23161
27172
27900
5337
31298
10363
25122
2340
30061
13587
12109
272
18082
4296
16242
13069
9378
18725
5255
22927
24351
12770
10992
22708
32209
22443
12602
26407
21958
4132
26635
15940
2298
19241
15961
5501
9255
2394
32219
27900
20190
7127
7101
27529
16855
4424
408
21423
30598
29729
25249
21530
19182
15908
28961
14148
30906
9511
2085
13905
13962
9495
7542
29495
21643
27453
4043
24097
7498
1728
9534
2582
26570
619
19965
13525
4052
19377
32578
1540
18574
2798
14981
18826
32079
20720
5360
10554
13490
15798
21267
10673
10729
1143
27865
28289
4180
28903
3514
2447
13650
20917
25907
22969
29784
27736
23411
15548
12608
24075
32344
6229
19683
3606
15001
32423
18409
5456
13637
29149
2016
16098
22892
2832
29324
1613
28187
2155
21374
13999
18574
1677
16360
3906
28322
26926
27824
4389
15753
14086
10947
23135
26817
27882
32172
12833
25927
3129
101
10827
5384
26742
3181
31282
18072
30774
22298
30368
23846
11581
31025
19229
13488
6116
5300
22637
5747
22974
3323
23642
20902
11130
1286
18100
19559
31243
6162
24469
8438
24327
106
8937
6945
30797
8320
29998
10751
25323
8764
5497
6625
23871
8340
28858
10886
21596
3933
14912
21902
24750
21857
28032
22833
30178
19633
7442
23345
18944
7485
13052
14349
14298
9633
1587
21112
8362
26178
26975
30473
4343
8858
5855
10292
11448
11472
7693
26233
9916
3980
13763
18651
18249
2569
6174
31124
17924
4716
19329
27399
31504
21076
31965
22774
11130
20914
20272
27125
29909
17371
17484
1311
7201
10971
8922
12295
17394
17676
32158
2290
19918
30952
16381
12611
27350
13084
25532
15414
8104
27357
13322
30161
16261
16511
16833
5656
8879
27204
27881
13441
7189
25458
10110
4007
29234
4520
21874
32066
24371
21617
28150
5719
23640
13082
16886
29612
15516
7361
3042
3711
23192
28335
11444
6519
23973
13544
14895
26075
23105
22783
16996
10498
20916
13103
26747
13835
21747
12712
16048
32718
20164
2599
412
30481
14627
10697
6326
6400
16868
22305
25
16855
8859
14984
32648
6114
12217
16564
21167
8871
25335
2957
9899
25186
25848
25915
4301
31665
23081
27012
25243
19345
30445
22869
32536
30601
7927
19614
5446
20005
5110
13923
25576
2982
30584
28433
27276
22264
9224
14606
11209
2788
8602
29587
25798
8071
14634
28606
24059
18435
27551
7139
14652
6260
20469
31012
24819
18470
7323
3905
31917
25605
24602
21169
3800
1364
11512
12529
8138
24738
15580
14108
6662
16634
20210
1724
15291
17243
17809
3295
16782
26215
18204
12142
11929
16991
26150
25787
21940
32079
5337
26969
2035
20358
26520
2096
3184
11337
27363
10448
17738
25289
4219
6150
9709
19282
30663
16045
24212
21700
5495
15047
24845
1607
32359
3789
8892
18747
22982
23363
16355
3950
15991
22158
25633
10642
32695
30474
7224
25070
11521
856
29971
12115
18734
31989
3079
5202
31969
6417
29785
32428
18466
15262
5632
15114
30537
10407
27053
20718
24350
24547
13833
23274
9278
22154
12861
12048
4545
871
12728
27561
17177
28975
15660
15402
9533
19217
15578
27235
4872
6030
6160
4090
4315
5515
28144
31768
27530
28580
19314
8546
15990
14788
685
8235
9462
27890
1874
16615
6908
21870
29817
29411
20725
9981
8096
9012
30448
11137
23792
32750
17155
16332
22723
31638
14058
4790
10852
9433
26866
23149
1045
9853
21526
29709
9303
921
29543
8561
27749
25601
11441
22856
16386
1285
20059
23915
4724
8795
9359
2926
17617
27481
27035
7028
14713
22631
5527
16712
16612
29877
20808
25514
17310
28713
4165
24039
19855
3484
5720
32685
24192
16709
27687
16156
9179
4981
1812
20768
32690
7045
10337
7167
259
9997
14232
14382
12603
24919
7210
29545
23288
3860
23126
2562
11795
12877
30540
2682
25822
10908
26771
5966
20138
9627
4776
31507
25485
29597
6888
17093
17762
5276
4271
21085
21008
4467
12738
10145
11024
30029
19946
16192
22057
31582
3554
20510
23422
17617
8563
20717
1227
11009
6366
31741
8684
491
28026
17749
30367
24292
32158
30466
13706
14215
32705
26543
11392
27890
12512
32630
1536
5938
16929
32502
17406
9467
18869
15526
22502
9116
15106
19560
31711
17203
10754
17762
12621
27421
24038
6665
2201
29361
30464
13950
5684
21038
11231
22814
14553
24561
25020
22869
5395
28140
9237
20658
27136
23379
16279
23105
9044
28312
1089
23573
19616
2970
29383
3876
18901
6682
22836
14680
30980
12398
8916
19938
8551
22137
24401
26578
21413
29914
17692
21220
8018
17508
13070
5789
16821
20942
30032
14231
12751
27052
20856
8986
11672
158
7668
30955
11404
27592
26796
10089
23398
32130
28899
3541
1324
23120
30814
6386
3435
6676
12233
3534
24516
2434
16982
30431
30887
8149
17575
26449
27487
31936
2798
2207
2383
680
10835
9825
3707
24848
10646
11365
30538
9045
9461
19200
25482
6043
26960
13734
10932
8711
19083
12217
1393
20527
14644
23455
28766
16590
23397
23
11276
13245
11500
14285
32332
22046
27306
16172
6313
7898
19769
21619
18485
20303
22226
24075
21129
27714
14445
19224
9223
17179
4649
25166
13154
20305
4847
29445
15969
5155
15186
7312
17375
16009
18362
8139
24343
9066
1474
28404
26654
28175
6366
28604
32177
4824
29249
9117
23601
23085
32766
10861
9708
6072
22381
21300
158
25041
24272
12091
11320
23866
14902
23397
30431
28941
32672
29634
12856
30450
30307
25954
3555
15253
26061
4711
31557
25432
14091
31838
32395
1861
28234
26832
4331
7750
16157
13331
30765
1688
16415
18022
14187
17277
473
24382
32021
17201
3302
10970
12855
16672
2900
22045
3839
6230
8526
5277
22650
6711
14584
19704
11166
15728
17819
24423
31117
14637
16898
14997
6424
24717
28196
12977
4482
21074
4099
20161
647
20702
15315
58
19869
22107
26463
30926
25722
14649
19625
4742
24790
29917
24528
32272
18802
27287
23607
11098
10329
11989
11492
8288
22118
13975
13350
12866
8198
31011
13947
21657
10047
23034
27824
29451
9970
28426
330
2333
31581
30501
32037
27721
5091
5298
26459
31825
12816
8355
7271
11730
6616
10663
8331
8988
5919
29600
29039
18241
31871
2903
6922
8044
32581
17006
5061
18036
5308
10135
9182
18097
13487
20228
23563
17935
9513
32543
24417
14432
13183
5498
1139
3063
32400
14345
4542
1138
13900
9871
6469
14295
29811
16470
14200
25059
4767
4643
14682
414
8581
105
28131
30003
25976
25021
9891
2047
31791
7562
11177
9960
4039
8966
9891
12016
15115
19556
18759
2569
756
588
13041
3628
2412
13192
22925
21157
23895
29952
31159
28593
3028
24040
21025
23626
22208
29752
11829
24130
13437
15708
1020
16527
31985
18221
10559
17382
26577
15649
25580
32139
16415
23998
22970
6247
28913
25685
8976
11355
20341
15084
1316
8148
17970
2172
5984
18335
17808
28509
22537
14591
7579
4094
29730
509
9476
9177
18062
15360
20840
17574
21110
11421
9429
13263
15594
26800
5259
13861
2507
11692
19711
22481
8168
25903
30502
11405
22631
1754
25327
24596
7527
19551
15122
10966
23523
27611
9736
32497
19673
19559
30810
349
22956
26857
23583
9062
8136
21809
4544
28768
22404
6465
11775
25494
8780
22251
31032
23171
1023
28066
21478
30533
2966
4234
17512
1870
28423
721
4614
16989
7784
28226
4399
30124
4696
2071
1284
28523
22939
30735
14875
15982
10756
13761
15996
6691
30872
20528
23280
1734
23792
21407
12668
2520
17375
16807
9512
717
13653
20358
28420
31749
12675
24250
1133
2045
26944
25551
12941
32455
21932
12149
4897
12215
29459
19925
15999
23392
8980
28709
24279
2494
31234
5242
2233
4277
31626
24542
31959
24250
2710
24227
14093
24017
4210
7927
28318
695
7981
22968
27585
23648
4931
7561
22108
14244
30840
12325
25103
11061
13831
6643
31604
8148
17916
4059
23205
10436
31711
12121
7935
16511
7826
16591
22566
15785
22908
29728
8265
5186
18664
19322
11176
14111
9639
10355
29011
11675
21501
12120
20788
12682
22971
29889
23375
26990
32680
10601
7241
4846
8741
14397
4903
12675
29969
2739
13401
5493
16107
26461
7671
20230
20278
7870
24906
25068
13346
31324
1422
19717
29544
8726
10230
14919
19062
27576
23793
27382
14796
18637
13996
13337
24486
18101
5336
7982
26075
21751
8621
797
1797
17880
8239
10603
28386
15660
28592
21424
31226
364
26774
13643
6274
25353
30302
13652
22657
11776
4833
3282
23345
22959
1750
5422
14760
27366
5017
23272
7351
15426
27179
18569
3091
8374
4985
32217
14514
5227
11745
10065
18040
28618
9202
27091
22803
20695
16499
13977
26660
11968
17319
7020
7839
19381
24016
25366
18804
30971
13042
6681
6511
24892
19417
19361
15452
19746
6237
2744
4464
5668
26341
7097
31972
15263
29994
20999
7907
20008
32318
30206
29094
9505
27084
18218
4830
4746
161
28343
15442
2330
19051
30249
12233
26766
30913
5710
6698
25666
868
29296
12770
14334
22981
5070
5254
7954
19911
14670
10169
16805
7109
20332
337
3146
13271
9334
6837
9684
10321
11515
21385
30572
25997
27777
1934
31456
5867
22134
15299
17214
23829
15209
9937
29602
14728
5754
6309
6220
21328
20239
1375
5621
30994
17097
14187
9059
1104
11191
27885
316
489
14025
25699
25624
17375
24199
7302
17625
16477
24066
19312
2879
25081
20491
20740
18103
11574
20132
10379
26996
24397
9908
7579
14785
27181
29695
18493
28054
29120
14676
5198
9321
11888
18696
22566
13126
22762
4516
15992
30498
801
8923
1913
8557
662
32447
25925
13030
20440
2868
30590
6323
32582
14244
10806
8113
14108
10996
31759
12809
18094
3511
28576
4868
17134
17570
11291
3360
19508
12096
4397
18019
24895
16103
16934
12015
25463
31211
27738
15831
12404
16145
19655
28721
29892
23879
14584
15980
7145
21394
12073
31716
418
19783
12715
21684
18540
11902
29066
24011
31047
17604
3182
27459
20669
28688
25023
8430
23841
22521
17164
28977
21013
293
942
32277
13646
22277
11176
4251
18588
32191
20946
6736
21796
108
24887
29986
15344
12164
19899
21874
28587
17302
31745
8810
15269
6205
24715
10385
31774
4943
6691
23196
11200
3159
2938
5256
27245
18502
14352
5349
24891
23909
26707
8309
10173
5006
22795
1013
3717
5276
31221
26683
29414
288
32686
11393
32767
15702
19667
15105
244
2647
30311
3010
10367
16271
26485
18865
29096
14450
26614
19955
32208
19051
2804
25978
5108
22293
18416
5334
9520
20142
17282
20046
31362
14025
2879
20016
28625
2370
18655
4453
24622
32631
12448
6728
10073
7605
12005
30649
23687
4849
6435
17004
10850
16569
26109
1159
26706
32618
12462
16237
22779
29346
2984
980
12807
504
26234
20510
20773
18923
2807
10470
16977
6425
30101
8153
31575
19890
3347
15559
28818
10027
32095
31993
26362
24631
14774
23750
10078
9459
27149
8033
30445
14688
18352
18677
30971
25623
11561
32500
24066
28984
23907
17068
999
24996
17935
14875
27519
6764
16711
31492
10066
10377
6769
3138
10143
27853
23143
4445
1952
17433
7893
21595
16398
32721
226
8664
25320
17037
20242
11097
17521
5393
7786
25566
13688
18304
30422
2742
13019
29388
7881
22679
11854
11889
18979
750
21593
20067
12375
2420
29600
15684
19917
514
26983
18139
21637
22182
14165
26306
4094
10742
9848
28510
16470
21924
7050
7444
12466
14163
115
27066
3296
16297
26382
13388
14907
30630
18736
4321
14287
28724
2535
21725
18878
20479
7167
13159
29667
29574
29131
32286
1972
21363
6690
24071
18797
9511
11943
6346
28779
27034
30541
13855
1749
24162
26395
6531
27778
1297
22061
25647
279
13508
7420
13130
14704
27129
29919
3678
9282
18593
16849
6665
8702
1143
10612
25333
21496
9103
6998
21769
1736
20274
11891
13025
7152
9961
30716
8572
14016
18904
16215
7221
12407
2637
13159
25845
6059
32665
1293
17574
16107
27167
2799
12267
7842
7594
21112
9230
3646
26116
16928
20538
6290
6596
12525
24298
28537
20327
5945
29601
17085
26786
15543
12508
32311
26615
1969
23108
13111
17543
20883
26409
12582
12327
25773
6444
4457
949
1845
27451
14985
17837
14219
27843
7825
32503
32193
23840
14520
20995
30299
7001
3648
2072
31315
15882
13982
2281
2145
26529
11995
28778
21369
10957
31802
14049
6804
4916
25115
8000
11699
9829
12063
24498
17441
28941
25997
14452
2041
29805
17141
27878
31465
2059
27411
21218
6197
936
14837
27724
22527
17779
352
16106
30661
26748
13681
24182
11307
16235
19584
23794
8187
26482
22089
5436
25706
1920
3662
994
13981
4024
28023
8759
15979
3361
32508
30631
10853
26015
31876
21831
19731
4130
30095
28592
8065
7453
1553
19214
19706
9018
24671
11636
11284
25676
11855
2931
18669
16004
3483
8938
25779
15849
11143
14367
3690
25090
17348
10511
14569
27605
1683
19203
29222
18454
10798
18020
8116
27032
11107
25808
25738
10247
386
1389
5126
30425
18809
11134
22066
2178
11326
23348
24901
12775
1133
14534
27757
8726
1843
7620
16331
16948
29802
6312
1471
20918
4613
2734
16743
4821
30383
22501
3682
6971
26543
23942
3546
7427
19983
8837
9409
15328
1789
30311
28506
17052
4977
29267
3580
19653
27408
4203
12051
14499
30289
19805
31335
30060
29662
2100
16801
443
19773
5237
6667
11839
7855
12903
17303
30896
30296
25010
291
4872
3745
16939
17915
27375
2011
30447
23711
17783
25893
16303
27335
17161
20623
15434
30373
24480
27263
3745
20842
17204
10324
20135
2827
30330
1610
1207
21317
20426
4253
7723
27615
11360
2034
4138
4143
18888
9458
7361
30175
21396
16184
28213
19185
31056
23405
31896
21761
8376
25777
29083
5578
2088
5437
32419
6380
27987
21063
22815
20205
3128
32550
20760
6525
2642
2999
13833
27902
8719
16895
32242
11075
8836
5906
25256
7064
5983
819
26991
9219
11549
9532
2250
10186
9597
13633
24722
12085
28724
2672
14406
15509
15330
14395
14242
29317
4933
1722
3443
28528
23212
19018
30889
596
16815
24187
26542
7365
32030
18473
8694
9780
23863
17128
12248
5233
5148
15782
29852
28015
16516
2699
11989
5704
4272
17956
21233
4992
4513
14785
29710
7822
32392
15643
12047
13464
9342
23354
19439
639
11893
16022
2390
21019
28014
10365
18026
23752
28909
30644
32488
10017
938
609
19827
18955
24714
18216
26668
19702
13261
14741
19330
30047
15497
11706
1868
12185
8791
10009
25109
29902
21324
3780
18102
21057
32299
5314
12331
30165
31960
16565
1951
25555
17168
30138
10441
14824
9560
28049
123
9069
3123
28414
31096
25323
26520
17262
11143
5343
30371
12254
197
4026
14219
29945
17727
1324
5076
6784
21696
18594
7366
2543
23272
24334
27677
15454
22910
15334
32002
32677
26887
20335
4410
5827
26520
19003
30366
14721
2536
14832
16587
14162
681
25420
19226
16766
13337
32102
5843
8319
8148
12855
22941
22699
2284
2136
20537
532
31803
6669
10608
22445
13048
15747
7498
16814
905
598
1153
24377
21656
10326
1077
21309
18025
29579
8673
22683
1643
375
21390
24967
269
922
24647
17969
26066
828
9420
18085
12712
4710
4235
25584
13174
3634
28363
21637
16116
22084
20523
6111
447
7577
10315
28007
11949
14464
29641
12951
29533
3045
31343
27744
27667
469
426
32713
2499
10047
830
24026
7788
22264
15417
9912
936
5634
10277
2065
3968
1294
15490
23226
19332
2879
30836
17303
8732
7729
7352
23484
30233
19258
8156
9169
22671
26096
12976
18107
20711
32747
26872
28537
27440
3532
23139
13899
182
23933
20417
26906
28374
16827
20592
13076
12304
5842
9239
26519
2910
1192
7319
29776
19908
8701
15423
16036
16937
23793
3136
28750
23397
19655
14176
30538
17563
20712
15602
15602
19401
8491
20485
22632
23197
13139
14044
16435
29067
6618
16030
16173
22812
16365
5967
12444
32137
9911
11263
18335
10376
2018
19265
26060
3430
347
13279
17687
23382
11862
22988
30965
18953
20883
30554
2754
21630
29919
16045
13664
5660
8669
16240
1058
32254
6150
21702
22760
19598
9199
12164
7563
3925
31690
20637
9339
3857
17712
2014
31910
25608
10270
19163
15516
9373
4925
30761
2289
25121
5478
23245
23011
26603
28773
501
17469
28843
18685
16614
18812
17915
6189
27446
29487
32311
16818
8507
15780
19599
29645
16579
5568
5978
13382
19973
28207
18605
16049
26840
12222
3373
6128
8739
2308
29985
31481
17813
24904
11212
730
27542
29343
14585
13818
26493
20309
215
22177
26115
22158
30215
7354
20471
23597
12788
15576
17716
2037
26467
24696
17361
12270
25419
29574
20375
12811
4070
27426
11704
4361
11784
27043
2237
22682
14512
25564
4289
3267
9948
11167
27613
10371
32674
896
2787
28597
29821
8155
13903
6199
30181
14617
26490
3660
30242
4910
16913
22591
20065
7782
16838
23882
31240
5474
28741
5045
7239
15453
14186
23106
1007
9653
9137
201
8584
8102
10990
17440
9118
12120
19262
16701
11611
15644
5693
9119
23387
22002
31865
4842
2747
9808
27943
9169
5747
4638
7701
20536
32486
3589
4064
15002
12216
7657
8807
16553
22496
7348
19839
8501
2046
12630
20969
14671
2798
5386
30337
7342
11421
3802
9655
3410
25371
18533
32579
5734
3570
24544
12821
20075
16311
23387
12939
1171
17886
24901
8423
23915
25298
23091
29696
8893
28230
24541
15416
19125
20421
7529
4781
31298
1937
1261
2228
1727
14762
32303
11139
15059
28461
29359
28717
25238
479
23271
7124
25333
26122
12497
31769
24663
18056
27562
984
14465
10013
26870
8211
21430
266
26308
22827
4387
3550
29491
5206
21115
13456
30005
2381
27359
19659
12947
16453
29952
11401
30513
11297
21639
13283
16788
13542
26293
19239
6305
18031
9798
1836
28327
14178
18076
26594
13728
7266
2585
25901
2228
23430
22477
15860
3839
5130
21585
15733
31636
11845
498
27355
20162
10203
11282
22290
15510
28724
8652
31962
23712
26925
983
26394
1786
24589
10669
4471
647
4794
25068
14118
26745
5421
4604
1022
24854
11043
30962
23506
7611
27157
6580
11261
13345
14187
4190
31550
16095
30445
22245
11207
26416
32122
15611
9104
15351
7164
5938
20209
31232
22171
26979
12656
10633
7217
4177
30936
13569
4606
11914
18059
23823
18334
24718
8984
11734
26423
31795
20496
22904
13815
24392
27670
7128
30910
4473
7478
2981
4375
15730
13688
31892
26221
17736
1460
22252
28540
30228
21159
2120
28677
7905
8263
29080
16070
3784
18260
30314
10153
15961
2352
4456
15932
10301
5616
4641
13409
5402
14515
26636
2375
24247
7730
7881
9368
28257
27033
28587
12788
31373
2966
3188
20639
18366
4015
1887
27510
28841
21464
31844
19752
31127
24133
24503
17570
13068
17789
5522
28107
12198
24240
14132
29298
20807
9802
10538
22404
12663
5832
26317
10883
26883
25034
9996
9011
31466
16234
15979
3479
26234
18381
25164
4123
9399
2807
12653
8723
5372
23268
9651
18020
7397
31700
21286
24193
32619
12006
6204
10650
12113
19176
9050
17424
8384
22382
29080
15147
24110
24097
10949
2319
25732
26202
32427
3308
2687
20208
26515
21366
30550
31310
30220
17301
27806
200
2537
861
26475
23855
7305
10560
23737
18338
91
3458
5386
12968
14752
20462
27472
7804
21619
26056
29452
13992
23559
17410
18872
28117
22321
31154
5987
3042
28198
20164
667
25139
7557
15084
7055
6732
6808
18655
629
21150
19671
14787
19754
32160
173
31972
28696
14114
14207
20392
11869
991
14571
6597
21802
12113
18765
22961
18024
15305
10632
13659
5794
6334
17411
792
16927
4965
10993
24288
15694
13699
19414
8122
25704
1664
31814
16757
3664
25276
17392
5785
18110
23846
2012
22173
29596
24330
31473
23642
27056
31274
30650
10432
13436
8465
10090
32200
5474
14756
6685
9641
32268
15866
13408
14927
2571
24429
5620
265
15294
24561
24015
11906
118
5541
28516
9970
16343
19624
7460
3733
31362
31534
23621
15965
15345
31699
26050
28900
25505
16943
26787
15268
2423
15786
12670
10346
349
24209
27454
776
16940
29034
23843
12106
13262
17541
18954
6956
10404
19412
21743
8522
1573
14076
3760
28568
24776
11692
4371
18003
3876
9774
19211
9016
30806
2620
25143
11507
8612
7700
19884
29402
16224
24015
3572
21723
19726
17646
9814
10163
28873
13366
15192
26977
11746
27070
31363
6619
10955
16198
12134
3071
3635
8906
10718
17100
14195
32087
22932
11986
22057
31774
17094
24551
9506
28615
12363
32540
19582
13831
18129
9456
12046
24949
23914
24515
9985
5017
16199
32397
30144
15686
15042
29647
27414
14634
8610
25802
1940
29860
7835
14576
7732
6869
1045
15768
14652
30202
30767
12789
18021
31481
8706
20297
20029
13113
15402
8534
15050
30903
12419
17173
29040
14423
8496
21419
17428
11896
738
14233
32130
20938
11350
31283
3340
24676
32544
25427
5492
17169
3496
5454
25357
15083
25202
18215
3356
3372
19618
28419
18052
8512
21951
28893
8611
17695
17591
9595
19319
3033
21027
19873
517
31346
29133
17796
18939
30449
21871
3201
10132
11700
3262
29967
24252
24838
26279
4339
32373
22260
30681
11699
15225
22876
27267
30028
24096
31814
31583
1831
18309
7799
18415
7498
20964
22596
20999
4556
4167
19621
23691
22667
12642
4234
1402
16673
2491
7282
16683
5395
2318
31801
6871
26188
7919
12593
24152
8650
21169
31349
3888
15000
4743
30586
20685
252
32233
22759
9228
31217
12089
5031
7675
19159
18599
19004
31715
3434
18514
24662
14470
8177
26543
27812
1701
17847
2607
31978
21701
11199
32540
24660
15923
9652
6852
27658
3398
14111
27354
28164
13028
15581
2585
16928
22343
19151
22314
15729
26625
4563
4808
25562
18238
25075
10530
7132
74
7389
10881
21677
9555
11411
14122
21130
14959
21092
25222
5453
20961
25115
20864
3394
15768
15734
6191
4663
31224
9178
6837
20690
13789
10820
30055
8744
7133
28547
12334
394
16590
24741
16684
5282
23432
8623
8867
31168
10732
28305
19
20590
10022
2136
16035
12362
30510
678
25794
533
11157
1375
9486
28423
17790
22182
4213
23141
6379
16648
13210
6486
30010
10742
9082
23795
14063
27769
15695
669
9907
19489
7605
16019
18845
5183
4875
21699
1713
14163
3868
21473
17830
712
23550
1719
27373
15071
6203
4028
21742
13034
15919
25319
16021
13754
15025
4549
11021
21082
22262
7626
16075
24830
31153
17637
10703
21558
895
31830
1830
10855
19075
3524
21940
4988
31053
2698
28208
7897
21761
2387
6768
1424
11957
25062
12775
25816
1050
23363
24428
31931
4959
32750
29756
18190
26194
3211
27715
31398
6345
11435
1943
20169
24128
31206
7494
4835
2755
28970
2897
28282
8975
21074
26616
23908
14324
7674
22584
15416
4349
9618
12179
30978
27219
25010
15631
15419
18911
685
27009
7672
12207
28521
2827
15201
9627
9838
4580
16485
29224
13628
29271
14764
29356
14818
28687
17101
24755
8908
11921
25794
1698
8413
11018
14489
10138
32702
843
8811
7839
22645
11794
14482
30970
21049
2187
11031
4059
25988
23830
16234
25923
21867
18251
13398
18465
21291
6459
8755
956
4
9721
11102
7760
16714
5466
4326
27388
6841
9464
32648
29403
777
31357
10462
31090
26306
27422
31955
8266
19794
23653
5978
28125
21596
8756
13920
15287
30036
32263
19454
20437
18761
9081
244
9553
16129
26122
15187
10305
30539
29727
32121
26844
15249
17226
12610
2526
17069
4556
13181
28206
14333
8536
13213
27070
14522
3866
15281
31155
15237
27896
29847
18375
5699
24
31340
31979
5675
18594
21830
10032
24093
14023
27174
14055
32566
12546
30760
22279
32673
20381
30205
9424
17328
29048
25499
2734
3371
3590
25651
16992
1256
26776
13412
16985
667
2270
20654
6759
1776
7338
24617
914
7127
9976
14199
10055
3871
8236
2039
25014
15175
27546
3899
888
21137
17995
23229
22133
24663
4862
29645
27141
29858
10094
1998
27221
11769
32467
24738
1805
5495
30123
16739
11567
289
29370
31572
6210
28790
8528
20247
32433
5959
8394
28192
23918
2760
19803
12393
9946
17640
1549
21095
22761
29150
5122
20286
16001
15364
5888
11057
24612
2537
6957
16988
26575
25249
15382
28581
31778
27744
30966
8176
22208
14664
7734
9618
6649
22142
26672
24584
10663
20867
17208
3050
2901
10178
19677
20250
4519
21605
31340
21825
22262
28781
2230
4220
19258
6402
6419
29266
22829
4103
8103
12522
26285
19186
1764
27770
13410
25563
11344
18691
24738
8402
6793
20540
4497
1398
9350
12235
2701
8900
17951
10171
12489
6444
28112
15659
17207
234
5050
1347
18860
11411
16874
7277
32575
31214
29150
7617
15346
9478
25413
11968
8596
20861
20487
29510
4069
15907
8581
32186
9212
22215
2850
3976
18150
6222
11778
15825
3984
31490
10770
20065
31718
22316
16456
24801
17725
30692
27180
14413
21486
20520
2711
14505
5700
1580
7098
27888
16025
18673
32355
10574
11451
9241
20092
7566
1685
17914
24788
27606
17419
27633
20003
6034
12837
26872
12104
24750
12656
31355
28372
24328
13217
24424
21452
29221
15484
25990
10667
22819
27124
24839
10663
1774
18324
16992
2357
1719
28957
15960
20943
1186
18545
15455
26101
20159
17071
32546
22386
25148
4256
15196
29408
22745
9810
4335
9326
19099
26114
6707
6625
30661
29247
1422
17881
20228
27469
27973
10326
9194
7112
24977
122
10653
22665
22774
19345
1489
6094
31440
13646
4083
916
30767
23895
4263
2888
26340
5637
5493
14495
21212
100
11455
19395
31149
10626
7671
25263
25711
3302
29199
12252
21453
8286
24624
1053
12891
19710
29358
12231
299
31077
30780
32534
29339
2370
5468
21964
10096
30231
2586
11803
16937
25917
32762
32453
17549
24361
29743
19586
27527
3053
4621
27298
32051
6401
4545
12019
15673
11332
28480
7397
31578
2110
3453
19436
28744
17832
6623
3366
23739
17966
17394
5182
7873
17523
7517
10128
12629
9558
13844
7054
18996
28276
18638
7522
2540
1517
3002
4309
29238
8044
31085
1391
5765
31329
9759
1759
15071
21905
29976
19614
21740
15313
16997
3280
9037
3598
21711
30315
20270
28305
11278
5786
19487
29057
32569
11620
27167
13994
32641
13705
19962
20604
13087
9132
17366
7255
31883
8375
8200
28678
8687
17276
8748
16521
26843
3480
3700
9751
6714
12189
28992
24931
645
22640
16623
17951
16950
5103
20981
11966
640
31959
20782
23935
25149
17893
14451
28327
12072
24124
29034
16397
16204
13575
6818
29148
32444
24671
8927
25749
1413
11119
11954
22611
18913
20438
31821
4435
17069
24140
14742
9651
3613
6793
122
22650
28847
20067
28036
9689
16477
22582
1198
25777
4119
30856
22647
8532
12144
8941
10037
5520
21144
22057
25261
25066
30346
16277
21985
27687
21894
11716
23849
1809
32706
5733
25733
18295
27741
13163
8242
10870
5780
31596
13179
28919
31544
31047
14802
21625
2655
18186
26143
30993
24923
12307
11352
16558
24808
15989
10578
25506
29609
14237
15575
29278
6358
19509
2552
9341
1839
32584
20900
6405
31796
2215
23418
27625
2967
13964
24796
17618
754
4734
11845
17182
13750
19828
28380
27433
17763
14141
22089
30924
14847
17695
7367
15140
32449
27583
378
23957
5901
20544
18180
16910
8101
5295
24147
20622
28701
17311
13244
24551
28815
7952
21070
7106
30609
22166
20832
3043
17508
26807
16493
8366
26990
13204
1314
26858
15082
30924
24500
21702
5599
22685
2423
10777
4942
2124
8621
3566
31664
18375
23707
18240
3744
23178
10467
7938
29396
1983
16141
355
25169
26025
20327
17487
26335
29762
16911
14137
15035
19235
15694
24600
8589
24229
26151
2479
19865
8262
3888
1810
9529
32334
18849
20582
31883
1714
3243
23784
5991
12600
26379
24113
1940
5340
28382
16568
15163
3186
25527
5528
20379
3726
14063
18835
31743
15521
28220
19799
10477
28004
5253
4865
1953
13946
11509
1248
15802
14673
23631
22907
31026
14153
15489
26837
147
12568
3707
26351
4968
5485
15937
10127
12018
17107
27967
20288
2845
24792
30430
5530
25522
21615
9044
31939
25038
21396
31936
8758
14739
23598
31350
3267
20509
4665
30359
7127
32184
18724
8678
31742
16464
15480
27094
17574
29225
15291
1256
8998
22736
19860
6451
14079
8273
3632
12612
865
5802
19683
29481
6641
15232
11539
19913
25289
30737
20050
4215
9664
4970
16330
8390
14572
14041
17118
17054
30822
5798
8462
9871
27469
4862
6427
12902
14862
25904
10092
14334
23010
11548
11697
3673
4504
29415
15814
16623
15252
28916
3034
18758
26904
14864
19408
1731
19138
4077
32229
26816
598
32210
28308
32479
16830
2960
28087
25501
23375
7352
238
13610
10062
20491
5444
4216
25267
29490
29712
17041
27436
24240
32538
9263
31845
19988
30719
21382
21127
2163
22231
16485
22015
27925
29716
15997
13440
14447
2477
4608
2891
5457
20349
10863
1710
20065
14054
32685
6858
13256
2489
17751
14746
2347
28762
26712
10801
4061
8991
2743
25923
339
19194
29108
6887
3544
21848
6676
17819
13185
16200
26297
28297
356
7136
7541
1801
6917
23004
9760
31590
4113
3209
16360
25317
23631
15330
8425
28931
9171
32760
13310
3071
32629
27543
26838
11416
28033
2598
19018
27416
15024
29903
20205
23953
30551
17120
6117
11111
19679
22897
4602
31246
18293
24136
11501
5909
26626
20985
7435
868
4702
5457
23297
17346
11201
24053
22002
6810
32122
24135
3015
3838
12259
9353
31687
25836
29076
30021
10087
27344
7895
9452
5475
16459
32092
13501
2829
31283
24622
14056
28645
18395
18406
15860
3947
32148
21279
23390
11569
10355
4905
29059
7988
3925
6402
23743
25196
17697
20097
14295
23970
12365
28629
16276
18050
11172
14638
6577
23793
9286
7354
760
28833
22768
5331
10407
25826
7805
26231
12568
9915
19885
26616
14241
18745
15910
8180
16314
15367
29368
20616
25437
20543
23269
17089
16563
32640
19873
26195
27372
10561
8534
6542
25198
14948
1323
11661
22579
29454
32646
31409
16492
16055
13775
6478
30827
21117
24952
4771
959
1470
5690
7696
9377
6373
15777
16003
21391
24196
27594
21556
23094
31396
29036
30354
5525
11353
20245
10876
9056
21913
28086
18613
32418
13645
16482
10386
20391
1961
13139
25334
29465
185
3118
16768
31849
21821
8071
11779
14192
17847
32680
13879
27991
24514
2190
30638
28852
27045
27957
2057
13557
11304
10774
11627
29954
3751
237
31534
11550
14692
25023
9941
27662
12833
25884
10562
16254
9967
15266
42
16288
23361
14018
9157
32278
27460
20167
1226
23570
22899
18963
9882
3004
6758
27052
10683
16596
4842
16120
23177
21656
15447
3781
6184
24808
25374
25996
10173
5800
13218
16631
18398
21350
2377
29344
6215
14908
13266
8220
10702
21496
9961
1080
19097
31355
18424
21890
25230
4959
20033
30220
29707
24029
26922
20588
5335
22509
8407
1543
29529
32430
9470
21136
15368
28169
32247
18635
29475
9105
21523
19607
5794
26798
16687
28203
7276
10235
24713
2720
8394
12780
4306
21936
22812
13492
7300
12477
7883
27494
15477
29460
9854
18522
10413
1908
14225
7890
11124
714
30659
4061
27312
6207
7982
15996
23406
3700
10365
3844
5055
6668
20825
30147
28357
16748
32548
6374
14093
11710
23530
18842
19231
3388
16276
6258
28756
27307
14687
2313
18408
7717
19853
10472
6736
15132
15195
3498
27854
8092
24370
32350
5442
2256
1313
19500
16451
20680
16267
7740
7534
14713
5661
13523
9726
26886
8451
26559
12702
31550
25692
25590
19835
19557
32747
27770
2460
24887
1807
8831
12406
4138
5365
6352
7355
20468
28940
13935
8564
20301
22457
11387
14415
14838
15181
855
27194
20218
4404
777
9776
11316
32622
31456
31315
29457
32324
11354
25404
10903
16947
23876
9615
678
557
21795
26066
23678
28161
18899
29311
15490
26903
32622
29783
2364
23904
8048
30970
15264
14989
2840
2997
25749
30079
11537
20635
11185
7167
3665
21975
11076
20656
12866
3904
19865
17217
32287
12334
3960
30951
12193
22412
19439
30987
9948
16943
30035
12864
1891
30566
24449
11127
29875
9171
32617
21878
28111
5753
17358
4230
3111
5141
27463
14956
10686
29874
31626
22683
12940
16248
15849
12968
9506
14533
25885
28926
1676
5759
16451
5075
19835
20136
7972
22107
2212
13362
19385
21051
17507
22037
15599
30528
29604
21664
26279
11089
24579
8460
19201
9890
25906
23383
12506
24619
31643
16976
9107
7769
22087
27118
8212
3
6143
11237
4881
4511
25521
1659
3212
17078
19477
23960
19612
20373
26255
21021
3436
29510
1368
9079
11910
30142
23769
20340
9554
27224
6231
25685
22233
12930
8661
14628
16079
6326
8502
72
2001
6061
30371
26710
30955
8655
13356
16170
23645
31981
23218
19255
17311
1586
24068
20251
19618
29271
13384
27510
19545
24087
29853
21245
632
17123
18686
1226
14972
9174
14185
246
32235
1771
1601
11114
15325
3694
16370
20722
2491
18096
6611
660
24903
31743
16976
15135
32732
11477
23112
774
19191
27728
7604
1647
24055
18658
32650
20872
9505
2890
15585
10010
10727
25027
11093
9568
29802
19323
18093
11545
9789
22598
16827
16092
12908
4244
7812
17068
22205
6561
4513
28108
14901
27115
13541
15060
21726
8681
19776
10245
1224
23802
10211
12250
29774
3740
21157
12255
13722
16350
13222
12742
14188
16664
17458
19128
30486
9177
29416
1257
5068
4385
28955
1903
10010
20432
28536
28756
1718
3935
3561
5354
21368
19150
698
7262
31143
22493
15611
10384
1654
30335
1573
290
30414
29836
26368
29904
25422
14774
21443
25855
11665
20414
25469
12184
4783
15080
5813
27414
18182
13996
29005
10462
32570
10926
27565
12751
2682
27632
32541
28955
25093
7750
20849
341
20973
18955
17388
4043
7963
31251
26975
2581
