2159
24856
20622
28683
31081
20858
10679
2272
22585
30304
16198
25265
1421
8013
3586
1333
12305
11984
25227
28068
30446
17150
12277
6857
5520
16927
14774
8025
31917
8104
5314
11907
31875
28010
17396
22216
25697
3336
29616
24333
15208
5550
6343
31215
30355
16896
30362
17238
20469
31313
20611
15437
9026
20246
19056
14609
29585
30618
15569
30055
32352
10483
32693
17203
32729
22836
28975
1863
3156
17124
15103
30841
8988
15535
7022
21752
24182
14684
13690
480
25823
1023
11315
18699
32662
3184
3429
10539
31322
22523
20343
27669
12405
27225
26259
30560
27385
15071
13576
2863
29770
2550
23276
25419
1244
10955
10501
28277
27966
5448
15082
4090
8536
21570
31845
8071
2289
9204
7708
6975
14708
21676
15728
16395
31987
17860
17318
31793
19052
3284
16452
28713
4939
7462
17086
29100
2609
874
30546
17677
18164
2475
2865
204
27623
22402
7135
20329
12379
25226
13788
886
29797
17171
9860
12784
16866
16667
9524
18127
24249
11642
6062
18396
21600
23388
30143
14787
4258
19956
4127
23401
927
28271
16024
11135
24340
24103
14698
27736
23260
14618
8687
6647
8887
23706
32379
1645
20811
1606
11654
4194
7272
24376
5133
10225
5776
18304
2869
5561
10679
30161
20786
14384
12103
16251
359
11067
18791
7321
22478
3580
24957
15500
17307
23275
28657
16040
3356
1577
28981
25388
4836
22033
11266
18552
25128
10767
11492
2170
11881
9141
6904
19050
27731
26123
18932
7351
5094
24359
11625
11073
19923
20478
4421
9672
4137
1658
15260
27300
28208
32205
23464
18871
8085
22788
27150
29601
712
27615
24162
26930
7843
17888
24046
32549
26444
29602
18351
18955
19036
27244
16801
1669
17985
20998
11069
20918
4321
8395
6463
17912
4479
15872
16044
20430
12771
7780
26388
20251
19125
3848
26132
22673
12075
8801
8224
11115
7140
29596
4223
12127
3347
13361
28823
3790
16351
14267
25707
16703
25354
29191
20578
6667
15057
7019
15434
12121
15380
28505
26524
11597
25271
14643
29442
27005
18248
9057
17174
19109
14306
31906
109
22683
22609
26527
22740
2181
3446
10438
26073
6473
14317
1621
23694
5189
494
28341
27273
17985
17521
22794
25647
17569
18326
5128
10291
21215
25155
30472
23641
15417
15631
10587
26496
30119
15455
29662
19679
7184
21966
20686
19599
8893
21715
11742
27977
17934
21150
5255
21362
5740
25922
11424
2388
12158
18969
19758
7343
28576
3940
3965
13680
17297
307
6256
2496
23147
23941
3093
21312
21977
5039
24444
10643
19076
4866
31946
26142
9422
27816
28041
29963
17859
19663
32578
14228
27724
3850
5710
23422
16038
29171
8937
19427
2067
11798
27784
7989
32464
29706
10093
9856
9798
5601
2168
495
8580
24515
19264
24210
2541
25557
24162
16734
7726
15711
10777
886
23924
3887
9487
25513
25307
16696
11123
20795
5417
16767
19532
21480
32444
19512
269
13606
25025
32555
873
20139
23719
15453
13672
8751
13011
8173
20411
7795
3478
3388
19021
13698
18780
5968
13082
10294
8998
18555
26436
11007
23098
3383
25187
18400
6680
18005
6173
8634
16561
18007
3064
31949
21716
15898
7019
12412
16617
23736
11835
26192
9697
9900
16645
19008
23149
18487
32278
4144
27246
26371
22659
29367
10925
14087
23927
3877
13517
22186
12231
17093
24446
13867
25036
27999
1779
3648
8561
15617
14741
10749
27275
26367
7417
2040
13161
29241
7951
5803
18348
30364
18333
4121
17753
30188
15852
14517
28717
12736
22210
1407
20273
8910
16015
28016
18574
30056
5099
27160
12193
12103
1600
27526
31058
25224
19652
17256
2722
4596
2475
19315
21892
10884
28058
19205
14318
13860
12126
24585
20783
11192
11230
28444
16771
93
16974
24301
2021
24049
16550
8938
29220
8917
29779
22809
21305
3825
13100
32579
29656
16889
28839
856
28997
28399
13133
13071
32361
26858
32363
20173
15141
27925
1035
17352
5606
19962
13090
20844
27514
25601
30219
7678
22818
26419
13620
32383
29928
5700
29208
30163
24626
20177
3693
12066
26776
31462
5022
30591
10995
30659
3707
31431
27830
23008
21296
18380
8066
12846
15731
24499
17140
14496
16642
21659
6338
32746
24141
15232
24326
5769
20335
30046
1241
14595
355
5017
3364
31088
11637
23452
5043
57
9974
11712
10379
18976
12596
21360
30078
1920
29098
30860
25084
214
21107
21514
10540
9345
26885
17379
5691
8646
13595
24621
23285
13591
19443
18820
13458
2453
17338
13999
21202
21459
29509
1409
13644
2525
23041
21244
29442
23673
17453
24253
8250
21932
32582
15764
18057
16512
12995
8050
9009
15877
12547
11400
8109
11158
21636
15789
14473
15965
15701
29696
18039
30746
718
29647
23968
22815
11646
18104
14136
29599
3429
10510
22869
17449
16483
18047
28929
29552
31985
10739
4749
25933
29967
25782
21545
14599
25981
12506
30386
7889
9518
4823
4299
9876
18682
15989
28719
27631
12179
17132
9542
17277
2490
16969
27894
19798
12979
14355
27835
4312
27894
4911
29946
1447
22311
9985
15762
11762
11592
14292
20661
9720
10798
9852
6134
19659
7473
32569
16290
27220
2088
28639
25684
30360
22933
26932
16068
26169
5916
28570
16864
8256
3130
24302
24350
281
20787
9647
25872
3807
15948
15203
11321
17115
7995
22070
1567
3143
15068
9189
8865
28759
805
2522
24459
27514
348
12441
13928
30685
21127
24154
15511
23856
18469
25847
27041
11694
283
9993
6090
5207
3825
30798
29414
22656
31550
23887
18798
14990
16737
28223
29651
3583
4210
24869
17938
13482
27001
32574
16265
24391
28125
2460
27913
14129
29215
20756
12588
21867
10439
1367
26345
10977
31135
32607
4709
15857
22816
2829
5132
24874
13354
29712
4577
18260
17400
23048
2834
6320
24146
4075
18896
28033
5636
2728
10077
20938
16272
8971
22119
13914
11808
12001
10132
29446
15550
13660
31838
15926
30663
17081
23585
15779
31389
7967
24434
5214
21917
27851
26035
4629
4177
29034
18660
26514
7142
3782
956
1156
18912
11941
32249
642
6924
9710
29428
16717
31414
21262
9848
6229
14877
31642
23508
16767
24612
11574
17199
24870
8522
9653
20764
20320
5084
1666
13423
1666
29802
22334
24142
23270
3703
7082
20619
24555
7540
200
9777
7742
14832
25917
2652
32600
9993
16634
4430
4680
5158
12315
10176
3507
9960
9487
3190
13081
24925
1530
2070
30553
14455
14679
22330
5240
28349
26082
31428
26782
1857
27061
25202
18017
25810
19633
9650
6726
26994
12831
16055
2437
10763
3479
31692
28173
2653
7969
6888
21448
21819
31387
17283
23328
9463
7771
21161
9410
12315
23829
11597
10914
20057
7934
3295
10815
18885
15921
31265
1064
20546
594
27190
13503
6458
32626
12795
19005
5011
23603
17307
31734
12254
17197
27230
18143
6865
912
30914
13133
31735
9482
7373
10239
3238
29419
20129
28255
6962
17031
3409
19461
20064
30939
24051
21885
15645
4980
16631
24138
11888
14477
4535
10794
5550
4728
1102
17308
7917
31295
13742
7072
24506
13706
493
22206
15
19395
5344
27465
28543
13945
26859
29925
31412
28930
10263
24903
21787
11109
9061
23100
27358
9335
21603
4333
3859
28483
7420
20065
23091
10159
14740
27971
19661
23133
6485
8422
2683
9168
4291
11654
16662
19152
6807
30161
4134
23055
6858
421
1180
32012
22512
25116
31940
9272
7879
5830
2165
13400
17424
22581
6539
17706
30877
27583
6294
13131
9132
25727
12756
2392
14195
30109
28253
1107
13308
14799
28062
14153
19507
5152
21256
4658
24894
3569
15369
20505
18444
22077
21052
4221
3377
17953
19933
8182
10993
3739
31871
13340
26010
29586
8193
7844
16920
14358
14782
15308
19139
8170
5636
8186
5755
10815
11208
18591
17911
27075
9367
21602
27482
7642
8400
1659
4103
28971
3089
6492
19639
351
5615
9367
10185
5157
8938
6652
11737
7546
18847
7681
30867
31527
12352
16232
6089
2443
24130
21019
4292
30106
22101
29019
26584
28710
3225
27929
26683
9822
3343
9892
7704
9108
26190
8325
14046
67
11383
17831
15326
592
10346
11196
23317
4752
1850
21723
12870
11147
7647
13422
20557
9599
5419
31563
24751
936
4608
28449
13685
9919
11711
20758
9019
2241
21251
6062
25476
26097
21136
32751
29008
30496
17542
14787
5105
8492
2523
13213
3098
15815
519
18783
5945
24953
18689
23164
15622
17128
4459
2905
7004
10072
28425
13818
9289
30830
9592
19930
609
26425
20253
15130
5975
16499
28763
28894
18638
22019
19209
17141
3948
8647
1571
16056
31792
1425
32191
2868
10246
19567
20291
5259
16793
20784
30166
1687
11625
28195
2836
23249
27677
6690
6
32113
15130
22223
25169
19927
9044
21534
429
32298
27236
27924
2457
5695
6620
25038
25422
7612
4311
29380
29681
12669
21460
16719
2828
2102
3780
6505
5439
10842
32097
2228
26419
24892
11714
26303
13520
8565
20780
12932
2224
29829
3884
26933
20435
9661
3810
14904
19860
13916
10912
15472
3035
23800
436
2238
7061
5151
23681
24007
14689
31807
5845
12536
10892
5315
1142
20680
26176
4223
1022
31805
24312
18766
13289
5042
55
5881
32237
18135
13434
3419
27786
25593
1899
26051
32481
11396
14423
6042
28361
21190
20706
25670
7456
1269
5114
23117
6239
10612
22793
5054
29041
12370
10095
13261
21190
7700
9775
26557
3491
13236
13288
28419
4540
22505
15112
28328
772
9641
5692
5103
25028
17388
6443
19000
30954
27316
4451
2084
1700
14666
21395
30714
21294
16842
10492
32585
10729
28129
12578
27087
26796
8406
3015
15258
6494
15047
24345
28269
18885
24886
3627
7781
5529
12484
13218
27100
5853
15419
13489
2190
12399
31954
71
24058
26333
6061
20102
2828
15226
7332
29816
17144
15793
8773
8189
26473
18074
25372
4104
12251
4811
16434
7435
24645
11889
19667
9648
21244
26527
18324
13258
22996
15077
9365
28043
14984
28197
3332
9975
19036
19874
30690
10136
27904
16218
16394
30836
31416
8342
23407
20028
20922
8639
6053
25542
5847
5235
32675
22717
26974
24536
20167
26776
3646
3888
5402
3528
22122
11950
28886
25910
17538
27272
293
26092
13743
9294
30252
16658
4559
29306
25160
32285
18130
15944
12439
10051
4963
29640
25787
6706
25803
30769
2010
20737
19475
23160
26345
14183
20073
29217
1579
24619
5318
24662
28148
11995
16077
10038
13491
18881
23797
19311
27183
26643
21994
13327
18449
20586
15153
15511
19363
7029
20747
11601
7383
3823
19869
3556
26251
9422
4941
1574
1035
4798
27247
16689
10200
26061
32289
1721
24488
1640
8307
32413
6573
14470
6604
21179
3866
27683
1929
8969
14308
29168
3558
32738
11205
26697
24866
24221
5255
29799
27102
15460
5503
7127
2247
25411
19544
21034
15732
1408
20242
3823
13457
9003
19273
32734
318
28149
10939
11094
1458
8006
24837
5898
20260
29833
18093
18167
26859
17867
9573
10393
27364
27268
22926
15966
18196
24756
11516
8027
6798
27186
20217
7997
1431
5185
3468
12931
20233
23909
13307
25323
22261
28021
12942
26666
7308
5104
29590
14560
23360
148
430
10187
806
27181
25409
24891
4255
6060
20300
23750
1847
32632
8037
5948
5069
28937
8957
10462
6645
31922
14306
3018
12442
3518
19463
9914
20968
27327
11400
28654
17000
4131
17897
15463
29549
6408
14751
3926
25776
10834
27857
32212
18743
5114
29791
31443
29563
7336
548
8021
19657
11141
14200
17116
23529
17482
249
30753
7934
2462
24460
16904
15533
14750
17054
5332
20609
22717
22448
30615
22158
32462
29458
23021
31317
31327
30190
29162
19688
15945
21897
13905
9807
19845
10182
18695
13865
6465
22764
26055
1942
1331
28328
10518
31829
1582
31830
17274
810
3827
11388
27879
3459
16201
919
11386
2138
2384
16411
18538
23645
16658
31669
29243
14669
19035
29139
820
12452
22731
3942
23828
25466
30249
12262
17153
18345
17146
11159
16065
18480
9554
6924
26156
17621
23019
29673
5345
13583
7028
25325
28217
29218
21547
1839
15225
27788
3502
29351
31308
20640
4878
5105
12144
24177
31014
27982
20911
30961
299
15596
24849
12378
2436
31335
32336
19405
219
19855
5772
5689
3956
25196
30528
29311
27325
15999
24181
31444
1831
31563
23349
12134
7221
2580
4675
30786
11986
25831
15113
32373
5608
20698
26834
8305
11566
5525
29753
1459
10818
19985
6369
5539
18423
13984
7015
21948
15344
7214
2965
29420
10862
20678
30425
31294
3174
18776
7925
1206
15319
18617
2295
23164
6746
15339
30828
20798
1531
11167
10961
27087
4167
26360
26442
28948
11174
19346
13975
10272
17131
20163
22339
14238
28458
11296
16926
29295
16329
23875
21230
11157
18650
16076
26978
9040
27560
1702
5703
20358
3472
28556
10494
872
12563
15819
12590
14931
9513
329
18614
2548
16087
14534
14822
32688
20739
14946
21998
27971
22152
1375
3990
26791
646
24873
11824
823
11003
28051
11467
31764
16792
2148
6570
29128
20173
11282
2549
22313
8999
11213
30125
12160
13019
28863
4069
21995
20387
7315
28464
21504
13512
13620
6742
2995
6528
15831
19787
14458
15739
24891
2657
2991
9145
4399
19388
26677
28574
16214
26886
350
6216
4903
1381
24844
26144
16695
6570
6423
28335
26555
28364
9199
692
5192
7316
14467
17011
22238
24729
5473
19535
1573
24943
1822
14747
6390
12828
11768
23982
14621
10699
18106
31541
29534
25541
31456
25550
10422
31644
31740
13778
9442
22953
28248
11377
32294
9145
26333
13829
8775
9732
51
17568
13529
18527
19242
3303
8897
25522
7769
10020
3826
2987
2309
18070
31866
8372
27972
31500
22978
15907
1377
12466
20753
22705
22659
25130
595
8494
25226
12510
2585
32627
29498
22421
31200
14743
2203
11077
9622
7014
10399
7720
27226
12814
32262
30994
21124
28700
15487
16130
15077
19879
4112
28407
23888
14539
7095
6149
25688
27226
19282
29607
27740
29389
31932
31319
5569
4993
17465
9820
3199
14368
20500
22756
10463
9308
12166
5458
3459
10724
218
1753
26278
31376
19151
1098
11941
27359
1342
1578
7102
14500
5372
17160
6936
10748
16130
26125
32004
6275
22219
5077
13955
15560
11262
12669
23560
19966
31565
8702
14719
18932
26269
28089
11149
31047
14439
2131
7706
982
30302
10434
21517
10614
1874
26536
23638
29415
28756
6112
22578
28423
27931
3415
30378
20550
26534
17950
18781
32346
4899
10685
22144
28724
11792
21193
3107
25138
12192
5817
30902
15510
25696
16373
27851
15927
15898
11824
27166
16246
23289
20728
978
8564
2031
12427
5117
15746
16980
30957
27239
26841
31952
15159
22671
24716
11130
22834
16111
12730
23361
20260
32641
29192
22668
20458
31106
23630
10525
26439
29302
9617
23867
5756
4204
7730
31760
7961
18819
29540
3920
28690
27821
9443
4635
26901
10163
740
18213
26651
11898
18503
14868
21822
26500
9492
28713
8394
16825
19749
3107
26518
5992
24352
26976
12693
17033
14249
29254
32424
17989
1237
13793
5558
12728
11745
205
18943
8181
25380
32087
10925
31050
27202
7903
20652
22982
31395
23681
16060
16633
15907
32500
1989
28411
18955
1457
12138
4784
9281
26456
30944
11593
10427
12624
6145
20238
25401
19118
30876
4443
12596
24153
4112
29161
16401
12395
27929
29519
15259
25306
31209
9929
16560
27991
9339
823
26682
19574
24868
11625
32354
11280
15211
5529
14848
4326
26906
3641
2133
17798
5013
16368
16636
3699
19307
7903
22046
27008
23083
17704
21734
23677
26233
22193
18996
5909
7776
21029
24470
27639
23530
29500
17524
25908
30702
2621
14218
30696
16170
27841
17563
6941
15761
25529
2660
17900
21478
15026
7376
6373
19338
21592
22378
14002
23699
26681
13335
4086
23069
19916
31237
9851
30949
30898
22751
2957
25620
2619
17475
7585
5208
7212
9077
18747
7481
10432
10581
20750
25771
13292
26766
24932
30943
6631
30737
29376
30815
9962
15298
16322
16474
23605
9584
21068
21820
1618
523
27619
14722
2205
10001
19800
9933
516
5194
8615
23861
12044
23989
4127
31967
11540
29122
14787
7634
734
4033
9713
6662
4683
667
25153
15806
22374
29632
22960
21016
6308
27232
9982
13795
27755
19166
26196
30896
14288
27266
18986
11308
2725
2926
30568
24493
31923
21715
27851
31242
28740
7012
31115
26032
24037
3595
1851
17138
3433
6875
15088
5281
24625
8263
12709
6877
4267
16017
23518
20522
2841
23941
15500
15559
17300
14950
3889
5179
11600
4649
6468
20784
14113
15329
10967
17284
28990
18299
4727
17566
16454
29867
2132
1534
16768
5670
21666
11800
17511
13586
13630
14179
32102
2234
18069
17837
21984
5767
29634
26033
32115
3628
12790
27371
8318
13856
2845
24491
26592
31825
15294
15209
9731
32535
26659
21336
21786
8806
11451
14653
19110
1353
3516
31874
17471
27531
2572
390
12689
28599
21858
25400
24485
4420
32169
4836
26978
29449
32677
10829
4435
24055
3800
9211
26794
23558
5287
28118
26501
32624
10937
2548
23153
10782
5280
12720
18732
26975
31931
12028
15024
14816
30810
24568
31340
18393
5924
6339
17109
32644
438
22416
28957
467
27533
32509
9794
20834
23590
2721
31051
19371
4963
29156
7887
17017
3377
11540
10678
18847
26728
4277
18755
3305
13555
29464
10323
16979
27952
20527
20959
3193
7833
24479
16072
24911
1445
20759
28884
18706
8425
8928
16115
2430
32643
18102
14024
4418
20152
2263
14180
14257
27356
27993
10581
9402
30578
30656
30687
29978
17045
4304
12169
28368
30615
32416
26076
22993
25831
8944
20071
20734
22840
29628
8454
8019
23519
25106
13668
32097
17533
8992
30655
17150
30175
3985
6891
24891
16418
3354
11162
14486
11803
13903
26842
8049
16886
13500
1503
11459
25884
305
14595
6926
3931
32349
15371
22417
26945
8606
8620
4542
28104
7704
9294
24302
20281
17925
21007
18004
9034
5707
14859
18735
6793
8276
32475
15172
18174
17946
29275
32652
13836
31873
7856
32042
24985
2026
24714
24735
15471
26373
30375
32065
24033
24550
10905
25322
4273
25436
30408
31725
18737
14974
19898
18254
18089
12934
26258
818
25593
15075
13015
23444
23423
10633
24951
28986
571
6540
4876
19687
15921
6125
9053
4819
15375
4788
11304
2648
10256
15934
9503
19950
28192
25817
17712
14169
17729
21646
2313
23585
2605
24382
732
11843
11581
8433
22367
5414
14217
106
3096
4816
11089
7679
2775
18778
17308
9383
32388
29857
22302
12629
27930
11327
25183
17540
13044
442
32026
29203
17224
20218
16099
17236
20977
18689
22285
32608
19057
10966
23499
19885
14390
3266
5269
26338
1052
15295
17358
18409
11060
9518
13219
6982
21188
10952
2614
19624
23950
29399
10492
31422
26197
2214
7011
15180
17310
24886
22713
25982
30900
6194
23881
22140
14318
31013
24263
25662
23092
10475
8174
29346
28608
870
10087
24252
20002
370
24045
13421
16263
15130
22447
25143
14138
23052
19701
24399
12139
4170
1543
30708
5168
26403
15947
13312
24521
31330
17069
3005
19496
29637
20291
24313
15793
23216
28721
25181
19262
3107
27083
30458
1894
28394
27642
8229
28415
14355
5345
2949
8417
21413
1728
24426
17133
17807
5400
17248
14414
5855
19728
22277
3327
9012
23831
2839
14989
23158
8139
4305
10783
19140
19993
21368
6067
1710
7334
12337
15018
15269
18542
24597
22407
3247
22188
18567
7924
1376
3065
9669
32262
14597
24247
17342
17345
25122
26800
14628
16351
5663
7163
22721
16077
24894
16160
19726
1783
24272
29819
4610
15173
8617
20710
16680
18149
209
17810
25588
13900
7292
24886
16471
8567
12092
11372
21393
2935
32630
9559
28487
23340
1299
7818
11477
20817
6007
1317
10981
8120
14263
21057
18753
1495
19206
11151
22245
5764
22897
30523
26201
2813
9421
26391
15421
18219
11245
16117
3109
29480
28184
23124
30632
19966
697
13632
948
7602
22873
31859
30756
24705
13771
26816
23957
9065
15526
27058
3445
8683
9209
25456
2140
4880
23609
995
1696
18346
17790
29467
30500
32220
17647
25327
24688
3548
20091
16868
22535
21496
14027
5457
1012
31703
24948
16064
23207
4354
8048
12438
5375
30882
20943
22007
1704
14476
9386
12772
20647
12154
30297
31142
8755
8859
16101
11888
31687
17487
3008
31296
10357
6187
25524
21510
24957
22596
10010
12040
20510
16298
16460
14725
25004
24114
14429
28312
8675
22905
1031
32608
3963
16165
7396
22366
7932
19566
15073
16414
24532
20190
16881
26650
30631
596
14334
20699
26598
4175
22309
26721
20899
5225
4130
20933
11172
18978
4361
8477
7862
18399
9272
3744
31811
27443
31625
25867
807
23132
15308
12099
26304
16145
23668
26939
19524
7803
12176
14360
12888
29313
9725
28051
30430
26696
9178
23199
28430
26618
31037
13644
17864
18887
21284
5612
5160
23594
14511
20340
26716
8046
26764
10021
11954
23152
10930
12139
12533
27814
27218
18949
8186
352
11274
5478
23414
2126
13405
18779
27666
5955
29280
18159
25538
6456
693
24460
6226
28308
24253
5986
27714
25259
3082
26380
6611
6788
24595
16497
13410
24799
11308
23273
21493
29558
26037
2722
7956
13700
7825
10049
9946
27524
25050
17868
18763
25659
18642
18887
3560
13048
23581
4509
12417
24347
5422
16962
20043
11476
5120
30231
26930
25389
23814
21262
13680
13131
13156
19470
25951
9456
25439
4505
26507
11333
4370
30124
19212
19671
24419
18150
15891
28127
822
26349
23234
17350
5857
8206
13889
29416
16863
32291
26126
20377
2248
11962
28564
24421
22912
11379
22016
32668
10159
14762
14928
21775
11634
28246
16812
26900
9297
23857
13818
6096
2672
5146
5293
13237
18441
31671
32733
585
18713
23134
17821
30249
24410
32310
29065
19022
114
21145
7326
25232
13418
25789
28495
5480
18529
7060
2516
17146
6530
9968
18118
23891
3123
27115
3049
17903
911
25734
7497
9342
27927
24720
9864
6887
13476
26058
28278
31374
13473
14664
26850
24275
30326
27674
6832
20699
22343
15660
1068
22674
25823
21099
1438
7920
1767
3369
29215
1404
18524
32195
17578
22287
21824
14977
11126
30171
143
7613
23939
10923
26228
12104
28275
31084
32445
15625
5276
7917
13197
26343
5467
7139
20560
8682
19371
28976
23796
30364
31990
29029
14679
32438
28715
19333
3323
26104
31504
13068
24321
29273
31194
18735
27221
22368
25851
11110
550
22738
31035
19240
6809
141
9738
29429
18878
27572
13844
7322
21699
29452
26135
31921
7527
12966
24049
26471
946
13503
16382
29314
4067
17380
17056
30882
30891
10330
2079
25030
22936
21692
10420
21779
11732
17894
8928
14289
25359
6674
9730
7607
6330
9025
27433
3688
24438
30941
4135
17469
3276
19612
10471
18501
30494
1703
31488
3978
11741
27900
6025
32150
509
23056
18224
28726
29350
18105
31878
14462
21037
11084
16541
9485
14146
31746
19925
403
3691
17569
19699
12176
24497
10072
26739
15454
7320
17130
10784
6257
2645
17423
22241
21470
7228
9751
15574
1050
21112
26320
10147
14084
28926
12714
28428
5926
8900
17945
21443
9528
23853
7483
7805
10982
6088
4795
13643
19156
11323
5365
6952
20958
29306
8282
3534
11684
27965
2582
13775
11334
6832
24049
7392
26988
15724
21363
24184
3210
12710
7756
18074
15458
8870
7667
21230
27594
13435
12428
18967
25519
30190
11535
23873
11866
11956
18599
2041
18418
24040
27480
8770
14402
31928
14309
22757
31165
22878
19185
8
20927
7762
30052
29698
32278
22973
30224
31854
23489
6449
30357
25982
27383
28056
20353
17299
21612
27499
22460
5386
21455
31525
17188
13912
11159
3574
21620
23641
1535
2747
26218
2277
26447
1838
4137
11685
5470
8538
26844
28964
6229
3411
11932
18985
14517
11043
21652
25925
7836
14599
15458
2216
30276
30172
7873
27192
15820
18388
26469
11237
8251
15213
2087
29238
450
28324
1890
18728
8513
15461
19869
19257
29453
15431
30314
16064
6385
27254
10381
7551
7026
3056
14689
14971
18519
8949
8056
31244
23145
1976
30850
20528
20088
31067
9840
31012
2462
15130
18393
8246
13512
4551
3996
26837
29041
13686
16327
3562
19377
2937
19383
2923
3447
15503
25985
1580
22290
31576
31377
26105
8439
3852
25489
21987
2750
30317
19341
7895
7021
14074
4692
4213
22265
11366
11809
27678
19722
27720
20602
1615
1279
4628
21081
4654
27442
1866
11146
19299
9085
7149
31060
29225
25853
823
22619
19877
17173
2187
5573
10358
1974
4267
31644
31629
734
15147
15475
15167
29535
14374
16973
31384
27874
9775
25786
22771
24363
3210
19011
28103
8863
17821
30984
9924
11779
28065
23208
19487
22918
10653
14177
7978
21250
23189
27769
18215
10111
4350
25052
94
1529
21622
774
16749
8035
5042
16163
19168
18411
20664
21621
21761
15744
23886
27383
20465
14225
15282
16960
27128
9240
30603
30377
20506
13784
2848
8626
23787
10210
9416
22946
10660
23134
24737
21614
13685
11400
19077
12764
5917
14329
15418
12520
27833
20776
27625
21607
32217
28976
16082
15082
17369
27860
13373
11749
19567
7360
31924
11281
10880
23313
4463
29454
26936
31256
24592
19533
13657
6235
24209
8493
12499
30173
7034
6756
9366
11936
7767
20129
1188
32359
11369
17520
31338
29120
17820
19293
26960
10306
28089
28764
8591
3092
5597
4456
13634
8879
14890
21611
9153
23268
1980
1374
20266
31776
7902
8113
28736
6895
17790
1773
31865
14015
7647
12952
12882
25831
13710
20825
16358
11495
151
10076
14271
31217
5368
11256
18412
17833
14934
10895
26451
24618
8687
27318
27977
31049
23248
9110
18272
20253
22088
16018
16768
9663
4252
11563
5178
27726
12796
22048
11608
13110
15286
24025
26297
22450
5546
19973
8028
2192
4094
24707
27322
2101
11539
29054
19033
20448
18359
23773
9630
30771
27036
19162
29667
2799
26120
12272
19657
8703
3279
1019
21199
30648
2431
29851
11300
19551
17114
5849
32186
17643
20105
23565
7324
9997
19726
19967
27009
5742
16891
22092
2721
14136
15457
5387
30663
22999
25484
2737
3240
5121
15341
6450
5491
27379
14424
8297
2473
29438
27504
14778
26927
2115
27999
22262
28578
1211
18890
18558
4586
6010
2563
28332
31250
8500
12161
6766
30038
14848
12942
24884
2174
17500
22848
26637
7787
12657
31402
27148
1264
23193
595
32241
11235
5151
18408
24325
23155
23878
3885
15686
20155
20876
17465
22724
31640
16175
18403
27723
22712
1777
24696
11074
30964
10520
8879
22227
23264
9146
26334
11853
10144
1591
7789
16070
21501
24071
7563
22020
22456
24758
11553
7326
28445
30508
30980
7006
6876
3634
11887
12266
21013
20530
24240
13475
6834
11326
31265
24526
31737
20052
30554
7666
32609
27873
31397
27520
13221
3971
4531
29113
26136
13075
22413
27341
1592
28387
5324
4416
26501
32580
12301
7826
21908
22860
672
7455
11871
11222
25984
4420
30431
29129
2696
15811
7645
31134
30179
1897
24837
1564
11205
15342
2108
27750
26200
16412
27443
21304
26618
26931
30012
30574
15781
1421
7005
6598
1454
22654
30883
31206
3763
3454
1209
673
25295
26250
6329
2934
4879
10695
13890
21337
22314
4713
17611
6327
21868
18643
14647
29364
9972
9727
23465
20407
27679
17953
8089
15656
1348
11911
16936
23672
17314
2756
8880
10594
9878
17677
2464
30065
30994
32227
20871
15555
25418
9971
9838
14348
17584
17722
20331
20445
27171
7788
13939
21799
29795
21911
8816
8955
713
15107
22419
3475
30261
21342
4588
17046
24647
23061
3640
32408
29394
17157
5370
15328
909
32595
15309
15983
30732
2456
20728
8510
11759
32066
9539
18630
13146
15671
10249
24261
25509
28091
2447
15168
15444
17811
22420
24260
32329
31338
18473
25074
28472
19573
9923
32315
20316
30035
6031
5095
22376
32311
9477
20828
21185
16712
19392
24477
10730
6728
30861
14353
28991
2676
11458
1926
20455
21420
15569
17013
21252
20180
23836
20103
300
378
28939
25945
16925
14009
20572
5244
28332
8029
30395
32449
7423
15687
20883
17075
31996
7700
8227
10852
22785
10489
6612
2157
3798
1009
20170
26160
5344
21531
30393
26464
24471
23901
8698
1732
15162
17742
222
4151
28097
32083
13634
31732
13587
6152
25187
3856
30073
3553
28404
25928
11346
13585
11630
18429
31497
28842
24232
30333
24133
23302
17063
17284
25951
28519
11191
11267
32281
30426
18362
19231
10381
15457
5057
20349
10083
19536
11737
21949
71
17144
31016
19524
24730
28291
18488
17471
14952
18463
402
21476
11675
2143
29327
28155
4462
23261
17515
21150
12836
29989
18331
32061
5881
5326
2400
13285
25689
10474
26525
7105
11856
10913
5862
30433
20290
26904
20185
28474
5852
19608
4273
4846
25930
21740
15384
26062
1706
22282
26173
11293
25281
15862
10023
21143
21741
21220
20809
6066
16475
20637
18262
23076
13434
17955
25686
12453
13744
3224
10746
12022
32331
21596
10540
31778
19386
3446
22763
7684
3069
12085
20310
7689
32602
8982
4358
27448
8786
22249
27297
7535
29651
14896
2220
32239
27567
10952
16801
31002
13645
5323
17986
23932
671
18868
11308
3081
2899
21188
1711
32165
3150
17061
477
16874
23382
19022
13281
23333
25358
5414
6291
7073
6952
12396
27465
26665
20694
470
21231
968
21377
4472
5210
18643
22974
10984
16089
29481
12926
6560
1805
24506
5764
1187
17403
25926
11805
11620
16992
10855
7947
5603
25156
7378
14018
21017
13010
28122
1239
2198
103
14390
31157
26217
2281
13059
23954
2624
19034
5645
13217
10960
8109
4938
23945
31863
8152
2471
4887
6688
29482
21767
559
30056
4831
24457
11017
4607
9970
22538
19610
4176
30258
12780
30031
19300
7320
21013
3073
3587
31704
3386
25894
8989
6710
23389
14404
17769
25499
25748
2476
12876
232
19213
23652
25596
14730
22095
16485
14053
4943
25538
4358
32332
9335
16498
30649
19506
19471
20496
1781
28795
17530
9530
371
29519
17489
28411
8605
3777
8557
24470
30020
27566
10817
28799
8593
9704
10605
10155
9022
23444
18321
16905
24325
19409
16223
26449
5721
18587
6133
19196
5205
32750
22889
24211
9970
24622
28581
31021
14460
7110
12149
6196
7495
4112
12766
7527
27038
4981
31154
11813
25596
28373
5985
6120
26495
1576
16146
24080
19097
29798
1266
21730
7689
7845
13260
28112
22537
641
29147
6394
16329
17345
10204
24566
11549
15672
24166
7628
28786
6376
1406
30789
30471
13166
23143
32358
32602
20122
24503
4151
29152
22365
7088
29641
12792
17128
4300
15222
31522
18194
9370
24939
7788
29178
26825
15460
13358
25838
31362
12727
5623
13964
27644
18580
13511
16423
27722
651
8063
23149
8567
7502
19861
19782
26836
8633
524
30463
29073
25615
23204
28327
25995
22919
24398
9657
5221
26375
9698
19708
21722
3375
24084
168
4177
5529
22949
32714
11442
9567
25814
29417
18553
22750
802
1514
32009
19642
25644
22833
6978
14371
9463
3593
5717
31830
12629
29254
4311
19814
22946
3881
16405
22588
28849
8067
6568
2524
1543
12573
32585
23531
4167
30040
23782
19054
7150
1297
27893
22229
21056
7111
5896
15416
27779
3584
7329
14560
26474
32488
2120
4361
2772
6460
4828
12006
6583
20326
29479
998
15958
26346
19380
3894
1723
21248
10981
11655
1377
8834
20800
5649
27185
1289
12810
10456
10159
11092
25111
29230
30838
1769
26848
1913
22754
11518
10198
8502
18700
24729
19446
5694
27387
2039
32158
7240
20760
4395
17055
29104
4323
2567
18067
21623
28133
28479
32113
27274
12517
30412
21598
32583
32607
22927
25798
14909
18226
24631
23980
13107
4761
14180
5950
1900
22620
20236
1197
21546
7240
18719
30779
14961
29660
15206
28054
20493
17221
18609
20068
8663
18061
21809
25887
11059
15119
23075
29219
26333
15662
7342
5893
23782
11846
19471
3111
20985
14051
19187
21641
31715
14641
10276
25570
24402
18356
2664
27376
15069
29753
5031
15884
9029
2829
32587
2561
13563
3692
32748
19230
32482
1596
8237
14986
2645
30716
10977
9688
9324
6903
24179
25819
19579
7357
28548
25020
27612
2515
7893
26441
15087
11946
26216
10640
30558
1230
482
15533
20390
96
22068
28128
10195
20934
31866
13027
7050
28577
29731
9082
24909
31999
16467
12619
29435
24531
29829
4592
8086
7074
29813
3915
27209
17534
27453
12825
23210
7736
15806
31434
8764
15314
31809
7313
15160
13107
5982
28343
25741
14622
23582
2100
7973
14693
31580
14720
4202
16218
8305
22695
28169
17031
23312
5020
22261
11167
24686
15567
15792
9652
26534
17921
18374
4009
9565
23895
18074
8683
10913
24750
11620
7260
11031
6959
10363
4240
28246
291
14800
7228
28814
24072
32443
10219
30317
10468
763
32243
6211
29401
17656
19880
2148
9210
20298
28367
6350
31325
2943
31062
17419
32625
12825
1346
15705
26514
31703
9960
19465
4059
30774
31584
30245
3644
11574
22839
15957
1996
25697
31076
30979
16736
18698
11389
31934
7772
15315
28715
12764
457
32626
30940
17764
17832
8884
951
811
15494
19393
1237
6972
29009
18595
1454
22141
6506
2306
18385
32400
27899
25905
32729
31992
22923
22127
15516
30077
17104
1126
20133
24529
17860
19448
17381
25715
12795
9019
19365
212
11571
32450
5823
14009
13613
7199
2062
19168
29627
21925
18723
22246
6427
25459
5945
12904
12419
11694
23659
30569
8957
5133
26917
9715
23669
20123
25049
11009
18192
19384
13555
20125
4288
12129
11534
19782
28438
22450
29544
8340
21847
2729
5779
15135
20689
12589
26990
15260
32623
17231
20052
23369
21644
18895
17043
7052
8197
6370
15904
30422
2962
10290
15241
6350
598
11303
31786
25004
14004
21605
23716
14562
14949
21398
19851
29442
23751
5225
17503
20188
17272
16346
14526
19942
28964
30901
471
27618
11931
28757
10274
31162
2599
14514
32591
8111
24860
30619
7292
19122
10160
24383
31914
2322
25357
4082
28530
6744
2469
18222
6644
13936
15814
32728
9745
20489
5742
26565
29146
22077
27232
20093
21319
14709
20855
28991
17453
14215
20539
18501
2666
13090
25010
14664
12386
6764
21369
21319
25008
8425
10258
30597
21
20639
29568
5073
1204
13944
26129
21001
386
11751
31100
24801
22264
4046
29739
14817
29195
18592
14042
2221
9821
6595
2145
6025
30901
2616
21454
25884
28077
19069
3255
18292
12458
4018
11727
16459
10001
10748
1462
26249
17336
23079
17942
2314
11931
10895
2283
28320
5329
20288
16418
22364
13502
20828
17254
8969
31369
2493
28727
16634
16592
11996
4156
19718
2459
31217
31194
32208
17295
10076
7941
18508
28517
22084
32342
23678
14746
2942
10846
24453
23655
23472
23355
1753
24051
182
15976
30929
32456
24132
30938
5736
27779
14797
3912
4672
3280
10660
10442
30951
29846
32610
24485
3674
24431
12679
5221
9415
15195
2148
30509
20631
7349
4664
15180
7596
11878
8857
10512
10727
29272
24853
479
18670
26158
11034
27267
5420
24626
19731
20422
4633
14478
22228
31039
17339
4800
3896
15979
24429
23368
19208
4608
31199
19875
11039
22397
22110
5757
1484
14086
15189
26147
32632
25455
28692
1847
5769
1687
18385
19879
9862
18423
24044
29151
9851
8570
26488
11326
9887
30351
15862
9415
20788
8573
1891
2842
29359
27384
8054
27298
19737
8177
9763
3855
15029
14770
22371
3335
25571
19497
4151
17176
3140
11908
9450
26354
15135
4607
27799
29395
17155
31482
9708
1858
27822
20559
6445
5376
18734
29922
7036
25404
28486
8058
22359
17926
10259
25807
32354
6406
20207
10212
18535
21102
26774
25750
25499
16941
13704
2165
14883
20838
17326
19924
12502
22048
17215
19740
17221
20287
8933
14438
8440
7347
14108
30024
12283
2031
28891
2286
6298
12444
26487
2669
15976
12687
14788
3925
19078
4601
2685
18053
11041
22238
7142
13636
11325
18633
20143
19085
3505
16829
2076
15529
14963
5998
17251
25860
1302
30129
21078
3641
3473
15666
4417
26735
13378
14949
4630
6120
15923
18623
711
4567
3739
13861
21236
15218
6568
31397
23750
32585
29819
6244
5403
19670
9845
14295
1763
13909
8113
21558
7625
8406
30929
3118
1047
14992
24574
27351
6099
11128
22314
15589
15150
13330
10136
17954
1056
11911
11935
27420
3916
9721
26539
8986
31273
30739
22404
18005
18531
13540
15571
3173
14463
12525
10722
20218
19391
32120
27555
25804
1349
15148
25076
10453
9338
31455
11553
445
24241
8363
21674
32150
23560
32068
19271
21961
31631
4488
29738
28496
8877
12376
3460
11046
7103
29351
9290
6908
18433
12752
30009
28206
10418
31789
24344
10997
883
14309
19005
2014
9713
26629
10578
31099
3267
18387
30553
18520
29078
12383
22254
17200
1159
31834
14028
24929
21712
24107
8083
27038
11431
23616
3785
28900
25699
26530
798
17839
28897
16589
7668
7021
12582
7870
32286
2611
16197
19533
14312
13999
18563
12221
3672
13918
12474
28818
20916
1022
1275
12194
1860
6215
375
1391
15961
31446
11936
15028
13967
24426
22923
28478
15182
9042
27545
8957
22679
16166
25942
21851
19709
182
161
11980
23793
8512
15886
26791
27459
3046
24968
26420
31462
26718
8763
14854
32244
15852
4529
30347
5617
17037
32314
8417
10580
10869
21650
5867
29251
3004
17598
12709
27295
10837
11831
4276
14656
16447
5962
17474
1154
5631
13247
18696
19968
32589
16057
2732
15263
4110
11229
24654
29135
7554
29622
14174
25357
24511
32600
24752
14508
18270
30532
13266
14550
23412
31116
31901
19918
13252
31544
26378
4727
25394
22759
23879
2074
26235
23226
3082
22884
27428
12141
294
20142
688
8903
6236
22402
5654
4917
10867
19802
11634
27314
12938
21418
24571
7913
23982
31009
53
31902
14504
32300
22632
16970
28696
25789
2896
19973
22216
11594
27926
25257
9786
25880
26751
18485
11651
27065
17508
19311
25180
1492
23906
24782
2167
19236
10194
28310
25359
19907
3579
581
9411
9385
32391
29998
4516
21359
16180
17508
1933
345
22476
8153
24755
8596
10583
29895
25724
28860
1423
30543
14997
27554
23188
28513
5183
9035
18145
19675
32745
4668
10623
18165
6916
22260
632
2780
5651
30651
14223
15773
16129
5018
4398
21829
1464
9387
928
3398
12015
14227
6272
31261
10563
15436
3186
50
14474
21544
29969
12800
27492
16658
808
22901
3858
23063
13604
12444
5516
10534
3529
3449
8653
5652
8997
1333
11890
17123
6594
19067
643
32068
24608
19233
26769
26970
15970
20747
23553
18881
3656
10828
8359
2255
12125
7311
30871
26394
2930
10166
27703
29498
16202
23488
22681
11984
15255
17904
14344
1223
29221
14635
22753
29913
25430
30115
30373
6229
8142
29618
26955
25632
4719
22024
24283
19450
9864
18185
21304
11011
7753
17777
14909
5502
11643
9274
4108
30676
11374
16831
17315
9948
30514
14881
12209
17753
19721
6378
5543
8901
17437
19952
20241
30541
9583
27005
10535
8476
17680
25516
7839
18140
10899
29462
25542
890
7618
13998
30927
32554
27536
14058
13931
6572
30543
548
2202
2509
27683
26687
19392
5680
8887
6541
32763
19278
3886
11504
18100
21180
19293
20800
24180
20397
4407
11757
4345
25783
14728
14054
18314
18138
4839
30649
14727
446
9445
6651
26948
20796
13195
10986
25367
13344
5892
25681
29360
7213
15254
31916
17065
24418
24023
17037
6750
20092
22301
1854
11775
5308
3638
7336
13540
17642
24665
27251
14880
14234
5725
24175
23384
7854
14889
15411
27094
29212
24684
4100
8665
6642
14990
18680
27695
31127
1254
15962
24070
16467
9517
9297
27392
8977
3378
13245
32133
25444
13776
2402
26973
18377
17949
72
27774
26924
15077
2913
12834
31149
8791
21101
3101
26787
16381
5659
22126
2017
11506
8049
14612
5689
18511
15981
15395
21311
3046
7149
25110
79
6451
25292
15463
29394
4751
1102
11869
7100
5287
7102
21030
10329
25645
13653
13349
8266
9165
31838
22669
9419
9827
5272
16175
13623
12651
8924
22928
7373
17336
18687
10047
28084
13418
6394
27749
11581
15898
17224
13982
5481
19031
1168
9223
4011
4438
5764
8345
19694
25061
10249
3509
7898
9633
8344
2047
30291
30057
13028
16240
11075
21010
701
5543
29082
21852
25140
30336
8083
28453
27136
7912
10552
733
28960
17904
29992
31034
10178
23584
28312
6701
22884
21773
30872
17172
6713
12077
9879
19761
25550
11755
24106
14427
25837
31223
17929
28147
2242
7136
9818
12314
31036
1252
7731
2337
8374
6663
21082
20289
28375
30050
31055
4237
25782
20926
26764
31524
11330
21601
1803
5547
16098
10536
18697
23547
24408
9430
6410
5142
27371
25004
21021
28512
17861
2618
12129
19468
26266
18036
21704
10964
17802
32520
21787
11501
12873
27375
22846
11834
21885
6978
19638
20416
24935
31056
13160
1626
13766
27373
3235
429
31480
4365
26465
32607
30819
21649
3018
24196
10771
13664
24058
1881
22948
4026
24068
31541
15971
19401
26935
8380
26800
11129
8352
8278
31911
10890
6351
25824
32767
9444
14046
5281
16177
14122
24240
5759
3549
3473
22135
30578
26218
5363
889
17466
11502
16927
25619
11085
6477
25460
27390
31508
3236
12462
8145
20566
21992
3327
10439
2293
10698
12130
8643
20184
20958
9516
25745
20264
22269
25315
9839
29119
10984
22356
3788
9437
5421
13536
11087
4381
26447
25879
25883
18856
15393
23176
23378
19625
18035
13526
18135
26625
29424
27407
19289
22075
24903
28730
22925
10178
30857
1583
1722
19537
6866
12972
32123
20652
15404
2724
27585
9358
24752
18394
4631
31970
17903
23727
22570
9781
15248
31288
2696
23404
28474
15508
9640
29874
12212
29053
21035
693
27466
11548
30305
10770
28019
8482
271
21261
8114
27156
20847
390
20922
18150
24697
26921
19669
28364
3937
4580
13958
31053
16225
8350
1645
3225
5816
6182
4972
17948
5875
9833
31752
4435
26731
20969
28178
24799
32527
7018
4486
32216
31843
26606
6835
24931
29385
18148
18332
19591
28160
26781
19615
4668
25834
22783
29780
18373
30866
21117
30392
20288
9325
15687
19339
28796
17376
11965
31734
29706
4355
32042
14193
29847
165
15279
12260
23161
8080
12925
268
13703
21773
10055
10017
26926
11947
2552
18614
24257
6461
22945
22496
12817
11042
21941
20122
3134
25545
20344
2664
8396
1139
12213
2875
249
26171
1199
6549
14670
29012
11355
6125
28021
6547
28364
853
26186
1069
7407
26458
17972
15041
1912
18732
22454
3993
25116
19967
10817
5933
26369
8368
29005
23272
20083
23212
22952
10543
28376
29710
18701
9888
6374
32519
15352
1175
1043
12931
13753
247
24397
2057
30407
4903
23020
28899
27992
27226
14565
26240
5166
8468
19520
23062
13236
18922
22732
18315
14665
14729
18961
28566
6364
12793
16518
32034
27833
21283
20484
6643
18338
29841
635
13963
27938
19574
29412
2383
25630
2030
5238
2278
6061
14470
31261
26082
31274
15103
12840
18338
24199
31567
2625
20598
31715
14825
20387
11525
20319
13886
24455
13036
20526
25220
7135
21160
10732
1206
6215
24758
28977
26844
4921
31224
1637
2188
3968
1883
6870
19377
8687
9399
3079
18059
18258
28407
2380
6391
22181
32121
14227
21233
25476
2744
18309
599
9443
4136
12750
19951
13311
22881
3512
16812
14228
21120
13823
12333
20305
5578
12257
19847
21385
31891
2164
26436
15659
14175
7228
23980
18932
12614
31997
16963
12515
17053
27086
16274
31470
30418
3439
11818
21491
27032
30428
31463
26609
32580
34
17010
8312
31863
6002
17929
22110
16638
7796
7555
19380
10742
21469
19086
504
24372
31556
4412
16524
4068
14130
14782
24423
25199
18808
8047
10763
7075
11717
12564
28343
16654
17015
18017
3549
15018
29618
28352
7638
14272
7343
7503
30421
23302
4951
22055
15130
29194
4625
16612
12136
15316
29656
17506
30648
711
30352
4036
3119
3529
30618
13499
31310
11428
24230
14085
18025
25515
10952
13619
346
31392
21967
3760
26230
29397
466
11007
5568
10386
9483
17988
15965
9143
10216
26374
19784
23458
10592
24883
29767
29267
23940
2660
7454
10958
14934
867
7426
7873
26333
15083
15440
30567
8313
3502
26239
11692
2677
10140
5716
5522
7131
2659
21076
14547
8076
23858
19839
17608
31375
27075
59
3977
11434
27288
19855
30806
16175
3717
2193
10038
5657
21870
28194
28637
22359
10834
26328
23507
23656
24200
9532
8147
25128
27209
29750
114
27370
5743
18885
27137
1734
29564
29171
16307
30261
16862
26121
9731
23259
12146
9215
19536
27299
3654
6710
31178
22801
26787
31594
24978
27348
5707
3810
541
26523
14079
20713
5082
24106
13892
30594
19220
28333
15463
12120
28953
3916
12479
9460
6300
32511
12594
11826
29016
23204
8954
10230
32502
2127
16553
23579
14129
27873
18795
940
19256
8156
13708
14679
8275
4469
5178
28702
15306
22251
30347
16976
9731
4376
3010
11448
2282
8518
21198
2580
3477
8259
1299
25289
15657
19384
7789
25812
26871
23990
9842
6148
24043
658
7928
8806
26407
24819
15320
12545
25579
26665
18417
22724
29880
22720
23407
957
949
15189
18253
16012
11345
14761
23064
31254
17962
3572
25078
5502
5934
31868
4072
17489
28927
2917
8268
9472
15772
27851
27814
7060
16191
20238
19103
17565
1921
1901
23630
5227
27076
19159
13751
30337
27858
26877
31633
327
32706
15788
24397
4607
30236
19546
7251
25850
3901
14847
23183
32268
3324
6438
6700
30013
7565
15427
3231
31681
7334
583
32488
11563
28641
20850
14612
221
610
13416
30471
28611
9145
19848
24184
8769
19977
5241
5693
14953
5994
4613
25289
3698
21133
3627
27635
26469
8863
25711
4089
6170
1647
29301
26564
99
7890
21710
24685
20615
13383
26130
3585
8434
16343
13359
7041
12842
31551
24576
31789
26885
15441
6946
16898
23322
8088
14339
15746
32629
17979
59
19123
22415
11043
17696
28522
9341
21344
24212
11977
31847
24009
3106
13831
21564
13795
27722
18031
20900
28165
32280
172
31030
1209
24828
30019
3308
6500
18133
7777
11987
21546
19535
9943
7175
1292
11119
8803
5087
15955
31852
6961
16229
28210
30913
6305
11529
15271
29824
843
13462
10914
489
2625
22372
19305
29499
28051
28880
31035
11978
21017
19177
27699
2386
620
27500
8816
6795
16694
11507
25715
16381
4268
30825
26824
16918
4952
12993
23273
20346
27164
13031
18783
17050
13172
21495
16170
25992
4091
30638
3171
10250
20529
3358
544
31725
12155
28581
9624
19355
16491
12831
7816
16112
28226
10843
25813
16970
14259
20684
29042
991
1770
18561
30340
23380
19149
9047
25284
20363
13698
13934
13349
11964
17457
4825
23992
27847
29707
30362
17612
15304
18571
18893
6489
4844
1787
31779
3487
6020
19259
22162
12554
7256
22974
5451
29273
11070
21205
24045
3327
19691
11056
26104
26057
776
3489
23940
6850
10377
2596
29235
19028
11322
13853
32356
21935
22938
8672
14505
8815
9197
18294
30588
8056
10125
22175
23853
4389
21889
531
31
26787
32080
12813
25396
10903
10519
16394
21126
10503
32730
8142
30808
5239
8728
6569
15948
10322
13474
31224
20182
30348
3501
23022
19184
5766
14373
26005
2063
15154
16708
17167
27222
29815
1124
32546
12042
8151
26897
8948
15175
19535
18275
22290
17137
5502
26250
14263
23532
14858
18859
15948
20880
28992
16107
25643
19543
17402
25801
25256
8665
27846
6576
13394
24827
836
2508
15222
28259
30416
20254
12773
17711
7265
22475
17911
12262
21425
1722
2256
3502
1951
16989
4578
30656
3537
26063
31667
23322
10653
18464
7649
23155
13866
19949
10339
3188
15314
14643
1041
27173
29899
11108
7271
422
1287
3515
30342
16671
26968
21453
14715
28153
25048
19554
3012
7247
23432
29826
27152
15007
7479
211
23367
1478
15270
4386
9674
31019
6377
16959
27132
3898
29456
4622
17921
26132
17927
18907
26310
7300
1211
25326
10817
31542
28030
6495
14074
15907
32173
8492
11466
4688
18576
12681
21218
7096
13697
23159
26384
6022
26961
22680
29246
28296
24295
23362
17980
19425
29482
28882
2239
3070
26658
3395
28585
6091
9049
24319
4746
38
11144
26100
30055
28052
10607
235
12475
14386
28677
25877
23228
15343
20433
13287
5599
15609
14744
9000
26782
28789
29752
27465
17017
32115
27092
28660
21051
2593
20529
22247
4478
10558
12384
259
10609
15314
4510
6560
5337
6941
19320
12324
9046
7885
17203
4052
16872
21364
6250
18922
11441
30008
1273
9703
28157
717
29722
27690
20095
31904
5326
16066
6877
9301
27519
29825
25200
20596
9955
10833
4933
10335
15395
32459
5991
23688
3645
11270
22368
12000
9383
29613
17917
24467
13621
4437
22866
20978
1340
9997
5374
32176
26104
22582
2480
82
20523
1685
28138
25313
25351
26022
13317
26594
19022
22579
16758
30088
20408
19494
11087
28711
7061
2204
7177
6380
26803
8762
18048
17612
12162
2500
2623
32698
3190
26859
11518
28701
26029
16743
19817
3713
5074
582
29475
1420
4673
1924
24587
20020
31339
14299
1726
23600
20092
13532
19037
28332
22332
20799
27536
22849
6451
16760
18122
22820
9489
14987
18383
19102
18253
29472
13940
21180
23307
15066
16550
20807
17475
7141
26030
12022
21792
15054
9907
23523
8870
26776
8321
4668
3224
6924
29321
12603
31897
16208
5928
17496
8337
6843
4396
2749
9298
11752
4756
4858
11900
19977
151
16122
9373
26750
30952
17461
31389
9383
15417
31784
4442
22518
8702
6402
26767
72
31091
4769
10234
14453
31712
24508
17342
23333
13339
20322
16390
18406
32591
5795
22507
32380
2813
26253
2968
1144
29760
7770
22955
18701
27733
28135
10207
31518
1626
31848
7912
1435
4694
26459
32159
9742
10618
11706
10079
20849
20391
23413
29103
23363
20016
2335
29985
4827
11232
999
25978
19195
26175
12747
13586
32680
20497
1544
1918
3641
14624
6613
14189
13231
17211
15696
29648
17732
2175
5305
14398
22343
30421
5598
9366
17958
1212
31190
30694
21965
9033
30450
12939
23342
4459
22257
9114
9249
29812
15731
25983
4463
22997
12977
3556
5929
1577
18026
5333
5951
13686
24353
14113
19021
12463
2437
22531
10936
23677
23601
9729
5626
9534
17301
1813
6202
27727
18996
4107
5664
23174
12561
2858
18663
15363
27747
21014
16564
18729
22672
32501
24870
231
15193
14545
3118
30780
25938
7997
28449
17146
1942
6460
9739
22986
4536
2910
10567
8560
11261
14636
14668
30544
8648
21958
15562
26417
20565
1995
17654
28226
28074
25721
11297
28506
15307
9750
656
15492
31790
8590
15752
22971
14190
16221
23720
23794
11587
31663
31100
3928
178
12742
30030
13273
29825
13981
14655
5864
19438
1739
15511
19324
9121
2985
17754
14680
22238
15287
5916
24720
17663
6716
1045
30281
2850
23085
5240
16064
1567
10320
14337
18574
12477
24737
13773
27946
12837
13045
20079
15023
12438
31453
17472
10975
15451
20173
15862
19304
26362
2686
14201
15207
23215
22672
29938
8747
1560
32628
11300
827
12338
30089
22527
5018
2180
133
27250
29769
1946
25623
20610
30222
13237
25547
31897
19060
7617
7213
27424
17939
10887
30513
21839
6161
31780
16338
1604
6889
4026
6394
1619
8811
25445
23458
4254
27397
14449
8250
1765
3648
17866
30539
22431
8333
28339
5467
2633
23618
20923
30225
26110
32224
17389
15001
26184
13719
3144
18250
29238
21004
29551
25734
2478
2137
31649
26338
23813
32085
21738
8839
717
29719
24987
11737
16366
17845
24313
14166
5625
1617
1586
29376
3000
31575
14741
24958
25610
18176
4609
31296
14061
27931
24734
29666
8413
5388
30924
14227
31837
11541
22105
15926
22995
21204
29687
23816
10648
9485
26093
17795
19536
25258
3340
15491
32119
31488
30181
19624
19517
29524
14393
30715
5780
17822
27313
11476
14983
7308
32463
507
29133
4298
6437
32269
2974
19329
14789
28193
30917
12830
18680
4012
24055
32596
23603
4514
8291
28004
18246
12510
8330
21916
19927
29636
5969
26909
2319
18725
18772
26338
21907
3682
1150
29438
23990
16597
7127
29477
5101
24172
21916
5230
12675
14743
32661
24151
3469
17509
7587
30474
24609
5866
26265
31967
17859
13539
844
6433
5920
22173
17390
12309
26879
14610
16279
21048
18548
14677
4645
21193
1878
16177
11334
10119
11508
15117
27091
30140
24324
15123
25184
28794
22236
23442
10257
27685
14053
5792
26799
19249
21580
14083
9466
10285
18682
29266
29249
24833
25031
28247
31281
26484
15594
13752
11499
31473
11444
24534
22873
12170
12927
28662
8129
26173
9697
12191
29338
6774
23589
2114
6559
10454
25595
8225
27427
29491
10606
15977
12196
1504
5655
15009
25506
8750
400
31560
19377
21042
1580
18362
3790
27081
3557
29012
19183
6362
11158
6104
22494
29403
5227
3347
11334
3991
19861
7101
6414
10542
25154
13728
20199
23389
13772
19709
25121
26623
17968
23851
16579
9428
29379
26241
20186
30338
6944
24950
7441
31961
10853
27911
28034
21595
25247
15449
31436
4348
31874
1952
13670
22054
28510
1087
27443
12288
30030
10289
3414
4592
8115
15527
2119
7775
4064
1010
25126
7100
10263
30372
4944
15043
18613
23538
19761
4607
28073
16733
9049
29325
16426
5522
19153
31268
28842
27278
25519
1618
27909
8965
232
27912
18175
3845
25190
7769
24301
15319
5466
4991
9906
31526
28372
12063
4333
25954
5265
29390
113
23399
2067
11731
19446
19290
26615
2350
10766
15572
23428
5338
6490
26691
23680
14928
6397
23949
21319
14412
17745
32246
14622
3027
11481
19779
13508
27253
29047
24095
25930
12752
2527
23999
20261
28757
14156
706
8066
27471
882
25435
14809
17952
23219
30385
17349
11982
5781
17798
8979
13247
3188
3607
8728
9921
29812
24388
11848
12622
15546
28401
25861
32269
7388
12204
25269
7067
32149
27024
2071
31884
2238
23145
10711
14509
30073
8473
24160
29580
25776
30778
24049
3131
25022
1028
10483
31312
23403
14193
26762
31792
10526
5280
15722
31374
28750
19575
28908
17710
32314
397
15456
3311
27098
12871
6821
16136
4629
3649
22520
9618
19508
15087
21514
28999
22167
19332
10837
4233
25510
28690
13487
30630
20747
8179
7200
15962
24351
17257
27633
13973
31905
8321
23301
24703
31406
3901
16237
24505
15597
14577
24630
21990
14859
26350
6533
18027
24679
9310
1767
26482
13070
14191
10210
1077
13033
13748
13008
21625
26677
14280
2541
27992
8244
28724
1710
12100
13090
10642
3924
21833
26219
28659
10946
2450
16155
27007
1675
9007
22678
8795
9040
28950
5001
20432
6985
13927
12576
20137
14113
15348
11898
24796
17671
6912
29786
28269
26114
9543
12063
19856
17796
3647
25334
22030
28483
14750
4174
17385
14148
21276
31884
11587
26680
4986
29440
3964
11276
22211
4632
14235
25276
26578
30932
2543
23400
9492
26746
27894
9129
25231
11915
23421
24869
11555
27381
25097
26977
21264
1674
2934
3031
21945
28081
222
16969
10408
25436
24764
15188
25041
58
4433
29512
16155
12845
4679
20279
9500
20478
4501
28236
31524
5456
18338
9566
2174
6866
24237
22725
14066
7865
26988
10349
24206
12654
11507
8745
32423
6787
16856
28233
2074
2540
20629
10862
7383
26988
27949
26269
26785
25165
22035
30867
30479
27476
6727
6488
10967
29428
27330
279
14923
31170
6932
29997
21796
12585
5452
31872
22399
29279
17688
11794
11813
8599
15917
19926
20495
20857
8681
11202
28970
15055
2103
31013
21079
23681
28596
2107
21174
22467
30992
10750
9764
23693
29110
7744
21762
14923
29103
18935
26937
26839
4291
10200
27770
7588
30434
10023
7115
16700
19395
27853
29759
22764
18891
10923
32004
14525
30768
302
29347
4519
20574
7971
14212
12290
21146
5069
11697
32317
19941
1845
24027
8146
24355
19650
4002
14457
27516
1033
14097
13213
6659
15334
23400
8204
4245
19404
23327
29682
30724
22361
12583
19720
2933
12334
8051
265
14087
2557
25271
4710
2486
13539
21360
23866
32382
20985
6180
4224
24771
13862
19691
18308
20464
28471
17454
22423
9823
7985
17583
9735
18297
8677
26825
6734
6430
12486
762
138
11335
30968
11166
28717
22761
22441
23549
2806
20765
12452
14984
10272
28543
4899
31840
16345
17619
8421
24
10997
10479
27521
1468
2788
21205
15354
10258
28129
15391
30867
31519
877
21408
7397
29677
29948
17224
30766
32140
14062
19784
9708
24407
26048
1143
29867
22648
900
25588
12059
5295
10638
2573
31589
24143
625
6752
17599
12681
8234
2880
25407
5356
666
25179
30188
23341
25146
9369
8987
12836
4874
32071
13049
8984
5066
24692
14436
26684
7533
11419
15359
15225
18123
3971
7557
622
4246
12900
8029
31670
28047
29003
20591
20841
6905
8639
18487
13541
23886
11429
26903
26574
30002
32609
7410
22099
24741
6206
16374
9907
15484
12816
11705
25088
23058
21272
9352
6692
23867
17191
29436
12577
30329
11526
9165
9629
3443
28438
7147
2205
28578
24372
24267
145
22350
1503
27903
32145
24249
5277
28938
742
13210
7066
11890
10700
7884
17043
26391
16758
13384
2290
10946
12371
16209
20795
17665
31376
16110
15270
15667
4574
1693
5134
7391
21109
22342
22281
28746
20824
1134
4697
13640
24539
31149
9347
11346
26723
13410
8125
16345
2158
1445
21517
30170
3027
12413
17584
8115
11594
14419
3257
15413
16430
29607
30458
16378
10114
14082
19751
14328
15923
11308
8761
31319
5276
10654
7185
22912
10063
7738
94
3447
29459
25914
2240
18282
2601
5735
16942
9098
3796
9867
31637
27929
14104
27688
1985
26820
15809
23658
22145
6452
25767
5211
10502
12768
27697
598
25997
11301
9240
17342
20030
12952
31085
2799
8019
22171
9694
8565
22652
17454
25653
23165
13698
26632
20001
2440
6699
15335
18233
20839
30047
11556
6462
24419
24456
20874
9632
26300
30783
24168
20548
28757
18212
5605
1925
21165
9229
7828
3449
26129
27236
31048
26229
18704
31690
2346
4307
18736
22016
25096
27122
17375
16392
20720
25727
5036
21127
21246
29683
23991
24430
28274
20829
21350
31961
8709
32098
15450
14136
24190
9090
23714
11948
16000
17053
2862
9140
28838
16053
3206
14088
2002
16373
1468
24773
9665
754
7070
25291
13283
32306
4657
14947
7786
235
91
21798
17825
12044
27616
3354
6528
32385
24976
12317
4989
6579
23998
5767
676
19279
6387
3339
24042
22345
3300
5598
4287
25888
17826
17691
30178
24419
21265
15463
29817
27764
28315
2513
29537
25740
10533
28155
5827
26879
13634
19839
31720
194
8615
20876
26446
24106
6112
31696
6395
12790
29505
12699
15121
12176
17438
577
7843
9872
4927
11456
15047
21890
31118
10402
8684
23017
24595
13861
24942
24964
31778
14746
32616
207
23507
26123
2762
21197
5811
31520
29099
17925
30393
6723
4576
15050
11644
30467
14285
22208
27042
26294
32635
12700
24732
4963
19435
16171
8337
21983
18602
6806
16023
31541
10662
5860
13609
31051
7488
14528
1750
22211
9378
32125
31030
18976
18003
4951
31778
21546
20232
26364
4388
22931
5310
10827
18221
32730
28677
14427
7814
20848
24479
31423
26889
27930
2633
13320
31377
17558
4825
21388
15791
11905
29321
13926
159
20344
19859
31166
3706
7806
30206
16971
26796
2205
4279
7445
13481
30672
4323
23936
12764
16673
32116
7302
19424
15887
13562
15684
7411
5426
9148
6840
29864
30242
8200
17097
14044
19604
24775
25223
9962
11974
16980
18357
29475
2846
19855
7045
5240
22798
13613
15010
22138
20794
15698
20083
7045
28893
16737
2975
12599
19560
19475
14796
18727
30061
30150
26797
27092
30652
32024
30267
27612
12748
19893
19010
22383
3164
26989
27424
13826
21849
26506
20425
11336
16899
32352
4879
28766
23628
19237
27681
28742
24448
19459
4177
15510
18475
16492
25114
2929
6968
25518
4449
26551
10326
13767
4347
24697
19360
18042
1392
19632
29308
13986
4350
30510
26563
25543
8417
18132
11043
29167
8146
14086
22466
10166
12750
13404
24100
20641
23832
12698
5455
6576
17537
2275
26413
7218
22247
32041
7217
2781
6140
28648
2621
13598
26184
7956
10948
21678
25202
32592
23596
22886
23483
1632
21110
10068
26059
31201
31520
31502
31664
5687
22602
26694
21540
8648
5913
9887
19214
16488
25945
8383
1100
6931
19046
31142
11184
12258
1868
31806
30280
24120
16941
10547
18659
828
227
22276
10192
14989
14055
6235
21481
5937
27249
23706
14545
26830
13537
32438
4217
24860
8798
13896
24553
11674
13501
7905
12605
22912
3492
18846
12013
3061
1007
3325
1106
30339
10322
1775
10086
1992
32064
1327
28620
13934
26124
18385
7952
30813
4431
21022
15919
14894
25225
15775
29786
27363
7947
17272
15095
28630
25108
28664
4841
5360
7226
13421
7953
19739
8715
19261
18452
22266
3573
8754
19807
6615
31075
16150
26473
20189
20777
21120
24376
19079
18722
27885
16167
31320
13079
2578
230
27341
15587
26225
23746
27024
22997
21291
7719
6126
23382
31765
8547
395
31948
21517
24236
2900
26302
7055
9829
20150
27960
13699
29341
13581
3441
15961
29145
26464
28331
6488
12051
26187
27227
26675
31490
24124
24458
8414
31388
3043
21883
13727
32474
17635
12686
872
2491
30926
1124
31332
9355
15952
12868
13520
27493
16554
31421
28684
29175
8546
9101
7154
25989
8761
19138
29798
4144
11102
9247
22830
8569
481
9665
22533
24577
17002
26627
7402
10386
29739
15518
15550
24163
18451
16661
3598
12440
22597
28752
1070
22793
31688
30598
16519
14404
640
21089
20017
29397
27997
29277
15301
29637
30418
30066
1900
30816
32649
12274
4412
2363
13141
3508
1989
1142
31336
3698
742
7487
2758
24944
16614
29847
11769
25694
14783
12121
3846
2432
31933
11640
9377
26892
3144
18056
2973
468
11262
12160
26022
27940
21766
28094
4146
2542
17568
31563
18357
25380
22784
97
2836
21862
12380
17962
21341
14301
15940
18123
29621
3175
19250
32417
13714
31476
4706
25290
1322
7216
29155
8424
16939
22370
24815
3105
2220
22419
8312
23403
1635
23540
23043
7430
12313
26490
8377
841
27484
5067
2235
28322
116
2909
18615
22745
26776
28380
6585
1428
19553
10701
18755
7200
18046
31346
12703
3694
16042
12525
3188
29020
28891
27047
21400
10806
29884
18163
9253
5501
22878
28143
22479
2791
10538
19115
18548
25254
27163
24462
29173
24557
28202
9205
26181
9393
2057
13852
18367
4781
30739
25666
15805
15784
9604
20744
5990
21242
30693
14107
4295
6733
25803
4114
28198
29601
1473
8858
24978
30355
19075
15312
28351
5854
7021
6126
16657
29218
50
15914
10231
10980
7889
21467
11642
29910
9925
10974
31510
13913
31868
3896
200
25409
14603
6140
4712
29912
21024
32624
28473
8997
32312
18027
26559
17262
10514
9985
5584
28667
3171
6754
23278
23837
16587
30208
6356
32623
23304
25584
22607
26460
26986
14995
21071
30177
25990
30581
3902
20116
28207
24949
4240
10982
23970
5671
14492
29349
4097
1654
25770
15813
28163
9870
27981
9055
4073
21753
243
31226
3252
15623
3258
27914
18837
14452
10117
2998
23973
29765
13136
13534
24022
23795
10432
