8725
25022
24536
8312
5957
3206
21688
9583
5077
20914
15582
3395
9671
16590
31987
12294
29367
8086
24599
5993
23648
3174
131
21713
20066
9457
9069
32173
6467
1334
3116
16902
32435
12976
2717
20823
21268
18381
18629
416
22585
29602
7096
27830
13678
8669
23481
30685
12473
24315
1954
31128
3424
19643
14215
29120
13227
15058
8854
2004
1515
14304
15425
17296
1723
11939
11424
13249
13446
25450
10256
30551
15946
26061
27169
23740
30107
19100
22447
2916
8682
16917
3150
27558
6407
24154
22252
16586
16613
7714
27057
10595
24222
4014
16682
31199
22198
8191
1703
9564
17060
27206
29153
10429
32654
7068
28128
11261
6741
16115
1308
19908
15569
1356
22755
19768
94
24107
10234
1558
18839
29768
10375
29441
4449
25224
14638
10778
16172
13611
11643
2000
30837
2887
14720
31738
2447
27765
16575
11555
19364
9930
3146
26148
11255
18697
11304
505
14443
3350
2043
18893
21833
18094
25312
31063
62
10838
22167
23913
17571
145
2532
16582
17665
6486
9780
6965
32213
5057
20612
14035
9616
19977
10623
16301
19938
4530
6374
29070
10808
20484
26677
22550
8068
699
28804
21772
316
1280
24491
24821
8101
30872
22697
14822
2897
2908
29511
29846
12774
12521
24312
9143
14370
9368
11524
2439
13596
18353
1509
1954
13005
12251
19953
16666
6094
31191
32058
8905
24163
13422
11955
17894
15545
30632
10900
24791
8812
31807
28671
14918
12108
18259
483
21111
1889
15967
31521
14041
10285
14188
11757
13275
9008
22917
21111
22784
25010
24938
2251
822
21948
7817
12790
24932
15464
15401
25707
10050
21850
10985
32677
25197
13199
15977
8973
9659
2902
21319
3101
32459
8603
4429
8134
27105
16491
7656
8975
14321
21685
21212
26368
6906
6478
19767
27582
19606
29496
26755
16119
718
25380
31296
6528
10034
12341
24978
61
1066
12295
16182
27714
23687
20464
27066
15927
8541
17286
29166
257
14869
31841
19350
16287
4798
20258
28257
29265
25764
27059
799
18176
27940
32465
28974
18650
1726
19144
24629
11069
22636
21886
533
15318
3890
5555
14621
16394
22007
22919
28286
16788
32659
6205
11518
3696
5929
4414
21488
28664
19127
23649
30307
23886
25579
20329
15002
11513
17209
23760
19900
2515
4394
20419
16333
12066
6647
2413
23517
12293
1878
9080
20607
19986
27796
7121
15485
9021
22756
28076
29642
8955
25591
15305
4280
13992
26828
28661
9579
31014
25290
29651
8590
21960
8460
26332
16452
3694
17404
30117
4706
27889
14627
13920
30939
9153
10559
11942
9084
8652
3222
26228
26585
23970
22923
11379
1159
23511
367
28540
9355
29865
12185
20827
14099
7395
32441
22227
28516
13826
6249
22755
276
10645
29445
6984
27769
21482
8637
11331
28513
486
27368
29084
28163
1589
6299
1767
26678
10660
14203
20742
20193
31434
14287
27375
19891
16622
9434
20400
23828
5669
26215
26032
12379
27835
16549
20279
21569
980
1589
9264
4501
3923
12418
31022
26674
5883
21073
22446
13871
20692
6297
2972
24405
31441
19860
27160
2262
30639
4630
30073
15675
13088
16670
658
3231
4393
12714
17205
32027
27849
19152
23030
24449
27099
7691
23345
23629
7741
31699
24399
19672
22066
13936
2628
13519
30725
1807
11356
28644
19184
18710
24632
26563
9531
32693
18963
26184
17832
22973
23627
22511
23567
10166
17692
4748
1350
30764
27054
29756
15939
20041
4690
28315
4741
9897
11272
21047
2480
15977
17222
28229
6263
20609
7156
22675
6334
15700
2747
29118
3328
20614
29567
31141
13039
6414
4394
18461
10587
1932
27308
32231
11605
18140
6464
16863
12948
747
17392
24181
23320
4553
29787
21345
4620
13056
10422
12179
19953
22821
18193
18281
15865
12716
21979
6949
26289
24320
7593
414
29155
6356
6195
27446
13755
9907
20639
20747
14120
26847
6403
9330
11141
25432
14629
21153
15737
32571
31365
12459
6428
30285
13725
25522
859
7384
17511
6487
157
32182
32288
9334
20135
31915
8268
21009
13756
29432
18682
2697
29961
31276
26185
4884
20033
22846
16171
875
29829
18393
31081
17347
25222
31735
16615
9983
23533
13745
29738
29988
7675
15701
31255
31245
876
1978
9469
27744
8098
29904
18134
16576
5375
23675
23242
15684
10899
23970
26613
24872
25847
9091
362
29891
9848
5449
1912
21945
6776
9184
3628
21362
28690
10760
3350
12235
10237
4776
15440
6155
31155
14693
17085
10776
5074
14708
6543
23019
15298
7852
18700
19265
4248
11488
25233
29587
30010
12651
23511
6217
26052
4876
12149
32043
15403
5109
26278
22296
10273
31262
28749
22266
24120
4575
26934
24825
16969
16062
14751
17391
4375
3718
11255
1308
19760
665
24805
5148
29460
902
17548
31509
14489
13022
26894
24373
23438
3908
27214
25948
17311
7876
16123
20245
31608
4966
6858
25547
17710
7682
17922
31290
19930
25429
3646
13859
17543
18261
13422
20036
22606
706
31776
28295
25023
14078
16382
2682
15235
29726
12183
13311
3648
25921
6754
19013
5053
5920
27647
5366
5447
3303
15809
8114
10579
5956
8554
27069
29796
8637
2357
15860
28975
27206
28954
18182
1021
22291
11597
13280
23890
24235
520
105
28620
13886
26762
13936
32077
14904
9568
15074
32605
17686
5091
31553
28361
26744
19202
3921
11920
15480
32577
8981
7680
14651
17922
15609
5661
20165
7683
13393
22082
12050
24873
27650
9227
32354
892
9599
8817
24020
17266
32760
9271
1078
12144
30670
32134
22812
9358
31305
6356
17967
10907
24973
21258
13000
20833
27850
25317
23998
29481
2228
20380
2428
130
31795
15044
11862
14655
19803
369
10013
30399
29342
30879
3056
27505
9280
18640
12118
31638
25100
11510
29066
4937
326
6290
24086
7613
22240
2334
18339
455
20976
1705
22032
18332
6754
6081
15041
19419
2026
11413
32570
9166
1341
17755
8684
5869
13185
22512
30030
20899
25090
14526
30000
13653
11814
2787
1613
27041
24483
31632
21535
4835
21743
19630
16631
20990
5113
29384
7244
29017
21270
18981
4947
25383
3646
10036
4049
29932
31864
17966
31022
23612
31123
24054
3018
198
14359
23108
14996
10130
20347
258
20184
25479
31384
1782
14936
28464
6750
22434
20383
21440
20678
5224
21650
339
18439
3826
9032
15478
31245
17105
19739
1258
3111
4708
29695
22949
4864
19196
19987
32282
21200
13373
1910
9402
20435
11976
30300
8891
17147
9751
21857
4376
18146
22951
30749
32473
20738
16733
11768
6292
19240
4387
18239
26932
24870
8146
28792
6137
22216
13652
22515
18368
31242
1034
20898
31621
1416
20843
27946
9254
1846
4590
12858
15209
8017
31786
30492
4161
11158
22332
1418
10317
12977
2154
450
23202
9208
9222
18397
1994
16217
1428
13148
4876
14737
13103
1284
238
28831
4136
23276
24313
17529
8945
28372
22716
26621
29241
3768
7700
15914
15705
933
32426
6032
5103
23244
24252
25605
4296
17621
26913
11418
15364
32629
8839
27086
22644
32067
16896
2561
8263
16327
29373
15403
13542
6100
25368
21197
17948
16408
17624
21288
13434
1522
8881
1198
13050
29827
12043
5302
11234
13832
28677
8819
27883
8039
27832
18215
24227
6663
16320
28308
19216
24549
13049
5043
30614
15845
18566
13737
5658
20582
21784
6391
20840
28184
3948
10481
30930
13586
14614
3441
3866
28191
17534
18636
16531
14937
7208
29189
1154
16122
28472
24385
28106
17262
10037
21627
28361
30125
27405
2681
5245
18631
21337
8703
31979
8640
13283
22338
3265
18079
7781
2463
10298
17346
660
27533
29506
15220
3933
28369
23771
21442
14703
16625
31167
13962
2809
27626
29254
22484
8373
28453
1931
30309
30757
25768
29642
2706
29469
1674
10765
5971
13441
10409
14600
4504
14928
31391
21825
20960
22753
9713
20084
17415
31597
7306
29749
18783
19918
11112
11735
259
13190
9622
18829
27240
12291
15194
18127
5685
9250
20911
8191
22869
1265
28149
22349
13898
28601
2536
19160
28868
16188
25551
5141
32626
1595
7925
30325
20504
4923
18525
8514
4578
24969
5042
18634
31224
7036
25725
23232
13906
4602
30619
20959
718
19773
16621
27856
5247
6871
20817
19534
20296
15604
22737
15496
31146
7904
6427
11719
25307
13001
23601
8272
12056
23749
17250
1932
15931
3863
633
26726
24720
31662
23348
14069
19941
32494
27896
14171
4832
10163
11458
26093
26774
147
6497
10900
10840
32356
32739
23410
24016
14334
25677
21193
334
19266
25231
7193
5212
4956
7094
31881
3736
5188
868
23176
14531
16267
8573
18612
7189
30292
7204
14331
31699
27809
7654
5376
3364
20944
27700
21696
24865
25189
16919
13429
13611
18185
17183
12475
7553
25811
6813
30705
15889
711
6929
23522
1423
26780
29158
1700
7877
23235
17245
30401
3114
6052
17096
1685
8629
14891
6904
759
20723
9603
15096
5404
31576
24097
23292
951
16083
29701
19860
3941
28836
25148
28965
28233
14962
1962
21914
10995
3480
7430
27223
27271
24769
19494
18542
24091
27572
19581
27926
25440
21873
10466
30809
6277
2172
4754
17420
26456
8569
25977
26372
19375
11257
16813
30855
22790
8596
24124
10241
17257
24376
31015
31992
28565
1216
2222
21314
20058
29384
4558
26486
1859
23232
18441
1952
13945
5440
23141
15417
16869
12955
4535
32086
2453
31159
9249
18463
30561
18716
25050
10371
12750
3658
7981
2858
30258
18256
32709
27563
24089
17050
1831
13056
5096
4363
4736
23095
15040
24140
8097
9577
3493
9059
1352
2800
31200
26503
161
6869
14497
818
15372
31368
11241
6521
13089
18644
679
15257
6129
32273
26658
27346
7567
7324
17046
27768
19408
17796
17698
9287
16462
1414
22753
26871
179
28220
8536
1808
16948
20369
8208
26112
19035
9592
15235
874
19722
3550
11581
14530
27581
23260
6971
32535
14863
5426
24727
9519
27520
753
18791
11225
3701
1655
17890
15487
30848
27040
22724
28155
18402
26939
17652
19371
7758
5307
15972
21192
30960
22063
8761
23027
18862
13941
31277
5905
13742
12714
20273
14169
7448
12260
3926
15787
20509
30244
2797
6948
5432
9094
19693
13807
25779
3771
21142
21086
32110
6073
26196
4665
14044
16817
8678
32342
13390
10562
23487
20073
23924
10988
941
25374
16416
19911
12984
9829
16206
18037
29261
17933
13154
9813
32412
31893
24496
2809
2110
23615
24897
25051
14619
20581
31444
5195
139
18704
25124
12204
27323
17607
29289
24032
1875
11429
26657
16897
9045
13999
2576
3410
23112
16996
25478
24693
17047
25493
29664
19678
14644
3958
30545
2695
4224
8182
11491
13797
9839
8524
15800
10780
9703
7634
10646
19311
30570
23575
23715
22010
9461
17199
21100
1187
13608
22862
27180
9294
16806
4246
20556
26448
19647
22060
8486
3366
6733
6033
10510
12904
4059
12848
26003
23800
24589
307
11266
6271
1340
32155
6444
14106
20320
9360
11881
2640
2355
6133
16349
10312
30867
11584
6138
4408
15912
24201
29766
18721
22600
20960
16223
14778
19735
27364
11324
28841
16371
6802
5813
3577
30223
24922
19782
30409
3677
14200
10256
8257
28850
20353
4384
1739
14373
26428
25076
9599
7352
6836
14907
478
8250
28043
13277
8132
619
32401
6203
29080
16482
6549
31416
6342
9004
7036
23672
2671
8630
23696
15720
27743
6636
5402
15998
15935
9507
28722
14658
8971
2996
16598
28813
24263
7146
3386
16016
23662
26655
25695
25625
20524
12321
12775
23826
18892
31195
1064
24138
19316
7473
30847
24697
14480
18219
16870
23678
12556
14422
32201
7402
11462
16999
19222
18626
27459
18722
22420
2945
2977
19066
22389
32349
24780
12794
6958
14027
22005
31587
14214
7749
30528
26775
29677
30539
29373
20149
29456
13224
9626
16006
18858
32758
2455
3096
30621
10340
5817
31144
30529
15031
27971
2501
22268
2447
23522
15539
4371
29932
5672
15630
5567
7152
12091
16303
15236
23527
11471
6868
2494
16516
18001
22650
4477
18797
9317
18446
18578
10491
13459
21317
6890
24634
25917
6729
9755
23608
24021
6933
21309
30844
1869
26658
17147
2772
30926
12867
16361
23636
7340
10701
11033
13211
8602
31484
5865
21592
3098
27026
1054
6157
31800
20417
30007
1043
31608
1099
19451
223
26381
27624
9557
5763
19019
14824
10081
21111
15711
9241
30151
15002
7230
3563
16456
29044
10715
28370
8086
28606
29597
30700
13417
30500
2320
15588
15567
8777
23515
25622
5059
13836
23538
8692
20226
6154
9228
936
28442
3683
19032
19707
21956
11458
10603
28021
30323
4759
13693
20677
29997
24231
12758
3684
10138
31687
23171
15478
11355
10980
22093
27121
3228
28231
1260
1024
7149
14871
32119
10922
2637
3616
20767
14511
23688
23762
26141
690
16068
25485
32489
4509
25942
22556
16813
23618
28634
3967
21497
17470
642
493
24248
23075
2478
20505
3683
11478
23485
11701
25460
10293
11555
21812
26398
18173
2748
26837
6203
7147
20065
25821
9350
30242
16824
1827
16906
9421
25424
20434
15578
7685
493
32619
3331
3317
8736
13833
2239
2876
25115
6121
1771
2450
20420
6953
1467
11183
25864
25296
10669
7017
7794
19215
10427
5916
24572
2759
30165
16206
7205
3658
16526
26515
28995
28518
7446
28335
12571
11936
26728
25083
1711
4541
15556
28682
11863
19335
2656
28299
29715
20685
10331
30577
27680
32428
29170
24914
6601
30221
17398
5901
30848
20591
28285
4784
6957
4583
28377
32665
21958
31844
1478
18395
9504
10296
32231
4323
18693
1492
13940
27483
17542
11475
17965
14926
14482
7227
19090
5517
19656
20479
14165
11090
6794
20424
14864
25892
20051
6900
1588
21498
29514
5599
7489
10147
7447
23650
26429
13669
25589
7578
12127
20965
26376
25835
22795
582
18674
29764
24835
18581
23201
5028
32475
3941
26730
31197
31405
30902
23900
12952
2831
5148
12494
9625
20290
16413
21051
9028
14764
15066
1872
6752
32392
9714
28738
23324
23261
419
9829
2895
18348
25394
10491
12292
28014
27277
3145
28726
27582
15152
7921
29912
18770
31813
31099
2585
8239
9231
11317
26085
23069
4744
32573
14255
4441
16201
30940
25966
27019
32427
7701
6629
29943
8748
8574
2088
31223
30740
29775
2140
11433
28248
28089
29118
12517
23742
31865
21991
30834
14914
5804
334
20857
16824
23525
25870
14649
18868
7549
19945
18173
21415
16682
3213
17227
5706
12755
29463
16223
1856
21155
19414
16600
10231
10333
11601
21936
6607
11503
20363
9329
15742
329
18053
19622
25011
29039
17925
11152
17657
32461
21142
22811
28382
25804
976
28944
9301
19362
15321
31884
31578
7534
30764
4017
20948
12676
8089
28571
11199
16901
29069
21654
15498
24500
31380
7310
8126
22532
12828
455
1249
16758
9596
10702
21146
8737
21557
8367
1302
25746
8567
5224
19369
3799
32487
25758
10681
28631
13471
23183
7896
14053
27254
7496
6704
10644
22146
13847
15652
27596
13532
14660
12596
3613
27811
26364
5409
22100
1604
22670
17746
30284
22264
3546
887
9479
1422
28421
16748
19965
19562
5746
4960
19124
7374
30446
3382
23185
1880
12843
3883
19694
3532
13168
17850
4461
16916
25230
24765
8843
22149
790
17876
32376
868
5065
16906
8742
26025
16976
32438
15007
15106
18222
15776
157
7963
15858
8293
29268
11805
19889
32541
24467
12405
13747
4666
31755
13270
4717
29619
27630
13697
28335
15203
32445
16836
29983
15020
3163
11456
21990
7007
10341
18544
13481
26080
8134
15335
12987
12933
29829
24537
27025
2624
19426
17501
26998
14974
674
17393
4223
8270
23463
18367
19906
11974
31939
8479
9411
13474
11726
7260
1327
9519
3574
12475
19149
26728
13143
29113
31153
30302
26828
9621
2739
16861
32260
9486
23583
13900
24024
26734
6830
19669
24283
26055
14005
31942
563
9341
14749
2871
5288
10756
3987
32238
26107
9195
6528
13695
2681
29466
6972
29367
23247
31832
23039
19259
9760
25104
32536
20845
19029
2900
4833
29583
9909
7202
9202
22059
7349
17126
28309
11698
4881
32577
6266
23395
12059
17929
21676
20846
14419
9873
964
602
23097
21802
9309
24484
14431
16105
10183
11177
2242
2731
32512
8901
10330
11095
29663
16317
24048
26467
8851
8026
16176
31130
10060
18263
27647
12060
21560
21630
5135
9894
945
21517
31408
5395
23221
19550
27881
13091
3990
14535
24007
14460
2290
31936
7413
2030
26854
4675
23437
28923
22655
30585
29486
10903
10097
8082
9039
27436
5132
27380
14546
16865
20331
27289
21468
5404
4591
29362
16357
27205
21484
16529
4619
23246
32417
14277
428
23152
10606
31367
12083
12983
14145
24917
19762
22464
26706
5596
24498
31298
13328
21787
1479
31435
32602
7366
359
8780
755
18408
29051
17368
30256
24269
29239
11177
20980
7711
6055
32612
16350
31055
30347
29597
2497
7222
12133
31390
7509
12285
12240
20580
30764
26426
7699
2027
4071
5467
8950
32172
2729
21832
1493
21347
23500
836
20210
22805
6355
3604
25615
1874
6816
25444
21309
28344
16104
31590
16367
16568
24035
18364
9810
21917
18504
2456
26849
21449
24952
21282
23604
23618
10745
14362
17688
24686
20007
29118
31973
1307
3366
31214
12300
14018
3099
24974
27376
21261
27036
26156
26871
2966
9573
2786
23008
26098
12364
14462
4439
31982
14455
10465
21702
26392
1484
8613
15215
26242
31401
16899
21688
17858
3285
26611
2245
1597
19127
28820
26444
17318
16582
22479
22693
28865
21313
31543
25889
20845
24608
1076
1693
21985
15690
15713
14423
15158
26376
22322
14592
5414
29370
24538
13074
9491
6601
29292
16227
8778
28892
24896
30203
22410
8015
24472
290
14784
10977
28291
26302
23573
11180
4354
31708
25898
31835
2922
13965
27042
14999
12809
20979
20450
11202
2828
30875
8468
23016
18336
26893
27506
31986
22616
18594
6593
1053
8399
6294
25627
21419
3726
350
15858
2777
5936
26684
25938
26128
25028
784
30566
4447
8050
24177
11838
32553
22370
2556
11215
5915
10713
24300
30268
20833
20133
5356
2388
4634
21180
6441
8539
22793
22816
23466
8973
6541
25349
1764
17632
20179
25398
21897
23946
8266
8373
31394
31683
10839
11425
20445
11084
16203
28509
15912
2864
13458
4335
5246
6474
4140
16550
16641
22279
10850
8192
8266
11117
6065
21706
22269
9820
28427
1673
27040
2324
16447
19225
1709
14328
20149
18068
14053
31122
25694
630
26600
9942
20715
16382
1283
12459
26941
18903
4681
7847
6941
2295
32229
27418
26926
24776
7086
24655
25375
5765
32508
23310
28197
18407
9914
5733
29097
13570
12221
25769
15422
24937
340
31159
13525
20633
10273
10879
11316
24981
21287
17860
25252
3533
10019
27165
5610
3908
23584
32064
11129
12786
22854
10367
19174
21608
17139
32403
31900
23474
12045
11929
8401
7809
29590
26714
21177
2954
17280
21967
3065
3881
3523
19941
7262
31818
21166
9341
18895
31881
25466
15287
11392
19352
16421
14960
7017
16865
1918
3081
15607
29293
11644
3434
4097
24581
27603
2887
253
3479
8393
30114
24436
28123
4166
27794
18355
30261
15147
2626
21700
22750
16613
3644
11932
10815
32578
19944
18582
30109
25731
3663
25632
1275
10162
11045
11188
24636
23350
12039
31243
18313
3492
16641
8589
11506
27864
2899
18443
29016
8005
32629
10928
26762
18313
7000
24117
26798
26180
5103
24405
26851
3627
2286
1921
29476
7768
9682
14804
28015
30436
21537
23625
32295
23480
25331
28972
4024
31136
18353
25806
14201
16802
23581
25469
982
3725
15762
19379
30126
18644
12685
4238
10490
31901
13165
8320
28848
5654
3959
9288
27111
14344
12061
10785
19003
24750
31360
4409
28019
20679
29491
18788
26209
26858
27714
15122
5898
28954
883
27519
5127
32410
16331
12585
22315
27650
31060
3207
1382
6035
28190
30968
19433
23496
10372
18938
6283
30253
6832
26780
12652
20596
4962
1334
28632
24518
28652
4439
8814
3671
12162
5631
23169
25405
19376
14862
10430
23682
31276
3325
3343
12152
15310
27084
7616
25420
23773
1595
10721
31198
19084
573
23275
6864
25028
2986
6566
29918
6948
27188
14921
18797
14407
1948
13283
22118
22085
18470
26363
4676
2428
18250
14195
28268
26256
19628
32179
5053
7344
3406
4867
19817
1307
3332
32055
5635
19427
13353
32146
31449
5617
28049
1765
18819
18506
24766
24311
15292
21649
7255
28457
5489
11980
17621
2138
26904
20587
7040
7689
30275
27782
29082
15545
22133
14694
23514
16282
27700
29511
14876
2405
18527
31836
26454
17544
31170
15892
9678
28291
31464
12188
7050
12946
12848
9637
29448
22412
14371
20327
29744
17675
22533
1253
10631
25549
32426
19059
26021
23898
2956
11638
15593
32487
14362
24172
18283
17275
2386
11308
16178
18768
32657
17518
20136
13948
30890
23949
9034
20688
30774
11660
6308
19713
18988
21080
3965
6405
13234
3916
17743
9664
9778
1018
16378
29664
10415
16425
8632
26630
27482
22810
31060
10790
14688
25616
25239
5168
15623
31246
2820
29680
18937
10467
28357
9267
8671
30052
25060
16683
26418
21241
14782
31764
12878
13403
10933
21016
31945
6555
11814
10864
22274
16231
1179
8141
7165
21385
10305
30966
5998
21168
17308
5298
21011
29555
121
19688
30791
17043
17188
5381
3797
21632
9692
22430
27146
12319
18564
22359
6926
22219
18587
5891
18292
3482
30062
3340
7951
19425
5260
9749
25607
29434
19067
23263
14637
13124
31657
23913
10892
17004
14757
8540
9280
18155
4239
17317
19340
7376
18638
5476
28198
22464
28928
19973
31701
9787
17463
10412
15934
31264
16482
28887
17147
6772
265
16959
11246
607
12862
32767
22997
12663
12240
18167
9502
20802
9409
24435
6396
21493
16122
29192
25786
28802
19262
959
30544
8146
19805
32118
31028
32591
26794
17026
6258
15526
11438
6809
23295
28363
6686
29424
27466
61
29707
15008
4885
3723
12633
24142
22659
25367
8818
9995
29042
26906
7995
121
266
17640
20808
27183
21398
28790
28236
6239
3219
281
30419
1974
31495
31376
19763
2180
2069
21317
14527
1309
29645
3536
10559
1919
21577
3005
20125
16949
2805
32143
22753
8315
9262
5124
29791
8610
21775
22171
22063
950
2951
17236
27870
351
17583
7095
2403
9989
7515
791
5205
823
20720
21016
9051
13902
6773
17263
739
9549
11244
24041
2071
21516
12258
16303
16140
10902
2373
11976
18749
10703
17782
4831
57
21338
29855
15431
12440
18617
23623
7228
307
26038
14371
21100
23189
23042
32047
13238
25260
1565
21246
11825
24772
8053
14158
11888
7607
24530
32736
27140
5213
17393
11911
13123
1610
7535
19326
14920
18617
31722
14846
24379
24003
12642
15120
31187
11733
30181
4769
14872
30048
28267
724
1646
15058
6911
4508
31439
24774
28703
19593
27992
10359
8038
32482
7175
14459
21352
3573
26563
31662
25310
28587
16540
27756
16131
28511
10069
8195
8509
13552
26655
9831
15360
16917
29352
4648
29423
23025
29524
15522
24133
1768
4554
6772
7540
12976
30899
13363
15628
1195
2750
5983
13277
31348
26856
21397
15200
28344
11770
22535
1875
583
851
17706
8356
7018
29415
1710
26512
28536
6792
18867
268
19108
9317
9018
13156
2585
10448
31449
30242
31817
23876
3508
14641
7041
13478
7592
10050
22209
21707
8393
26479
23756
1339
1295
8734
7547
31540
23628
19753
30038
9970
1121
828
14181
26158
8114
27262
2372
16357
29143
28275
17782
3418
29845
20769
22523
13406
14604
22385
18725
22223
26929
5337
27303
7007
32127
6712
23279
29590
31466
3073
21174
795
19733
25500
28885
3119
4292
24585
30810
1402
25236
27079
13531
15626
1514
28148
30986
11417
30761
29877
27530
25358
17448
30424
5633
10055
10723
14008
27247
14358
28272
8289
12990
19849
26677
29941
7834
16239
7001
17743
25474
29975
31352
32741
8991
603
8091
5619
3029
5597
4455
31702
26521
7313
26772
2229
3330
15996
27041
31079
26274
6331
26310
6801
1174
22726
32299
24079
27740
7414
2135
24470
6885
15941
19179
7319
27883
26454
17296
25446
24965
7349
7982
15771
27385
6751
12639
22969
16849
10885
35
14349
28209
22925
14293
7897
31591
11098
7005
6578
2500
13773
17576
2087
12970
17547
18773
32675
29415
27137
6065
1173
3905
8614
8166
24269
10066
26496
7535
3369
27287
26858
5327
7282
9155
12948
22915
25985
3673
32715
12341
30374
10873
3835
24882
11338
762
8050
20254
15570
6586
31846
26087
15303
28210
14650
30199
22580
21070
765
20398
23120
379
11060
13071
9309
11777
20441
26553
15056
30867
17571
4377
6066
1572
8584
4831
19782
10237
6785
6574
15340
18957
1165
7192
24389
7040
11256
26569
30360
9619
24541
3842
3189
17574
22250
19018
8600
14226
20835
8800
32527
14654
7273
30323
29600
22637
23165
12949
101
474
13632
19054
14521
28807
23676
19501
22872
30802
30312
8132
23233
24265
25896
18005
735
13887
1428
11751
14825
28448
19258
27998
9863
4993
23974
31914
21814
24827
6881
15678
28397
13498
9015
26308
17153
32209
21053
11279
10310
10704
18707
11345
31095
16281
28135
1166
12503
7279
1210
5456
26393
1872
17767
20637
14717
3717
4833
9254
23357
25463
14268
21441
22055
10436
19439
22553
16011
26258
10200
5540
24151
6436
2176
32726
7041
3499
18721
31893
7589
350
21989
7148
30448
14028
15345
30723
21564
30065
31394
20815
30844
10120
31254
15110
1883
2593
19183
27606
25376
9075
4947
1750
8661
29555
19767
28861
23976
4774
14814
1362
25745
13107
11932
16675
2869
14396
7904
13178
9995
22382
1906
19597
29629
30935
7928
23541
26577
18680
28607
21345
15496
12572
16056
8588
11526
10728
25537
14700
12468
7218
30502
6573
13539
17431
30824
26717
6578
19015
21053
30441
30257
1956
24535
16968
26566
9996
22377
17270
28880
6514
15848
9252
10891
4148
18447
11182
20020
29096
19621
30797
22893
31736
11266
22670
20962
2609
20688
22786
27693
12182
11791
23095
6647
7482
24155
17128
17248
1486
18546
8817
12193
29623
27889
22405
24816
17764
16734
3875
26533
17374
15467
12230
28826
1952
30585
1245
4823
8106
2396
15994
8303
11985
32350
6478
32421
29529
4486
17109
18771
27845
2842
19918
17805
5102
26722
19182
26497
22867
12463
22997
28577
23984
7068
17985
25349
6354
27796
1410
25354
25257
10132
10286
10304
4767
818
5141
9347
10536
15327
6775
4199
14234
11369
15989
26586
31296
20420
16326
6660
22697
4105
15787
28786
16454
1727
1573
29044
3381
4698
25957
16835
30039
25857
2436
18791
10664
28820
20084
8152
8656
21486
1591
868
17909
11623
4430
24528
27348
30365
23413
10306
21520
19829
4237
2143
12489
20060
7642
12464
18033
25555
21358
16970
15835
12074
14821
7598
18069
28299
28755
6382
1144
1083
9851
24849
31613
797
1858
2745
28115
25720
10083
5635
24622
19193
19555
27055
14433
30460
8136
2433
10799
20487
8838
3046
26206
10135
29882
4827
16398
6432
17818
19467
15433
11087
32684
15415
16347
5778
1335
23003
20324
21722
4344
15119
5547
24224
3861
23211
9269
14630
599
14510
8727
14847
18835
23009
23816
9169
22889
27319
28858
90
15921
2424
30827
23473
31283
31646
32439
17614
5142
21120
8112
14157
27036
17197
4400
21103
6796
13723
1390
354
8175
20225
7120
30914
25470
31617
21504
11615
27484
15114
14146
10305
28161
13693
11269
23529
25206
23054
10167
24282
24776
3566
13022
12120
26295
11815
29541
25712
21678
26823
12595
28728
14072
12608
2307
22360
12080
21519
16751
457
4601
28060
30285
2269
3312
18529
3647
9856
26847
26191
11910
10685
15412
14701
8471
5252
8625
20419
24817
18090
18276
30326
16557
23089
27098
6196
24407
5322
3984
23250
24444
4760
6314
16436
5252
3639
30439
20078
6722
27133
8661
808
2762
24191
6977
5703
18051
29271
6130
20426
637
7973
8343
29937
4356
18388
16125
4261
6261
25631
2949
6932
11344
1363
11990
17564
31887
6230
11215
26602
3894
2280
1471
26467
14380
10793
5849
31170
17225
2139
10978
10755
1200
2026
12845
3713
17247
30121
8393
31579
12804
27743
19961
13339
27154
13186
26596
24730
7445
31554
20366
18718
28739
6602
28935
7622
13907
11714
27619
19752
31634
18968
8169
11832
6195
3840
29200
364
15590
21561
23975
3357
11693
18578
9683
22833
7915
10926
15166
19959
26814
32516
10766
14930
1167
26409
9236
1306
2280
32338
31558
3519
6021
24341
8304
47
29101
13935
31270
8186
9923
2059
10237
20148
4376
1985
1531
20892
5379
11358
1099
6778
22068
24483
10037
6094
22341
28560
17230
20518
14226
9442
18924
19664
843
8922
14813
6065
18887
29760
2137
20597
28187
27048
5684
7401
26092
11508
1368
30884
23169
11802
627
10221
24604
19751
22253
20953
14219
25988
22301
1460
19962
7800
188
12194
28427
9455
23962
16518
23849
12922
32399
3363
17433
1430
8885
10370
14801
12081
24276
15763
16782
22890
22814
11286
1313
27545
27933
27836
14473
12175
19433
138
23495
23583
27806
28543
20206
10461
24845
6774
27770
20261
25266
25678
7650
7263
11239
30279
7793
31106
29014
9135
24657
3031
4020
12479
18409
21248
16813
192
12649
26680
29210
28529
29858
17116
32378
22957
23324
9771
32160
6473
15458
7242
24233
30780
13473
8842
29745
24322
10609
27374
16327
16962
4339
22248
4509
5038
12060
3940
20612
14890
15696
24071
32280
21809
12339
11193
19256
20341
4028
18529
20666
1222
5515
24559
16476
32565
1404
16544
8701
3961
29820
22141
28941
17554
29083
38
11842
1708
17763
8397
14732
22853
15208
4997
2124
2194
10785
25533
3009
17951
11510
28423
23490
30903
17562
21535
31155
17283
20891
21288
16306
2165
7480
824
20497
27112
25714
279
6409
3968
6502
31556
16556
12888
20185
16185
3356
13404
533
11248
7419
18163
14068
11686
1058
25826
6714
9951
8342
9069
7719
27306
15287
7870
17741
11302
19387
1419
4000
1861
26971
2036
15820
1744
19916
11690
24267
19372
27889
22358
23478
14683
32719
28473
30171
19397
4929
3343
27409
31289
28397
4410
13384
19375
26742
31516
4708
80
30452
32453
23884
29752
6817
7630
18749
8058
27860
18308
5733
22372
27700
17482
24237
13573
22821
28728
30166
17645
13959
2312
4039
25652
17056
4915
8485
28350
31830
6743
11813
8892
2210
20700
31646
23926
3137
21207
22115
5449
19885
4142
25807
13547
13131
8702
13985
15351
29158
3897
1802
18597
32604
17556
25861
28376
7575
17312
13799
95
4543
19766
17975
10868
23470
2841
23743
3209
421
31959
995
11333
17469
11248
32050
27337
20128
27450
4923
24375
14072
9604
15778
14965
25384
32634
19315
6190
9659
20681
1973
24858
10009
14467
3139
8832
28417
20676
14039
32505
8755
17814
29800
7286
18541
21266
22198
13188
11929
28360
10275
9167
14661
8289
29124
12773
15187
19843
10168
21053
9458
31989
28600
9592
7885
21764
13808
2534
25986
22821
1037
26188
31061
10971
20120
4581
30246
20955
11394
32166
10144
20335
11520
710
11700
280
16281
31358
17733
5751
25212
782
2341
7789
2840
5632
16193
28546
31975
21424
1560
28547
650
10252
30322
32367
15643
11417
3406
2197
32191
27575
29212
1014
23930
26917
27948
23792
1864
5063
8807
5662
26729
1191
25661
8058
15100
12091
13022
10436
7887
26342
15277
29480
13430
24000
27889
26139
28314
154
29134
27526
3476
21565
10869
22310
31034
14323
29847
23858
27897
12617
22559
23615
10789
9490
27680
32354
9356
8623
2060
30100
23889
7822
5416
22362
24568
21745
5180
23461
5565
5617
11151
758
25386
16834
20754
26567
17384
17464
25820
16167
22742
14986
20438
19620
7256
9815
31416
19821
12530
20966
12596
7864
32277
18866
17776
9058
3896
3878
1978
11477
26923
26789
26232
27439
18856
29389
19037
10401
1324
22269
739
21524
30468
19220
22261
7955
14251
15996
3563
13029
3411
22632
1212
16633
19138
11097
9071
29320
4191
16871
18131
31605
9101
26814
29296
21624
20535
23015
24253
24699
2220
11593
14228
324
14254
12911
7906
24405
30917
6027
18339
26896
10970
443
15630
19743
4352
31372
10764
29715
30101
22205
13551
15691
906
31301
17249
792
18943
7574
15002
10782
7699
30756
4055
16382
20218
29729
15623
27954
24656
20363
28103
15928
16044
20073
30864
2034
8825
25170
30767
27469
5377
27438
6518
15393
19403
30017
28978
20312
20007
6245
28253
29779
6407
23702
15508
7561
13584
18356
10955
31857
29425
30853
27199
5283
16884
29434
14764
2618
21714
435
20672
12156
2252
20676
8144
5565
17143
9658
14283
9600
14296
22745
28268
480
20784
29608
4787
15150
9753
6320
17813
5340
14674
6272
19187
25241
29144
22516
26313
16574
438
27575
6824
11241
12061
3335
22374
15335
13239
19384
30484
1496
9785
8572
4912
27021
8760
19041
2844
20021
8765
1691
20175
4665
16411
10628
16843
12900
20352
6625
19022
27719
1739
10087
24781
24540
10781
22910
13214
29801
27827
6980
13045
1191
31859
26837
6417
5668
27588
25034
17079
8166
28067
25855
27616
9297
6132
6554
9391
8779
8213
2376
4773
8605
17849
12234
21016
24220
24564
9137
3041
22794
16530
15461
4950
18999
25005
22892
8312
18027
4479
12009
31341
3464
4212
15203
9776
20204
21891
19144
28039
25749
27839
10930
21045
18824
9257
29672
16753
20339
31433
3368
7064
22417
1533
19236
25631
4814
16656
20938
11723
3372
31502
6856
5924
2149
22231
17744
27431
27090
4467
4888
14907
16267
677
13990
32614
8400
3011
22218
9665
28071
26820
27500
553
12743
6043
22407
5432
11957
18884
25718
10611
20781
5148
623
8645
5571
20725
29261
3117
8394
26730
15506
19635
3445
29424
6572
29856
14396
27182
12151
6638
2177
23567
18436
17150
32116
21525
26009
14985
564
28400
22520
24537
19767
19535
14052
18233
20203
21238
26082
16042
29597
31504
1341
2775
15515
4807
29772
28747
29845
12563
18679
23778
841
19151
24696
17789
9312
7698
27999
3066
1426
26556
9945
356
4113
5967
32049
22630
24869
29953
30615
7174
13843
28175
7969
32400
20292
31571
6927
5327
3747
22041
25171
20867
21831
28463
9809
21776
25682
23611
23267
25972
17689
12113
32672
8827
31877
27845
3678
18998
3513
4926
13045
8617
4084
27148
12358
21956
23481
2492
5756
26773
4910
21225
11922
32443
2499
18261
16150
8478
20243
31032
3628
18141
24847
1239
17621
15240
18777
18521
6001
13712
10734
19926
22403
12539
32008
7090
21173
25180
3139
24361
8988
22019
25342
9514
21692
3953
16388
5481
1103
15631
19052
25520
23362
21535
3517
27509
3329
10482
342
10674
14708
22363
7949
2289
22729
3941
19735
13222
5237
6721
7976
24770
12661
11138
13018
20101
28634
21133
11091
24468
900
8266
4130
3659
2606
21792
4971
10836
8875
11041
836
5241
2414
4225
27230
27830
24144
26189
9192
26259
30606
5977
26288
14257
26129
7035
2956
21666
3827
15094
4856
28669
32318
9785
11776
28594
22263
13770
20065
19612
1115
26237
491
4181
4200
26089
7465
25934
17311
17180
31044
27935
29193
6030
18725
20763
6520
15444
18906
16680
13583
24470
21051
21710
27140
3651
1485
653
29093
1539
12006
8564
25753
25454
1042
10479
19305
123
23734
8929
6207
5947
6387
1010
28141
31943
16589
24107
22576
2167
7821
8640
22838
31572
22627
24620
28767
31696
19792
17795
32321
31157
14659
15364
10734
3676
25731
28142
11129
11551
25164
6550
8118
14352
8893
27573
18754
19692
23538
21510
25283
24138
3693
2065
26225
27928
10426
10305
28374
30280
3666
15165
5329
26823
1473
29557
28385
14255
20996
29435
5536
23741
31541
405
20878
24325
2666
26896
22032
12772
15578
27607
11705
55
29249
2500
15303
14282
23174
1845
30449
26900
9883
27235
16736
20257
16550
25327
507
5071
20318
20414
25319
9277
2231
22279
22862
10625
6081
17578
23136
31129
6605
8900
24984
5284
30419
16512
11329
595
6416
6960
20024
9114
18419
23964
1011
19627
10810
27033
26050
15140
13145
8158
24661
15495
27
23060
5759
6380
26251
19244
4153
5618
15637
14837
23274
9723
7401
18926
32486
6041
9120
18009
28212
22851
30754
9104
20628
9549
5831
10908
20672
10775
10428
772
20211
644
27305
3811
7336
4781
26256
19773
9636
7383
1273
13971
10806
8867
14668
18357
28350
26245
19838
11992
1132
8567
4335
20200
3914
16623
28307
3360
11645
16654
11857
7383
25544
30490
26024
15773
13137
24622
23448
8070
15528
18480
25536
25030
5125
23812
29892
24446
10961
511
32241
16086
29288
30623
16420
30284
7198
11129
11751
15436
6784
17522
5854
5376
18396
16178
8802
29289
22019
11990
23915
6831
27469
30181
24499
18613
4318
2950
19480
15089
22056
8432
12354
9339
19889
15137
1927
13411
18198
5331
25867
10056
27217
23724
2348
5926
6199
9141
26141
32112
13380
4109
22480
7007
15259
10207
4890
15497
19785
18577
4114
1973
1994
7742
29626
20974
24526
12135
15585
10198
21565
20709
14407
317
9080
5666
3
21234
26082
4489
2594
29401
12703
31035
2705
574
11163
1028
11325
21097
10702
4749
25976
30579
19135
30931
27551
32088
9799
31703
2553
29516
31640
22424
24547
16723
125
24894
18986
31756
13796
6552
31673
10957
26009
17352
2420
13301
11604
21565
28003
25470
15094
19426
17683
16338
7696
21397
20281
8416
21157
11227
27801
15726
26929
17618
10278
8881
28649
4711
2667
18971
325
28872
15401
16756
7100
11549
15426
6444
9934
1651
11477
3312
18760
15096
31659
6779
29892
30062
27090
31407
19055
11994
13959
12516
15631
22652
29018
9344
5188
25092
14220
30919
13581
28675
24764
5877
21391
22176
24258
7818
29202
11404
21724
12262
20813
2616
10760
17685
13795
18757
6832
3308
10029
22588
3468
31829
2874
30335
12229
2535
17428
27775
7254
18362
12869
5168
4792
20345
16538
17850
190
13496
23847
31858
25534
29064
907
18440
17649
329
15478
24065
21788
7616
13928
24424
27504
21098
23483
9921
27567
23055
2531
12863
22417
31385
19957
32311
3942
21287
19046
25555
1532
20574
10773
20491
27587
15103
17548
26321
5423
5311
22403
26252
8286
14163
31142
24520
7675
27082
10905
5420
16738
24607
9272
6060
23557
22799
20771
29440
10254
20008
3194
32340
9798
27171
3813
9537
4917
14707
11480
15612
14219
18718
18965
14797
6078
10188
9842
22723
18165
32029
26588
4519
24869
11072
1436
25902
28793
11970
30937
23410
16888
12451
22110
18083
28002
32431
13726
7674
5210
24075
2293
1263
7370
27663
19249
21164
27268
339
9809
11713
23589
19213
30605
4121
3903
3738
21654
18221
12215
19290
30238
17527
22123
11969
11163
21034
15128
3755
15432
32
15740
24048
22893
23828
2487
20281
1505
20497
23543
6674
5837
9770
10068
5696
12722
10348
9209
8532
27566
19985
2181
640
28155
24310
29361
16554
17336
6736
17202
7871
13548
13722
28897
12874
21192
18386
5913
18501
6444
29924
17248
3118
18797
28007
17994
9566
25174
5767
2971
16023
22892
28226
15788
11228
31094
32728
14352
8837
2621
31868
3446
14226
9617
19536
9425
6208
23948
11152
12727
12506
6171
10253
3079
13778
17337
4830
10959
17168
18814
14930
18029
1418
24665
41
26100
8981
9626
8195
23505
21626
7859
14872
30126
26061
2111
30250
25494
4346
5699
21176
6746
26273
2484
29813
13620
14628
16186
2552
6827
15870
6964
6069
26806
22870
30460
16428
27684
18387
29548
23648
10043
6835
21665
30859
11168
14871
19198
2320
19319
24993
19828
27569
26058
19265
26881
2306
21039
31820
10615
10781
12197
26831
32639
22168
6848
24866
18397
20148
3846
32192
22518
30167
30616
32085
13199
16701
13077
18713
20439
32490
3771
4957
1960
2275
31951
17507
9482
14493
2623
10611
9209
11958
22407
6699
4712
17123
6353
2071
12677
12330
24928
11394
15423
20817
15918
18571
30469
406
25556
11131
27857
30112
29611
29525
32102
8374
7217
15279
8406
31279
6318
11969
1094
14121
21527
11452
25589
19582
13106
32093
18043
19700
18939
16321
32079
30644
71
3195
3724
2814
27047
32228
27637
12058
21647
4786
6966
3474
21687
7884
13165
26782
19650
15965
21480
18144
15134
32551
30768
1873
20011
13339
19783
29052
927
10022
27695
5610
22313
7501
7595
4829
17492
24828
2890
4417
8111
18075
416
3551
2859
24419
10199
17108
2500
20080
20583
17729
30307
29719
18209
11077
25091
25465
16498
20008
7443
22104
19942
31961
28700
4906
31723
12955
18340
31084
31960
9723
22354
10297
1325
17413
30803
29467
15644
27575
18171
6433
27465
32182
17328
29234
15567
5184
31492
1696
20099
30562
31009
17664
23420
8555
3178
19002
13523
26528
7007
28636
26279
6961
4545
5300
11876
13932
10487
21405
9797
27185
4017
7321
18968
8102
13515
25632
14658
16939
14708
23736
23042
26001
20111
28358
16890
7302
345
25252
2027
4948
15181
28915
25280
17100
31045
11571
14798
20348
32225
32401
2650
26921
812
6911
18011
15993
12157
14474
4226
22767
20892
26856
31096
29980
10278
21329
8807
11028
14387
16529
26811
31520
30517
11610
32554
4786
19492
22238
6129
23966
11224
30109
1121
14214
21686
6780
28059
20886
28046
25112
2712
8306
3012
29273
30572
26221
25774
30282
4555
11772
11838
3112
32460
18538
29409
22969
15853
9421
23718
15070
27991
4920
15267
15980
9060
18482
19349
25912
351
13415
31942
22385
25483
1182
17460
1075
21094
24043
14063
24408
6446
10790
29891
12690
9637
2203
9751
11959
5394
14083
4373
18011
4744
1716
2571
25252
27242
12820
17169
2394
30511
9811
16109
4926
19299
5466
27443
28061
15598
25598
9649
6692
13721
18554
12553
24822
27854
11548
23712
26876
28319
11070
25527
10876
5131
12920
18392
28654
20604
12308
10868
22795
30867
19138
27082
5158
26152
1677
1290
16831
7565
25870
3003
13910
22547
21984
7258
3709
6096
2900
13892
18737
10399
1893
25302
23658
12903
29934
31186
30705
16545
8474
1284
27250
25364
10524
1830
23762
19427
12321
10754
22466
3786
12675
6102
18325
26021
17216
1020
29262
7730
23722
9930
5118
5399
30048
12472
5453
25127
4220
30912
4182
6625
2062
27147
6072
18489
11466
29897
29673
2204
3581
1633
19150
24366
32198
19658
25993
14166
9602
18744
2195
11132
16008
30204
4618
31249
17175
933
21068
19408
11148
29036
21188
12100
3032
1231
32516
28043
9522
25723
25620
7257
16393
23151
31242
4416
25149
351
11227
6702
13710
24918
4465
7991
12885
16288
4094
4500
25202
9703
21647
19436
20613
25756
23780
18387
30561
5273
639
19601
17853
23556
15355
31524
2605
31350
2207
23432
23377
24668
14899
20277
20556
21918
4370
3306
7544
29567
24193
2473
26969
30149
8511
29442
28111
10009
20574
7829
14735
27824
18512
4819
9683
13611
3653
3332
21585
20156
23989
10382
18794
26763
13368
2932
30373
17240
20382
15389
18779
21857
21052
1111
4532
25990
388
1435
21970
25003
21209
25235
25931
29790
15009
8665
16605
7609
29083
11778
10845
21386
9330
5851
28913
27826
16787
30706
19839
23499
22844
10328
25445
32014
17366
6054
14699
31603
645
31806
16117
4377
3581
14035
12670
9961
1943
3884
30273
6007
164
11812
15417
6440
19457
30966
31308
5018
3564
12727
7620
25664
32277
292
31998
22093
4088
19870
25190
20948
30059
883
17315
1581
12147
12895
30990
5018
8540
9299
2409
30762
23049
20852
24014
17374
1928
21863
29157
22539
18665
18892
21594
13823
21073
10760
2958
8423
5962
9288
12941
5873
28509
31683
25153
26029
26851
24639
15077
23993
15896
24278
8635
27037
8305
20474
1794
3060
20016
26295
18467
2253
9781
17720
555
15952
11799
14989
26749
28837
15987
3499
29641
3345
18820
31156
32056
10338
28660
16249
6633
15502
22514
28734
19105
27031
31365
21949
21438
15793
23328
7021
20845
18599
23926
7427
23581
32379
11663
32313
20788
11597
28188
28623
5120
2685
8456
17872
23280
6932
32335
17175
23812
31584
11539
15889
29570
18911
4845
709
1003
14687
11649
5649
17965
3682
10837
15926
15130
3015
12515
29847
26393
4775
4844
9405
9499
31102
22288
23711
9681
24203
20892
21024
28445
31097
16291
25050
28614
12350
6224
27418
31599
29508
2170
11563
17098
9414
19577
2520
7177
3966
23608
20780
12181
12413
7564
31356
23811
22618
4292
28328
27716
26510
11138
18333
24347
10783
21961
10526
30420
5756
15702
5829
16948
29608
29492
27460
18348
10907
1931
21745
8145
18150
6073
31618
5137
27285
675
13076
5534
14681
14157
24691
8367
32487
20905
29333
24552
5275
31149
5479
9238
19041
14504
461
1056
22229
14550
3811
14651
4777
9010
26762
2908
839
3979
3872
25075
30904
15066
1166
19670
17093
30675
19080
6523
16732
3514
5648
18539
21557
31096
23612
30451
28084
17646
7226
4381
19730
26761
2705
24543
9144
27415
425
18321
10731
13273
23438
19108
26286
17113
6385
9362
12004
17277
31088
4369
8118
11613
26903
5004
6196
26450
26406
21203
30271
8399
18964
23826
6822
21877
1237
26624
30863
12001
20825
24920
13337
14537
25685
25485
5183
6983
3653
25274
19456
20340
28082
9687
24252
569
5808
24627
9186
6498
21420
32542
11720
3828
25444
32742
6106
5825
22583
25094
32759
16953
31903
2457
12056
5763
24828
9749
13619
18637
30355
28981
31839
5344
23510
23095
5944
25079
15846
29000
20101
10705
29526
10045
12824
22021
13362
13699
12534
1942
4927
16985
31928
31943
7301
5436
15409
2352
15627
28579
20817
21522
22498
24045
13897
20712
11364
5272
13808
9790
29118
11699
870
30406
19372
23190
29943
16553
31876
24016
26178
18203
30838
24929
1434
14898
15890
32042
4268
4344
6154
417
17506
18879
11322
23241
1032
1204
31717
8034
31662
11447
14658
8284
16845
8810
5687
3218
15405
7560
28772
31925
19461
14457
32355
31622
1381
23075
25166
24137
30161
29186
17794
374
15918
14971
24995
15793
995
30061
6881
10492
32056
22282
3961
30764
7425
4837
16510
5273
8577
16203
14297
14874
2697
727
20367
12593
15072
16449
32322
31106
18663
13431
19707
30858
17021
15087
23078
141
26657
11323
3550
17360
9046
2782
25451
2057
15436
29278
27657
11796
4796
31898
28395
25063
24084
4446
19072
1736
14548
21557
31477
13246
31544
9342
27131
21573
10519
25538
27594
16709
30475
30277
3430
26181
10962
12763
6177
18140
23284
12029
28257
30825
20902
12316
9635
25604
5871
4917
448
25781
26121
422
13679
5603
4618
21056
3084
26127
7620
20893
24728
16834
2793
25780
1536
27331
9331
14762
1186
20366
18498
31468
20749
30466
29703
14458
24584
21594
6498
31622
15319
5982
32071
14397
32441
19674
9894
4581
22197
25424
8267
9512
30358
26602
4611
19631
6197
4018
29952
5107
29686
24837
26494
19536
20885
4421
25511
30812
5667
27343
23988
374
29515
20269
3414
27554
7130
10636
26196
31636
8575
25968
1141
778
24526
15782
3744
18271
6283
30587
21826
13917
9510
24107
12272
23892
24962
4764
24142
22120
13306
844
28719
8239
22182
8328
30973
4988
17882
8416
4700
27509
30704
27095
29194
5100
16968
28895
5897
12780
3980
10372
20993
6801
19257
19943
11488
11293
9819
10862
30147
15689
6552
7610
28953
5849
18543
985
30469
11123
10690
19389
5
433
6546
20973
25810
1141
14347
21371
21895
11645
14784
3382
19460
15927
3383
23328
32149
31446
31144
27683
4047
7077
6914
24063
5307
26779
24367
21895
4663
13104
26777
26381
6296
8816
31213
25371
11412
1358
20255
23396
2144
7994
1966
29689
30741
8950
1577
21696
21848
20389
26866
20259
26170
25637
66
3077
9053
23710
25965
22010
10585
11867
5991
21431
22877
30169
16519
18119
27930
19230
2444
8832
476
12364
7646
3894
24314
20086
17686
11694
31601
29874
13759
11989
1740
3440
1374
5042
31047
32266
22961
10650
28467
9372
16181
5795
21404
26645
18666
2651
7722
3726
23898
26297
10309
19931
21720
30035
23932
19040
19718
31954
19240
30758
21914
19107
21324
4655
23137
1264
1728
7174
28292
22735
27279
8601
23818
22713
11421
10571
8862
7997
2957
3142
13458
2549
30177
10510
14629
8378
9315
9308
5377
32020
13252
11305
29192
17908
388
28937
9040
5030
20497
18874
2668
20481
30259
13565
25070
26337
7591
11684
4393
23255
21771
1261
27964
4638
30970
14094
2892
28625
14455
28177
2064
3420
14479
9954
26771
10289
6970
11431
30773
6076
28035
24143
18419
24472
16616
29294
13033
12803
29700
11592
3093
30351
28267
15659
22878
10523
21462
12547
16341
9474
29312
15656
1338
12434
28879
17018
19138
23744
32311
19376
25879
3353
2908
29933
30113
15356
19830
29076
10500
20231
4346
9310
16106
4047
8055
32170
16130
7380
15549
5140
32585
26292
32581
11080
24456
3486
1997
7449
24093
13066
23619
22733
27135
5031
27108
27835
5629
32149
29349
19993
4422
30421
27090
21263
2350
10238
1013
4879
22575
24369
32249
8553
9774
16206
24463
22042
24064
28520
15569
6373
7213
24183
15141
25254
31476
28493
23909
26850
24463
8396
23357
10146
11448
1621
2004
15746
32363
9347
2990
19973
21230
1562
30161
24107
17679
7482
26662
24390
15277
17625
25379
23561
12921
30320
29863
31714
32766
2035
20005
20618
15583
1543
1541
8666
12384
32368
2119
11232
26152
20168
31338
818
20806
19319
5772
4994
8305
21215
16850
27763
10132
8407
25098
20651
650
30299
13967
15145
21797
27009
14445
20185
19574
29103
17862
25702
17736
1036
7285
10832
15342
21556
26608
2878
26943
3376
26227
20117
12510
5797
26971
10057
17599
14923
13520
9460
8678
15777
678
15141
19058
17376
11397
21242
24795
3117
16712
6897
2168
24594
2468
2299
12100
17967
16394
17106
9441
19757
32718
24717
8925
756
12168
15730
10805
27678
27323
19211
23063
4011
11956
6780
9196
27382
20149
4115
150
25063
29523
29985
2806
32619
10525
23560
9138
6689
17022
2710
565
12631
4325
24209
22263
5684
14626
24723
25342
13622
10004
31000
10405
5088
25729
31702
6556
22188
22341
32077
26160
25415
10927
9886
20940
29437
26664
31648
12480
10610
789
18225
29506
916
23551
8650
25010
13005
32497
18007
28195
14461
8482
10565
16150
21927
8660
1500
22408
8939
4732
21967
48
25780
2595
26385
22018
28594
18444
1003
8695
12683
27031
24908
24080
12749
14181
18272
2969
7976
19901
10339
16043
15578
9263
6584
756
17514
14455
25397
32186
3993
24740
6338
28958
7830
2169
29218
1182
20081
24083
21776
30430
21458
12748
17806
7336
19947
3424
12410
20785
1451
17998
17506
15262
11572
3969
19609
3526
13200
20016
17034
8250
159
13827
2381
3971
11604
28791
1912
16042
3105
21379
4920
25342
5552
27516
25760
32017
3540
23606
576
25348
29887
23916
23546
16388
6261
22113
2065
11541
23169
23752
22147
18190
32230
6881
11929
26085
4440
24806
27324
22829
18860
26021
9866
19933
24718
31342
13097
16723
19314
13871
9691
9625
24269
23518
13523
6886
12676
23
22088
25192
21668
12807
21959
28224
13141
11144
21453
13007
12041
19597
25493
7472
19449
26049
15151
21253
466
5739
10706
8055
1195
16789
18547
12664
6715
24173
6294
3915
20297
10219
1381
25415
8547
28596
31487
1496
28883
6207
2066
26822
20175
31286
15788
18362
31728
14623
16718
16894
10982
19259
17731
16772
23401
14510
23343
21290
24946
21985
21739
21564
27820
32037
10128
6458
9253
2969
1234
29148
10826
9549
7824
11860
7442
1191
18600
2515
26233
22790
27920
7758
28976
30886
1571
17794
5523
27076
4920
2870
21211
1794
15225
5312
10389
17164
4851
8650
9299
20348
13801
2646
30625
11003
11886
24064
10810
23209
22579
2179
15484
21184
13981
8063
19994
21108
28954
15738
7441
14109
27062
3620
28893
2711
8681
28639
17900
20713
25011
20094
19795
22822
21739
6989
5312
5521
4821
1618
27311
16132
17394
23763
21217
18323
23068
12569
7946
24684
3794
12147
32715
5889
7120
17533
8671
19818
25058
30881
11161
4612
29179
9439
11918
6751
11393
25802
24975
25943
27372
27091
14042
18560
26511
5066
8848
27848
22453
29346
9578
32343
27632
5493
28584
5050
10926
19143
12363
4161
22797
13839
25732
1445
26097
24180
15212
22766
2899
6868
25077
11924
6620
32522
19233
25061
8882
11889
18546
2982
29586
14244
1697
23549
6431
23944
17043
19343
23417
29069
19080
26597
26898
9008
8086
16148
9149
26821
19286
11933
17416
25971
15837
6546
18124
28800
18413
18938
22786
8654
1389
375
13784
1958
19479
32038
11013
27061
29297
28871
14169
15700
766
15646
30616
12045
12213
26008
21896
25946
6578
2354
11593
24751
16684
25239
23781
7355
12711
5000
29224
22252
15978
16257
27314
7729
25396
14746
14922
4099
7467
18859
2933
26278
20501
19635
28231
15532
3018
13435
27002
10684
17897
10870
8637
7313
23499
23020
2894
5701
28853
9559
22987
10960
31826
19214
8774
27340
7520
15648
25495
6779
1193
12419
26870
23050
3125
10094
15049
8983
20158
31491
4538
16242
21348
10289
13
7456
8610
25561
17712
9126
20865
14895
32660
28292
27659
15716
12476
4351
12291
1922
18324
18211
3795
5015
9475
14345
30150
12821
20163
11606
14199
7289
17521
25604
10634
27691
10976
23141
19097
30885
16819
16228
1137
24792
22315
26383
24191
17355
11837
26706
13445
27782
2792
18437
17809
29998
22725
21802
12080
9585
8160
6767
10463
4133
15302
2299
5058
13355
2271
16486
12953
9370
31742
6153
7663
31769
22583
19833
18580
8077
30449
31822
10318
5109
22075
17193
22220
27537
24932
14837
16091
3658
10181
7532
10717
24910
30178
21469
16758
4603
1202
12077
22920
2046
13114
4125
5730
17084
32353
20170
17204
9713
11007
3194
27846
31126
22071
21141
5226
8457
24583
8946
3888
19816
25629
23892
25944
12093
13548
7733
17933
27489
3328
31426
25424
22298
27278
15910
18994
16263
18768
3083
2886
16446
11919
3166
18262
27955
15234
1107
29781
21468
14806
170
28309
6034
22158
30000
10810
11579
32525
30088
6383
31270
5233
27435
6103
23094
26915
27822
31174
20803
15532
6724
434
27581
10699
9091
24932
4754
15044
23147
4211
22098
6138
30628
3955
30098
1216
29703
27498
8846
7789
7008
5507
19474
4526
15474
25351
28058
14881
6716
18824
10936
24607
635
11104
14774
2265
11632
18522
24956
3238
19171
9902
3765
26523
24680
2099
17454
30813
23777
16336
27262
8499
1348
31539
17132
32607
7839
21702
397
11439
31065
16863
21165
16207
16826
12600
20336
31713
14765
28062
9657
28111
16325
6381
30539
23008
18303
21307
13359
16138
9927
25172
29781
22920
23741
28007
5246
23596
13752
8446
6744
21493
28811
20275
9195
27108
18696
24609
26165
30476
3011
9882
32529
7913
5913
27928
7774
25586
28016
20213
19036
27249
15551
12766
17241
23955
32594
29573
19086
10939
6599
8086
20548
1820
6749
16877
19771
29575
32110
10502
19275
12929
6969
11444
24908
25753
8933
19734
9780
16121
18115
15815
24447
4154
32212
12630
28372
1917
32395
30966
17125
29111
22227
19574
20375
24908
17748
20083
20835
29664
14322
8396
24571
10857
5015
7510
5169
1929
10547
1745
17685
26652
31745
17947
8286
18957
15627
1956
8716
30061
8176
19746
12107
15302
27877
18310
22681
16812
29690
3374
1835
1686
17823
92
6541
7916
21606
31207
13194
21601
25610
3120
17739
8323
27057
29272
3523
13712
16750
32688
7242
2444
23818
9073
5511
6032
20484
21678
16276
19301
23766
31366
6493
19282
26490
9374
329
5169
28973
10191
12061
7112
371
29467
1309
27991
8283
12518
31860
29806
17924
2146
12501
27137
25440
4940
20323
6078
26680
23510
27854
26014
27248
30436
1727
26043
21133
3706
13431
21089
12660
28789
19123
12903
9076
30074
30418
6080
25735
21549
5433
11341
31189
13475
18167
245
5242
6169
2725
21240
4489
26854
23696
15232
15185
18094
8731
32122
12255
25305
25694
26019
4292
323
7699
28902
24600
28981
8371
11493
11966
4757
21724
1750
32746
15193
23030
31888
1505
4417
18710
25573
7168
11206
7970
15411
8704
4686
4663
15926
7288
27297
22087
7712
16035
27552
5383
13292
16740
26677
7432
32239
11143
1670
3107
12720
28490
30574
31003
20217
284
16941
24702
26926
19364
30814
22732
6878
9477
26154
20955
22424
10593
4796
25466
4096
7836
9460
28501
23585
17762
96
6681
8197
15211
11880
24536
24195
21245
26568
18350
11865
947
21060
31397
1403
22654
18070
16854
20138
32489
12972
12241
32071
23457
27664
31039
4970
18484
1704
16582
20015
24089
927
23085
27728
29425
27811
18625
17145
10764
12113
31991
5335
16175
19693
5458
24435
28308
12887
9863
4798
7731
19514
20192
26348
11328
11143
6366
17542
1781
20002
28962
29371
29073
24539
13197
32760
6817
1951
5031
6328
26494
5359
25661
16540
6423
8594
591
8638
11760
31623
26409
26179
9579
27454
9679
20527
2119
10760
22430
893
23142
7371
15409
13936
22995
9978
4226
15396
12035
10692
24913
7528
29275
908
23754
13264
10995
9114
26466
31493
10906
1552
30722
3168
27418
11295
32615
30903
20669
25722
24265
29815
30223
30731
12730
2547
25830
3814
28498
17916
24736
24955
9865
4786
9644
2575
23012
13465
16972
2669
15956
7664
27800
23000
24923
3134
31175
3909
31344
9261
23210
31687
27557
32667
16761
18763
13703
25071
21714
29061
25157
1705
5119
8490
11285
15934
20600
23392
25300
19746
24744
29043
21740
16678
28660
8905
16251
12548
4090
31000
2482
6712
28438
13526
20347
20754
22571
24049
32606
14090
24480
19649
4005
11091
25000
16187
3774
27059
13767
20071
4834
19345
15250
22548
19700
8016
9398
12490
17068
2523
8251
12800
29684
9857
19210
30863
28562
22788
2477
26471
6920
1516
12119
17024
12728
9505
5668
30228
16204
25273
3233
24076
6485
16911
15503
8632
7218
30485
28388
30658
12084
27115
20755
26213
21504
6320
8077
21466
17716
19352
22920
31507
26701
20286
25087
6316
5832
10556
12794
25631
647
31482
15
10551
14711
1731
297
5575
3184
2846
9864
3995
23900
26715
32009
9903
6300
17516
4520
30623
23975
8438
32579
4703
6900
6056
2465
14636
8475
12492
27058
3010
28983
2075
12056
29392
19086
13270
23271
24489
15220
8722
6057
13372
14700
24660
12966
26438
1169
349
14946
14534
23092
5447
26214
2738
15047
26577
11331
12776
18169
30968
9685
21351
30755
25543
11461
8639
14307
10095
20305
3782
6918
1690
592
17805
17324
28925
13424
146
11942
11052
9923
4151
28707
10419
11898
9587
9100
19554
17392
13512
4780
744
746
1397
22548
27556
29
16620
190
951
6128
5766
28912
1886
6788
18294
4195
32127
30961
12028
421
8577
22483
6875
26812
8033
11014
2060
1292
22018
16045
6068
8827
5061
20857
20564
9682
346
9256
32575
14438
11990
8779
20050
22265
30469
2125
25055
18395
11521
10929
4842
15444
18435
17051
6552
8519
378
25490
15332
25359
6490
32388
21652
10413
13495
5642
18027
18981
2706
2030
12193
1573
21235
4075
29072
15080
11320
26547
24752
9818
27308
10295
12485
29053
1627
20514
29015
2827
6949
5030
11875
5469
12050
22908
2384
27531
13029
2342
24100
469
28916
3704
18680
9537
24118
13910
8106
24198
414
18623
13265
31785
26023
1035
28918
2022
18481
23920
11009
11089
31883
10955
12529
18365
13265
6557
30672
17757
8056
5972
29158
23977
8743
3789
26158
25859
712
7958
23558
22427
21984
12152
28458
11664
4379
1205
8163
14936
32044
15246
29564
7009
31187
19592
30966
31224
18495
31984
1533
9323
20375
24861
16410
17002
4052
21493
17961
10419
14033
1971
3598
4079
2981
5095
19108
13014
9264
9405
28150
6042
6388
12163
7090
2179
11046
20582
8154
32726
4357
13692
15805
2812
23659
15112
27430
26848
12194
7417
19411
26521
13432
25011
296
17737
2454
25106
8741
6213
6669
4780
28566
630
4914
29271
6281
13311
27820
16876
8965
287
14027
26954
19705
3929
8988
11677
31091
24019
31546
7392
32274
11517
31206
21152
25790
2418
14938
31235
30102
32291
12763
12554
7466
12722
26510
12563
747
29468
24204
24738
25568
31131
26168
12896
1434
23499
17617
30052
21865
523
28739
31410
2000
6182
18755
13313
19511
16947
3226
12226
26848
6329
28353
5725
21276
12311
5551
3262
6079
12067
25839
8208
10193
14610
20469
7880
23942
11928
9906
742
19824
2639
4198
20855
14324
23645
10422
4959
12027
10578
29438
19285
17385
12367
6120
3375
20947
23661
8510
6752
14317
25948
10236
10175
6209
25419
10410
12426
28327
23048
29160
31402
5105
32617
24907
12344
358
16618
25191
12865
26738
19607
25645
2246
29339
8493
14456
5127
15799
27004
4578
25346
26716
9999
5084
21302
17049
28687
10494
23980
30435
17509
5019
13624
16210
15903
27801
6653
31502
8469
1151
1583
14340
3532
23248
6173
1245
23450
8088
23918
7984
24075
29508
25514
20982
6532
22710
12797
6207
11046
3481
4152
22564
26613
15602
16153
18941
30522
16376
1484
24532
27686
24870
14513
16665
8887
21902
7520
11926
25568
24688
20459
25254
5348
21771
3427
16802
30211
27315
1949
28317
13400
5924
9781
6225
21250
25366
22740
4696
12162
27922
24239
3744
9572
3715
10064
2841
5410
22288
12441
18352
21061
21033
1542
22657
15565
19168
17714
10312
2515
507
19357
32537
32621
2631
29100
24914
10194
16175
30449
23245
16318
2444
941
2650
25624
26303
25491
364
17107
26110
24015
19474
21266
4075
20039
13609
22671
27755
25633
6865
13885
6837
10629
26397
21548
12201
14500
271
7341
20068
16889
18883
21688
12049
18382
31210
21386
2049
13059
29562
23954
3327
9483
23460
9870
30941
11063
4359
16114
21843
14135
21027
28809
29962
222
10256
20062
21491
13605
26991
31709
20957
5747
27042
28470
31559
29211
10296
13058
21618
3878
5291
27433
23227
31316
14926
8451
12328
21341
26753
6845
9537
32636
11047
16895
5409
25902
10074
24011
18380
5432
12381
9129
20163
1255
10449
25601
4054
15771
1068
21960
29242
9607
31848
17758
25051
17842
20472
10935
7411
12609
7168
27322
32732
29177
9925
18406
17187
7680
11875
17979
24541
31459
4030
1624
3646
20957
22970
23521
4711
22871
8367
8995
19328
22443
9751
6651
14599
25389
10378
16371
27239
25452
28653
431
3277
14261
27110
13192
2871
9945
27282
8054
29902
31792
25979
10803
7541
30174
12996
21405
11426
26709
13479
5725
3692
15132
28962
27334
31462
8910
29676
28927
1964
15461
3246
1637
30651
28088
15728
18987
15750
12099
27985
21827
25414
8999
13180
10626
19857
7537
20055
7167
3118
415
6910
16060
11560
6497
8431
3464
17953
18588
1543
25123
10217
17076
32429
29604
28751
9483
3661
25880
28215
6853
11272
10092
3053
28111
8105
12941
13241
10527
10971
22989
25268
12349
21146
16265
24025
28674
23784
11272
15711
3231
22209
19367
16967
