26234
17765
7264
18025
23761
14272
31089
30232
20323
22638
13942
18709
644
23559
28925
29899
27584
24687
5030
11367
22631
2382
20685
16615
23882
16577
12393
1907
29631
28752
13620
31217
26603
17951
23821
17876
31808
23144
154
15668
26180
18728
22065
24100
2196
5145
7161
25664
3625
24801
11596
6277
19163
26505
1888
21350
1315
9520
295
25883
3365
9985
14963
22589
17646
354
1630
17040
32250
18286
21737
6176
20473
5798
24547
13455
19666
2787
7949
3757
13801
11920
18299
19017
5790
15125
23101
7239
26646
15766
1599
13555
8765
29662
24942
9365
24075
30102
15644
28230
27911
32187
6566
15617
2570
26703
32084
28413
1862
14414
12928
27450
7558
14819
12539
30042
16567
5340
13996
29619
7592
25436
21370
23458
9486
8399
27757
14370
18379
1315
31247
32413
18544
8246
1561
9730
17920
18826
11339
13335
25591
14400
8860
13585
13194
22340
3219
20834
16945
10693
7669
30162
29027
21480
20640
16849
31648
7101
12727
12299
19125
30322
2559
11582
828
30150
25993
4424
26978
10689
16018
11909
749
19106
20391
27479
6781
16154
20749
6662
2065
21175
9567
715
25294
12451
14713
21543
32764
30350
7061
28025
25426
29673
3508
14288
1139
26965
5952
254
3512
23643
23023
3310
30768
21341
11754
20791
10469
3532
18735
3824
29537
3228
30259
16071
9585
32501
7628
845
41
26412
10319
5524
16936
3057
31221
24572
10014
2506
3716
15178
139
6336
30763
506
19401
23127
17837
28119
26956
17348
5058
29640
22825
30811
19898
4589
8405
10311
24931
17386
15919
18301
27181
4483
19393
12531
6028
27498
14915
2572
21150
19028
17249
31319
26382
17490
31167
2938
13112
3167
6713
17769
9101
4149
623
23260
32057
10342
28801
31231
15364
3751
28695
5483
1910
3695
6309
14677
831
9153
237
16645
32470
31813
3013
138
18527
3742
29210
13997
9938
15352
11829
23331
16218
12256
11325
7431
27131
29273
25597
9607
14712
24620
16360
29405
14964
32127
30042
24449
11735
22185
12833
10652
17011
25413
17212
3776
4584
8069
6370
20439
25796
20426
19399
12634
495
8817
1946
19396
3399
9199
32466
16453
14727
14624
19370
9658
20845
5084
25194
16861
23580
21964
30953
25273
24767
21883
1872
27746
3439
14768
17952
28386
17751
24316
19831
22646
23061
15247
14735
6139
29796
13647
30855
17315
28664
7724
9574
6124
11946
19117
5213
25299
9941
30415
29772
12100
12544
27920
10632
17622
22717
9159
17884
20405
13520
17590
16845
17631
2708
21218
23330
22164
16539
25251
15524
3335
25749
6135
21283
22362
18547
24347
29625
10441
31436
4957
14163
30246
7807
2092
12140
10117
26010
10353
22556
21048
13178
8226
27474
20222
10804
17427
31069
119
10036
11280
27314
24027
29476
13098
20201
5612
10512
21070
7432
24105
6343
2332
18692
16965
10372
18677
21125
2007
31181
5718
12522
31315
21916
21605
16525
13113
9149
28362
5448
12940
29047
21952
22072
23430
19310
108
1728
10634
28360
26989
24785
12634
5519
14772
9321
17034
25174
5526
90
15669
12064
16415
30797
28654
17277
2218
27654
4601
13814
13998
9194
11708
31915
26587
1726
3952
28987
5222
23729
3100
19428
11681
17309
13508
23020
2766
14474
18909
29503
6197
23156
773
29529
31860
19022
32497
14694
10263
19526
28583
29608
872
3659
22253
14874
11912
14284
26369
15443
1983
9923
23434
1708
27665
32243
24271
8869
26130
26733
20263
5765
16123
13913
30896
2113
9724
14067
5956
1951
25044
29652
13481
17307
16544
12659
14088
12042
14832
22763
13217
22653
30496
12031
22972
31080
13798
31835
2531
132
14631
2844
27982
7025
15375
7571
8607
928
7008
16966
19664
4720
10506
10552
11625
24727
24061
24171
31478
29892
24123
3490
10936
17795
817
13163
27803
4704
24647
24413
29800
22607
30134
27551
25404
25931
1433
19882
25913
20286
16200
25679
22395
21025
13537
26363
2637
22884
20263
23098
29597
14480
13200
11642
26030
22315
20633
26130
7693
21468
1117
31618
16582
25295
4454
18684
5079
27483
21955
14372
3813
10466
30810
2325
4910
21241
128
23460
24511
4297
3015
24040
5607
15285
5655
17402
25067
13630
2049
27897
7163
21539
32591
22865
30053
11468
1504
22077
1545
14568
10931
651
19981
8790
12609
4256
32722
13633
19216
27067
9766
15760
3973
5758
31419
21373
9722
4266
215
23427
22032
25130
14414
15742
29254
13651
31918
5902
20683
14954
25785
27964
18065
1638
13848
8544
22691
20216
16717
11586
6072
10185
14826
27263
23048
9475
24320
26926
18270
1810
2011
6596
27503
21420
26860
20021
17002
14
9479
22108
29648
4233
32463
15261
12166
20798
15982
24521
24873
3110
8073
833
11681
24661
23410
30303
28409
7807
9120
31249
8813
20155
8285
5063
31941
17287
18367
22672
6370
24076
8409
29567
29847
26532
18226
27476
12218
9370
17015
27480
16762
1073
1644
5001
6130
4583
12072
5111
22015
3066
19842
5998
9039
17196
22471
16725
17083
10179
4782
17110
25303
10197
1677
19264
23751
17090
21708
22441
21844
30210
410
9687
29759
26401
1504
20065
9684
28423
15731
18961
6851
27261
1422
26253
31276
29677
8063
28214
31225
27241
11168
1873
20848
27119
20617
3685
14856
6380
25220
28643
29308
28414
8002
17676
30751
22782
20940
14352
27247
24126
29371
29555
19692
11023
6316
8373
6955
9351
19695
14898
25382
27009
6271
13383
22998
25828
23863
16822
7684
21801
20290
14156
7516
27927
8916
21185
20419
29137
16919
26847
15594
31251
8041
16102
35
12985
30660
4912
15988
19585
6525
6417
17130
30481
818
27649
13616
3388
28414
15869
7776
22145
7662
17706
12313
468
30649
11452
466
15778
21163
3350
14446
4367
30691
12082
19472
23170
14270
8004
24624
5987
8851
21146
25071
22819
14753
25799
24743
2941
11333
12288
21703
28668
30065
17606
18654
29374
27993
1222
6389
15479
9071
25853
15394
9656
5266
6943
19546
28530
4482
14906
16519
25782
27032
662
3290
18878
11700
26849
7523
15409
8054
6280
24287
26787
8369
30056
18897
14683
14108
24742
9172
25178
30795
17627
27439
28313
29150
11637
8362
12945
25081
27994
25504
18432
21492
6350
5206
30443
30035
22166
28811
12255
14072
19549
24144
31613
3735
10840
22810
822
27755
6694
13590
5970
14631
5370
11452
22071
28720
25851
27815
22760
10761
21995
4516
2252
11022
22791
19721
689
19046
8239
9032
11024
17715
29767
30915
22418
21003
19165
24802
12756
2220
24332
25443
14183
29163
20896
11250
31516
21486
5242
22522
2942
3739
9527
22202
8863
7248
23308
3995
792
2773
19444
17089
9803
143
3342
22496
8171
8694
21056
3921
23231
27465
12577
18789
4770
21120
2838
22521
12239
17794
25275
3658
26459
22680
8324
779
17667
14625
2724
14517
552
14472
29741
8223
19992
884
26489
10574
27535
22846
20426
22158
18302
22440
26157
1473
27914
11980
26020
25592
31448
20818
19075
16192
32136
29926
8475
10943
21375
30441
10134
10495
32234
31079
18210
20617
767
19530
10322
7862
17798
30413
26304
27842
30105
30003
10232
15138
32424
32440
6545
18199
5824
26568
6813
7812
21260
29807
5188
9725
26012
12049
17835
17696
26725
5979
1819
11560
22921
15737
18527
28095
11481
7561
20077
19476
5784
20304
29769
4142
29570
24108
29479
15488
29197
23882
30160
25533
24815
3097
31558
4333
18144
7935
19627
30145
10145
74
2655
21283
6717
7529
5225
20498
5263
5212
21016
12973
4100
21865
7401
12173
27555
3345
21164
17240
12106
27202
21219
19091
5178
5326
27499
19384
30421
26652
30814
10121
5543
17950
15159
9123
16804
5762
11575
854
25520
17965
20744
8884
31589
23269
18337
18408
31504
28493
11369
7882
9468
11031
31903
4784
19956
2933
3577
31366
10499
4048
22667
19233
126
7869
6123
17360
68
14125
1939
18740
30021
16867
16006
25170
9793
5932
28215
3047
10706
3274
2214
22011
23981
8241
4556
32697
25381
4342
8249
1406
17649
32644
20732
21808
10798
25617
12995
7377
15016
29136
27715
26452
6229
14952
8666
31663
4642
9638
24179
12849
29682
4462
939
13334
6116
11768
1330
22873
7381
27193
29555
6345
26151
1182
6519
15967
18624
5120
12806
23503
2389
7381
30736
10077
4072
1699
5708
15602
29839
1467
14879
30063
18808
19747
19903
18497
17962
7380
7576
27446
14349
37
27887
9358
23597
20616
15813
854
1595
20596
20478
29169
14549
29346
7106
22264
4870
8572
19236
14404
14097
6867
30465
5192
3690
13264
11051
26020
3846
6445
30151
1272
26068
24484
1524
23798
10892
30888
7598
9404
167
24404
23281
5216
18862
4513
7201
18380
19640
10715
937
17356
30511
11350
24291
20837
6866
23901
29752
9065
19712
13163
31880
31304
19251
14750
19403
14889
2251
30312
27897
10041
18957
10888
13608
15427
28779
31800
4596
20354
23557
25256
5924
31155
1649
26028
3979
29549
15031
1457
5419
23733
3744
24566
29857
8910
305
25337
24509
30798
25202
10031
13168
4983
26740
16375
21739
9923
5521
6353
27141
18369
21494
13003
28893
14368
27231
22077
31425
17673
11810
3254
3663
12467
5743
30518
29914
23089
5334
21662
30480
6030
22281
19556
19673
30235
21988
20875
17538
21768
21930
12755
25882
3634
15250
9517
4124
8508
23682
29041
26191
5345
10522
30291
29675
648
23284
13716
26621
25
1834
11125
23308
23568
14873
2929
26877
24528
101
13611
8756
3129
318
30118
6140
1148
3553
26804
2089
6958
19041
3761
27644
13724
21415
27248
28230
31071
1719
15222
3280
30768
19766
10342
26875
19965
4905
28093
2980
25916
18944
25791
8266
21887
7379
30386
27507
4168
14827
20553
75
20511
21892
26979
31119
32227
18897
13558
14761
94
30785
3397
30237
10779
20481
12378
4643
14716
7618
24752
3221
7943
2236
32304
1292
32257
24819
11102
7239
6974
8889
21205
13260
11831
21364
8433
20689
18525
7073
17867
9820
18093
16921
4970
2730
389
27795
19511
23502
11958
18795
13746
6042
10714
1698
17252
10946
5864
14885
28180
15167
4869
8018
2878
29170
26525
19896
14529
1930
29619
19742
12504
6311
16245
10951
6731
1343
28180
29685
10471
24386
466
14764
8747
11385
9821
440
6724
32692
30043
18674
32060
11556
26950
31422
14446
7686
29306
472
6205
1921
25228
22097
11781
2258
8670
11476
21074
29862
25456
11054
5968
18887
19193
17933
16259
7931
14647
11272
3256
1578
12931
25056
31548
10942
5032
29702
15691
12111
2293
24925
2763
3712
31633
9024
6459
804
26895
30407
20454
15270
22850
19270
3164
23719
26195
31255
2850
5864
2832
11162
18601
21611
11143
3449
28285
16597
3028
15921
8383
12567
10551
4558
16341
11853
10602
5109
29280
10214
21553
27432
2926
4358
19250
326
8434
27944
29703
5457
26225
4104
18578
6772
8189
5312
400
2117
16743
20529
20337
71
3505
17060
5480
27827
19138
19633
23230
31864
23901
11105
26219
8320
24916
32655
14567
28213
4601
25748
22590
2884
5846
23075
8803
1696
2206
1393
6598
17099
16995
3481
24616
21841
21256
5952
21422
32661
8954
9076
565
9423
8731
21978
26342
24918
4607
26121
9738
10011
16475
16433
15135
886
17850
6400
19755
29222
7282
30918
7504
24979
9175
471
17313
19541
25518
30257
11828
3066
9189
16478
5752
18692
11393
924
24777
11314
16855
30524
6722
13569
12543
4424
2259
22897
134
17512
403
21260
6499
21766
31063
15653
31788
2481
899
26718
22154
15039
13088
1901
3307
1335
4655
6431
3190
9454
9021
13212
31044
14831
8504
5358
3277
32032
29057
7357
14496
10275
31810
4956
24920
5243
24322
25098
17867
22000
11639
8305
26244
21556
13467
7027
372
10182
29698
14630
30180
15895
16746
24093
9390
2284
19092
14314
8365
15619
26962
4320
17266
25593
32226
4382
31288
17771
17274
4297
24346
27484
21284
24472
29316
17878
18636
9622
2280
12756
16023
16675
16562
26464
4727
17980
5245
4857
10749
765
23943
7735
10350
11620
23138
27570
19224
7768
3565
2591
24550
15850
2691
8892
2611
1242
32114
9967
18908
14173
3759
297
30873
15645
26824
19729
12685
14978
32025
23263
22299
20272
22595
517
11004
7633
6874
1813
11406
276
27230
6367
12655
4597
28269
10457
27723
25408
11830
8901
22002
5712
25137
18317
11438
11549
3598
12146
32211
15734
30443
14181
28055
27018
18889
23989
12580
16813
1601
20971
28396
29529
371
15347
31037
26995
5440
32380
5909
16848
20409
30880
20279
15352
14038
2760
27006
1322
29804
25290
6770
1440
32345
21333
3353
4883
3841
14991
16144
11394
511
15356
25305
9008
26900
20898
15479
21740
28003
30827
11320
23444
20705
31690
23507
21980
9223
9377
16818
11596
970
20323
28305
32136
29644
11638
22856
212
10452
13787
7397
9687
22396
2320
23806
12959
23337
19509
17478
6374
18752
16239
20829
24468
17559
5002
26093
17797
9514
17122
19442
395
18448
29059
9561
17335
7085
6287
31181
23508
15400
224
22222
10549
13343
20719
13827
14257
13722
12788
7633
11755
24382
20559
12332
28887
25028
15143
7085
8313
6569
26449
8933
20976
28966
22899
11762
10932
7778
15209
6735
16668
4583
24807
15601
26147
10578
32608
19087
15467
31311
7463
6721
16514
18885
31701
30284
9829
846
490
28476
12354
17642
26551
25908
25218
21236
11131
15235
14599
2133
4300
27255
16818
5879
12088
25462
16425
11389
21549
31562
16087
20273
15382
20157
12596
1853
26311
21862
2886
10271
2843
5826
29288
20055
28123
13703
27466
25954
8162
17716
10553
18924
26495
7661
25248
23618
22811
8838
20175
5894
25372
11486
12540
32294
20745
5230
5255
31246
2542
801
7811
29469
3586
3174
6257
16726
30599
14980
6222
17497
754
1583
27089
14225
25164
27736
7406
5806
24536
5705
23966
9814
5110
18416
30946
29975
12871
2171
13061
26785
12818
14630
21282
11058
21990
3665
2023
3409
22145
7894
2456
12223
13553
32153
7511
2475
30713
4449
23970
7973
22710
7910
27677
31701
8834
14635
28818
17901
18969
3085
2358
32092
32763
13596
4142
15173
16913
7851
23121
1455
12434
4387
21296
2942
10792
28317
6739
23714
29519
19631
1478
29326
27902
24709
11733
7403
7818
28980
26131
9870
5831
17484
18337
18088
26736
14508
12460
12861
17865
923
23864
25048
32642
17428
32028
24444
27359
24672
27470
12509
29462
25067
27233
12752
23033
17232
2636
29441
27604
25782
7021
28900
10905
6751
21198
14062
13370
2430
934
17156
26711
18249
4643
15668
4377
28240
870
22435
4958
7693
20176
27334
27158
6332
21628
8661
28908
29549
7436
19325
16938
3159
18089
8918
11222
15215
17221
9364
33
28985
19491
17537
17667
14302
11930
5931
1823
19072
22038
17369
21484
14026
14175
21188
7958
15563
286
11140
5922
24836
13725
22473
11602
25791
4558
24139
21704
6307
25999
18948
15597
15750
16684
12700
2836
26498
7205
21285
22363
5963
22834
6152
28882
32191
19333
5439
11488
7615
8527
23493
17890
16446
22405
11595
3348
28311
6884
26925
29621
26404
14899
17828
12134
16396
3528
10557
32212
11356
30797
14474
19350
5978
25796
27671
16985
2582
26057
17055
570
3905
23063
25472
2675
2370
14926
17773
5434
11911
29684
11619
27366
8217
30137
6622
28756
20084
20735
28236
29833
8341
5273
29378
408
4436
17619
31726
13510
14068
5299
20301
25069
26873
17535
6045
1566
30777
18815
32150
19850
11574
8964
14549
12451
171
170
11545
27774
16997
7641
26545
23164
8788
30354
4405
27433
20450
14696
10101
18532
9091
6860
5039
25281
1678
28046
28933
28203
3403
9377
5933
4558
30541
8735
15723
20276
2562
30604
18876
25773
31112
31583
8276
12021
21442
22462
1867
19985
8620
30346
29332
4474
13035
28315
19502
28541
18345
22093
3230
3042
3231
7995
14236
4556
7539
24394
4365
25824
325
10986
7729
28073
21893
25752
18206
1339
6919
9639
11373
17431
22873
9281
1331
14415
3156
15017
6451
18155
4081
29634
11089
15498
32350
16597
26698
20813
13393
15503
11683
9200
28573
8009
15583
28730
15363
18573
12021
1176
8778
469
15361
15109
19857
24213
11066
31020
6885
23932
32548
31697
18191
12023
12807
29037
11951
17656
5791
10264
21647
4085
12565
21164
8753
3379
7214
10536
5802
2628
20163
26706
22451
16847
21873
29857
22782
13711
21649
9305
3526
27038
26218
29944
22698
25844
10662
12241
11707
6954
5123
16887
6868
9092
23883
19292
10794
24879
5766
10554
21283
199
16750
32690
28012
28445
31779
1716
23110
11574
5408
7710
22560
9623
7022
27944
13419
26303
16151
4351
20394
26358
5598
7856
10184
13637
6189
31816
23727
15302
27215
21817
25366
30494
17887
11776
22938
18247
6017
23301
13329
15763
9424
24259
12571
3053
20119
29480
19961
31074
17219
16959
11427
32737
13720
4620
8212
30527
27556
26552
21225
29054
14833
26094
15402
11343
16127
27268
22120
15317
29425
12126
19720
21164
24455
29327
5086
19242
5196
27074
7422
21989
11025
1241
8398
29045
28825
17363
11360
3963
1430
9203
27135
2786
3028
26654
22536
21348
13237
16518
25084
29264
15837
5509
4050
19595
17710
31179
16274
17877
25847
1980
7455
10574
3944
11796
19540
31545
10314
12237
31059
6143
14317
23362
17178
17527
19041
15508
13400
4964
20200
20301
15998
17472
2988
29507
27416
32568
31150
10432
14174
4727
7423
22495
19974
5287
11570
10041
4957
4277
8721
9665
14230
7893
30863
19437
17250
3783
17406
6167
21185
1880
24450
18978
29207
16171
21446
608
20866
12985
17645
18355
17003
31639
31948
14579
13147
11512
25942
28048
7696
22898
1879
18809
7121
9733
24934
18492
5118
3673
11028
878
14571
15943
22634
30797
18158
9371
29075
20644
14775
8984
4821
13039
27616
32701
10438
24000
21701
31559
15548
4705
22678
12535
25989
4795
24235
9109
12376
13942
8727
7093
5644
23394
28799
15161
20616
13590
19245
27159
9339
16343
7776
93
29517
23227
742
20850
10581
19725
15853
31902
23628
15092
29463
9932
11777
19792
15564
399
18255
4325
7892
17252
32588
20667
1829
30007
708
28612
20729
14632
4070
1472
32292
28302
6716
17246
6821
22332
27361
24996
32379
8708
4334
8336
25018
32378
13877
6400
30429
7674
11314
26063
32606
17901
17726
26689
3716
22343
19974
11169
28285
28500
15164
11304
23468
1461
24460
1313
2628
11174
15826
19019
10774
20610
19338
4223
23719
12168
14215
27026
20870
19167
2281
22397
31964
6104
10825
31419
7237
16500
13622
32755
32222
7718
4581
4311
15776
20953
16164
19532
27884
7477
22160
2507
22630
24862
8456
27655
24583
25982
20321
1744
5486
20037
11099
7223
5239
25006
21716
13555
18959
963
24380
6147
7495
2851
25417
26005
11943
21251
22764
22823
8644
11891
19843
30444
9492
8418
19024
10353
11266
32741
32554
3200
3902
25140
1394
32325
1879
32757
20297
6063
13707
26686
5888
13081
11998
12245
25296
12330
15721
32058
28876
32761
19445
5607
7955
15477
12232
20694
9290
20229
17599
4676
11338
27243
3997
13493
11541
23534
23203
824
2063
30648
97
10476
19307
9341
22731
14787
10211
19037
31887
14470
28332
10508
21158
15897
11177
22832
7209
9729
12255
32010
29287
25635
8233
25689
27444
26574
23596
10107
22404
12284
20878
32214
20536
29909
3939
21366
1335
2677
11752
25079
705
24815
24180
20646
24832
17810
14251
8163
4576
18795
4597
25546
16673
28938
2095
4626
31403
4489
28832
26420
2849
32459
25134
9936
20152
28418
6609
15181
25162
14196
21577
30913
27302
18046
28684
1808
26155
32473
27523
14167
15509
22556
4981
18571
278
26754
30148
24413
6825
15342
27735
13665
18083
7212
21591
17264
10634
11898
17822
27467
25131
2631
24172
25728
21223
11578
30556
28818
5454
28790
21399
6740
19439
25373
8520
1174
18029
11794
24144
3075
11222
25860
30010
16458
7985
26792
9841
30844
4694
15941
4528
1717
15107
118
29627
20223
24107
19756
27725
17779
26001
21746
24657
6050
29590
28533
19540
1331
26959
22851
6971
11213
4827
32467
21809
18999
28148
30918
15076
16061
16067
7532
8433
17622
26361
19338
8092
13829
13083
21082
27333
20989
4637
6868
26136
21000
27443
30252
18819
19369
1508
13724
27117
9856
14432
28515
31269
10607
20499
5390
22552
25339
26746
16118
14920
28917
9270
20746
20857
27481
31839
23758
12973
30326
6682
25764
7507
16463
28270
25675
29116
27970
31827
17061
27598
14311
2316
4285
30204
18491
9911
14856
10358
1534
19747
2539
18588
27225
29921
10878
23737
5316
26782
144
10222
10023
16560
2283
8812
11583
15598
6872
16870
4932
28869
13286
9799
28617
30088
12520
32416
9443
5896
6205
14948
7309
11877
22868
23255
9291
7971
9582
30916
11278
10880
17830
21102
27736
3333
4655
30154
14240
6748
28382
23275
31480
19297
28904
702
12781
29307
4588
28151
20911
2605
5172
75
28530
20968
31800
9184
9747
11556
17251
16642
32511
30895
10266
24087
25169
19012
16123
31701
21050
20063
10594
434
30118
14416
5426
20124
13852
30862
27090
16875
29926
11599
18037
20628
7027
341
13727
31391
2809
27915
14821
13531
12126
3536
6132
6864
14681
1939
468
31989
17365
9376
1902
7971
26774
10169
28748
15178
2078
1129
25249
7267
18642
29077
31625
26021
4441
2644
15505
23036
581
28929
29306
14263
13045
10382
31034
31872
13753
6170
324
9618
10040
27846
14857
16422
19727
19909
1471
24110
1979
5811
6753
17222
7097
3112
13303
24040
5611
16012
15383
24799
20286
3885
2732
4350
21386
2958
9206
6929
12218
4867
6098
1556
27436
31354
26172
5539
12379
8860
3346
12466
26811
13333
8986
8318
20452
30255
9287
15299
16883
29606
21304
21040
18733
25016
21506
27672
12006
32123
25647
12906
5026
21363
21511
4835
21113
9572
9486
29826
13248
25189
29133
4157
13029
25910
725
16882
23451
27859
13570
26016
567
841
5373
5335
23386
18121
21508
22637
14033
18683
31214
8819
25017
30868
30825
9319
29671
18731
903
21931
3207
3401
21369
15926
16898
14015
13210
22922
18726
28988
687
9702
6017
19230
2156
13244
1293
24713
17467
18789
12563
15542
6458
28436
11849
25998
31618
30473
14909
17784
687
22023
1015
26479
1437
24583
17882
14679
9071
15662
14028
18577
24022
11005
5783
11469
10384
24008
22926
5407
4654
5737
14195
11094
27163
16437
8600
16777
2010
11055
25669
32242
6031
13948
30554
30975
4033
32535
16949
423
13406
26310
22230
31739
19199
1869
26689
3581
25710
26081
36
3764
24422
31455
14266
27520
2201
25022
30703
30636
31735
17731
1221
23106
11054
23539
22518
3619
11629
2254
3803
10326
15470
29754
28556
22689
691
12606
18761
22614
7952
17136
13337
15216
361
5681
29616
22494
1213
17303
406
14111
27235
11691
646
17935
6804
20309
11029
14081
20010
20116
22420
18957
1447
10098
23350
28588
29049
824
19062
31106
12157
4062
17587
19834
449
27589
285
20248
25230
31145
8917
29451
6566
12497
6224
12546
14026
15752
2557
18369
5503
1489
7207
1908
19986
26199
2076
5699
14298
15267
20623
25382
24765
2961
5435
15099
7669
25349
18889
13270
6676
15322
21492
25240
1094
32539
21739
3779
17623
30582
8694
22668
23285
18413
12381
1330
18358
15055
30854
25999
10845
31975
5213
2797
29145
6387
7416
15898
18318
18264
2940
27839
5976
26131
8506
237
22733
11507
6942
22265
32195
29189
13386
17802
10771
4688
15358
27632
6300
21187
17083
15031
20874
19820
8872
27260
5592
16107
26420
21760
9235
18469
22525
25723
14945
30781
10993
3379
31171
12992
8626
1356
3735
17951
5695
12002
16993
18019
15058
26709
23242
28
4356
14052
27113
6042
23607
32638
29634
10336
4917
16852
3340
30934
5397
2483
22328
5694
9567
2705
32174
27881
29552
6502
6234
12459
12575
30909
5991
10636
31904
11018
7242
14528
8617
16190
25603
10714
30164
19353
9887
9276
21573
2751
4098
20690
31884
20239
13795
2048
22732
16432
12056
7128
28445
5868
12308
4753
560
19266
20654
25908
9522
26806
24356
5785
18162
31980
25695
13970
30789
21621
15736
9574
29098
31209
28284
11137
7210
11062
4716
14697
8578
14647
3208
25588
18308
1417
24269
28857
6843
4762
18877
1732
11342
23042
6494
22414
26406
23831
17285
21548
16467
9147
15188
17094
18092
7545
7682
18507
21942
6353
7386
14947
28616
17615
18567
19877
876
28899
8590
29707
8199
32492
4636
32674
23997
15254
13570
23942
31887
4326
3582
32014
32454
18195
5948
14148
17045
18328
18460
19096
24314
5767
31030
16085
18405
30240
18844
17747
32156
26786
26974
26991
19294
1121
27988
9528
22854
19993
4119
11883
5491
3458
1105
4002
14438
20516
15415
25032
26795
3693
19027
14800
16828
9985
16263
7846
16930
9297
10831
7014
25821
111
6982
16845
27142
23329
21228
12525
4787
22068
31910
29732
21531
3090
6918
20046
17915
21655
2381
17722
20536
19489
13870
347
23493
20710
31701
21952
2759
27275
14632
1094
15351
20466
4173
4621
23880
32595
28268
16424
20939
7310
16566
31897
28367
2495
31398
24444
21580
28179
20870
2178
9346
7899
20790
28833
24285
7903
11817
1034
25116
10229
30896
6236
22962
29394
5499
4887
6764
12575
8028
21587
12885
28112
5711
14770
12247
18353
32696
19859
25634
14913
23531
30344
9426
26820
5361
15115
20683
8084
19082
28012
7272
32696
8046
21518
26838
2231
27608
8659
10938
29870
31045
21205
9242
6817
11129
16727
30074
19215
15044
1787
19013
23241
25475
32309
9327
20484
12009
30719
2905
26028
14592
31182
8693
22779
6122
6085
26666
13643
18541
16169
11130
4648
17327
1302
27362
30634
8765
19824
12801
23809
28754
24091
12157
30034
5975
12911
2723
16066
166
8934
15437
2000
21907
13592
28425
24295
173
10218
10871
8243
21569
4098
19955
5557
31264
6270
7796
23954
4258
15333
27572
2737
6379
2397
4242
13188
6765
18975
21172
25382
8110
6953
25968
8359
28748
20274
5101
164
11326
11491
22149
29978
11356
23876
22382
20347
19490
7797
10906
10498
177
3742
15579
9540
24854
9000
15947
17161
975
8238
3051
12121
21899
9262
23690
20186
19762
7173
13545
29017
8485
13082
26396
25510
25031
5081
8499
21413
7484
3171
20250
15010
28785
27523
21438
16869
10588
10725
23921
21894
24197
13186
22928
22915
8133
25951
19299
13584
9293
4983
2628
10286
6635
10997
11012
8063
31113
17575
6282
31321
1271
15280
8125
30489
20970
7293
29349
14778
1604
32762
26316
8358
10645
9989
29419
23499
12258
27171
12226
31218
8614
20849
24648
24652
1303
26846
17668
24654
27818
9368
16059
24511
20185
27076
1099
18192
2852
3954
28631
10731
16470
27600
10020
24078
22537
16797
9027
29786
27500
8673
23409
18471
25924
5596
5947
6363
1329
9532
11238
25019
10291
3219
10509
25601
31340
14343
14476
5934
30248
22092
13725
29601
21530
6095
16193
19305
20712
28212
18914
9560
27627
24579
29750
20056
816
17566
9062
5378
28866
31863
10864
25453
3371
31103
202
11076
15160
11234
19528
22556
24829
9969
16959
15364
29209
4703
9195
10845
28475
15281
23054
13548
32485
23536
29658
16173
880
26017
3345
23530
21073
28407
24427
10509
28826
3142
824
7603
30916
11963
9030
32385
3499
23371
10245
27707
32474
19945
7657
16530
521
23804
23312
11582
9700
12560
10277
20813
25102
9419
28804
14523
26726
24867
15774
31298
7049
2511
415
26483
20120
3579
30031
774
12859
28992
3382
12655
4837
8403
18948
22450
19546
10493
26672
23671
5743
24267
13022
16225
3857
20998
32262
15004
9609
7013
3027
8885
19198
23298
24905
30895
3132
31499
20011
25171
30900
2746
11292
31943
31427
17799
6404
15714
1335
6812
12469
21695
14863
18569
2511
18448
28290
24889
31200
13493
12355
18980
25808
29198
12292
3271
7037
1421
13625
2897
3490
7439
32542
28064
21245
876
14075
23147
20401
17228
22438
20673
30697
27709
11850
13746
30398
11779
22632
27212
15451
15919
25371
32201
14174
15348
28576
20486
15746
1589
277
14391
26491
14306
22401
986
25634
16005
31765
25065
1746
16152
25266
3668
5394
15642
17579
20910
6004
14306
6347
10534
12733
12850
19610
10938
17989
22543
8924
31143
26785
14032
23387
24356
25472
15222
2022
23375
21971
27451
12954
17000
11057
2670
14688
14909
29561
9597
695
11237
23993
12372
28596
32177
23118
12261
12102
10592
10317
8712
22207
658
21026
6022
25488
16768
23927
13424
2644
9705
12888
2742
30481
18000
32148
756
25274
24420
4710
18319
8696
14272
3924
26113
4393
27604
19032
6769
426
13859
18494
31111
3153
1968
17229
27774
27966
1202
1321
13179
19668
14735
6136
25117
6658
7176
4804
2645
22983
11441
1312
2424
4085
19621
17935
11154
9525
7031
10785
6398
28235
29036
25823
16947
14491
18919
6505
15841
32748
12836
24158
19773
12653
4137
14588
31384
8181
22010
21385
1591
3471
29965
29425
5471
28214
9725
28592
22447
18397
22658
13810
5811
21427
24481
4345
25525
17572
11808
17856
22486
22307
14141
16606
6750
3623
18336
23468
8529
16755
27277
31914
24643
24859
12126
5919
22892
4676
25393
19968
17663
2347
4830
15891
17080
17513
26924
13140
18868
3445
15684
19864
19078
25194
25957
22640
14215
11530
8666
23120
26477
27395
13353
7921
1568
11122
30350
16627
1993
1446
1959
30407
21035
27942
24177
9932
4150
1781
23155
1720
25561
25620
9273
19002
27161
17737
29188
9438
17760
19487
1216
9008
8727
15662
28982
7972
26998
14236
2435
21429
5787
1508
31433
21453
25050
27606
29476
26725
13909
5600
25568
6637
9676
3467
13289
26862
20150
22344
30338
31214
26768
7533
31290
14484
27253
3195
17436
13836
32751
17570
19239
18093
16397
1159
2046
8921
23221
28996
11488
3877
12348
8112
6617
20410
1844
17122
24890
27388
21637
9200
28744
32617
18880
18172
12337
12483
7599
24946
13124
28785
17201
1419
16992
9507
580
10006
24237
30133
10084
23927
2955
15190
15636
1776
29896
24297
954
12575
17686
9643
7087
27336
16572
12566
5527
25301
30859
13830
23790
30875
10516
12059
12516
8543
6680
3678
8043
18201
4672
12839
13966
1143
13070
8510
24580
25125
20756
21056
6917
31052
7268
580
2140
8025
11591
24255
31934
32511
18738
1701
3418
17023
29685
9937
19121
13095
8502
13735
7592
29208
6686
4600
31451
11853
27474
2341
24629
31705
28453
2184
20670
12400
18444
32271
17075
26921
24402
11306
13276
7554
15372
29928
22554
25509
18000
24669
5696
18922
19106
25158
18211
27036
20911
8944
27381
5888
8254
20309
18638
21139
29539
13448
11404
24468
19701
10836
14045
9154
25667
4384
29594
13415
3843
26390
10839
13461
13963
14469
7480
26800
11588
28547
10758
9004
30811
18134
385
28312
25017
25621
26872
6364
26166
23818
14872
959
21513
11355
5378
24236
11651
22889
30880
11701
9214
22393
13624
16856
16144
24594
27969
1665
1028
19621
6262
18513
12682
13172
15658
22814
25517
19372
21467
13627
13318
23764
2313
3577
10799
15723
20808
23917
4219
9421
917
26484
228
21591
28134
19445
15941
23499
6149
3686
11722
31990
10397
13970
1188
29328
8341
28313
32257
7779
24734
16952
11579
25264
11528
25418
16463
10958
9178
6031
18066
26388
22817
13229
20383
32761
3464
18292
30356
1146
13097
24422
11646
6076
13475
32631
23825
25075
12909
15121
11421
2178
10858
3675
1597
29028
15805
23739
11090
21962
2270
14490
27951
26629
16877
22631
24086
4263
4423
23774
3684
1765
22616
19594
10760
18496
23216
26760
2617
13157
32088
16015
3945
19025
4198
7213
22388
24504
22223
18259
9246
13224
16509
8212
1468
17258
2721
4010
7729
20649
14923
26810
4124
25557
9528
7385
28240
19914
31978
27470
16261
27821
4094
27929
27213
14359
13755
8757
7497
22646
6119
25627
1948
19888
20190
24967
30112
26889
997
1918
9688
7750
3515
31632
27174
28690
15217
2907
26942
31650
16764
13648
5211
26517
32009
11962
9521
14878
400
2811
14370
23140
9388
26649
22196
16681
31786
17530
1603
7338
607
25068
12019
27591
21695
23017
28393
21604
16556
18200
11707
14607
4748
10262
1060
20963
23326
24439
19453
19628
7950
29960
27752
14412
9415
31831
13903
16221
21640
17526
25869
30231
24250
13563
5994
16244
7297
31819
21709
3475
24209
29465
29357
346
7747
22825
28233
11616
17639
20314
3737
10
32092
13027
25220
6388
17375
15837
28499
3474
10273
4354
9062
24855
30108
2740
24869
13205
13862
3905
13882
27750
17095
9829
4862
25548
22216
4624
5680
20436
22796
17002
16621
30848
20388
19220
9948
30500
12701
15793
28330
1297
2844
3494
14006
7537
10158
24861
12813
30322
14041
29520
4504
5543
7927
27652
3476
939
29252
20563
9027
25351
14901
28847
23265
28245
3339
30756
10714
8614
8617
221
17722
4898
21922
20970
30821
16110
22935
10817
21512
19027
30656
15618
18767
540
10440
17151
1369
6207
27358
17787
8425
25792
3849
1586
30814
11731
28859
10394
16357
15169
19370
105
10221
14604
9179
10583
9691
11606
29695
19493
13567
1407
5635
13534
9159
32398
6627
7773
16691
27858
32447
22287
32393
9929
560
8954
22858
5952
31196
32510
8548
15036
27464
10587
28585
3097
21998
4980
24704
9329
25488
8403
26331
4671
29387
22380
19305
11204
12271
25894
11276
24746
12302
7831
3981
20200
16979
23311
24975
7909
27541
20953
27329
27360
16428
23741
6488
13711
4100
17353
11709
13318
6384
30290
8066
28379
13120
21813
20123
32392
11413
29282
21707
26384
17652
27036
2908
22246
538
13946
6419
19722
19727
11186
7267
27253
3582
28566
17889
29367
14916
8671
30456
16351
2247
3754
14558
11675
16521
4800
8134
16288
21885
5402
28248
1868
18329
14757
3422
3210
30764
12610
11200
15863
26994
19217
6834
11331
7269
10991
14892
5337
215
18749
2458
32706
11198
8164
12502
29894
18383
10389
5459
3029
29774
4182
20379
23718
1572
17466
5371
4510
24370
15215
27004
8691
20453
8830
11798
30481
14090
19407
24353
317
21476
2412
5900
32632
32380
21510
10577
32422
14905
25405
27048
21487
22192
6940
29564
5734
4797
29411
1435
23528
30163
14602
17969
15687
21392
22658
759
26024
11669
830
16808
12586
26516
26098
13493
7881
426
18715
26681
6529
19696
17215
15151
23734
20045
24694
30947
30675
17294
25385
9894
13618
32440
538
22982
26684
2972
18340
10685
26321
21421
30277
4777
12778
13327
5721
23548
4476
14832
4392
22389
10144
31003
32035
3151
16114
12490
32619
8888
22582
12988
26259
9092
15170
16520
25255
24611
3864
21297
32365
5840
15698
250
15850
9996
9411
30076
1576
27211
24411
12277
12855
1261
8011
31715
31090
17263
26474
22482
2819
22499
8919
15986
682
2973
24544
1516
6842
14640
12835
18806
16228
8857
32755
4390
26423
30649
16126
11267
21736
8457
25644
28770
9807
8841
2762
22128
21683
11001
5863
8459
2631
9036
22270
2262
28916
21082
26838
7564
24153
26837
26023
20884
273
2430
6526
25558
29492
8600
18914
7118
22048
9629
20408
3038
23417
1585
2148
19945
24430
29012
25137
28189
30782
13275
2035
30736
7931
20257
28651
23055
21903
5882
20970
4787
28156
27624
18617
23732
22248
26002
8889
19714
4440
369
9671
5906
13244
10701
19042
27510
7724
10472
12816
9393
17393
23673
23805
13897
11847
15707
25318
4638
7265
3975
13109
30713
25774
20032
8302
25448
31579
10381
15049
3018
16921
8684
15905
10918
1312
11077
5900
31809
18803
18461
17228
11887
20582
5132
4454
12713
29790
15473
912
8288
17113
16996
22992
12433
30638
6380
1891
25498
15765
29554
5980
26700
22505
22646
17549
25409
6573
19585
18602
4463
19918
10587
9900
30974
29863
30077
29812
7255
31434
20425
26545
25470
19710
17273
10755
12193
28036
6230
14433
19697
28319
29482
20920
14000
30291
23159
14548
24971
12140
29545
19844
43
19394
2826
16633
30215
31676
16309
26992
27772
32531
24269
30993
15903
13016
19118
7190
11346
16569
31972
16943
4885
21376
30876
5925
3871
29916
16727
28350
18990
30820
10726
10210
24987
6105
3986
19195
6961
9387
21915
26530
23615
29375
13540
30071
5868
24688
13292
15440
8651
8148
23296
1943
11695
9536
30895
10477
19905
24334
2687
3603
17871
6813
7646
28171
4839
15002
15707
20858
25125
8830
15894
31313
27081
31576
373
28332
22668
13773
32537
11003
20277
27997
11025
16223
6247
4328
3149
23639
4797
29808
5973
4763
281
12320
8507
19016
13624
28813
32461
13630
18570
7229
9232
16582
22337
29286
22506
19065
29096
1783
20511
7261
14263
16348
18815
29776
21220
14206
28765
6826
16955
10378
11586
19486
11441
18164
10723
31457
11702
10811
8785
11022
20489
11502
22128
28234
10960
25967
12202
17060
21736
7159
28388
22718
8826
25050
30385
1330
24783
11789
1478
24879
1125
8933
30127
24163
32066
24865
20928
21022
9608
3115
23117
15284
32330
25499
18462
18979
11934
5629
25629
25845
30963
12500
18258
15464
6821
20959
22289
9421
18895
32154
20850
16686
17761
16136
32258
16691
11122
29872
22200
13894
2519
28389
15659
17398
23796
17227
4097
12185
28882
31127
13483
4918
22642
30102
26960
14242
28513
17009
29446
23016
6541
9007
31816
24558
13655
3195
14245
16470
29673
27560
6837
8611
3018
24306
17745
29853
31151
17159
26883
3574
17301
14790
17596
813
29196
3654
2245
20147
13270
6682
14072
32589
24496
4051
21296
30393
18544
20167
30718
31636
5968
9233
9118
8827
8330
7385
20777
21105
26149
19926
12811
26752
15630
13328
7096
16035
18538
4843
32155
6628
16171
29537
29519
17346
12257
10383
18194
21205
14035
32115
30839
26293
23119
28660
7003
23319
318
7458
8985
13881
14331
17088
28162
22145
14182
31232
9479
9057
25140
3981
17337
17789
11401
7374
23668
10768
8648
18026
27862
21899
31914
17415
22134
18816
1421
5464
20435
447
11023
2134
24971
19647
2268
29901
17358
831
20676
20763
12305
25388
18961
1076
31495
4550
23319
6378
2765
2303
20748
13932
32101
29731
23066
524
4965
16318
26035
20037
13040
24763
24357
15100
5862
5833
30318
11014
32344
11779
27473
13035
28735
975
3753
25833
26477
21254
28158
7740
31427
2902
23894
14749
21925
14309
21325
19209
5291
14647
19304
18627
23193
22098
8871
17820
12690
26912
8793
8306
3208
10772
11572
19703
31991
24336
17061
6579
28883
29063
19557
5965
3263
12255
27213
1286
30335
15897
12395
26246
9136
31155
2901
9947
182
21709
16061
27839
1015
27788
12870
1049
327
24252
150
199
20898
8889
31917
32411
8993
27023
8565
8867
1319
18784
8090
16814
1243
14342
32155
20491
28124
6394
32290
32404
816
25204
16529
10476
17533
7636
20445
30980
4987
18241
5023
25572
19881
20624
22376
25512
11839
19303
23637
4808
3172
32418
10468
3229
18850
27381
2822
14113
1175
723
118
23031
25581
6543
31048
9899
3468
19906
10437
5690
7693
29420
22646
16341
13426
15966
29055
3298
26133
15191
12335
28228
11999
19053
13780
30428
12730
12334
27860
32591
23881
30472
29433
14090
18646
10342
32269
18052
23948
8476
28327
26307
8166
1285
1348
4642
11623
5610
28057
12881
17036
29094
5160
28573
23807
31624
31250
1394
19981
29945
31532
16414
20826
2399
14932
2007
31699
20801
10246
7424
5861
4267
22314
27048
15340
13524
5168
3156
17391
21758
29279
32766
24458
15006
17258
1373
27435
13501
11589
12647
21378
15006
21046
17685
7730
8609
16175
12902
27341
27239
5211
29350
32767
26935
7159
4592
14601
19872
17251
5106
26481
19808
10873
5616
31992
30341
15645
21003
4557
27858
2837
26564
6912
5732
21020
3516
25913
31638
28209
4285
10154
24097
9269
17406
17218
19336
31413
18083
548
11955
5381
17028
27479
9433
17550
2095
32447
6564
17512
11312
27980
28304
21292
2448
8561
12693
7939
19867
11224
9989
14339
28902
26708
10935
31932
16785
28439
11365
13581
25290
9765
19283
20285
26002
1800
21809
29510
24260
27845
11331
24692
7763
32272
22719
18735
27603
1980
18807
8469
27707
23413
1975
4429
5353
1713
25201
1815
20454
30180
21655
4263
13676
22515
10953
31795
32421
21996
11312
27979
5558
29428
19114
23657
26364
10369
7719
13513
22421
4809
12115
1146
1315
16762
21877
29366
13004
171
11158
28783
1926
11794
24807
22314
401
28280
26717
27152
17220
22379
19358
27970
7437
24883
9504
18286
30900
13575
1423
24992
2527
11136
18544
14682
26587
3917
7173
22758
29849
30761
16496
10731
13559
21002
16922
22079
32321
25755
13142
11004
7416
28397
10562
12758
22738
11113
32750
29867
31233
20490
10689
8028
13240
24265
3608
29660
6124
23128
15151
17542
30808
13074
28485
26804
22723
51
15611
24461
22149
22852
20222
5406
10568
25562
3813
32173
8460
27008
13149
31561
17774
2546
31107
16806
31273
23948
3473
11304
19677
7169
26301
14910
20495
6992
6750
9713
10097
15092
27217
18621
10596
3931
4763
17055
14780
24986
6735
5999
16835
22367
11187
13936
27008
22311
14238
8230
30265
31921
26660
7783
29238
12722
9845
17077
456
16074
14339
7883
2442
26807
14051
27510
2535
28105
26998
4518
21468
30613
15688
18885
31487
21742
26936
17735
10433
4113
31450
5763
13552
13600
21273
19137
10112
23762
22049
27284
1930
20328
21116
21610
7061
21475
25466
9569
32533
32628
21207
9308
12593
6452
15768
25431
201
26133
54
2807
31160
28952
11774
1125
14166
9153
6072
30045
16449
17097
9607
17026
20318
8978
2064
3061
11802
10976
1246
22565
1014
29509
25093
24809
16194
7645
13574
14028
31528
12988
6387
11943
1773
6821
4052
19830
29300
2428
4936
9828
17412
27902
6256
24360
15178
13232
2824
20116
17826
21
983
26987
1938
7204
15946
29044
8087
16633
4444
6860
1573
1739
28600
7040
12009
4382
13090
22875
20305
19258
14099
10749
28238
18651
1699
22829
8537
7978
8620
26993
6836
18924
7469
17115
27890
28922
8940
17445
10169
8689
5216
27137
12743
21034
21709
170
1075
15597
32433
5055
10997
29153
2143
4177
11945
10183
7146
19771
19344
10088
9796
28081
6616
25292
24999
21020
2845
3245
24372
2853
24879
17451
21467
784
534
10434
11386
20812
19795
27256
11593
27720
22121
10843
8309
11656
10396
16170
22539
23543
30713
12883
1816
12415
25494
2333
13839
2263
11547
11815
22122
15516
2433
3857
14740
18596
28442
17017
28423
17551
1234
18985
19889
22174
5812
17806
11421
6601
13232
10349
3791
10763
22683
18897
18032
19201
19575
24392
21291
23731
4597
14414
32726
4786
4664
19978
853
8547
25820
31544
10427
21914
22839
28775
17075
19050
9438
14436
28191
12604
23403
24822
26622
24607
4990
7115
31379
6751
23810
27571
17860
18265
27826
12812
26304
2957
8411
12413
17124
30709
17251
21224
31200
17302
11530
21913
17173
17236
11760
7108
14914
5130
24408
18990
24416
10970
17067
31274
19914
16322
20928
6343
28321
18032
25690
17992
10863
26968
3826
18900
24074
15107
24247
28015
5820
4522
5844
22057
22944
16643
21233
11413
31311
9819
13052
10621
17596
15077
29737
23252
32349
8274
6967
13548
652
23457
5110
17386
32300
12857
27142
4470
3727
23861
32481
4791
18327
1791
24859
12926
25884
18208
10473
19393
11150
4182
32225
10316
15324
17639
10752
22451
24212
25910
24049
29323
2635
3220
2700
7641
10559
12376
29598
25291
25147
21810
24552
11942
26811
11964
2666
3840
6225
23890
14561
32303
24391
15908
7054
21505
15494
393
23097
11950
21686
31639
29302
26634
25255
25328
19239
27391
1776
29150
8514
32059
15062
7587
12756
20774
27247
22538
17734
29719
31239
3906
32735
27847
15042
24556
7051
7686
4739
11635
28379
16812
23309
5276
25932
4051
15464
27742
19660
26179
1671
18675
7290
1070
20007
13615
6318
11806
20730
5649
30777
20011
25861
27800
28398
25713
30534
27095
16737
23489
23963
2380
17902
5783
32735
9582
30461
18508
7254
14981
31365
28301
11083
19390
17103
32524
9719
7807
11389
7541
13477
16376
15818
28068
2068
2299
27411
22037
25117
5133
1175
18076
4501
22973
12667
22358
25973
26420
7185
21471
23352
25358
13145
1733
3205
21608
9672
22845
8206
24634
31049
6933
16824
28904
25730
1770
26108
31763
19800
22171
23693
23221
4277
31741
30267
26477
30600
20945
16919
22295
32014
22771
9688
32672
19025
21972
21885
280
2798
25129
28212
1289
32538
18149
14459
2056
28391
12901
21893
24969
25284
7915
23519
32248
17731
32078
10067
32517
21024
30704
24589
13887
30334
25071
31996
11748
1651
9888
17787
13303
27591
19769
5681
7060
12793
25805
27957
10369
4995
27774
374
22789
27743
3054
26971
509
13770
12278
5286
28972
28488
24475
7582
2515
6376
23869
13677
3969
8905
26642
12231
4909
30173
12755
29132
13954
31213
23733
18480
14714
15582
5531
26777
1582
7986
7818
8776
12013
10706
23901
508
4747
28938
17082
27923
6907
10453
7492
30707
18976
20059
11538
31656
2273
2744
2913
11982
27772
13055
14981
17842
26140
2430
29222
23988
4269
9284
31656
14320
4335
7393
13035
1821
15305
28013
32565
21684
30433
7884
22636
16725
1897
11311
11401
9320
17212
16350
14665
20224
22569
11574
11813
30212
7566
19437
10885
1936
9257
6302
27697
28569
30764
16001
16904
4048
18831
28281
5876
28361
28330
10069
10525
25181
29955
21327
16733
14669
13413
24281
32501
10279
6194
11418
2942
32110
4857
2739
19234
24821
28747
3398
23819
8844
30923
29241
28
23518
7301
29239
12255
27034
6017
8952
3519
32721
17559
20163
27256
23968
4740
25905
971
25614
20286
26931
19062
5175
15749
86
17507
14507
10427
1862
24352
15889
27381
20369
18063
32528
6482
27310
5087
1903
19084
9790
26810
4730
11212
7569
19136
18600
22467
1132
21301
124
9206
3850
1782
1705
22617
7008
27314
12665
1312
32678
10070
17263
27346
8722
21193
24876
10399
15847
12506
7823
9459
31150
119
26400
25675
12995
10527
17839
16968
8724
23705
20280
16641
15910
231
13578
25246
32345
30326
16936
16675
25452
3735
18416
22665
26947
17971
15866
14099
17896
6329
6467
2015
6609
32604
7819
11196
30049
28796
13307
21563
22448
29537
30219
21769
2703
7215
5027
8059
32711
1046
13696
7275
5026
4554
29914
22595
22701
9779
9540
13655
20667
357
30163
6264
14125
29650
11650
17349
16497
12222
1749
21445
29385
20212
28349
4787
31822
24760
10940
5657
10804
5116
10825
23201
25935
20951
1910
21031
22486
23602
31440
6162
8296
17605
18055
16357
13900
20546
23759
29201
25341
6607
17797
19214
29926
2746
1814
12457
3946
31336
5789
4512
15399
2703
4939
17260
8572
5029
20748
29278
584
13721
30311
22509
27381
24768
12710
11087
12214
27410
18744
70
8204
1430
2899
2109
5007
9755
24798
27027
13291
14633
1933
8503
10281
12343
14158
8821
1328
16414
14052
10511
10123
25550
9169
29072
23148
30528
29050
19421
28657
32428
25478
15373
11943
28155
1927
7546
14413
1151
29148
31768
19930
4322
16854
6150
5313
12636
12569
18275
16755
25641
12869
10851
19237
31803
25302
26018
3284
20012
21577
22200
30599
10614
28801
30477
14805
29158
32104
24815
166
27982
985
10977
13630
6523
7614
3382
23671
7782
28533
1503
31565
12462
20601
28290
9376
30790
26430
14540
5174
20331
15452
17671
31488
28122
2288
1775
24734
21567
17471
27841
15908
3056
13469
15510
13855
3803
1934
23535
3539
27582
13610
13713
19399
31382
12998
12691
8068
13657
14544
29621
30361
2279
8187
21491
25314
12862
6556
17754
13834
31726
18260
7963
30287
28622
30192
31710
4229
20716
32653
9048
27486
29130
6400
12832
16360
15047
3701
29630
23383
29915
13141
8965
11781
11399
2414
1188
19383
16652
25422
4087
16674
29660
1519
6691
25262
3150
3482
14177
30841
25493
6661
18074
27551
27891
1471
23349
22713
3626
11469
31021
11171
23604
1686
22374
10371
4147
5884
7233
1542
18603
31436
18542
31981
27375
4952
17409
28873
14553
5474
16840
5634
28350
32572
27868
14622
32161
14894
5239
2880
13735
27416
18949
6127
29899
13912
9598
18457
11731
31470
9202
5720
23427
18654
21606
22643
13328
5846
18142
16936
12504
31505
29115
1321
15951
27515
327
12900
10301
18710
17807
16519
5671
15004
12913
23492
11274
6758
9717
25298
9040
31628
26849
13620
28668
2638
7559
14013
17960
19379
4322
11348
5041
111
8673
22005
16945
12042
13059
27128
21805
6463
23076
21910
14480
8355
17047
26281
21336
24199
30068
17075
12944
29470
31795
20258
24702
20451
4474
28370
15389
309
21556
14548
25806
15172
12515
3182
3658
11825
30007
9826
20699
25969
16863
7027
18892
13939
20127
23590
8221
642
13475
9670
16764
20460
13075
1194
27505
32356
8679
19387
21721
6821
1789
9520
2965
5464
360
8348
23171
24888
32524
25131
19373
15476
28776
22312
6849
10580
28338
5059
11202
23072
2089
15890
23036
5182
9895
10837
13117
20122
17525
3198
29506
3915
25444
25329
21360
19571
31257
32392
709
21606
19369
19418
23053
271
23910
16829
8281
14992
32504
6409
29613
3369
6319
12703
10745
22107
13335
18602
15946
19789
29389
25637
7746
27246
26514
6046
27590
29276
1438
1593
1782
10245
6710
17911
29794
27148
1153
2104
29562
16238
8088
11135
22855
5989
4828
6774
857
16524
31884
7218
30465
23364
10903
31159
192
19287
21934
7359
26622
27868
4766
2999
2815
4187
28125
26379
30484
561
25954
19363
20750
8501
13498
16046
8696
18587
10073
1694
23558
4377
25902
5491
11208
11593
28026
26685
27043
25935
13281
32732
16258
30139
5058
22283
22217
21937
3524
31133
8843
10311
945
8453
6652
23854
26248
31260
30505
17557
2765
30751
19942
6730
5924
22775
3848
19490
16670
16062
19413
32668
19539
638
19897
6849
32689
9276
22075
21582
1299
31797
6958
3861
26389
4455
21292
1185
8487
14675
26176
793
30177
25858
5859
16998
32663
16198
14122
5272
12076
66
15933
30086
11563
6700
21003
15797
20755
9042
6460
31868
8947
8539
26983
15717
6967
6608
9606
15573
5314
3035
24743
20464
9533
14158
6372
951
20398
21734
7828
14195
17740
9170
31683
13911
10386
28783
28640
5217
1682
30806
21430
21121
31372
20376
31134
3581
12223
11080
24050
16148
13695
13626
15300
19170
22920
19723
22992
27779
31890
23137
9136
14715
5413
5236
25423
17749
21679
25294
11936
10379
8916
15183
23952
28326
25349
8563
7225
12198
14420
10968
27992
22692
15238
11514
12545
26550
22378
30785
913
7955
16234
17471
2277
29560
13408
12594
30665
14794
2987
721
31155
22524
11393
30789
12978
32051
30598
25973
1441
9512
19614
29062
26784
27342
8960
7842
24005
28214
26509
32505
25614
20911
5471
15110
29850
4657
15524
19732
24601
16124
27565
5632
8322
21628
11842
12096
29444
15984
5945
7716
20030
17739
2119
19548
2226
27354
11285
27067
17271
31272
22166
6971
27951
20127
16281
6976
28985
5743
19354
12065
26408
5172
22238
5604
22131
9171
14015
21577
25197
1700
25924
523
29304
15063
2804
31842
10870
25104
23276
8652
18305
31573
30000
31501
13532
29738
17215
30068
27945
21754
746
4705
31708
3257
29541
12292
13039
8136
22687
20327
26840
15897
18639
31663
21176
1171
30799
13983
20181
28088
30638
3677
13130
13701
6145
16505
29949
13465
27001
3627
15058
30362
2107
9692
12574
4053
11115
17896
12639
30244
10890
31907
4650
24853
27907
10650
13156
30024
30720
9243
6837
16153
3714
10999
13370
16511
6065
390
2938
5684
16241
24044
4252
30743
1333
3227
15831
6350
11544
27929
12585
10415
18218
11268
3660
32737
16647
24147
15590
13246
13743
25054
22272
7036
28561
10017
23481
2061
20713
18492
31291
13123
5708
4415
2287
10808
10113
23973
31981
14061
27283
28446
30135
3377
19748
8594
12582
16069
30724
8290
31652
15037
24835
241
28828
23593
12035
26211
7983
19445
9297
4772
26409
14862
821
2220
8755
12742
8391
9218
27978
3450
6661
18815
9839
19826
24355
5461
29344
22024
2338
10832
24584
22797
11684
1627
30835
28264
9471
69
22532
8192
30352
21189
7210
27869
24402
22716
16080
1930
9902
24251
12756
21437
13717
11717
20155
26425
9165
13142
28323
4596
12168
27299
15992
12661
21307
27428
9067
21377
28077
16464
17312
27638
12367
28328
1831
8695
18379
18934
9518
30793
29407
215
4469
21757
31596
375
24066
11344
17866
7068
25877
21199
27231
998
20318
15039
3440
7253
19054
8379
26934
9739
876
27551
15925
16467
14857
17317
7625
22755
32693
9422
17154
29022
30484
28804
28081
24093
10155
17021
29635
25135
14816
3298
31950
19614
12065
16305
7146
31476
27235
32608
15298
25854
7374
11971
4331
5584
27318
20527
1652
13833
23758
480
22718
2905
29080
6552
21133
4416
25376
9097
24672
3864
29930
18549
28158
20309
24105
24340
16978
23564
9265
11446
19832
25778
31023
6441
7448
12583
29464
23005
27379
17906
11999
22598
31163
7631
13291
22402
13352
7271
11208
7484
16968
7774
16925
8656
2327
19090
16606
2991
18511
2210
15554
31238
19073
16558
26104
25242
23397
18526
20758
1782
30831
8486
19538
17609
28578
27592
5364
17802
24745
13594
267
20829
21540
9
29023
18746
23872
12510
8104
3148
31114
15808
7421
19607
8965
18554
5263
5854
18553
1407
9879
4548
8207
5163
28557
14385
2075
11340
3995
4855
27193
17633
18001
13750
21659
6178
30362
765
15777
10432
9967
31665
9642
11373
20938
7603
2859
32671
6750
5565
25854
1681
14725
18573
5884
8075
14074
30534
5325
2660
17096
787
9983
26949
17154
5133
1622
16047
27061
10079
16739
3264
26395
18599
8280
31154
3089
31392
31515
7588
28875
4863
13721
23965
29639
3482
22109
30670
9471
6863
27489
9495
29027
27940
12580
29645
8838
2603
12284
16315
1688
8873
17326
27494
21652
13814
16700
16022
8378
1191
12030
3601
30016
5739
17140
4266
25413
22323
7003
1402
8198
3990
25982
3950
596
15475
26319
27138
29766
2520
7222
23371
11563
29986
25513
1851
18370
23142
25597
2081
2222
28944
9980
28783
26916
31690
6583
6592
14823
12192
26398
25881
29302
5729
24781
20591
131
28744
27177
1386
11176
22747
6572
17769
24918
13076
1149
22214
32014
8383
26692
22363
24787
2339
10044
6213
29151
29412
19082
26343
19861
13608
32461
26418
19127
17401
16118
25380
6873
7147
8538
13199
8213
4350
31493
9756
19201
1221
19793
1167
5342
18376
12728
8525
27154
10792
14311
3355
6361
32641
27155
23080
6199
6676
27536
4174
15153
294
26016
13973
9276
26275
13961
5625
3318
8199
5866
6509
13844
9854
10574
28447
5019
25162
10242
20222
2388
17766
9508
2682
19321
31081
4349
18826
14261
9388
31377
6388
14924
2735
15987
11721
5013
3001
6110
558
4529
18367
18434
12130
4727
26759
18332
10493
25006
22286
14025
15734
18303
24614
32540
32744
23337
3171
23534
32534
28151
12088
15605
28076
8816
29022
14105
8136
973
23157
30594
440
12720
7662
27894
27654
29714
12072
7010
30897
19325
24793
19894
15806
20860
5040
6646
4335
32081
14393
27534
14547
8421
10240
2023
12031
12805
6649
16695
22426
13258
13855
19357
21023
21593
3164
26733
18270
4813
29353
23497
22724
370
3702
24689
5341
30772
3404
3547
5399
19287
20657
25735
10441
23144
4428
29837
12659
2931
15689
21112
5192
1654
5631
20054
25833
17686
20688
8464
11636
19089
16209
1016
30653
6132
17067
26273
31707
12430
3650
14067
6119
17060
32148
28542
29952
18534
355
24591
32146
13602
26646
25729
2264
696
1373
32214
24480
13134
32020
391
32335
6980
13674
21271
14372
1898
13378
23534
8129
4977
27609
13669
22759
17568
15017
14622
14209
15560
8846
27542
20452
6522
31528
29949
23637
21367
9088
7237
7115
12904
30446
30841
3575
10448
2362
19536
12418
11326
28161
16386
8598
24007
3930
27994
19359
5811
22458
29196
32339
11639
13077
31818
6384
1764
11078
1426
10692
18333
9137
12234
9971
14798
30759
30862
9333
15131
778
14025
11102
18135
20145
5762
5730
28791
30221
1785
6040
25158
30861
20211
19326
13402
1344
15186
32062
12230
314
7144
47
21009
19768
653
17055
9447
3719
30831
32208
15887
32545
7594
10048
31645
2330
26393
1837
20585
12602
28267
6233
13503
5356
2169
5387
3928
32598
5590
21846
10889
22986
16808
25245
2491
31581
8887
25687
13083
7125
29380
18960
16787
28105
20508
22192
21240
9219
15725
28928
9861
26153
21463
23914
32648
30877
23366
17665
8283
7073
15616
11713
29078
26047
1146
18455
10627
7528
25200
13732
2002
21979
26164
11582
31118
21320
24903
8247
14672
31285
10534
17634
16307
20002
11110
10836
6151
17256
2051
14696
27978
26727
9718
18182
25428
10720
30213
7076
4177
13984
22495
5132
10868
18015
21864
16224
15850
18407
10322
7772
32525
14969
15853
26588
3291
13932
11584
30366
14246
26903
21336
17480
8204
2033
2528
5549
16938
32503
11250
15436
16653
24142
23853
4377
1641
19242
18184
3201
2702
30702
16485
8104
22679
26517
4970
13045
8933
80
21900
28112
31692
12656
1516
11178
1675
12423
26087
16958
13442
4554
16360
32023
25247
16314
4225
29267
27418
5636
17851
5286
32610
9125
2218
9890
24151
22609
17732
29493
15033
8470
25715
28531
26080
14397
27752
10645
4782
11377
31539
10562
17603
25379
20368
9486
16367
6700
21508
12609
3053
11444
24617
19417
24654
8019
9286
27090
3251
14199
29475
27044
12607
8710
24092
3854
23372
27972
22387
27666
23133
23030
20203
23361
24916
18376
31890
28472
18406
16620
19934
31595
75
26884
10491
6689
5434
21314
31332
21440
17428
973
16561
19275
1888
8295
2735
5161
9591
5198
7094
5416
6016
11103
10807
7361
23711
26753
27797
2718
3434
6977
26678
12889
17309
30906
14041
23431
10766
15288
13866
757
18659
4125
21907
16689
25090
19843
30294
31308
29129
17698
4569
15071
10240
9972
6720
26188
27915
16920
18753
6726
18276
9333
20788
27540
13641
23967
9322
24593
20146
26878
18112
18936
17286
813
23924
26718
2574
28320
28983
28928
20906
27530
5763
26431
3523
26365
28718
25705
11520
9555
16448
13626
20669
27598
31490
28835
6329
28027
4183
27593
22286
32604
24399
12113
16487
22469
2042
20955
27757
23815
3962
23500
14978
18252
2652
6225
28338
6594
16681
30625
6886
14076
823
26242
10331
5269
7109
16142
5459
21014
7495
14007
15115
14105
30463
28041
12268
23727
2253
687
6661
1536
10568
21049
1465
27697
21005
16412
5301
395
26200
13434
6438
28633
18385
11556
28968
22033
11688
2142
13953
2359
29155
27874
5775
23679
18679
29479
26239
13490
6038
29666
18368
27346
23241
8142
28855
16897
22078
17576
28085
29855
31971
25470
28198
7347
18356
31786
29195
31628
28368
12826
27562
25768
14547
11858
10627
20436
21600
25267
7303
22165
28669
4733
20101
8391
1060
17427
7397
1156
918
32766
2968
23879
26099
309
17487
24145
16520
15003
5611
25676
24936
21962
2101
2607
8382
3855
22480
1377
23649
4789
28268
3361
20905
16263
11067
20773
18818
29328
4009
17281
19134
16421
9288
14795
18096
15910
10761
10621
29686
17280
27570
922
19350
16630
17292
29589
23629
5922
10588
1390
26659
3510
23701
30494
67
20488
32460
14645
4874
4814
12908
25282
8286
18213
4523
7283
2113
32473
4541
18173
10149
26080
9799
24766
14210
29991
14614
28321
8743
17042
18961
27715
17102
4670
19308
1876
17266
3337
3615
10815
3301
16468
21143
6669
32029
19207
20907
11142
22478
23510
20945
21402
9535
25795
7314
5888
29526
10212
26683
7453
11508
359
2518
27175
31625
4819
856
1162
26335
13200
16924
2443
10042
19114
8592
29995
23971
30162
1583
8526
9857
8614
9391
16412
14953
30514
18811
21928
4407
17078
13411
29903
15198
14249
23698
17252
25980
13823
12481
2442
14898
29864
10155
20576
5682
13657
13505
21476
17049
25998
29982
19473
10624
20688
10429
20811
14541
18483
19434
24573
26447
25380
25846
16257
4107
15713
23087
20544
6096
22089
25615
1306
4370
30038
28596
3080
20981
14312
1424
27135
12455
11332
2146
3608
23027
7644
24677
8175
30227
30417
26311
3400
4038
23222
9564
6905
29091
24215
16020
32004
28077
569
4523
14851
17191
20132
28447
24009
5802
15839
29031
16198
12404
20475
19938
23979
29955
29010
12814
6351
19427
5649
250
18641
26820
12020
1278
30976
10959
23377
27049
18935
1594
31832
4603
16140
11290
3481
7892
31468
25721
26311
14765
12159
20137
19131
30598
17682
31703
26555
26655
31924
6115
11517
9579
4576
5232
6503
30530
8029
2615
26521
24406
19299
17568
15149
8552
32511
11155
13117
7100
11448
32651
1574
970
27251
7149
2700
23350
25236
13209
20895
12546
24678
15294
13980
771
31677
30962
1942
21393
10202
25218
11126
18307
10638
20486
26945
24667
14499
9529
13465
9917
20599
28680
9095
22822
29674
11497
29047
29402
26746
9582
13188
7966
11437
7450
8694
27816
11696
16499
6921
21844
61
2648
17137
28184
8385
5013
25882
21306
32447
181
31412
9408
22383
536
31343
10025
9132
6725
21891
23642
7437
7808
17908
10459
7761
9632
21012
22851
25344
22811
10569
7153
27215
23651
15888
17149
324
15989
16706
25198
14364
10670
25239
7854
18154
17889
31336
16187
9600
168
185
22942
23186
12279
30070
10401
17945
17143
7677
25533
27382
29969
15325
10962
31704
14152
8413
23067
12127
17357
17473
23136
8066
4045
15688
16749
14382
3982
18169
22212
31023
186
12575
20623
3924
12027
25235
23768
2254
26311
20665
19196
10458
2686
4173
26973
7840
32178
25440
27480
9050
23237
26781
27511
17336
9914
20433
24039
22659
30533
14251
1836
29314
16164
6336
19219
15770
13490
25041
26600
7992
1722
10577
29162
5108
21385
6178
8956
4206
5703
29088
21149
27004
32391
23776
10778
1928
26140
21305
26882
26931
22830
22532
19931
14654
25742
23969
30483
31659
7751
31675
20538
5663
7286
23244
24430
14219
20059
30947
1814
25355
27567
11173
4051
8719
28216
913
3763
8632
18844
29833
31656
16261
21875
26510
3129
18734
7583
6604
9848
29648
3296
27862
52
20043
9635
3122
15983
13032
15643
3096
10514
31808
27795
25975
18144
345
11523
29497
30121
7441
20705
21704
21184
17600
20537
22993
1967
29209
6912
23368
20264
25681
26022
9644
17983
31876
9194
22668
24023
14676
9714
24394
90
5587
2971
26399
16302
20387
526
30303
8036
22619
32660
2302
20274
30253
29099
22100
27043
22470
4441
9245
2829
8054
20928
19140
21700
10641
7411
20193
12429
4629
21256
13312
26709
15756
16238
27812
26147
26932
30849
