32617
8071
297
6276
22307
8418
14273
18435
17677
32561
19693
32629
9236
4925
14754
2569
12417
3773
29963
7499
14460
31435
18735
27454
13774
31381
23246
6827
13547
9813
26763
6584
11567
4739
1361
32444
11880
22344
20975
27474
1941
11319
31237
9645
19181
27704
30756
23595
21283
5572
25905
18220
11753
7000
22282
7460
4019
6179
4716
3311
13501
15618
5141
12901
21327
2479
13605
14639
832
9782
28362
8665
16057
28840
284
23847
24635
4882
326
12717
16867
13744
4839
8090
25069
8543
20664
14037
12408
26193
10350
4939
27272
23300
11746
29575
9809
1909
10607
7555
29875
20625
26011
1469
15361
30700
32762
27790
12294
17333
16720
26039
2890
25322
16630
32317
28049
25032
22399
29816
933
17030
9370
13926
23637
3650
11322
6725
3774
29244
20213
1376
5577
15682
8618
29993
1269
20843
26727
7816
31319
24072
14474
6003
29151
30168
1574
16063
24028
21883
8360
22069
10434
28201
25274
745
1067
2212
6503
10183
10525
5227
26240
20079
28043
30513
8767
4675
21278
28813
43
16829
29493
26099
31547
10759
27690
10979
19774
16581
13271
6496
30074
8245
29528
3748
4756
2427
20499
8210
5040
24886
17910
7276
1240
23127
30464
11590
31394
17203
5123
11451
24845
10455
17064
862
12717
17563
9395
8819
21768
26618
25736
28256
13119
23200
27374
11614
14321
24261
8724
20084
19804
20410
27090
7334
4805
3777
8496
12906
21018
12834
26924
16731
30935
10875
1208
561
6182
21080
31235
24817
12362
7171
22777
14689
19261
20894
19213
14271
10904
7022
20534
12722
3252
16506
19767
2945
19727
21845
20260
32131
25585
19768
10274
19927
2383
8531
18798
21076
32495
613
32417
20163
17869
18571
28210
844
17086
5461
828
32559
5715
23583
9345
2997
11264
17567
23728
17253
17533
7098
22499
10618
32621
18076
23148
21909
10302
27655
5329
1968
19024
18411
30997
14419
20569
23864
30009
30986
13064
31216
14083
14614
31464
16768
23806
16995
6536
12624
14530
698
24025
21401
1653
30008
2007
5239
15762
16383
16235
27967
24297
23083
29328
23058
25576
19976
24246
19890
13080
27522
18787
6037
15850
32476
11296
28728
11188
24485
22419
8118
13815
27624
20969
29337
6627
17316
29815
28912
17181
22651
3232
2978
5055
9646
1017
13313
28065
9289
21419
4514
24791
20379
18201
19053
9082
19945
20931
4336
13996
4452
31850
27896
23766
1367
11638
29283
17716
7077
20628
23088
4244
20083
8611
12760
4954
27170
7889
5345
30920
13184
26113
9392
11132
15935
369
12959
10042
1958
26521
20559
6124
10630
12886
14912
27111
14704
20807
20638
12144
10277
15223
4702
32639
13646
25661
20106
12739
19309
30561
32729
7141
22548
8320
1667
13329
29781
25010
13395
15539
29049
15721
24318
23934
7668
14237
27827
19891
22169
29222
3827
29600
14347
26729
8099
7527
1140
3638
21600
14080
4473
22001
15378
8577
21101
25072
15044
3997
21188
25893
30643
2923
13515
30461
29092
2409
2199
24199
11643
11457
3899
6361
13066
8395
15935
7856
19495
11218
5965
11606
14849
24347
10284
5833
21684
2083
18163
23833
18714
18217
24182
7442
26852
28396
24325
3099
16618
4534
10070
3422
27072
24473
31167
8745
18058
14841
20904
14740
9745
8267
11585
9061
31254
23067
8048
10800
6374
596
15886
6339
15662
22460
16466
11969
14353
30398
24973
18572
2424
24684
23576
15976
21161
29380
4235
16094
22300
13874
11568
10335
32649
9303
27064
9770
4934
19465
11052
5232
7120
30363
9254
28597
9896
12894
17728
21369
22880
26215
4557
19480
3061
21395
11463
32751
23903
9929
12809
29632
30311
127
12222
28247
28345
5504
21530
16238
2106
19692
9032
28111
13467
32640
18851
4280
6447
15383
24104
22659
1273
13681
10539
2694
3338
15668
17226
29753
17162
28720
8352
6550
14868
30695
23611
8902
19911
1357
22479
19705
24473
26828
939
25238
32367
27531
25325
32404
11371
19952
8178
7975
14085
3940
17681
19360
21854
25430
28041
20878
208
30594
695
23850
15306
28531
22925
28914
15067
14662
17471
147
9228
8114
27711
13068
22643
15685
2156
4113
31749
13552
17287
7341
12204
21446
26342
11052
12698
1
7532
25144
22492
6470
25272
16194
6450
11818
29341
6180
6174
10996
19666
24580
25659
26020
8427
13179
26064
11061
13960
28662
10149
12832
9677
23133
29461
5665
29714
6387
29285
16701
26843
1150
19796
26116
12042
5287
29683
28436
5715
27555
2999
2014
2289
17683
13005
8877
2455
19497
3501
8164
19882
7437
21234
31366
18349
30079
18793
7676
13821
22717
27752
18707
2494
10919
10849
8773
14869
1569
29110
24889
22423
21177
32719
12685
29698
23946
9835
13010
12843
31071
31539
14808
4664
27164
9621
14124
19983
8026
16079
26336
23055
594
30794
11658
24061
23292
31786
18063
14913
4216
15395
10146
27986
18604
8846
15751
28015
11055
22972
26141
19088
19301
7562
19355
11420
32236
19253
1306
476
7479
9072
8276
29104
377
29364
30891
26496
12229
5080
32621
18934
1139
225
22870
12906
23749
26139
30038
14494
971
27497
149
9900
26243
10201
23477
10556
21317
29563
30039
20474
18526
2932
11744
29256
5628
15438
10365
19503
22346
1682
11620
26524
1755
29081
349
9673
12876
159
22145
31993
4389
32281
14914
15976
769
4424
9388
30850
14575
21007
3307
18771
3607
20226
9996
13631
21409
14783
12040
22003
5074
11649
25854
30107
4216
17394
7872
27221
137
27713
4753
17894
20743
14453
16173
11693
27942
5377
5386
28373
20913
7832
17630
8910
28586
2626
22369
30717
8753
21424
29268
29362
15270
9676
28354
14939
28178
12693
9350
18168
4803
26410
3853
719
5431
17700
12125
13409
1340
12841
20310
17564
5204
5311
2616
13650
606
7517
15974
23530
15731
30408
19562
13398
14607
20637
18232
24645
16497
30761
31159
9881
18500
29569
25981
1819
894
21199
7898
13933
16265
11243
10777
5697
19361
29739
15874
32201
28541
11387
4004
26222
13617
5040
2897
20677
2643
21273
7913
30143
31836
22871
31068
6176
5202
22383
25450
2610
5540
5150
5549
15290
9302
2413
12250
25643
5725
132
13636
7450
29773
8131
12961
242
27953
7951
28945
8681
16826
5738
23132
27954
27293
6855
29307
20084
32310
7452
2651
10108
6513
16312
4061
28719
20458
5591
7969
4802
26451
372
14596
22573
25111
9054
17127
30940
7484
4494
13235
9640
1422
18360
4633
7431
10234
1568
10271
8319
8504
4783
4056
24161
12461
4166
32114
9139
29327
24658
27255
27246
1354
17057
1612
6122
7714
10100
4094
32662
20762
26581
32061
32236
4117
22570
4777
16292
9532
26891
20813
2344
11423
19025
23913
4681
20767
17519
17013
18992
20619
15366
14434
6039
2825
5043
20003
26937
8632
24620
7532
10886
26771
8843
27578
28828
12185
31977
23699
29555
10027
5423
6415
10071
25525
6697
4247
2716
17552
7900
14061
31629
16935
16410
25452
10917
26457
18515
13714
32002
31263
17838
8891
29462
5999
18008
4399
26528
18016
12060
9311
15066
18062
24629
7788
15860
7616
7264
31465
29378
10440
26165
9954
29618
13227
18358
31261
6144
23810
14377
21919
10285
18592
5155
2930
13997
25973
23526
29606
28896
19122
11244
21142
31811
28718
9156
29805
13288
17929
12061
8680
23075
28559
25889
21085
4743
9567
29188
16124
14352
716
16092
15189
25506
17027
19379
30490
14002
11886
28634
3366
15939
18137
29825
959
533
25812
15749
8728
5145
23512
29833
16154
13351
24237
27208
28004
23539
11146
8745
10385
18238
17279
15381
26553
19529
12560
12421
14650
6287
8739
4831
19384
9651
22812
19970
2146
31416
14662
3871
8823
3440
29301
21196
16393
22583
4073
18515
8194
30689
28278
32592
24932
26096
24034
4987
20437
8970
29071
19138
22874
26027
17497
22939
4451
8472
13250
16792
25864
30868
22093
32315
25746
29397
12583
29709
17981
441
28940
21994
1596
12854
10857
29855
18430
6287
25790
11447
23728
19662
30023
26257
4867
2926
27867
23734
13359
20056
7444
7274
21048
29201
30896
29825
19311
15153
21303
18036
10045
20503
17374
28084
12316
31451
12204
12606
28390
18308
16091
29552
27474
21115
16769
5147
21947
23360
18288
14553
32292
28508
28506
28577
15482
16791
12601
24472
11800
362
10221
31786
27793
18103
7719
28250
8617
26040
25223
10326
7332
16182
9985
22351
19652
24827
28549
10119
17677
2697
21471
3756
11595
27148
6364
4196
17494
9614
25774
12585
22421
1130
4753
2903
21441
19715
27055
14979
21227
10933
15169
4367
19393
12300
11256
19451
17933
18740
11419
14590
14462
12977
26097
726
29611
18512
7137
6108
15957
16478
19416
24283
1772
10007
2667
11810
20053
11873
25662
14552
12267
9659
17956
26256
10948
11888
12423
18717
4149
16
14859
9384
15256
20768
9582
15872
30540
14353
3763
25392
13054
6255
29567
25175
28455
28763
6851
25268
470
6715
8091
21505
6320
22192
9078
26626
7221
13001
27512
19037
22597
7798
27932
2732
3554
18239
3614
27857
21047
2869
7064
5001
24281
6185
15467
14661
14158
2845
25312
27445
18380
9208
399
31397
24898
24958
1920
6284
13981
6526
26513
20322
16196
24909
12055
20275
8932
23156
28616
16370
4723
14246
217
3599
12911
3573
23395
25931
31335
17989
5643
19916
11709
17152
17378
8044
20906
3595
14986
16215
17538
8953
923
23509
23098
10623
32068
6756
8743
13352
28214
27658
14856
22346
4285
31721
21063
11321
22832
27668
18300
5306
31628
21665
30003
21179
29788
14592
9711
18497
6364
26507
17519
29601
29277
30557
12847
31731
26859
22632
26418
25028
302
10690
16127
10251
12686
19008
5866
2398
4762
22342
8596
3430
28331
3549
5045
4753
29892
16902
3609
8198
4797
24655
26857
5086
15009
11683
17452
401
5972
14694
397
21678
29817
13762
2911
3024
23954
10811
3294
8141
14441
13450
32696
27440
24240
19368
13004
9706
31460
14633
11825
18756
11383
15563
6266
28696
14125
3663
312
1857
16839
12679
13505
25168
26591
20657
32048
2176
8979
4355
29869
19949
20325
5511
19695
3328
20194
9257
12286
5166
4226
8463
7742
7138
32336
21544
28073
22711
5834
11528
20060
32235
13707
30963
30805
17425
20263
16183
26235
18437
9303
14271
17118
22053
12374
4070
26689
30142
22154
29065
7382
18629
4967
96
27208
5064
13457
16782
14078
547
23616
8566
1183
31351
21481
3025
30673
5976
29211
18941
3399
6214
6055
7064
8186
24287
2051
15694
9398
19538
8432
20975
16089
4887
13659
25029
4696
20702
3969
25636
30466
1221
24151
1858
28937
13773
4649
10825
4798
23951
27777
15787
11164
27435
18250
32182
26760
29314
22325
15208
18775
23461
27996
10116
3985
9868
31782
21477
2676
5900
25450
24339
25660
23811
18391
32276
21666
3286
31123
22661
23715
31773
11810
27369
28546
22172
4490
25408
11536
32630
29364
11228
4395
4765
3862
6256
15493
6797
16783
26986
15015
20026
6290
6530
26933
27462
6023
10643
25715
120
10094
24234
7432
15466
31430
9821
31490
5249
26797
5471
12827
22562
840
13393
11066
1059
28005
3802
10045
27264
13151
14585
32502
592
11074
16026
9331
29687
8240
12648
18819
13724
19716
18659
20341
19422
27188
18610
25635
706
21244
8506
28720
13040
1465
32367
14989
26400
915
14570
25922
30159
21342
23869
10091
25398
11202
15747
26752
8060
2202
16699
8410
29995
12187
26454
9075
15329
26678
11918
13550
9032
27327
22522
5079
10823
19150
14303
22059
5754
24806
2250
16411
32736
30548
29915
30733
17620
15962
18788
15332
31295
19341
2227
31617
11275
10364
20011
31881
475
13458
14490
27497
7161
24126
20166
32152
15503
30544
4681
2332
4379
10407
13471
13648
12317
18697
8830
10468
7954
6994
22885
22821
29862
14289
15224
24191
27430
9455
21899
29248
30516
25361
19325
31134
14014
28608
24263
16892
19505
1032
17236
21097
31209
4637
13972
30314
4589
17989
3276
26105
3545
3825
10416
11981
25371
28717
4403
17116
26466
9787
6558
20511
22868
23419
20447
17813
24960
30095
9508
10634
8083
15803
1193
9497
6094
26770
19662
26864
5303
16591
24173
20307
20751
31105
13930
24420
32261
27499
17804
5537
31145
16810
31371
5550
18851
22936
12906
10581
11813
23025
774
12491
24862
17716
5104
26676
21937
2892
31096
9834
3045
24176
17930
30970
19614
20296
17854
16752
25036
29777
6186
14293
7906
8322
7291
30325
19850
27952
25540
29414
21142
6959
7573
2117
7994
3898
13008
30403
17017
28052
696
31840
11998
6384
30283
27383
2156
6287
24018
24443
3799
10664
19638
32384
30709
12
26517
23037
20079
31242
22677
25680
10428
19344
24056
5250
19536
25748
9969
8141
4368
5810
29366
27739
6410
15895
9687
8529
12387
29085
18894
30732
27024
32311
10967
12970
18889
12688
2050
23501
6587
14319
2438
13211
11902
4446
29016
28170
16070
25099
14844
9818
6237
8686
6044
11235
18897
28588
3927
3088
5226
2748
6363
32172
14942
14536
32310
4444
32072
6742
28137
19309
24791
12967
29502
2768
1475
9951
18652
24931
12550
30823
14745
16755
21320
16016
911
9342
9371
9081
29042
3901
10344
10290
7713
5857
11689
29729
5754
19358
8025
13221
19827
11366
14633
18938
5734
2039
29813
23133
6573
28439
16758
27760
30575
7198
24761
12255
3257
29622
28880
9028
3793
735
1095
8776
28871
7734
21466
7947
18252
1654
24804
2759
7879
13887
7195
12720
30630
15638
25723
3614
23794
19374
29312
22253
18727
21861
920
19748
19778
27410
23000
3286
11803
13054
25582
25926
27637
8752
8535
31822
26708
23278
5842
16642
7695
21632
26388
29072
8101
12343
25533
14443
20436
24494
10891
9384
2152
80
8909
424
9042
4122
28443
20983
6649
24482
10053
29044
11989
25945
28297
8882
21817
22029
14857
2975
19312
9906
23420
25955
6924
23393
9251
25483
29563
18337
13310
5735
4827
9190
18753
19632
12559
7255
9218
14446
8467
15572
21044
23321
7308
24120
30680
31999
28068
30939
26482
13285
27412
92
7866
15601
31362
11421
31637
11720
3342
21518
15683
16627
18984
15151
9690
16775
23716
32080
20467
23045
5648
29339
3235
19071
23621
14165
23981
18940
5436
14433
24565
5918
1315
26886
14904
31746
21168
1522
25595
18792
9654
2430
22721
3348
5110
13619
2945
1908
20535
21645
11863
9346
20377
7424
8826
31724
22822
20281
9326
7282
13226
32166
2171
9872
26052
7224
7005
31326
15422
15720
31549
31924
2714
8312
31968
14225
23021
29947
28959
22974
31217
30615
24215
22958
10325
19466
929
16297
16983
14443
13445
23338
13461
9650
27114
26501
7456
2427
5009
25548
21459
7431
835
8692
19683
1412
1032
20788
2486
20878
29082
1966
3065
28661
25625
3921
32493
961
17408
31230
2817
14707
23128
16617
1958
398
12588
29507
32607
21590
22588
14358
14871
25304
25077
10096
16824
22826
11425
16067
5369
5620
19420
29836
31864
31535
9799
12083
13832
15405
7040
9010
27212
19674
18001
23674
8325
22081
12071
30482
9384
21586
710
19202
5044
16610
8508
3951
578
28659
6419
14599
29021
310
25291
6048
1429
2766
28808
30491
13391
24919
26119
18319
23391
8487
3286
4260
30425
23763
22725
13372
26915
5365
4248
17497
2383
23853
28414
28731
27560
21094
20423
19656
6283
18011
15697
31793
9593
17497
29251
30931
25705
21318
9086
1883
7523
6370
9809
5166
1610
16973
18156
8
27898
21962
25368
8162
18323
20930
7461
29722
7955
15628
15139
23246
2091
3179
1621
16776
7755
344
16098
6689
13568
26114
30670
5855
13183
19092
28457
29153
20098
10166
13958
17341
5202
2646
16303
11623
32549
11432
8599
22869
427
8299
10640
6112
16868
28271
3262
6894
30260
20308
19916
5326
6329
24980
10973
15971
25820
196
10182
2181
21286
8726
2170
31908
1878
23075
20421
4270
25776
28647
5694
29235
15511
8461
19831
3272
19294
31597
17270
20393
30556
28628
31337
30370
1598
515
10389
23087
15521
14842
29840
2786
7137
14966
16816
15365
12843
8376
8387
16769
12506
4488
14592
9470
15616
6010
15678
5708
11842
13936
16740
15105
12266
22624
1057
8548
30775
30551
221
23178
2551
10430
24047
32703
13400
28125
2832
10024
17660
28061
9231
2982
8267
31634
27591
27644
13325
4152
29519
25909
30776
5757
16752
19520
29190
12928
3676
19166
27979
26009
26524
17342
24582
13209
20555
16869
11318
11603
12674
30548
13295
1115
12051
3813
29612
3085
13434
21879
5863
19409
19984
32330
15079
1694
8834
1708
21466
23485
8322
31958
26659
25808
13500
11793
5621
29970
7180
29
5921
24032
9710
31186
14124
23673
31542
16136
28581
5378
15617
949
7861
16077
4075
14933
3064
26074
26498
399
12171
26014
9723
5397
28519
260
25636
17868
18157
15282
30106
15661
3265
22669
32060
4075
19164
8575
9695
25557
23773
23672
21316
11519
18592
4530
24391
17948
1298
1850
14168
26671
9028
5548
28207
17763
3518
14909
5564
19254
21013
2559
30045
20445
10432
27233
28756
12004
12071
13045
12408
6422
2045
7287
26922
7068
21968
8458
18059
8809
17374
12740
23789
31189
4395
25965
11399
4999
20944
1156
3436
4761
23190
5763
6078
25335
2755
21605
23582
24584
26676
9316
104
20113
16812
775
5277
11734
19308
32092
13345
9218
27140
8322
18215
2504
8040
619
30825
22859
20038
18400
13084
1083
18327
19398
15651
30017
22133
19359
16771
16542
15916
15700
24343
18447
24211
12849
3973
22003
29341
27441
31344
29615
7467
636
2287
32594
14372
20014
19774
17525
6600
24666
4788
7270
17473
18511
10741
22917
13179
31001
17769
493
15670
31051
31213
7511
14170
16380
14280
6716
22666
25360
20448
3642
1787
31417
22830
21945
2439
24124
2671
22222
20221
7673
23580
27488
16316
24230
1693
13961
19840
31195
12474
26942
13691
2003
25170
14899
10408
13937
3919
5369
20060
4481
20185
17513
21790
8257
4810
7238
1464
31775
29538
26142
3214
17605
25405
5489
27951
5459
24449
1814
21546
24299
28764
20441
15139
19571
3502
24169
4901
5014
15362
29810
26938
22284
30147
15110
14649
32284
13485
30273
25312
9567
12161
7213
29986
3270
8189
21219
17346
9950
9483
6643
31521
11603
5433
8966
9813
24244
21865
7618
23418
18805
1993
31470
589
18490
9990
27351
26871
4947
25021
6898
6950
2946
18995
30402
12130
8709
11845
28668
32415
464
11170
4586
31246
24091
21559
25613
4921
2588
30443
24582
27215
15894
24717
32439
14012
11666
10506
8357
7677
21228
24804
21920
27827
5138
13023
18343
26102
9353
19966
19718
7403
18609
11181
26049
3225
24137
1600
10293
25080
20021
5020
24829
11339
19327
22580
27155
26544
925
9784
32055
5622
9202
7432
1429
22958
22679
15599
13474
18309
10330
25358
24135
25041
20999
16790
24641
29289
3815
10299
6344
14010
24199
12517
12398
4631
16314
9384
15179
14929
31457
11510
30039
4744
24938
9491
7703
10304
9879
8138
14204
1719
13697
30047
11272
21623
10332
28100
8242
28455
17660
23311
29452
31142
8856
14380
12835
4187
23759
8143
1190
6086
30696
12205
20939
22875
23134
11244
9839
25233
32668
30424
7677
23094
18437
12503
21136
16389
2615
5279
6236
19066
18833
25510
2122
22245
13811
30426
7650
8126
22724
18323
27758
11576
4922
1222
12124
13336
20949
2171
14821
22216
6445
16769
2540
31911
20462
25952
553
13220
27169
32399
3974
20491
22957
10983
15817
16030
26653
7768
32628
15592
23971
15835
11497
27598
6493
26279
32466
28775
32472
13736
1984
5902
23763
25389
28946
11445
12613
1761
32537
636
28321
22524
8314
20354
9816
15802
3283
25850
15519
17421
13985
26754
2420
18574
5217
2225
2779
29626
1269
24559
3182
21083
21322
31114
26644
9028
7480
11526
17425
11585
8617
17332
29247
12622
14846
7302
21658
19719
686
16929
27394
24928
30512
10036
28221
20886
1308
32008
7228
11878
23181
22617
6559
8572
29641
6245
3195
11566
11300
17474
21594
5226
22049
21108
899
32493
7899
3775
32124
11702
16547
4666
24270
21435
18667
421
4616
26330
30051
1532
13830
32018
27745
13132
14707
2547
21638
20934
20365
4179
3999
15634
8744
7235
7369
19942
25846
6466
26073
470
11781
22704
31738
21870
14217
23685
1944
1150
28380
14914
28541
9397
29891
10792
31546
20081
29427
5800
29897
18390
27348
16412
3440
26142
24964
18612
2536
6447
3359
15539
31167
21875
26430
27355
32251
20452
18621
8485
25344
16486
29378
8630
4532
7770
10490
25615
7136
2928
16678
30340
26586
24764
19415
5103
16225
4621
14965
16805
17864
23418
9862
2473
6487
27965
7725
9504
9198
2501
6641
11013
24299
18950
32704
5918
3662
31764
22324
15663
14107
20464
4885
31853
21760
18081
5150
18229
4920
6023
18692
21246
3247
32749
4020
1165
22375
12509
15324
27752
24346
20280
26286
26508
21281
14854
27617
14434
11156
2826
14328
11248
2483
1433
19398
8012
30596
26541
6450
31063
19134
20790
7480
27815
12006
13744
23344
5573
6840
3066
7507
18841
13512
12390
7803
10274
27497
11533
298
18283
17358
23653
14286
2746
9327
6677
16963
31242
7854
30215
25754
11707
31675
7615
15129
8841
4277
28652
20354
2491
7698
28221
5017
27036
15936
374
25824
8751
10124
17347
32165
10783
17732
17740
30526
6133
27672
32521
16788
19341
11718
26584
13278
19403
4087
24525
6831
11402
10851
26057
26419
4309
28732
19278
25525
7514
10442
23185
4453
28443
23379
8913
4953
27239
12861
24296
19153
30217
6518
10784
2239
30399
7188
30535
30855
7918
17721
32262
10243
26259
2106
4718
20682
16253
29696
6868
18098
22970
13742
6111
12179
3151
11907
29407
26702
13868
8451
1632
15118
11102
14673
5376
19150
647
29920
8829
22556
22155
11594
25362
17180
20621
19072
13572
28367
3610
24612
22648
27029
14243
14899
22919
32497
23345
7399
24724
5773
24404
15324
23773
1150
8796
11377
15697
11976
6604
22385
11170
11301
1548
11763
32154
16386
3678
9598
20658
22475
22803
16241
993
28008
29695
8098
946
29448
8490
30278
7321
11293
23496
16657
18311
6055
10604
10142
9404
20406
2936
30480
6365
554
9432
250
16454
26302
26608
24956
11425
22085
24786
28847
8375
26419
28597
25411
16007
13150
1955
24167
23445
11014
17777
745
28549
6419
29428
13215
20712
15519
19058
6917
13398
7092
3671
13351
8637
29527
18729
23234
21496
26821
18878
9894
13988
24572
12205
5726
30255
7037
7170
19731
22065
2385
23094
26542
16896
24906
5470
11581
19327
30859
28066
7832
3126
28234
497
10564
7336
5589
16883
407
5600
16851
7231
26653
20814
21709
23759
24123
23249
15085
20400
3602
18709
12549
31742
27046
28703
31954
2832
17728
8742
31363
12272
28945
29349
9077
8974
5655
12206
29249
1589
23109
1409
18424
17597
4062
93
13997
17411
29730
24726
21812
30742
16684
29928
42
12467
5915
28427
11317
12916
112
26247
11661
28740
5559
32202
6332
30998
1130
23928
8354
28119
32018
31234
5563
5024
19631
22394
27301
22065
9562
16294
25052
20123
23081
7763
18633
8764
4691
30699
25595
19952
14228
11850
28852
12678
9171
1998
24487
28529
20995
11437
11520
29888
5703
3724
31141
15697
8537
28237
18875
10305
21292
29736
3181
28838
8400
3581
20712
7809
4503
2024
19626
1006
6006
4887
5885
6814
18093
11992
15806
21895
12458
10230
5987
15066
26155
8774
30269
23094
25764
24701
8441
29467
29408
15940
13421
24481
12522
4239
21138
5994
24366
24618
17100
24277
8412
12948
26482
30324
15757
21777
11402
24257
9769
24059
21460
1036
16648
22617
16907
26296
16727
19891
12647
5031
3518
8740
28006
243
31295
30384
31692
8927
22882
1496
22248
19725
10383
11884
7450
13297
23483
8353
22930
8837
3143
24931
19034
14398
3876
6124
18327
17215
13884
22934
12300
2766
16653
26605
32479
7684
16535
5385
28320
31432
29305
16923
19847
8446
22359
11333
26365
26107
2174
31663
9822
7228
4299
18647
22270
25432
19657
3112
9578
13364
5657
11215
17904
32118
15895
7114
25697
25660
7098
17473
16661
32013
12476
8730
7984
4368
10747
21960
26660
17275
16160
5219
10359
11087
13694
12030
18887
13635
2621
9269
11787
25085
1975
28677
4123
13448
18978
3553
19827
25859
30576
24833
32051
11158
11891
30462
30827
14251
28997
22684
14230
10074
3815
23782
10596
4900
20520
12929
26301
485
27592
4922
26626
22788
1502
21985
8086
7405
15991
21082
7581
5569
4992
19441
8451
11339
6630
21998
14784
4919
20987
26217
24667
4222
6940
2912
9901
31525
2705
30215
26088
16679
10676
20575
3544
2480
24405
4362
31080
18315
2142
16734
27751
20446
947
27064
7820
18709
13660
6163
30648
1564
17638
13529
24956
8657
6918
6648
20955
28345
25216
8249
29521
3825
4167
5838
3604
18536
14054
22825
5785
26956
10526
30485
1370
20674
12241
8959
23511
28634
22303
23188
31450
22210
5838
32146
11776
8762
23023
18135
4213
23879
10686
23487
12031
11052
32715
26028
2878
19862
855
27110
25650
23319
13825
21414
26621
14805
21410
25709
13034
12932
26997
32410
16303
12177
26747
32316
11503
31904
14109
5157
31747
6713
1556
22336
11514
31166
27782
36
23518
13729
3953
744
17209
6611
22605
31545
18392
4224
32493
7851
29135
18169
27303
10573
30398
7922
11956
30848
14674
16365
9689
18441
25102
23798
28999
17764
30027
657
24257
27995
2685
241
31228
26584
2233
18026
19787
22008
3188
15913
5500
18016
23182
1827
27900
17364
1167
5963
12866
12806
8752
7944
11627
27819
17437
16614
14626
23764
1017
29068
29379
30844
21922
5102
13760
24669
32183
9667
26179
4105
20824
4154
20245
21557
9005
28904
5822
31576
426
28421
4078
29813
10897
28889
26907
20532
22456
17777
32620
22584
18700
5782
22742
12461
12246
14080
2437
14368
24381
8390
2173
6548
26124
14361
14209
17618
30134
9778
8755
16640
15000
24713
14462
3445
2429
12360
2097
1228
1639
19967
14828
30263
10381
26009
21824
26902
16288
5775
4114
16073
24146
17499
11584
9922
19993
19248
11912
6366
28720
27880
23973
18933
12256
2622
28858
20144
27133
31805
19956
24730
28083
8696
12907
31098
31363
30332
16458
14561
24456
17155
14384
18431
8191
16746
25046
12218
16646
17125
26609
21762
9380
12018
11098
3934
5642
28299
20844
3531
27416
6048
4525
32199
24355
27844
1713
10409
2806
1319
1596
31539
7702
12484
17575
11114
15691
27867
18309
28837
10843
31906
27526
485
6425
31288
411
20068
21918
29658
18266
9329
8151
26969
16037
14970
24640
15819
10374
20075
6638
29057
10078
20279
15827
14394
19519
17587
17214
16278
5014
27051
10657
14798
5389
11312
18327
161
27311
2095
2853
25746
4941
28744
3904
31824
21537
14556
10896
2166
23986
14696
23412
16244
14327
6162
13638
5581
14783
29570
13024
22148
3921
24307
4703
8144
5199
25738
7719
6167
1248
486
1831
28442
18957
21240
13406
32622
25964
24341
11165
9259
16380
15433
30607
5864
24657
31983
12024
27110
19441
7038
314
29323
6141
22694
27677
14354
27924
16284
32463
14978
628
17586
20010
9692
21602
12842
32310
17817
6605
22348
1263
19539
15662
11702
2632
17347
23730
26868
2415
14571
5531
9296
5971
30868
7907
8939
29284
28667
30499
22029
16281
1480
10676
7610
6328
32575
28436
30598
20434
17850
11403
4010
3084
8279
5902
26710
9126
13806
32099
2889
22325
27462
32134
31136
21043
29064
10572
19947
5306
6387
24134
17542
10893
15314
21736
7719
21336
21931
10986
4275
57
6842
27887
14934
19070
9117
25445
19154
18353
337
9900
22295
24274
19805
15994
2837
739
2637
20606
11726
30378
26722
8771
11183
32178
17032
29272
6944
7827
26504
27822
28506
23155
895
15937
19832
32205
15759
3066
14289
28273
24020
20692
902
6860
3994
26431
19543
28266
5069
16834
23227
28601
30640
5859
12335
27408
9170
1099
11726
20207
22335
27942
2338
7561
25331
6089
826
6015
14740
20119
5628
1007
10080
2085
3005
14765
18020
23196
13583
19920
750
15967
12506
2929
17478
25582
31407
6319
3481
8459
13144
27894
11062
14619
22452
31874
16381
1230
22978
15646
18195
15618
20475
26674
24027
27877
12005
7676
27170
20314
16613
19998
28826
7071
20564
2393
12170
1324
14294
8344
20931
29406
19687
13616
19926
12628
22711
7782
17796
9370
4920
18482
31094
15620
21621
28482
9519
13149
28709
24130
22334
20545
28544
4187
6584
17096
7505
23801
32485
19045
6221
4306
26170
14349
24483
6180
3463
2715
3540
7741
17010
10867
13765
17985
18468
2149
5651
24872
17730
9173
5798
17670
19999
15385
17545
10639
24368
12579
16376
11738
23488
22368
20667
27493
25828
17119
5299
14938
7346
19894
31923
2832
10670
23970
2961
30933
3717
11501
2940
31211
10750
6805
11663
20688
29485
17834
18343
8898
17898
30712
9330
22403
21377
9190
6601
9818
2987
31134
22848
29786
4541
22382
12027
26598
4640
6510
8899
21877
3073
3172
12120
27027
25417
2020
1033
13353
20176
29628
1155
30973
30413
15503
31463
27004
22418
31679
12319
11192
15478
22160
24177
21165
26386
22667
12884
11208
14000
19745
19843
1450
25600
23697
81
21545
9485
28684
11580
21911
19824
8470
2756
7495
16067
14383
14206
10062
15705
32435
21604
22919
32044
26623
6511
5594
31511
21973
6248
16829
30278
31746
8699
26362
7658
10045
269
20915
18225
27475
79
20388
16245
31873
28179
29865
3764
14369
4703
2176
15936
8330
19264
463
30647
20529
17249
12905
4150
10260
30428
2253
21450
15704
31312
2800
9511
18992
14388
28220
17821
9730
6251
28888
22855
2245
17944
22570
31622
7598
1971
14490
30637
10507
23901
27289
31230
17775
22896
20706
19670
31759
26459
21504
30244
15468
29869
14097
18719
30514
12399
10697
16441
24672
21687
15290
13134
7338
11898
5330
15906
24092
22434
5925
27402
13311
22368
19948
30185
4608
7364
19918
15198
21135
1931
27231
10300
14470
29496
25831
15675
13323
30822
30820
31469
28343
22620
26322
18931
25336
18146
27561
13168
691
1619
14248
32190
12590
2548
22993
352
5166
4740
14773
19000
92
30996
1777
22778
1261
7193
16889
6369
23170
8896
16916
23969
14669
2689
23720
32156
23158
13047
4536
23640
10429
23535
25003
31025
25696
18879
12367
22091
15935
985
22813
19403
11838
24991
22719
6983
2283
22905
12239
22394
6241
17957
25314
29757
15468
5711
15301
4787
21997
6754
12294
24003
384
25757
4278
2763
25949
28521
26478
21138
5756
32234
9360
30335
22781
27348
719
9737
16326
22912
17394
22639
28526
32063
10964
28329
2138
27374
22192
12702
31781
10442
25499
151
21061
28806
29778
17396
8172
22427
2358
30750
14125
20960
18581
25788
20832
16986
7211
21546
14535
3669
18409
24358
13682
26291
24053
8397
16735
15237
13297
26311
18406
3544
15744
12734
29780
5073
28678
6676
21463
25341
5040
27861
20122
5346
9653
5354
15408
6618
12251
9360
5942
11809
14652
4873
5172
9516
13386
657
8133
32572
3601
8852
2040
32052
17084
542
21749
9895
7003
26259
5348
30262
30947
31392
7946
8217
20598
26993
4661
9979
15589
14885
4699
13067
18804
32639
2430
24400
23005
12254
28626
28988
21399
14703
24354
11909
27735
9889
30064
17712
16856
26329
19164
31215
7896
3944
32455
4268
4451
10426
8247
9062
13907
23503
30077
23356
24088
5103
26390
16327
28341
26778
4560
4269
9995
25535
17453
23923
10074
30766
27404
20371
25349
15438
12678
23247
24469
15635
22551
18372
25857
32043
1790
19650
813
29816
8166
10459
4272
9155
21189
30010
1754
4271
31237
8375
24310
15851
482
18856
21708
29612
24339
27129
12906
27739
22700
2431
2340
14730
10563
27273
31706
29997
15185
25784
32377
4871
1244
25105
11972
26210
18003
12881
10837
12291
12474
10368
1502
18525
14086
14025
18869
14853
3787
31881
6032
24678
9236
31398
23949
24246
1170
25122
14965
809
1530
12528
30529
27236
11176
4358
14813
30516
3976
11699
21805
29312
21046
29491
23118
26492
22116
27777
20254
4128
19325
13164
11774
26073
19335
9965
4822
10878
4174
23480
14682
32133
959
31505
12428
20855
12178
993
26498
21921
20524
8713
30570
10253
3779
4086
20171
25520
9923
13941
8718
24293
31344
32457
17724
11802
23245
2812
21257
16073
1725
18546
17682
7851
9577
4292
24931
17192
16353
19659
8508
25873
32262
19962
29973
17553
10919
20977
2527
26977
17130
25680
29581
13116
5358
4809
24787
20115
12718
10106
15405
24961
13865
23929
24100
1281
12224
17328
13517
24159
8159
16875
1170
27884
25311
29743
9780
24566
32299
20558
26129
2295
6562
18872
26787
15885
10301
26516
14410
16554
1010
271
24651
31885
216
5108
14616
13041
15243
27006
18898
26116
9938
32106
25356
6298
7295
23375
22226
13859
30103
26162
29161
14042
28083
15957
6745
21568
21926
14673
14121
25033
22880
8292
17770
7637
23827
10508
15991
3809
13716
23509
13178
16639
16387
23919
16946
30595
7342
19971
18164
9984
4403
12999
28656
19315
21989
7633
5558
28349
21105
2089
31993
29527
3522
4641
26002
30529
21793
7657
2759
25403
24225
30814
30926
31288
27322
1059
23437
32016
10548
6899
10916
13941
25926
6453
22189
808
15616
18385
23490
10860
26598
6211
23872
6844
20702
26350
11979
24249
1868
14258
28307
24166
19323
8384
5333
16535
14911
22445
7332
167
23512
5318
10729
3178
6682
16548
20649
32354
25035
8192
24966
18486
29517
29128
24457
24927
9852
13169
798
20005
9690
32656
28256
4810
25834
15012
30359
26373
21977
566
9983
15794
8803
4645
24780
29895
27637
5179
15466
16778
22287
3587
4105
11521
26093
24799
16217
13482
26214
4181
14482
25453
30484
17066
17080
30415
26549
12210
285
25704
30929
29158
20519
21399
16030
28087
24403
24436
11040
17186
11386
13574
916
32133
17492
25015
17679
30129
27706
26116
15459
6720
6448
24697
21826
4649
22562
25821
25766
28049
2926
21418
29295
22756
8611
17856
17998
1573
10632
24665
15331
16514
26465
9536
8738
24108
20333
4926
10747
1125
2483
10965
10298
29147
25343
11057
11948
17204
20263
7004
16515
26090
24722
29617
9723
11609
22779
31635
9022
15894
14195
12127
5765
17283
26533
17054
16769
9120
30302
4736
16889
9508
28493
7302
32180
15309
18439
19838
1433
28404
31821
15540
13333
3684
16274
10087
2749
10604
26552
16506
4917
31795
29979
10348
18256
18252
23504
8586
17528
17802
29231
21603
20049
13334
10382
14461
25753
8382
28240
30022
28755
29328
26655
20301
19492
24744
23413
30130
11261
19270
29537
17372
10234
11044
17032
19305
28298
2822
9834
14955
25041
16274
28646
29137
9290
20834
29952
24611
22705
19800
28643
29811
6432
28465
20258
15760
27000
23133
23363
2428
10498
21774
21886
6432
18262
14736
29634
15423
16508
4568
24057
27049
9298
4447
4237
10161
11565
24881
18475
22752
10691
29248
23239
16619
15945
18943
8672
21987
16600
32044
23045
12716
13589
19693
7064
14256
11025
6687
20690
17108
1390
8939
19719
28588
27332
16026
26923
22250
26178
2986
18838
19485
31641
17441
12548
29848
12821
11297
1248
19119
23309
20157
26306
24874
6014
32011
1846
31475
24819
17274
5567
19218
6568
18790
29211
28891
26606
20202
713
1126
24785
15606
21705
18240
17913
31649
26787
19808
23246
704
20650
12893
5344
22711
1154
11998
11141
29583
3552
8785
19140
12361
29329
25824
28017
21618
32702
30112
8858
19960
23150
22796
16930
9532
31052
15283
21676
21864
27563
11565
12986
32515
4551
1875
7958
10435
10829
21936
24690
674
22814
20786
7755
24371
2896
17445
1299
22327
23670
27234
30094
19308
24866
8644
17277
14501
31400
32476
18298
4639
6180
6630
18467
5651
2238
10235
32378
20616
17196
13448
14732
16491
18041
3838
25937
21217
30725
16587
30932
10460
8910
8074
3987
23277
31725
20342
12841
12121
20580
18981
4650
30318
16406
15731
15695
279
10775
22204
3027
26031
11814
20046
19996
1811
26488
18205
32158
4603
17592
22201
29949
25738
8523
18814
29553
5155
984
30474
28527
1407
9736
15093
31878
19196
10634
26044
18567
15672
7771
14845
29672
479
15940
18922
18794
29889
420
18680
6394
10024
29039
9687
14805
26984
23159
167
30704
4791
17898
20841
28823
31551
23324
21171
8788
23666
3719
1192
13330
2974
16913
23592
14210
17089
14989
29252
27326
27550
3715
18421
15661
8464
29236
29197
7078
23199
1241
16749
18392
30289
812
15225
16105
5314
809
30409
29533
31607
7446
12321
24122
29040
9665
11172
11113
18940
24073
13892
1376
4562
15263
23421
17406
4700
12046
9027
694
8022
2809
27705
25072
25240
28836
13859
30636
6704
26039
28830
13161
31924
30526
8719
14661
14295
3571
31449
30821
15673
22464
10451
151
20868
27264
32505
23350
4532
1030
17761
27471
25270
2912
17777
6401
32565
14172
26192
19498
6065
32332
28058
31296
14545
13063
14424
19324
27642
29488
47
6974
17952
19131
215
22445
22748
12460
4559
1181
14783
16674
2127
26039
5095
22677
30079
5075
30671
29788
5350
425
23915
31858
32549
13225
3189
23161
29925
12071
24322
511
22030
25787
4696
19969
6457
6632
6659
22445
22377
5627
10534
10860
16373
5686
26128
31008
2249
19758
31759
14506
11983
29042
32649
17328
6823
8045
22600
27549
32158
4750
9750
6889
31454
31142
21386
27802
28898
27281
19233
23819
30509
14616
656
30700
25660
13590
20569
10122
28601
5082
16285
2384
17649
2253
22065
27534
6536
20820
244
22650
7275
14328
6751
21109
20743
21189
16221
9615
10937
239
26205
29260
31877
27580
27814
21929
4362
3741
3563
21082
32437
2718
31264
24406
3126
18689
32140
16277
14640
12582
28446
1816
16181
30127
22788
28971
7921
15585
3962
27623
3493
10316
10720
31994
22232
32686
4624
25515
1609
789
7662
7192
28199
10308
26433
10178
23940
18264
21953
16204
6920
31403
3952
20864
30690
13817
17198
29587
3844
22721
392
9898
1168
16366
6098
5788
22925
6839
8565
13818
10207
1732
17289
23373
23158
14226
18087
17310
13765
11544
760
7740
17526
15787
21138
1465
31836
30495
32261
2614
12201
6959
22320
12512
7777
15134
30298
3259
15374
13983
19838
21663
32182
8691
1509
6784
17418
22353
23546
2034
13792
14218
27995
17387
7907
24045
11564
26059
9865
19304
29360
6555
29510
19697
22042
22930
3584
8484
20384
24798
6594
8494
19666
15265
13236
28905
12330
6201
3915
31304
28388
15812
8893
14326
16655
19427
30648
4922
6117
10175
29779
22814
20056
14922
12357
2768
18413
25544
10836
3400
29133
18573
29201
31787
23066
23304
6595
9200
20863
18176
1185
26433
19211
8734
25924
5028
28223
1452
91
26970
3941
30108
1953
23175
548
14540
8460
17812
31314
1672
28231
11986
28425
11601
10339
15712
13309
5852
9162
32590
15628
19806
20596
14594
16407
26119
2653
17371
10513
29900
20022
16405
5205
28010
9818
7661
17213
5544
25605
16901
16112
27868
30912
18697
7547
11440
1056
11923
7460
18214
27056
23372
2554
1498
812
24149
8625
11912
17136
21989
27053
20685
23215
19251
11101
8498
14952
1430
2762
1382
31638
6378
27504
13771
3240
13111
5964
6196
12464
28045
23606
14318
10079
9266
4977
32509
4401
6656
18305
5287
25573
27400
27708
1335
816
4731
23844
5883
20914
1995
5620
28815
20009
14093
22905
29789
4325
22690
15011
30053
15740
27670
15324
10554
15550
23112
30872
31565
21227
715
3374
9582
26148
14477
12518
12688
2336
29110
13907
18637
7712
11987
26083
29610
9765
23860
26292
12187
4192
14482
10665
32202
7658
28662
2750
20244
11701
4565
7320
29012
1219
896
21089
25061
26261
1980
31698
10594
4583
6316
18321
9392
30106
6392
16318
24383
12786
8232
29896
25228
14849
26193
19078
7915
10595
4852
7043
20867
8748
29475
9881
2970
18207
23269
31425
16147
9761
13788
21801
29748
9965
2853
9607
3245
21000
30848
11438
14294
1016
26801
26974
31801
24753
2342
18273
31312
6992
17113
17619
19600
26123
14968
450
10406
7784
7108
28151
9728
2478
13367
2322
19855
13721
8425
26845
22219
20818
5044
31194
13816
4766
29590
11806
24488
31574
23640
3682
25986
4887
16749
24920
20545
26938
14365
23867
23296
29447
11491
6058
29620
6693
2067
10166
9466
3925
1471
11834
19731
13665
17628
14443
17964
14414
20897
12463
25571
9433
12080
20915
27144
5154
9336
20407
24736
16290
20570
11309
26928
4450
18698
26499
31032
1135
19129
1341
7677
27017
14705
5702
11659
25627
31296
15752
2299
13168
26520
25274
21490
7203
25846
1913
17770
1495
21954
29339
30133
8489
31606
9664
19902
10723
32515
20777
31635
6514
10609
14798
4128
23963
4037
17834
10813
26473
13863
8794
21228
9834
28228
14822
28379
17435
29938
27103
26929
13216
4882
12458
31623
27064
17851
17691
14131
20721
12693
19526
13261
19992
25986
8593
1772
26868
12420
25870
26929
27956
3803
17416
11399
6053
29293
12252
26536
9128
27243
30474
31460
19684
28210
29836
21022
6456
20335
18791
2071
32499
6023
21631
20207
15176
21558
23727
16872
27900
6006
8473
1134
18274
11938
17339
21076
29065
21723
16964
25953
26036
25771
28965
21515
25866
19688
11498
19842
21391
19675
13771
22256
4179
15266
27006
28159
7658
24275
20304
13469
12059
5218
10868
2556
27612
21445
1691
13532
639
19029
29381
780
22822
5880
24150
558
29564
26877
19564
13756
24743
1607
20848
28232
17784
31918
3819
9736
22245
674
8603
1681
22714
19217
13767
31715
29835
20619
13775
30886
31981
23461
18183
20403
28902
18587
2245
18134
21409
20537
18873
18130
11366
22523
10109
19622
17098
3443
19565
15
27427
20715
16313
4942
30527
13132
31673
20523
8022
2878
16000
30266
30524
26001
18611
20061
17371
21724
32412
6026
17633
25699
8058
12495
18102
12862
1819
9363
4273
29880
11693
31006
907
28406
22994
27228
31764
6361
14578
28893
20004
32292
20949
14881
27605
6370
1393
30227
3311
11010
4608
7635
27300
23365
19542
6072
25470
6490
882
23702
7061
3399
16979
572
27909
5642
25613
20289
15519
7040
11803
15361
1759
14215
25847
1250
14622
31327
3816
12764
11017
20055
22811
14136
19538
16037
21238
5015
23206
9621
29609
3895
13278
1510
7686
114
6265
4976
5778
14727
29258
12043
8156
925
29550
22957
12557
19205
8577
25298
31425
24768
8465
22049
11797
30017
21843
27724
14849
12403
10261
824
29417
2814
3572
24926
22638
19655
6863
18545
28042
21685
14972
6976
22236
3515
25017
6879
13120
13587
19301
32513
25251
21959
5616
28073
12054
7542
21776
5634
3104
28245
27573
29322
24665
21108
16960
30326
3380
13379
11503
10835
10525
84
5788
31721
8132
5218
17320
17764
11448
8083
16690
20406
25655
22522
21644
21559
15941
10592
32495
16782
22523
16708
26989
18389
24354
7200
19752
28664
23552
30702
11202
16990
19826
20459
27668
16588
19259
17819
12067
14214
8860
6925
29007
10679
8485
8800
19406
23826
458
18054
27225
18618
12345
4424
2341
27487
22123
21130
3861
19626
26745
19665
6190
11740
8882
2818
1099
11698
11754
17261
24082
25483
24084
27657
11814
13772
16148
25601
3742
28548
25550
22128
4791
22860
11139
14953
22213
22898
29021
5179
19568
24406
23112
23539
5916
7699
13572
11554
3241
23138
8312
9184
11869
20412
27722
2832
11806
28863
26540
16358
21477
1747
4729
28327
22383
29965
25728
3248
566
8788
7968
13242
11679
20162
23829
16988
29045
22604
21649
26065
5782
12966
32654
28924
8684
5729
7779
9385
2975
11095
18582
19734
30345
12872
32754
22706
31723
29125
31193
19492
24414
27213
4827
14223
16140
5559
8327
4373
5151
13775
5504
6298
6010
30276
11220
10442
24231
26050
2442
6493
17681
2651
4986
5785
30068
5419
25186
4633
10129
31036
3637
12494
26150
27047
17334
23107
28957
764
22598
19749
4100
9188
20474
23810
26813
14597
2545
15697
11895
38
1765
32179
15581
1684
32255
7032
29580
26308
13296
19557
26059
2361
18493
26292
12918
27816
27866
2653
6204
14683
15355
28564
6667
9171
8231
32403
18375
25265
654
5273
32578
15319
13212
6707
14697
27850
16846
20154
14267
29274
12997
27933
9728
29574
21145
3552
1079
21402
3439
27237
27856
12186
1870
25963
2843
19171
26158
31956
22017
12048
594
2219
25330
795
28888
27493
25886
24004
7311
5991
11496
5943
24840
3529
15255
24041
23536
14938
16207
4803
26780
20708
2881
12418
31206
4017
24606
16990
17976
2893
6353
11753
31206
26510
3949
21563
25537
8658
20068
20044
20457
20616
25083
18593
1250
31730
24058
16939
5866
29736
27560
12908
1418
18529
29686
23259
22380
17262
14843
18314
10348
4487
31136
17158
24049
29514
24221
16766
30078
8705
26532
1832
8580
18724
2523
3553
10363
14623
10384
28180
14896
14164
13609
20188
12129
3940
2905
8557
26503
18858
23962
11184
14579
11017
17879
9773
10012
25064
20072
28974
21304
1146
1860
9505
23305
17475
31602
575
6650
31448
6849
875
106
29670
27577
6237
30024
6261
6609
19199
30176
24430
13283
21527
26612
10075
11996
25383
21007
23919
184
7569
28182
5574
26542
6399
18976
30957
12711
21762
27527
10917
6133
30714
10304
3556
834
21301
10855
2589
19398
29275
21022
13761
18878
14857
27032
2566
18969
22972
24433
999
15220
5361
31553
22124
10056
10122
16496
4651
19298
18804
29516
26127
26516
5511
29784
23896
5035
22445
26087
16099
12704
1607
20458
29100
20499
27340
13831
2705
4340
15795
21483
26457
26756
14740
29664
31476
18556
27018
5026
12036
2955
14043
19310
32413
13574
31195
11101
11849
22748
4621
752
17744
16328
18828
18156
11318
7114
1961
2408
5252
24791
5846
14372
3532
5584
451
5404
27623
12721
19398
7517
25217
22795
2176
21016
31192
4020
5822
6133
16576
12988
669
8361
24555
20132
21234
4811
29287
9675
17896
25571
18280
31529
16619
6341
29000
30015
30661
24605
17868
11598
3847
15178
13225
16072
15787
10608
4422
27396
12791
2248
18628
9525
15781
8763
1340
6813
3392
4912
17735
2814
28369
2466
30404
1362
27579
1653
32725
23739
14820
6666
22827
27069
18453
20241
7556
27563
27044
14238
12913
7775
25936
20607
28253
22574
27500
11982
24523
17436
14144
11202
6623
3147
24492
714
10784
2234
6926
5597
7036
17964
31334
19467
10893
31077
24504
15961
3866
12956
13234
9931
32481
25902
7823
17858
19859
6032
18491
12680
20001
20359
25528
17450
22838
3739
2496
7046
7428
29385
9900
24484
6724
20344
32660
17226
29304
21166
4792
29386
27508
2692
22302
25887
19484
24279
8061
17208
30319
21313
9306
22932
25285
9543
31089
18447
24660
6868
29270
25596
16121
5351
14940
115
17974
14984
9142
4332
7543
20480
29148
23053
2457
3657
9009
9409
9132
3780
32226
10122
27896
7978
25617
6680
25663
4549
13107
10010
66
24032
12982
12372
13190
9340
21991
6386
23896
27972
21780
2588
19471
12227
25069
26058
13457
31957
31536
23514
17177
23643
9094
21856
10551
13107
32680
10813
19736
17768
8133
21747
32263
10405
30760
6327
21044
15088
19734
19912
4532
29076
5621
18432
21194
5215
7092
2984
11109
14606
22118
17553
7145
4870
20016
13152
5938
27461
870
1322
19415
21655
8689
18753
4779
28685
1012
31053
9866
21931
18351
18334
2386
30049
31907
10176
14895
1085
11254
17744
8476
18910
16410
23823
21414
25132
4010
11317
5875
18246
3988
27144
17156
14268
28797
32684
27447
19711
11105
29245
28688
22037
16762
13083
24120
19089
13156
19077
16070
27075
29566
4202
15550
23084
22419
26491
17367
23860
19898
11909
31874
27424
22650
23550
18727
19262
5682
30686
10418
31842
22456
26544
8782
406
2625
16616
7792
26382
30849
5495
20760
4954
10003
28317
6484
14559
20506
27134
31237
31624
16937
11513
4069
7865
9824
8757
10441
20357
29144
13692
24612
24352
1602
461
25805
407
17866
9644
19458
25790
7746
12733
5548
13162
20348
26001
17892
22753
28919
11968
14263
6287
31422
7736
3366
19963
21902
18388
24689
26873
13879
16433
6806
31264
18500
11453
4884
25470
27614
6672
23796
395
2798
3200
25866
24668
18818
32495
17785
20761
5490
17384
29301
29617
22851
31979
9293
2252
22091
7172
8872
8194
27158
9122
21774
30282
17161
6311
15531
6325
18501
23228
15184
8028
14543
22247
19387
5270
17901
18527
3864
23663
11475
31647
21448
12374
4990
18361
31072
790
11489
12781
22005
24840
26687
28538
151
8326
12248
14772
9499
30370
31431
10327
17694
17432
13867
1563
2630
11906
18821
21384
3531
22987
14945
27660
14646
21990
13113
331
9321
5312
29078
24758
5344
31859
24440
14175
566
27068
23544
18443
17387
13999
30508
18313
19556
6569
9547
21315
5427
28807
11537
13843
8345
19477
21861
28504
13385
20425
5690
12360
12655
14770
20659
17288
11761
9899
21130
4858
13045
26324
10418
16342
17571
30275
1339
252
5932
28150
15479
15240
5387
268
7515
2471
6795
23093
10535
9130
2697
28008
28234
24409
8315
4564
2687
14730
9137
30744
6205
7666
24539
20662
2894
24890
1740
14021
16573
8533
24445
13031
17910
18
26197
27259
6953
27629
17063
20244
29935
27435
13693
25129
16688
7462
26004
24846
29508
26085
11431
27938
23384
30703
18928
1099
3348
12385
7661
23967
6523
31039
21344
32356
8210
9736
6553
6971
31556
32397
21495
6552
3077
27650
25261
17781
26806
31830
26818
3912
29512
12224
13148
26162
6821
17563
9789
633
19275
30067
20878
13368
21306
23904
5339
2645
15633
30354
29536
26036
26228
26414
32131
19626
21936
4185
29601
4789
4770
5009
1549
10346
1749
16964
22102
10158
10474
11163
7625
28713
30525
15511
7479
26616
1477
9824
14841
13474
9020
32474
27696
78
22912
20344
25169
7987
19770
1621
32226
10575
16573
32129
3454
23644
15921
3224
26655
23040
11504
22682
19869
5700
22064
22006
12401
2631
7395
12520
19647
32564
27867
4101
12436
1393
9522
25877
6508
27673
489
16416
19191
19629
18639
22732
17180
32518
15780
16870
28479
2446
8575
31550
18111
25008
16749
21944
28355
4237
22619
23968
19255
4081
18486
16190
8465
29573
28240
22954
11737
12870
5894
29666
22632
9269
21664
18458
24304
2128
15736
22867
9788
9922
21855
18223
3641
25431
9788
5124
28598
21554
19446
4399
10088
12482
30612
26027
21041
11506
11683
25314
7841
5280
17368
7106
22462
15185
25079
29204
3328
5155
2547
3593
31648
1539
27479
29718
7443
20511
1508
11522
32465
4766
24444
13374
18266
20367
20799
8308
3195
30752
12275
14946
24269
23057
21417
30185
11904
360
17053
353
27990
25189
863
24368
4594
24504
23088
15771
24659
242
30127
220
7068
27962
20149
13172
1302
32321
16253
20674
19575
32632
5640
7637
21861
28032
9663
1151
30262
18913
7259
9386
5114
22272
7682
4079
16315
20555
27826
25445
14595
29367
7907
13239
31135
26988
10600
32634
11939
29374
16535
7101
17070
20832
21673
20193
23919
24020
11620
3499
31848
19494
26871
3735
2290
31194
25125
10095
3970
22563
16805
10525
31786
18006
16073
11710
99
28829
21343
3319
1545
1776
26325
27276
21415
24641
13472
4910
17909
24055
29149
7061
17055
9118
30265
30159
18504
30429
27663
28888
16335
23464
19409
22122
29393
16566
9897
6934
19311
20534
1120
21652
16721
14526
22654
27224
6122
644
21171
13413
20990
17616
3701
31846
32354
20401
26091
5371
16900
7664
27658
31569
17195
9026
20990
14069
23039
19137
15307
27626
10827
14749
18484
21241
2690
10767
20444
3144
23552
29327
8107
46
14483
3399
12915
16966
6458
13255
11731
10946
23084
25338
9820
6658
16412
23385
28403
6758
25276
29022
30582
21600
8320
16956
32419
2253
32676
8397
6965
1413
8304
20172
24655
18480
9403
22084
8478
17244
12462
5960
6075
31181
26826
24037
29518
25620
4396
5205
4473
21604
12816
25973
26356
19616
26005
25466
23412
31416
12992
1759
7378
20278
6594
6561
11625
25108
13694
25263
12736
6609
5702
9628
16745
18628
14821
19096
16168
13487
17635
17054
31832
15511
24836
31727
11147
4307
25874
31422
26225
12644
10716
27181
19195
9860
12415
14712
29631
10113
32228
6512
20383
9164
20362
28204
7333
25165
3462
2299
2610
11002
7624
16028
18008
11944
31903
11698
31364
8481
16000
18802
31584
14710
24323
31903
12279
3223
302
30904
29723
30240
1270
1392
31235
886
5635
25694
28473
5395
6068
7414
26804
10782
4707
17592
23104
2623
1514
6055
7463
16817
17765
29949
18954
9113
16442
5149
27152
18070
23639
1481
17219
12185
17851
21909
17462
7927
22328
24475
21227
13244
119
11889
757
22851
19772
30040
30426
13059
29163
31414
28859
31404
332
1735
22071
1139
12171
10895
11148
23977
18051
29459
18943
14739
12091
23752
21887
8310
13489
6988
13701
5361
25559
2388
5438
9103
11484
21734
12012
4253
10668
15304
26250
6201
11706
27704
30638
29868
765
24029
15028
7930
30776
14078
17689
32183
9343
4594
26917
30235
1015
14039
22733
4953
20957
7559
28631
14381
17354
19400
26943
3764
2613
25539
986
10881
14905
30392
23097
4333
1176
28655
29136
7086
24065
11250
17751
27052
31886
4089
20081
21008
20113
13734
21132
3485
20112
32498
30472
2627
22670
9832
24731
7409
25740
8081
25076
1452
19024
23471
32158
31198
29285
18093
16168
10480
6243
4183
12163
28442
625
5575
26795
10874
20999
32543
3209
26212
20985
25982
8985
20730
26033
5420
9160
12028
32187
16408
11808
16865
13704
13445
13734
21542
32363
27648
9475
24550
31720
1685
15459
939
29998
1602
12059
14724
32738
24236
17550
1111
18462
11537
81
1913
6586
11390
5517
15484
3786
14914
10661
15176
1895
32418
10777
18541
20147
3534
14763
7608
4375
5396
30912
8453
1999
26708
11528
32083
32169
948
3169
21022
4361
21908
12025
27881
22321
25797
27827
16666
17599
9973
10701
4618
32631
7022
22207
861
32067
32257
10086
911
5240
9788
17761
17616
24923
26340
444
14354
9444
415
18891
15968
194
752
25433
1137
13470
6760
13315
15485
16548
17179
6110
10831
4416
20562
2912
13724
6181
12927
11389
30355
30356
2166
22288
28853
7387
20697
24701
28647
796
20436
13972
15301
24399
32011
26041
5434
31882
3537
19010
12877
6016
28571
28961
11326
25673
18100
27587
5074
8545
17714
6968
8171
23538
28200
13971
10843
18774
6429
4244
28410
22999
18877
24708
16631
26810
12239
4705
10859
11645
25447
25147
10804
21084
12637
18142
1024
21530
3069
28593
22184
3837
29696
23006
27840
7451
28092
16563
31596
27092
22167
27977
17268
7840
11969
10595
18587
19723
11043
22936
4909
31229
9106
693
12248
28223
12617
15965
25020
28731
4502
25330
15045
19203
8403
25273
3641
18069
408
9784
29069
30046
17455
26083
16253
31484
8776
18168
20828
12360
8942
16296
25256
18580
15034
1655
21217
23601
15431
4325
14747
31797
11493
25934
211
13178
20882
17423
31103
6378
2086
27626
7784
22266
16589
32172
31036
19573
11194
17164
24031
10875
28442
23767
28675
13257
31047
7242
9976
315
17215
3007
17349
28558
5972
27277
28023
6763
12325
8233
26553
2209
17356
27281
6053
28083
20313
19434
19162
9362
13952
31591
29903
18347
2958
23918
22119
2596
5025
18166
17349
13923
23321
4148
31841
30161
28234
14966
18779
17885
2675
11599
22032
15939
23284
20212
30444
3214
5819
31718
21119
18651
4608
8657
8402
2017
6194
436
29947
20014
8753
23875
17647
18611
15549
5002
9112
28291
13103
28882
24871
28632
21094
13768
1452
5719
22533
6620
23011
31381
25052
19688
29265
13017
29091
15378
28816
24356
22766
7667
28392
13934
8541
2553
18975
31027
17683
7945
15761
27950
19306
32105
1411
18021
7653
6110
31668
8549
10599
8209
25141
29391
8098
4663
20603
4115
27857
9201
30387
13692
13738
6769
11093
11629
29070
19423
30460
31978
29956
20475
4725
14681
101
9219
2837
27530
9945
17879
336
9206
8577
2651
13704
9284
25334
13085
22307
16914
32499
1848
18912
26353
14926
29560
21867
20913
22317
30142
29487
31968
29046
22438
11883
20109
32647
31848
19080
30033
19240
17916
9130
5777
30397
21890
32133
12797
25281
10976
13426
24156
1903
26541
1217
17292
5826
14670
23633
30148
31392
11870
27231
5661
850
31572
24988
23633
23096
29279
8322
28098
3259
12949
13287
9662
17282
21069
26579
13057
31209
2249
23183
11899
18863
6937
17918
3924
7918
4155
29488
8238
26705
28807
3125
22954
6017
5195
16431
17965
1504
17842
28075
21220
4474
14826
18226
12805
1593
9605
9754
12888
10072
28704
32674
12279
27929
19267
12351
594
19131
12425
4400
2933
4262
2817
3160
19598
16106
4051
8781
9129
23527
2599
5805
5823
9037
7746
14001
20463
8520
18418
28164
12043
3572
6189
7637
5206
32023
30197
27179
18572
13839
26238
29048
9763
18441
8339
8818
26577
11892
28470
9246
16462
6582
10119
1069
8027
12317
13799
8076
18435
23320
1628
31031
7201
29863
19511
29518
16674
26896
27893
7786
524
8404
4708
4913
4799
18145
10247
2600
6268
16137
18362
9673
7075
24755
22937
8918
18113
18896
27423
25324
5833
24081
395
1371
24738
18007
27528
565
20450
1132
22028
31653
17114
28400
10369
14722
10194
10646
27683
804
16277
28048
17065
19319
26929
13895
12327
25421
23288
9808
15411
9721
27850
14491
11847
21529
22423
4590
26982
4275
3615
1682
11010
13444
4860
10317
12574
27540
28643
28816
2992
20750
12839
23280
7497
32079
4222
986
3831
14909
7688
8067
15211
20954
11917
23839
21847
11033
20487
2643
19738
10480
32096
2796
14751
32686
28284
30929
18562
29839
10618
54
31093
15245
14647
19475
10467
26490
11540
5845
11731
8268
17914
13139
3854
5048
29851
8707
4996
21506
3322
1646
12780
6419
21293
4321
9131
6092
17761
12390
7927
25498
18208
8434
31804
3658
4559
10720
19134
31263
3707
8350
6273
4642
31957
935
29030
23738
2938
16817
22934
7292
17784
295
18211
29508
30990
31705
24301
15237
31668
17139
30915
3037
28507
32555
11979
6381
27894
319
31780
26983
14393
13983
11977
4200
24737
22118
12473
25097
29620
23183
27733
22065
9354
6502
20489
3501
3212
4924
13614
11650
27004
18527
11823
1153
31926
11082
32747
12061
28597
792
19035
11642
25048
21055
9333
8134
870
5498
12112
7372
25041
28423
25736
22214
18743
4627
9188
627
24366
627
17462
13418
23233
31892
11139
10414
32182
6581
12900
10370
13075
1107
22188
639
30432
20709
331
18659
27437
20170
25459
18988
15959
25984
12025
30694
18056
21014
11773
12225
30333
22756
32205
6886
3980
16249
28935
6027
13541
8917
23806
24773
17432
32217
22111
26782
5847
29691
8469
6248
4605
13374
22377
27473
9680
2146
3182
5943
9091
25687
28060
14269
3072
2552
10171
12190
15332
5366
4867
13377
6346
786
27265
14222
9164
3216
4796
9217
5447
24808
13209
7932
26079
7102
10620
17762
26819
1556
4528
5729
23346
30655
30217
143
3391
27927
23495
17721
2001
9459
14782
9719
21485
23253
6580
4228
18232
29025
26891
15565
31159
8468
15520
29000
18650
32562
3058
24967
3001
28928
10119
23309
23709
24372
28299
13408
7106
15786
1979
12896
3931
15192
8577
22486
17623
11908
32096
21328
5987
4404
19091
32557
32688
8679
5105
10228
4342
31874
17684
3306
18233
16269
2746
20195
2763
4511
4715
16728
3346
6935
27997
20922
25227
18445
6804
30982
32271
26249
31821
27546
29013
29938
15517
31559
5817
13513
25942
24487
2107
21911
12074
22704
1995
19491
19475
24458
15556
10729
12530
22942
27318
2248
8822
496
1384
24315
2367
31918
17949
20298
20803
18697
9751
18817
22641
1347
25178
3874
12437
14601
27826
28759
14460
6660
28151
21802
20568
32427
15760
26360
11621
29531
29238
28195
4301
9641
28666
14344
26058
6647
6026
6449
2826
24389
31408
24523
19287
13642
14875
19034
18807
22723
28770
22187
25425
27148
20038
32010
20562
8685
19512
11190
32527
18614
5403
5778
30252
9102
3658
12061
15484
19464
8413
22692
3177
9719
10280
11447
22167
26500
10629
25561
22468
26493
14676
13947
17907
9712
12607
18988
22729
17145
7107
32522
12599
22488
30955
12668
25689
26182
16479
17443
11678
21002
17566
1549
3114
6343
23432
18732
20344
15384
28703
15623
22340
4574
24974
25008
2728
28377
21355
9974
19077
24438
21305
3035
25380
25320
30513
21065
16669
23674
23106
6912
28024
12068
6486
32211
5395
14172
13783
29204
8003
5934
369
6989
6078
2191
30490
20016
28601
10735
9552
25041
23117
30989
3490
8467
18463
28687
7538
28768
17984
30930
9209
31646
17490
10879
27020
94
1517
1375
19485
2134
17217
8432
1284
10257
15612
56
31744
5605
18286
89
19320
11558
4330
5478
23047
12697
10096
18805
11576
26411
394
12789
22926
20963
3700
20290
13256
12822
4479
2679
10082
4314
19639
17796
22111
28860
16068
12672
26182
30390
30734
24384
7787
8027
19237
15912
15215
21589
23647
32065
7178
30225
21699
652
11016
11705
15397
27798
10898
7011
16019
21069
17583
13448
24816
13586
1291
26295
26847
22799
8182
21130
31715
30667
10927
13018
14788
251
10467
17455
22068
23964
4977
16506
30130
26942
15472
17159
20911
5539
13427
10413
26607
27784
5387
16456
14643
25539
21646
24425
23317
14222
1815
12107
24883
16163
12494
17929
24975
28553
3434
24591
6198
173
28916
19918
28192
26804
9677
27061
26456
8592
27634
10844
15452
27857
32127
9474
8903
2494
15474
5177
2349
4517
28082
14048
19015
28271
9552
6994
6992
8055
18444
10973
14766
16541
17947
2422
7125
1942
29479
7594
10601
11142
8088
21720
16034
27344
22290
30622
32501
9004
26686
8849
15089
12283
6606
14129
28007
728
12475
22812
5069
10864
11217
19329
26084
15251
22638
17112
12441
20619
9351
32464
22569
4780
20971
16521
17801
556
28364
28932
17157
28725
14203
3032
3111
24377
17779
8742
5338
15750
12185
2510
19407
11802
32706
3299
23584
21432
8566
11613
12852
21051
11764
20750
18402
31275
14709
27096
31705
21134
1461
28188
30783
29952
15792
13685
27800
28678
7849
3495
7914
9120
12913
7122
6174
19485
32486
24044
28586
12083
20154
24685
31341
8015
30582
31820
24794
18730
16574
12587
24665
32669
20694
28623
15338
31158
16997
26834
8204
14091
18297
13212
32221
32334
32204
24975
8578
10786
22598
20866
1993
14381
16834
22385
14093
20079
23829
3186
8027
10962
1612
23275
17874
12546
31030
6915
16208
2686
16675
21334
15947
3312
21994
29165
14332
23226
2609
4461
25795
29137
12008
7822
8135
7374
4119
29135
27101
31298
11994
12649
5035
3658
