32345
11940
9227
25392
28959
10476
20905
18479
11993
1754
23242
2900
29722
3145
18214
23424
8718
3140
31215
14901
29440
23417
10861
8616
22560
18154
20454
20760
25732
25318
1216
13151
26988
17976
9449
5063
10186
1438
11127
5406
15106
893
5004
7949
8430
26578
16509
13733
805
21612
12595
28475
9597
10585
721
31862
7630
28062
1686
30374
14585
12331
28422
26711
12585
29965
22596
17447
6489
742
12227
15828
8727
9370
16157
14745
7047
13132
24131
17851
22698
31881
4311
21087
22496
22722
4822
7070
21676
1536
6266
31195
9912
6867
17759
3156
4633
9611
7908
29176
27859
19371
32212
1145
15776
32155
17222
18849
14317
4765
21697
3817
14630
24834
9124
25416
11059
9886
17349
25417
28739
21881
21849
2912
15304
6343
17940
1150
31938
9755
11665
7907
15681
11991
18675
28468
6949
1511
22989
16845
15913
19887
27711
22616
28448
16961
18530
9630
13438
29652
4838
31646
6169
1394
24826
24540
31281
17392
17260
31228
5550
10531
3346
20623
6570
8017
22632
18477
31791
6374
4218
6340
27202
20584
261
11567
31008
17581
12761
8459
31943
17740
4481
20678
10168
9041
13094
12280
22524
23093
9137
23031
13669
17677
6704
4262
1302
13313
1915
7565
22085
30208
18711
18735
27712
10930
858
23703
2478
28846
26320
24885
280
17390
25822
4840
11944
8319
6053
14428
16176
15741
24873
21910
26733
29759
1459
27853
30350
10191
17780
16764
21232
16541
14698
20917
26668
4212
30600
31160
1875
12972
16913
30148
12920
15522
17989
13869
28783
21093
11839
14767
3541
29618
2590
25090
28496
5411
21603
30382
22808
22947
5530
18977
20407
37
27453
13567
30221
22934
30165
23481
3222
23311
29282
29281
30192
8272
765
29373
25751
29290
27324
30874
5620
9915
16598
14434
16022
27167
24327
17393
3007
19557
3894
4517
24098
8192
15446
31156
8683
511
10890
7619
26624
7744
31372
28340
9350
992
31823
17599
13992
7669
5347
15812
7571
9344
15258
21983
32453
6557
21097
28222
24968
9981
23952
13871
17337
28566
24189
10877
27598
10649
21998
7933
7192
5285
12631
1636
2884
8250
10115
27739
17960
22128
18557
21974
24253
24297
17585
31649
3175
11780
12111
4923
8573
13395
16368
6632
31237
8784
22396
22018
18367
5195
19531
656
24422
15015
16778
22810
27442
21062
3553
28091
9889
322
30034
4471
1911
27614
14949
11983
30723
5564
19074
21651
1701
25424
2462
25336
11917
20372
282
3818
7621
10749
30183
12195
7282
28846
10735
2685
31063
6893
19632
4356
8090
26579
24362
17744
14795
1351
3836
14482
1570
9005
19658
22508
16392
18138
8673
31622
17113
29387
2334
27614
18921
30359
20236
20831
29125
31523
15692
16950
24251
7957
5434
25185
11420
14219
7629
18952
3008
2316
18623
9745
12107
3263
13038
18159
28847
5594
1027
4538
19570
27486
29009
1925
7218
10754
26624
22252
12774
620
8810
11244
14438
10151
11461
12792
32046
466
7427
31816
1886
30997
502
18549
8198
27866
19896
20291
12193
11065
16202
6077
5343
31923
3963
136
22696
6180
25867
29553
25437
4851
21521
30536
5985
8588
27802
5105
29912
15376
7315
15544
10926
31562
26857
13541
14555
16870
16878
8848
2022
1501
30463
17335
6568
20020
3428
31118
14163
14566
32375
7702
16563
7455
8456
22513
179
7594
16897
24693
11042
16301
12358
28671
26551
22932
16351
17546
3667
28235
2137
30336
30855
18608
25193
4047
3158
27464
26835
6464
25660
10288
138
4613
14447
30039
11289
1424
28004
20715
11841
13228
27541
18961
16356
32454
9346
473
23842
5259
26869
14449
28097
1209
29835
15001
19666
14894
21104
17238
29585
2630
32618
9707
19342
20067
27929
21509
27658
15309
19069
5174
18084
28093
13752
31908
1845
21940
15125
1539
11000
1553
17738
19136
4846
2787
25338
18047
5504
17660
1406
10696
21351
31559
7397
5629
21449
5723
13625
21904
11172
14927
30980
25714
13424
13008
15635
23759
5632
25970
31098
7160
10154
15940
21465
13217
27815
19111
7901
31564
12220
30304
29449
22021
538
7915
17590
80
8580
28946
7000
31328
2479
17599
19972
25225
13550
27407
26927
21496
20495
8871
8633
7586
25983
9803
31018
25978
17333
2477
30523
3047
8910
22658
7320
25461
19829
11227
29412
4299
20742
10675
24061
9949
30963
8900
4738
21346
6502
17056
21907
12169
27944
1532
27096
2279
2753
27471
19909
14004
13537
4508
12060
20280
2558
14731
14259
20864
22335
23743
6007
5973
4761
20324
28593
9071
16440
8199
904
8165
18208
10667
20935
8424
30996
3097
31713
32689
20918
32375
7731
25016
12529
12316
32136
16423
5268
11171
11746
910
5439
28734
5752
2008
10883
13645
30459
7294
31301
3120
21021
21754
14179
21593
24916
15743
21403
13733
30171
18407
2216
5356
27387
1261
31917
14039
3464
32156
1495
1265
7342
16647
20798
10497
18414
31291
28941
29336
20067
8818
5603
15078
9034
9097
30585
15057
15297
32436
12420
1865
27087
19313
4573
10197
26789
8890
12511
31602
32291
19071
13584
24478
21918
13651
10500
19888
30689
10854
21119
25194
1137
10675
21978
977
4118
24698
10408
6460
19606
16881
6041
2476
24004
6199
25502
29787
32697
8585
14925
22424
25186
3512
3464
6609
24123
28634
3673
10482
26201
30784
20257
9198
23470
2729
20722
17050
9609
1205
57
28610
13148
18589
25760
18807
19394
24608
2098
31654
19648
19393
22976
10479
16715
21039
3716
21939
28683
25605
18181
2415
18271
26547
31546
6729
19105
444
29170
22249
25771
11555
18292
650
17306
14367
18274
22353
8658
30998
7651
733
8258
20425
9216
20767
5609
18125
19279
31084
30872
26938
27855
16848
17146
8359
32532
27814
31699
12117
30628
9317
17029
6826
23456
22973
1240
6625
17319
18403
16890
23809
22263
4905
32453
16395
469
13777
20289
15992
27440
12067
6506
15074
28033
10429
30003
28418
5877
1579
19914
6106
29902
4791
10270
12851
11782
16770
12959
23370
12598
13268
580
10695
31159
31153
8403
4846
12295
16557
20573
12313
10606
25857
10247
30822
2785
6365
28177
17069
4902
5632
21264
9141
20537
3463
29310
31911
17391
18946
15477
19906
15321
14285
11448
8529
24683
18334
29427
8922
16221
24410
28740
13977
21842
19757
11769
9516
23224
28889
12700
12176
22511
3918
21037
8012
17581
1148
29358
9964
13985
18277
17893
9905
25430
29814
32605
10631
31067
21015
5550
11831
5281
897
31230
4318
21028
24015
26824
10398
18125
4952
14300
28051
23959
10557
17831
15113
24818
27454
28085
492
13157
20946
9844
32639
31606
3702
11323
19537
18126
12869
23946
22382
26777
8905
11412
8658
5932
20753
18938
20003
3306
26371
27866
22687
12392
24308
23560
2899
1999
14710
7323
653
31618
17777
27052
21909
11265
11894
22874
14232
24334
17743
21265
9445
18446
14043
15117
28764
12209
9497
30489
17698
16085
22146
12445
28826
28840
28572
30679
2193
28685
27340
11369
16825
25666
17003
20244
2649
28863
285
8387
15682
27745
11358
13003
261
5063
15710
19569
10083
15101
7183
18861
8453
16983
20604
22317
22894
21152
24156
12189
3885
9332
32487
15910
31831
22251
11496
18996
25396
6520
14100
4221
21305
11536
19610
27967
14902
142
14331
31688
5585
27734
15388
20284
22835
20792
18330
10387
23297
7832
29277
19937
24462
972
31088
26330
4943
20678
11535
661
2447
18931
1282
10896
4963
29538
20266
9973
737
5929
11354
22555
11917
2821
20328
18768
18708
31040
12931
24790
24893
12504
14022
20779
7708
16605
25102
12173
2953
25371
12041
21438
2768
31225
9104
25861
15274
9633
8503
14453
29036
13409
9250
25713
2175
29265
25626
11632
12304
7223
3039
12286
31752
31143
31424
27652
21311
25199
17514
5448
3564
13106
25342
19767
22625
30034
20326
10723
11765
15891
29672
11848
65
2302
11515
6099
24207
4484
19546
9509
12687
28644
21080
14868
24396
32079
20851
1266
27487
17225
12331
2322
26466
31314
15637
12937
18344
23494
18731
22322
28715
19202
15462
18677
3526
6600
22671
23880
4005
27621
7762
3573
21753
32272
2196
5918
25328
21526
4614
13951
14052
4660
14586
28660
2259
1476
30070
31547
4623
8477
21895
16122
11318
28340
13272
32004
23653
16263
15491
5080
7849
6331
13351
31083
1462
9347
13627
21287
732
10821
22434
20275
27190
20984
30335
8949
1829
14033
2122
21205
21756
3358
15652
10052
12285
24434
22375
29437
4741
9986
29314
3723
12931
17231
11268
11532
4910
5381
25334
28212
24312
16419
366
20885
7613
22877
1121
28445
6977
703
13753
6368
4569
15250
19623
18967
28008
26499
26683
1897
14989
20738
6194
5226
5659
10985
26639
8802
12490
21854
8301
23631
15148
27130
12947
29741
19938
21291
585
5492
8719
29398
490
24803
11789
7233
21691
21884
31327
25905
27515
19152
17127
4687
20283
24700
14425
8912
3696
1780
30192
16213
71
1407
32608
4112
21048
8579
23307
15913
5086
19203
7287
9312
13574
29286
29440
29427
10758
27514
4298
19138
10832
440
32250
5041
15686
8650
11302
4686
2384
15434
24073
180
6444
17869
14204
11951
2950
30752
2466
27936
24777
14545
12130
18595
23348
18673
3610
22384
9520
8729
3729
7807
12769
9387
8750
20976
3067
31578
10344
29865
1751
22509
18558
6977
1478
27967
4968
22045
19877
19083
525
1752
5297
31718
9142
9448
17565
5133
4291
13695
8930
865
30109
31408
21335
24624
18923
7635
26881
1078
2057
22826
31020
9060
30901
25797
25786
16352
26380
10914
19388
8012
20662
1561
24383
9547
26205
4727
1384
14145
28771
19690
964
3419
27604
3485
9177
5328
29593
7203
1537
18278
18927
25369
5752
7223
5656
1799
22707
30133
10832
25736
31987
12524
26115
14763
29723
14855
2109
32408
30142
18966
1634
12663
11389
12814
15135
6541
31888
22289
416
17832
6306
17392
4356
18878
22754
29679
11278
32721
2135
15048
31005
20501
7283
28146
5726
17493
2796
13090
15936
27283
12743
6163
4136
19183
1462
22403
20839
29898
31395
28542
14953
26410
23181
27870
9262
22624
32403
4115
10750
8425
7758
12064
4953
19859
10596
30950
6702
7392
24410
32165
24909
27567
6570
8384
12061
21785
31766
22464
16530
2458
32571
23196
18522
8561
2409
10552
28247
28233
2482
2603
25426
4120
18753
26309
23790
20808
26350
10321
3546
3605
12559
31383
28235
11062
20880
6053
26794
24511
70
207
16009
22086
12160
18677
14812
26948
26335
21508
32358
32447
16488
12223
3953
18214
15320
27072
24002
25469
23607
1721
29132
14009
17328
32512
1572
26222
16800
25675
9781
20135
1773
5304
9525
27925
29849
7952
344
1901
14487
15436
1859
4363
11485
600
18883
5083
11450
13336
16831
8313
21610
21161
10859
2455
24296
21481
28095
28320
5635
8761
13608
22938
2228
18817
29309
29777
31663
30069
30004
6322
18488
9495
24534
16501
7480
14205
4528
6143
22160
13781
22732
14470
24237
32422
31
19830
20060
13913
3588
10515
16096
8439
18153
3168
579
18740
18504
9792
13801
6317
20442
3548
25451
17774
775
15428
9122
14519
19104
18777
30721
21248
5840
28650
20008
12602
8016
7453
25015
22360
29659
3857
28768
25614
28898
18113
29761
12760
27776
20780
22640
2367
12208
11187
23511
18520
4030
18370
5698
9101
15355
29106
21430
25503
5045
7918
14853
17644
6246
26453
27807
23534
20524
11744
8875
8965
11385
15493
25430
5494
18700
22363
23659
31667
5920
2814
1829
19677
18659
14901
3905
18823
4393
11986
12374
13245
2914
12762
32105
18500
24521
28390
18108
23844
30687
9929
4584
18788
22296
30067
22571
31253
27604
12054
32515
22674
27792
6279
16124
26117
5470
32486
27846
12333
22930
29313
22666
863
23999
10486
14206
32203
19938
19096
19384
26625
25564
12052
15936
30388
12838
19797
24424
22973
1728
25252
16736
15458
31338
5396
24837
6873
23
5405
20730
4360
2207
647
6906
1679
3764
6281
19308
23560
7959
25907
23352
32141
12555
4105
27610
32379
25355
29681
2485
8822
28600
4175
26793
30638
28437
5486
20199
26208
14326
4130
8708
22943
30134
30891
19021
25940
17961
10461
24667
3460
29649
32126
22759
4817
8277
9968
8927
26692
29486
27919
27576
13897
8356
27229
32263
3835
23801
605
28235
14242
4068
5948
2573
11130
23617
17078
15660
15287
20486
5688
24946
28869
20601
9794
11370
4308
5792
25872
12150
28564
20473
4217
7708
27453
14188
14103
20129
15059
14974
6312
10457
29096
32455
26036
30525
23586
23462
8817
20030
6590
7219
12515
32217
6229
7541
17991
16748
21663
7382
20402
8648
1013
19155
2550
15751
2907
30200
20677
27552
26557
25100
26905
27704
27513
8073
19154
7099
29982
30543
11681
23596
883
16024
23846
10425
19132
10031
6229
1939
12088
24541
30
19964
18670
6436
22861
27298
21674
16944
9647
10795
13890
4619
22646
10769
28701
12560
10718
28080
13302
5794
19985
18845
28894
28446
4936
6458
640
7693
11060
29319
26025
12447
9116
19515
5640
21589
21063
18964
31026
9725
14364
9067
31464
27875
8072
22539
16029
5702
31264
10051
2611
1289
16776
32058
19974
2475
24467
19075
28203
5753
25003
31217
12538
1026
31604
30893
30409
31180
7340
1157
7931
20293
7766
13447
15930
30972
19223
28623
2560
22033
18144
18077
7516
29163
6605
25003
31475
3624
25165
31677
28741
2266
29316
6521
15921
29424
23789
29561
10939
27378
13380
18079
24590
4082
675
32424
15549
8383
15339
28420
31054
7003
12133
3557
18169
28847
15529
26007
19373
8318
20415
12303
8020
20888
26757
20678
11864
14928
12624
8392
9574
27951
26838
16647
19058
24042
9036
26358
26363
12946
9931
22355
10128
13579
26360
836
5267
30911
25572
31654
2109
2195
28721
11938
17890
12571
8823
9089
5750
15113
30181
10433
3665
10732
24108
10344
24623
21271
21144
5784
24955
24798
5248
11876
9165
5641
13537
28898
18353
25986
7494
6785
27818
12881
8171
669
25206
19402
21281
6481
32660
31237
15348
30605
16644
11919
3084
13672
5966
11615
30417
31415
1221
16908
25043
32222
28941
21821
29800
25830
21979
30304
19095
15568
10492
11679
20276
31529
10137
10767
333
15839
26297
8235
10437
15699
19719
27778
15935
9391
22998
20140
2621
17530
23906
20610
16265
21354
1624
11663
5333
12665
26777
20161
8606
24890
24891
11876
598
11118
31697
14417
1985
8403
15597
31331
30112
28220
30179
14635
5261
14054
1487
15589
6950
26890
11225
27306
12909
16559
20151
32231
6511
27842
23924
30221
11300
2664
11632
3210
20887
27283
31145
18169
5446
21972
26424
31125
28620
17008
13087
19956
701
12469
27969
8690
19410
8590
25778
21227
4934
23382
10545
18733
6527
28906
17907
22444
18417
16130
6563
17400
26944
21441
28582
2669
11428
29834
16035
12969
30866
13846
12355
18500
20633
23235
22069
19387
21130
27439
12406
12204
3803
15622
26831
13897
16461
23576
26527
17159
9933
2479
9690
29846
2456
17951
24658
6934
9379
6302
4149
24200
1338
2390
19671
10626
6631
441
31410
11303
31125
1813
27564
2903
9717
872
21656
4131
19745
4213
15358
27524
20096
30999
17951
25164
1769
25814
564
30044
10251
25016
7415
23064
7948
16473
7268
22296
20080
30270
2241
22816
7997
31335
9948
21587
11612
20515
10132
17827
4931
13353
28826
26764
6353
8163
25209
29954
18809
5901
16340
31144
13731
29567
6639
9794
25423
9031
26226
6765
12796
3323
8809
3214
13768
3662
9870
23816
19928
18656
4299
27058
31226
12635
26363
13704
13193
5307
22257
14496
19858
2029
14267
27744
8244
30108
12327
26607
845
15944
9863
8425
23635
7832
23986
9303
17279
20465
25419
23518
1073
5959
13126
13110
31888
13875
13479
12766
8304
29254
29581
23822
9082
9886
15472
30190
3718
5046
31911
26629
17484
24962
3117
31732
14652
1980
17572
8804
25258
4217
2458
27453
8494
26879
9740
32024
10827
13530
9000
8440
13646
22317
31831
13876
28537
9799
21627
8888
31585
32118
4213
4974
32661
8480
31467
8438
2176
10511
21832
11421
16785
25869
31236
2445
18841
28593
29733
17985
9844
25464
12294
10812
7147
26135
10583
15355
27097
32272
14949
25384
13709
26244
28827
31504
8816
21832
2633
26967
24039
26427
421
3306
8827
9942
18704
6454
30264
24836
7322
12696
10322
15412
3271
22804
21007
17837
9876
2633
24288
26914
23733
2980
24529
1671
5665
21461
11812
6691
1488
4735
8505
10981
12227
12596
23474
29435
16198
24736
29652
30369
4722
1540
31535
32055
7925
7399
10625
8343
5142
24840
11992
26277
24051
21654
28919
6440
28173
30371
14331
20440
27911
15831
3646
24759
14763
11105
22396
10917
22830
2611
25396
28207
15541
11887
32337
10409
23
18716
18442
9596
1509
9246
19975
14784
5288
23141
13253
24078
22889
24676
26939
6799
29559
28869
13502
31065
28004
12635
5154
29436
18257
9304
14626
2391
30315
14784
9473
1201
32182
5405
10098
1797
1034
23413
17590
27036
2907
7545
18180
6369
11581
12799
32557
25202
166
5298
30848
26995
3318
7432
9195
13607
28214
8565
15972
3521
3741
23263
30343
7031
6489
7249
5505
31705
2700
13043
12076
16737
148
570
7547
4427
12943
12380
19225
21414
12318
30471
4429
10668
20074
27730
11553
7759
26213
22516
4035
17684
18515
26803
3627
15140
2184
24096
13310
16033
2419
31362
15795
20534
26331
20752
32244
4850
9833
17507
12871
24150
20839
18730
2797
13996
23495
16672
27146
8091
31847
571
7687
31993
23187
24102
6965
30176
13516
15858
30899
3588
25799
9737
13457
26947
25785
13923
821
28030
14802
31484
11774
13992
26631
8325
17704
4380
21269
24921
10480
28212
12483
16052
11768
1815
28775
23071
24812
8658
15275
815
11622
11435
29841
19823
27663
9137
21685
17051
7176
29848
4563
1295
19336
21700
11144
30334
29638
15780
18013
14055
19481
833
14337
4037
22621
14615
10454
8071
13978
22819
28335
22847
28640
24893
1241
11422
20597
23208
17752
27168
2867
32744
18290
14212
11307
29907
1906
10367
7822
17643
15270
20401
18894
7147
31402
23512
2560
27808
5864
5444
1925
31226
21344
20363
12777
30307
21925
9085
25099
11599
31016
1370
26494
27413
26553
2883
1328
5885
6987
30703
8521
13210
11512
23967
11350
14682
5445
27988
935
32603
16806
17983
21237
9856
9029
22905
14665
15045
6911
13812
13592
32463
26287
20658
7091
5576
29616
7476
8159
32617
15005
2614
11199
6744
2139
13977
4603
8373
22618
29345
23067
21231
9239
24928
11316
17629
19430
20082
8135
266
31982
3051
29158
30288
14453
27790
26264
25512
24670
11840
22911
13888
27887
26812
16824
3534
12248
21639
11523
23333
18545
32295
30244
19717
11588
14736
14985
32568
28363
27103
21292
8154
6011
29002
21691
32505
19713
23895
23287
15454
5835
9037
9050
1961
28106
232
15100
9892
31094
21841
17335
13777
7699
1613
5257
22341
16435
17845
14651
17337
24957
19238
5440
29151
31404
22009
11744
18418
14043
2934
24470
2961
29695
1348
694
973
11445
9252
17234
385
12094
31456
12383
16866
17863
25981
17940
24406
13294
8376
30611
17546
11651
30129
31691
21950
10891
19937
24989
17508
15499
17233
12093
16618
18691
270
4316
32468
19768
2008
23172
16141
3894
11034
24899
21631
24598
23071
28555
22241
21373
2434
22745
30672
4197
20710
28821
11810
7968
4328
26681
11127
22681
13650
22710
20496
23262
26513
31508
4325
9947
17770
21592
1009
19304
28648
22698
1745
16775
1689
18871
13197
24038
25338
21589
6070
31660
10287
12645
25009
17522
31479
19966
30802
14734
30176
16072
12461
25240
11703
677
5672
17703
23107
22679
30933
2524
30515
11486
13823
29346
29012
24928
28419
1587
13319
30030
8801
5343
10995
20485
23315
31369
3063
13106
27166
16882
32098
6202
24166
3386
27751
31961
11974
26531
10187
25353
19040
25753
4833
2085
818
12271
1208
5966
1771
29548
10131
23310
23036
13702
27801
12859
2289
5485
26574
19486
1026
2123
10306
28629
22757
31690
24713
21238
16103
472
29546
17269
10555
27047
14555
10440
21394
27127
3886
8264
31980
16535
3205
14555
17581
27433
25739
4560
24051
23847
22118
24842
3367
22307
14055
9313
9170
17235
27396
581
28338
15180
26249
7588
18958
6926
778
24846
20550
17729
17180
1304
22190
31934
21957
22014
11420
30545
28208
31884
20672
3517
17317
20030
4276
11521
19897
26790
18132
27866
4290
7182
10832
28553
3726
26975
25984
28374
12117
5953
26231
6741
14059
8836
7642
10984
6714
3519
8179
20357
18672
21558
23553
22330
16245
1025
24018
15470
29984
17259
19860
30057
31402
17817
8681
11799
23779
29292
14393
20232
8099
17831
18252
30140
25860
10581
24600
16926
5326
20325
28887
7502
6195
20120
32349
23971
32189
1693
1961
27633
6532
3962
18362
19975
30116
14381
18852
14972
9966
22675
738
6572
23006
31370
26606
6141
11213
7762
12047
11623
9320
7738
13682
15923
25441
30072
14973
14594
22117
28248
25952
22034
2893
31641
18669
23485
29336
16659
22953
3138
9753
3998
2595
8392
2029
22576
388
30112
19888
23109
8296
19403
19440
4484
18412
17340
5602
9887
5896
30046
17748
26491
4640
18777
32483
2705
26837
30610
1646
16788
20001
20208
30667
24403
5795
10854
30648
5346
4407
14126
28948
2548
19914
28754
12879
21644
18029
29553
32543
5077
7847
4800
27252
12877
27920
18511
3247
4905
17179
28302
27150
12022
26420
25103
7531
25468
29963
28813
6951
31463
22575
14638
8289
11817
21726
25093
8811
9882
4892
18139
21118
17121
24578
1327
2476
8984
6489
2427
12567
16427
30567
441
31329
4737
10505
22822
31843
3039
30210
8518
2082
26761
23443
3112
18942
7082
22348
23531
2861
23285
21537
27521
10088
3469
28096
13491
2788
8738
32290
30565
19588
4189
10592
26140
14413
2431
23497
31677
24090
7237
28209
24216
30865
20494
25739
29860
16469
31551
31419
3340
32637
22759
29605
17131
31046
8607
24202
32084
31236
11189
18068
12438
9055
22153
175
17598
18619
17718
2971
17757
28664
11381
13887
16011
19036
14271
65
27435
14797
18866
26835
6257
13892
7094
8144
25250
10110
224
19719
12059
1781
20503
25047
1941
24078
14709
10492
15015
29844
2799
2216
25996
17253
10297
10965
19239
32619
14820
32730
7236
20686
22474
20285
5409
2664
12971
19145
5165
30074
280
22496
3599
1437
13200
786
746
2299
13290
20974
22752
10430
13298
26391
16341
19913
20311
11419
629
15782
1221
30849
26744
960
19022
24481
3620
31443
16654
10937
21780
2720
19471
8636
21049
28133
3690
8557
23838
5260
5295
12077
9328
30243
11655
32529
27581
26764
13720
8248
22140
20214
23209
17244
25678
13580
6663
20390
643
10859
32295
14791
22240
29274
24460
20804
10143
23477
11499
30737
1208
21803
32398
30818
5727
4522
30966
27838
13518
20758
17092
28245
11588
8513
4570
32147
22606
11032
5053
22773
25925
24602
13629
13852
32536
7183
3417
4384
11851
3830
28509
1574
7232
831
26701
26933
7094
21562
11142
4165
6799
10448
12963
921
24790
18033
5278
2127
16640
4173
22583
14646
7538
1735
17818
8671
26436
23334
31548
4087
31301
27534
18950
3795
31295
15152
7349
16717
5500
15037
28289
3535
20616
29984
5372
20653
16185
29804
24894
2232
20205
29459
23615
12816
1555
11610
8836
17209
23789
26377
8958
113
5011
31079
17711
6465
10556
32101
14990
17491
22713
26138
32557
19843
15938
8047
19865
19000
2677
1308
2561
26613
26268
17875
26779
2347
28207
1722
21316
9298
24986
23327
21095
6455
30271
25704
32031
28824
26559
11848
13472
14830
11893
6969
11987
31626
32580
29990
5184
26851
30867
30311
13617
21295
8341
24307
6676
2096
6350
27089
29474
4945
10963
14032
11070
5361
4689
31864
8736
9215
10320
5696
20914
28103
21433
17154
25274
2059
25366
10155
29882
10582
13210
27191
7444
15245
18785
30941
24946
31943
15608
20870
12645
8798
8736
23940
9037
12871
19407
13697
30840
1694
4472
25013
11406
12165
31116
27229
5164
10031
27969
19560
20175
3128
22930
9843
4084
22072
24967
12791
893
14487
1462
23745
20823
10147
25866
5795
1114
13279
31427
10090
22640
12190
32190
8463
13306
21201
17655
16946
20591
20766
21836
23747
22086
5682
31876
5379
28695
7255
7567
3243
6397
4425
4623
20074
10814
15685
17688
3477
27694
24676
27444
3611
11856
31271
31659
18615
10943
12115
20225
8041
14540
16895
1727
13862
4841
20459
8823
17359
13254
19219
26114
28512
3769
24708
29964
3434
10083
16751
18387
20931
19601
636
23851
18811
31328
1376
19910
12563
10149
8370
9394
31466
651
31226
8483
6648
24702
17932
17779
25790
25928
25492
22375
9341
9594
1009
13748
9383
18446
22087
9921
22163
27466
26831
1199
23924
20712
13426
27287
5772
5491
1687
18194
29085
30452
15673
30719
11681
28366
2364
21376
19898
8935
11009
16966
23148
29192
23864
20239
17162
8071
25077
20332
29550
25123
26118
2504
29165
23087
11909
31910
6539
13043
17577
11050
17514
29519
5089
4827
31369
16801
11812
11943
30891
7913
10882
11048
9108
23851
20992
12325
15227
21781
3746
25436
25533
7906
20681
2174
21199
21118
24255
25212
15990
4843
17041
14849
22586
26851
18973
11583
28184
12479
19819
11503
887
8087
12097
19091
30301
9131
19441
15359
1251
9217
19062
14359
18150
25424
959
4314
28672
2589
29771
11936
28086
7204
27638
20639
13811
23801
28691
14004
22966
26607
954
6241
12295
32569
19043
3346
11567
22095
14516
18852
14888
23444
18328
22311
8275
17717
23953
9955
23913
25940
25167
10138
29620
2406
12417
16397
2687
26841
23019
21185
29387
26362
29113
12035
25667
11287
20755
4906
1650
23008
2545
9244
6708
24339
31793
32276
22378
11865
16615
17058
21234
23659
24564
18419
215
27000
986
19794
9924
14795
8142
22767
21183
425
15375
8927
10771
10360
23671
12645
9358
26407
13647
2672
2029
9673
8808
7780
14229
23683
5223
20509
11396
31657
26721
15922
10630
7972
23976
12662
32684
4375
7652
21701
30458
24514
2917
6653
12128
2726
18871
28746
3564
2793
13431
12199
2621
15101
14438
23969
28731
24957
17084
12126
27141
25431
15039
27871
26155
24880
14739
6530
11806
17412
29780
1483
16612
32013
3170
11875
17936
31975
14844
3169
11506
9713
1297
15049
19467
15862
82
5458
5315
8973
14988
13421
12127
18365
23093
27266
4909
14949
5957
9853
28417
15323
1863
24457
30181
10580
28591
28187
25613
15748
4718
30259
20489
27910
10436
18143
7230
25085
85
21248
7319
23292
28288
10064
17528
28963
3564
420
28916
2443
31331
28015
9023
30181
32484
2440
16230
2141
27123
23341
9021
7877
31796
21063
10649
26863
9528
25327
28096
28250
663
22578
25374
5905
21823
17425
5434
15313
24843
12492
9192
362
27288
30561
20415
871
18260
24399
10957
4593
13271
27551
16778
1777
25719
31013
20491
30325
1046
4612
22392
15957
5439
6768
10176
14614
26994
15032
12683
6158
8891
10883
13425
10441
29577
16729
7529
2476
4286
28774
10628
4568
2563
2427
8411
28754
31838
30550
15813
18016
21254
19235
5198
16694
2678
17219
3557
30417
10688
12107
19797
2596
26148
21840
3831
23154
9441
15458
22821
16891
20299
86
4337
10202
11550
4809
18199
26926
14610
3425
20785
23928
9135
31062
810
31300
30819
12337
7413
23052
6354
14804
16511
10841
621
19387
994
17707
4678
19841
29659
31131
15138
1702
6782
18367
25040
22927
24104
5070
21434
12238
19638
5252
3002
31652
9972
200
14639
29380
16472
16525
15695
26202
1777
9462
4799
23628
18330
27581
21345
19904
627
4565
20589
11998
25490
14670
28867
9175
13301
9850
18815
1830
22203
6222
9422
9494
9876
10
27393
20612
18295
23581
8672
13542
16531
14914
30273
2444
29319
9456
985
2598
15829
32753
20305
22663
28052
6224
9884
11176
14950
27513
23433
28656
31146
27036
3220
15538
19699
14162
28674
17144
26040
12931
21805
6527
12621
16007
20508
2562
273
7051
17238
17339
746
19767
15352
5928
7662
21646
21510
7947
1891
16661
3839
31412
9194
23863
25780
32130
2295
31208
28249
30632
12932
7561
27101
31789
16647
6667
1911
18487
21409
20056
13698
12168
21144
5870
24202
12873
15879
12749
19879
8198
21716
6548
11529
27643
10211
7143
21205
5774
28041
12051
20528
20508
10564
19189
30360
14584
31657
18712
18299
25265
11933
4125
514
30356
20936
3680
17198
9586
31559
18392
27687
17572
161
31551
17105
15435
15357
8819
159
10972
12690
21021
17324
25053
10590
15504
5640
8169
4379
23540
32591
11258
14959
1955
21633
13800
18787
30931
14861
8236
26390
630
3119
5866
3251
94
8572
6191
31392
16805
7100
20855
12280
29260
15095
30322
30268
18466
26323
29959
21829
30439
25117
10906
893
12210
23717
32394
9807
12176
22351
1534
30428
8558
3687
5346
7920
22329
24117
24620
25140
7747
21969
5476
26533
13033
27705
2915
14148
6003
2977
28763
16399
21051
26378
6423
31281
22290
19990
21892
31094
8159
29467
28273
1025
14473
22390
12435
321
16919
21026
10444
21793
12566
25737
30124
31615
19259
20889
21049
30688
10314
11035
15851
28002
14902
18752
26107
29426
8330
24701
13278
30654
19207
10649
9484
19437
12175
20485
20485
8590
5954
6763
14998
6607
18150
393
25944
12912
1676
10560
12411
10103
19568
28648
32193
7460
3874
2023
13261
9767
739
20354
1694
31249
18002
23283
10583
28681
16968
25787
19777
4544
16640
6201
4626
23207
123
27260
19312
30559
17442
30038
16305
6512
10670
2225
17381
13119
17733
26150
22806
12346
18661
23244
11982
32086
15110
11086
11994
30139
123
1601
30286
1981
15770
28852
24521
9743
21148
24840
762
22835
30535
31746
19811
1333
14794
10270
6237
14233
25832
27430
24669
4498
4440
17924
373
8821
26220
725
7454
18028
19954
10558
3380
23919
8024
3331
2114
28272
1555
10965
23296
2774
10048
18284
23322
1581
19084
1238
30515
22044
2642
25103
2090
11927
20228
22737
18332
11861
6604
3501
4010
12165
25203
18011
18428
4285
3201
6735
9221
2611
14246
4492
5769
25391
28504
9661
7773
7104
32190
22914
20591
24239
26061
23048
17158
20401
18609
24284
15946
2528
14958
15361
22022
25196
18887
23104
20653
17294
16223
2495
32667
13246
22558
25301
27806
23846
32470
10525
181
10582
18726
25801
2071
17721
15263
9785
14199
8520
6438
10189
5767
16893
16793
16887
29627
29835
25526
26004
17743
15308
1592
4220
7051
2427
11330
28759
2118
6051
6401
10163
8105
30295
30350
26964
30261
8612
25617
24011
16391
13252
12076
1867
30043
1940
15511
6071
8272
24393
25607
27903
14315
25438
17237
10157
11357
3536
19676
4027
2185
21902
5411
15272
19649
11819
9148
11723
26320
12247
19307
23526
27454
31629
19851
21758
29647
12174
19630
31082
18253
13
21124
31019
11911
18476
27902
3195
6810
10023
9906
6824
111
32207
24194
17187
3461
24635
17016
31956
6641
20410
29173
16305
31651
20747
2827
27791
7914
13009
10023
26424
2107
6209
2803
5821
9006
7198
3450
16398
713
8167
31374
28359
30465
6991
29798
24653
7038
32749
6284
9498
17311
1333
27639
27733
26558
28839
21107
11686
30645
11846
5450
9544
13984
19788
15645
22112
997
13596
17171
1933
13682
9848
23862
28096
26438
23796
27161
31054
25651
25770
16318
31043
3042
30768
25016
2298
23063
31431
25229
31722
29494
25301
29790
15299
23047
10390
27850
19642
12982
3342
16399
27680
14110
19778
14194
32058
16454
5543
26338
14413
2348
18907
9688
20472
3778
29843
3969
198
12599
29653
19999
16132
31351
13671
13741
30416
11765
6023
29121
4723
1448
16860
19127
15089
16467
2733
17932
1758
25866
15441
9736
2930
24562
20198
3232
992
23624
27206
17818
740
32677
17463
31730
25243
27264
12002
24189
26264
8692
27527
30668
17460
18115
5486
15699
1317
15772
14625
6602
30803
11417
27608
30420
9447
29196
30517
2527
29604
30843
27953
26699
634
3049
14423
9934
22104
5207
31792
2071
24387
22923
23038
32433
677
13328
28076
1579
8167
20350
5894
6006
17217
25084
25382
15502
31441
32002
10798
1884
491
23396
13629
28636
14001
20620
155
23931
3555
15622
28215
24515
30968
11331
31828
23097
29293
32662
21631
10118
9309
19075
18116
30678
23890
17465
1313
28286
18267
29277
13115
17121
5470
28937
7760
26772
6832
31765
12653
704
227
7573
31201
9928
4063
9634
20465
12844
15412
20318
30669
14254
28591
14130
20163
18355
16428
1626
22707
6123
2218
30628
16835
20020
6309
6516
10323
29372
28064
28940
17204
19814
11009
25354
14356
12912
17441
1330
13885
594
3236
15726
10624
24809
8966
21011
6507
26580
26999
20326
2243
22559
233
26207
26926
3870
31335
10413
30511
17052
12968
17913
4695
18486
3044
11887
26042
27649
31206
15995
29857
6771
5219
22480
24446
24960
9098
2991
29989
3331
23260
14950
25656
25184
13886
19479
8419
16231
11596
26298
21194
8316
12529
17765
24384
20981
10036
5323
25530
20676
22869
30980
13443
7766
2073
8332
13233
3003
6754
2189
5207
16390
6658
22113
24060
32247
29393
27218
17484
27863
10238
4005
9998
26788
29602
28120
20054
7534
1179
7975
14076
29185
20119
4181
844
1476
8303
3496
25599
17889
29879
8502
3435
23974
12435
9823
3318
1580
17611
13979
4816
31030
25890
21366
994
2907
18916
29144
26625
12648
12223
19082
2152
29952
2515
5110
21093
7301
6668
2350
21074
2620
25520
25136
23239
5803
11316
8553
11278
27206
32340
23159
12247
6731
25443
22067
7469
3307
18143
14319
6313
26794
14408
2044
9446
4872
32562
18288
30516
609
13722
28965
1169
26386
23670
3077
23253
28637
7823
12933
6700
11663
13715
13168
8905
23007
9574
12262
19161
1434
16826
23204
12470
29181
12767
15494
32094
6498
26332
8777
11043
11040
14270
6038
9380
32428
6192
4924
20475
16900
7500
14526
23096
26445
17585
21261
22287
5562
12758
27798
2253
8625
21918
10367
25744
20521
13356
16686
9912
26967
15608
20492
2969
24201
26914
17032
114
1874
5127
8286
24739
14823
16915
1817
4890
17097
18902
32470
7183
32676
4953
3148
30449
8567
25010
9225
19616
23030
23254
25342
23004
30765
16815
12350
6654
14437
5742
11267
2533
19275
4387
4082
5940
22607
10890
25760
4027
32587
10024
12372
9522
7525
22679
783
22829
22838
2335
969
25932
14892
17798
25342
29618
20268
31016
22121
15289
10364
4170
528
22244
10465
5291
29312
25110
29188
30812
3162
16129
28698
722
5390
2528
18628
5178
14567
5993
12596
13068
12872
3837
28562
6115
30261
29987
2974
11148
2580
14900
29334
11100
26293
8536
4698
26567
3217
5040
12238
20783
11599
13269
31872
18170
3725
17794
12171
23783
2524
15757
9659
2722
19980
3612
19697
31126
17835
789
24265
25858
18120
17110
11899
16463
28668
18215
3583
6049
22188
25196
3701
24236
27272
9504
8131
8649
12887
14206
21376
19784
17911
31617
18193
32520
10655
2831
30993
5702
28264
26225
3575
30131
15372
26375
18418
11209
10221
19002
13848
30046
32089
26801
24256
20090
23308
28104
26924
1382
18934
9022
2668
1029
12607
9517
14718
17255
19337
4672
28346
7580
373
3104
29294
29126
19816
7215
32453
20082
3215
20601
14573
5673
24864
9448
17784
21057
2531
3255
31747
10233
21234
12328
32278
9158
957
12922
13644
20199
28240
5141
31924
17215
985
1289
31094
12644
4708
15286
26298
3316
4074
9164
22725
21288
5770
31095
15205
8107
30230
9427
3984
940
32465
27046
11336
21298
26999
16206
1729
23727
126
25848
17862
16089
28316
1555
9305
20661
22153
773
26522
20468
6150
12828
27626
18819
26142
11463
3407
28766
4780
32006
28442
22181
13085
16159
26312
15601
631
2963
3623
27624
9370
15696
16570
19471
11975
26664
2141
12256
6494
4994
15660
1053
32492
3407
23714
23139
19556
26944
23550
514
18093
54
31211
8972
2397
1019
21343
4012
25285
31535
16324
16313
12589
14725
14422
10891
9568
10287
20172
29454
3692
29334
30522
6676
4771
27471
10550
10992
31205
15690
7226
5696
27938
15693
9033
12042
20250
28577
27605
32267
4711
5644
9185
24395
12478
23039
19299
7669
10098
26383
13548
614
7481
2473
31114
1668
5427
9730
25582
9297
21288
6990
5834
29376
21778
26418
29309
1223
1499
7547
32242
16053
3431
2064
22213
5574
25045
805
27816
28148
32258
27058
3078
2577
24911
9764
31718
16915
15525
15186
13073
29615
28854
22962
26743
24873
16773
21709
719
29290
25384
3312
11134
3155
17356
8485
2234
29265
14075
32097
25327
26161
26138
6399
14689
31286
10806
31085
2580
18793
13056
19750
20713
2609
7957
13024
521
12067
27011
262
902
2587
20617
8552
27200
9612
6559
21810
32262
18452
22198
29978
18686
22100
4289
478
13895
1790
31604
6382
988
7471
5708
8549
3004
7424
24271
17726
10312
11864
30741
2757
14316
8708
27527
8779
1025
19721
26343
15390
3826
11832
7057
31417
3486
4612
8960
21815
4094
10385
3219
32270
7432
16909
30865
8697
17875
9539
25708
4918
29691
13421
3138
13554
30535
21578
1449
15106
5769
18801
30636
4563
10182
32741
5137
676
29591
28905
13790
26610
26575
6934
18715
1588
23902
16554
24536
23753
30070
24611
6258
815
20972
6925
14611
26229
11488
32536
9336
31475
5024
25965
3063
13880
18634
23618
704
25924
4529
20140
22115
13048
29442
24245
20626
29386
8360
9647
17960
957
9452
20168
5995
24465
737
16350
1422
10806
22527
17556
379
21895
16654
28581
22479
11573
1606
9848
24101
24321
21172
2805
1431
21295
31455
14232
30338
26935
5804
451
6538
27837
29311
13913
12766
22211
7075
1160
27837
12062
3052
2790
2618
8742
14490
15040
828
7858
2177
1454
20680
4164
30055
2411
14467
2432
23726
11748
17010
29411
17203
27023
15365
4529
4213
8190
27732
31535
1274
20148
23976
18451
28654
31799
24637
7225
26638
7527
10822
22167
3012
25869
14642
32115
3219
12727
22574
15059
2486
3524
28651
32054
32260
30139
929
4225
17687
22753
32596
17212
31661
2058
15190
27646
16206
1711
22797
25382
4400
29249
23798
17612
24663
29629
10730
3832
32512
28545
16800
28689
1856
26462
28276
22936
29417
17134
14950
11030
27309
29223
22374
2386
4230
7729
23759
13768
18773
23669
32305
31319
18889
6135
8019
32058
27266
9445
27000
4409
1910
12912
17890
22048
28308
3802
24981
15729
8616
29136
7773
18262
28543
16635
5394
3033
10315
722
3355
25687
29000
29618
3377
18738
31648
28976
26981
14279
8845
12206
29285
13472
13501
28204
10747
15850
27898
7265
8406
16937
24074
9994
24973
28458
21972
24195
3297
27961
31685
11156
2883
23189
11890
1677
30614
6945
25727
25749
10037
20572
5311
3903
29496
3475
27036
6750
9971
7254
17338
27675
14272
25896
20439
2884
10751
20602
13302
10215
18266
13275
6076
4640
2638
8041
3098
4911
25318
8075
5676
23757
14538
18146
24929
705
20089
5244
23773
12974
27091
2635
18459
7727
26074
2006
29399
19237
4537
15663
13355
15952
262
18981
23800
13341
12612
23994
10631
23487
10412
27096
30320
18561
29229
16191
15547
3419
6833
9666
6470
14019
5026
17587
25446
5829
7852
28572
5841
5974
9925
11055
5308
1766
10859
32384
64
4916
6957
25714
14850
26214
22125
29039
16147
6745
7012
349
28437
30262
8807
461
32160
10822
14696
11381
4836
32263
2495
17888
24463
9343
27435
13412
10225
10960
26643
853
2653
13581
22290
9848
1235
32076
11699
4538
32221
18684
28793
31010
21687
18553
25635
19717
15538
5342
25645
18041
26586
16411
666
6155
17623
11079
21745
5813
21521
5943
4742
28426
22552
9039
26618
15028
25922
11928
9221
2592
5270
20243
8563
13944
24040
21325
4717
4050
23878
564
4346
15271
1939
3369
6342
22406
4722
26710
20001
13321
4966
32066
13898
15369
6711
27554
17646
23566
19095
19571
25324
32265
14597
11077
21083
27974
3826
10714
5070
13980
14882
495
12502
22759
11094
22874
4041
22968
26664
7253
13506
4682
29750
21018
5097
18616
21890
8112
22773
26990
14361
27908
18415
29917
29939
24635
6968
30068
27
9031
717
4555
527
10168
10442
3873
8298
23765
24365
22536
14784
3052
23261
23391
6346
20198
8171
22401
25283
21790
791
26044
17681
27252
25750
23045
9768
29853
2066
19177
23980
23229
11763
21959
14293
2871
20957
29501
18456
5059
12921
28640
20228
32706
1657
23856
14186
28879
726
3787
28352
9623
5724
30688
7367
25322
32361
31975
32364
29458
6386
3471
26604
12131
6086
6904
12860
18451
30999
15907
6056
15948
26934
8871
17338
17536
29086
2469
6749
30973
6452
30973
31298
11969
22989
27330
32387
14479
3825
4332
903
27202
16863
333
29477
17506
30416
24007
7180
32245
24448
19643
6242
24727
5867
21956
1963
10957
19028
30374
8173
27799
29580
1153
23057
4676
2161
11595
15757
4490
17333
11644
3904
27862
27361
3595
26525
225
13721
32410
29708
20612
14881
8174
26509
17101
800
21153
24223
1874
12964
24091
14944
5317
22119
958
14069
30153
20817
21089
16684
22532
32317
19968
20320
4470
28672
16305
16798
4105
29351
16858
3333
26473
12801
23714
13939
28949
10590
18085
24670
12983
16533
7660
28671
32433
14924
11548
3510
760
22387
4333
1194
14885
21522
20958
17840
29385
8517
17960
4462
24833
132
20464
3520
28235
25640
19392
19034
15256
14635
17208
30895
2467
32304
14337
23314
31616
19395
6915
12059
26488
12769
17368
5965
10772
3771
31872
18421
12152
17079
30038
31573
9970
26040
13634
28930
5331
24991
23089
31883
13950
5650
15810
26459
27838
27004
21058
10721
8285
27476
19419
16366
21746
27555
27144
7262
24058
11200
30028
32762
27178
3166
17700
14237
22788
23753
25146
1430
3753
12141
6363
14926
14830
22424
4011
16427
16561
29825
13976
7859
18030
11656
8716
14581
269
959
9831
19236
20478
23722
18348
27526
18824
10819
20858
4748
12894
21569
11071
28227
4980
18074
15528
1259
25104
18759
30300
27364
28196
1351
21225
4050
2779
23270
25598
26361
9586
27967
16348
28393
15945
1792
25351
23648
30778
15469
23105
27756
12841
28328
18616
8656
24284
5167
7807
29097
3853
27302
4923
9041
25022
30167
14623
26500
20173
28663
15386
27329
32712
3882
8526
26355
11010
17482
6853
30801
9447
22244
17247
14723
7052
644
22287
27398
12427
31027
15175
10705
25869
28477
27569
31033
3112
5176
7968
9234
14188
7489
14534
14615
20920
17545
22951
9868
23634
25105
9805
14625
567
433
5310
538
30128
6751
22187
26797
19494
19118
13290
27307
19511
16021
26919
20579
25098
8818
24278
22468
11743
18254
19563
6849
24810
23651
7118
13562
23649
25051
8457
27800
18132
14555
31300
25208
3005
29888
11252
3469
31064
20905
19791
1407
28852
29749
22787
24728
23562
22158
30247
10465
24399
1702
19826
11400
30469
6592
16043
11653
31062
31027
2656
13437
11619
27754
17371
2791
27866
1072
8018
8301
966
19242
28766
24469
17068
24485
27822
13728
30419
23187
1789
20915
15587
10191
30273
24372
25010
13225
15654
16247
17754
4510
17850
1690
29839
103
25962
16301
27695
28470
23853
15382
15131
26684
10751
29236
30278
1134
14737
12099
13067
19593
22335
8320
31684
11091
25922
30605
29336
21796
13863
11798
5780
18598
6783
11445
24317
19673
30425
22803
8421
4186
30189
20305
29437
19940
11034
19110
938
6679
14611
329
5467
15992
20693
30609
5401
17850
7388
3674
32608
7484
27798
20652
1837
28626
13336
17559
13144
7624
13328
17249
26148
30244
24058
7396
789
5420
18583
2609
9985
3112
18587
13177
9834
13929
422
19758
17931
24458
886
4197
25009
7926
18267
4735
30028
3242
8683
16392
15430
13117
31990
32479
23315
25373
28093
15255
18186
19227
31582
26142
24691
31274
10643
8604
29409
11875
7068
11166
4034
5453
25466
15988
30516
24924
20830
29399
794
22711
22369
25808
18543
16702
21877
8149
25307
19916
24988
5684
7812
28857
24664
10165
29735
14244
354
31610
2919
5231
29854
12587
14181
14218
27471
11600
8592
24437
14728
1278
5823
16768
11235
19638
10877
28630
25972
20106
9379
24761
23040
27521
27949
31503
14443
11325
27206
19486
22896
17627
1189
19092
1685
4123
17948
19146
11613
17857
18030
2121
21183
28731
23138
26766
23255
25987
14613
23306
30940
18247
2964
31341
23378
20040
6826
21284
26752
25856
3831
29472
7973
21895
30530
9946
28519
3767
2321
1940
8204
17551
20342
16097
5100
28629
15403
9063
934
28927
20193
4836
32659
23124
18134
11631
19960
9551
4774
22017
31104
22340
29283
7219
9193
22853
32743
29513
28925
1863
4457
23152
7620
14977
10831
23108
6136
21269
28227
31637
10681
1266
19081
7019
3458
27641
18832
16455
32348
11103
17607
21676
6225
7250
26801
27358
7460
20447
16188
28138
28991
26643
13391
25574
25837
3168
18594
9594
7625
32067
26322
11936
13431
2852
3765
27815
23185
29822
19179
11646
7396
28479
9397
5167
5597
24946
2570
13994
9278
3355
23016
18628
31253
13154
2793
30847
6127
29428
8214
24460
2121
26023
24575
11790
28487
16733
524
29345
17065
42
17934
9115
15866
21433
10777
19858
26378
26603
12950
2846
13983
14530
30868
10719
14696
32638
29279
8386
15666
31493
10836
15233
24158
6024
22515
8041
2451
14692
3894
3424
17840
12102
31265
1318
23045
3987
20635
11739
9410
1287
636
10178
13743
20124
18407
11076
286
30381
3034
6456
16159
1371
25859
24673
19186
12848
4310
23608
5826
22786
9436
4332
1936
13850
27214
26792
19821
11670
6114
22036
3052
8716
24037
30
26327
7792
30858
23290
18209
22328
15490
21095
27676
18109
20940
26933
7404
26853
4303
29188
3644
23039
13734
17742
20527
23790
23995
6312
22681
3210
919
23364
32112
15427
27896
15291
29565
19464
16164
15113
9559
29543
11646
28889
30354
18421
30295
25860
18228
752
8710
8788
19304
18979
14395
26253
2935
10
24464
5038
8179
24375
7009
18036
32310
25844
7134
13856
26891
20266
21598
16762
22954
12673
19447
19734
29930
26057
23627
22230
24754
23449
21156
25264
3504
2869
10052
9393
18766
4021
16118
3138
11234
11364
27369
5291
14117
16743
6846
32469
14567
29599
29920
22612
17921
3024
18708
29604
24970
20738
4433
13747
9294
25127
29905
23712
30843
21247
360
9155
15774
4153
3861
26861
26830
20187
471
14065
29991
2787
24001
22883
14459
22830
24913
23967
28739
4250
6654
9485
6876
3688
10000
27812
28912
6628
7860
28077
4914
11079
18768
31690
16462
6620
10004
17462
10015
30050
29650
4686
10531
3762
7439
15697
8493
29601
24154
9060
602
25128
30684
21977
25414
30402
13105
23216
18816
6678
10870
10078
18747
29142
1443
14542
19782
22759
8731
27814
6974
8898
22658
32715
26626
11802
21711
22055
4199
2751
13474
28586
18989
14018
24535
11918
24882
14042
20315
21216
21734
3590
13886
20284
27135
22644
16650
23256
1134
3490
24404
25795
23953
11715
19344
19567
27306
24164
17706
878
1936
14927
12498
31865
14756
22703
4887
2998
7943
20342
6455
7227
24074
13564
9269
24270
10470
25832
2605
21998
10670
3156
485
25368
27265
16684
27812
14659
3588
10455
29255
22701
27663
29210
9105
30681
26279
9785
5827
32216
2861
5471
12908
29129
21460
25151
6787
924
7513
28924
29619
4635
9454
15686
28918
21034
8823
23495
24421
31565
21240
10941
9295
7532
1870
30184
24968
979
2846
4518
13315
18813
30732
12637
16547
658
18733
32025
847
7982
17086
10870
5189
27492
534
7361
22448
20611
18905
20570
19324
15255
24175
5468
26473
19763
1716
23936
17246
13934
1265
8511
30721
26412
7180
8247
28036
29087
29947
208
3265
18189
30846
4895
1674
12755
28942
15115
9530
12458
2320
17838
23696
5929
31055
11774
3006
6027
31657
5292
9660
6579
22025
28492
13282
877
4501
12983
26294
22007
12840
31917
10499
17600
514
191
26923
10607
17854
15468
3261
31015
27781
13963
16970
7945
4226
19945
9589
24571
23445
23346
26954
11176
9292
10773
31953
32456
22287
3491
24034
15010
32666
5112
3642
5583
1713
7454
24271
2624
30734
22830
1377
25731
25759
29112
12370
22593
13550
25189
3255
15884
32737
17627
29359
24151
14755
5089
11252
28102
20194
10692
2223
7849
59
32249
13969
27587
4594
26115
3615
79
9191
23960
19021
24901
17861
6655
24143
15321
7037
27836
23980
32068
9715
14703
10900
6088
1014
762
24179
6382
16246
21474
8390
29971
31473
1528
24622
11298
4911
11576
8642
11171
2351
10737
23210
4597
18529
9766
2026
14039
7446
564
30843
7470
28468
29878
32160
12802
5422
24998
30071
31945
21299
11461
25550
9448
23206
2876
3385
28791
24015
6275
18529
8260
3024
12930
31135
19739
2266
24822
27850
10821
13984
19479
333
20815
24844
1656
23676
31501
9009
11822
5672
18909
6274
10548
4976
2352
11841
270
987
1607
10554
8621
13476
26171
13232
32659
11861
7488
1944
26935
20631
27434
2309
1963
24649
305
25828
21116
15311
13553
2025
31450
10669
25781
457
4600
30036
28916
10410
28342
20027
28444
4311
5758
7474
31119
11449
11627
17396
16619
10499
12721
31483
17039
22828
1593
16792
18523
18466
4235
5186
5558
16701
28145
23855
26070
25969
985
21281
7996
8393
28540
14979
24701
5136
6333
15540
19016
18129
27732
18851
10917
13699
299
14236
28027
4093
11528
5473
30293
15408
19565
25213
18277
28948
16829
8661
6602
32227
28575
31360
19214
4486
12967
23256
17395
5708
7732
20945
15471
30178
148
4746
245
22912
29295
22050
7414
14944
30050
4045
3752
22132
26090
10023
26630
23896
17540
11464
280
27014
6674
15640
8052
6601
31617
1380
14085
24308
28841
7986
10251
20947
17012
13778
7779
9570
29763
10806
30217
2365
27789
10500
18651
4184
4297
26344
2463
28656
22671
30511
20552
10945
7162
28818
15221
31866
8528
21583
2875
6510
11749
27519
22820
5772
7740
3747
4471
3473
18800
2944
4538
20860
13266
7469
4214
18242
21716
10858
12858
14020
29734
15923
28642
10238
25118
28309
12825
8321
3933
9665
17949
21795
18352
351
4035
9205
5172
15396
7354
27253
2238
21927
32019
3077
121
27760
1281
15516
3537
32338
23518
25532
8592
764
31855
11172
11591
5322
2665
4294
17648
7137
8500
1403
977
12154
32750
32246
14500
8574
14003
30838
7412
26708
14620
21952
7114
23286
31237
5581
27529
29515
29844
19648
32535
2737
18039
25627
4669
17624
16236
31793
21841
7383
2567
479
31762
18553
20912
19575
13267
26072
2539
22525
17628
10030
15068
28566
25357
28903
30474
23613
29124
7675
24163
27576
16129
24186
21120
25546
31176
25705
16427
13739
26567
21196
8734
1461
7737
8964
8462
23392
16906
29787
29928
3440
4924
31198
27483
15981
18313
31339
14230
32084
30794
5898
28499
24204
10135
19328
22804
8475
8368
23842
28588
13338
14235
11240
16130
12390
11279
6594
32274
6809
13201
31791
2612
313
28381
19467
10145
19247
20103
1960
11059
19066
10978
31521
29036
26404
4897
25323
18106
30325
6076
7341
9465
4712
5142
23122
27194
1371
15196
2908
27843
7690
27824
28795
4183
32702
4743
3422
16567
17090
4431
27849
30056
30999
2390
27368
8887
27496
28647
31203
15355
8768
17334
5298
11034
3963
24701
21555
24910
27643
13800
23161
25897
7580
26031
2151
471
14697
3329
12670
31652
30224
15657
16884
28093
8851
26476
2822
13627
30017
16432
10639
3421
18149
23908
15064
16661
3645
5147
21426
5575
12205
22906
28098
21325
30005
10965
16157
3390
17057
16661
12309
4464
23039
4957
25426
8123
17494
27885
1060
20224
12949
6726
20247
17258
27338
29070
2248
6644
5524
14903
22264
11564
32731
14300
12255
5942
9406
23659
21442
5395
5069
25993
1224
12068
1913
26930
28938
19177
16328
5536
745
2575
30030
10351
2980
6826
30808
24830
31786
23743
20586
29208
8236
261
28652
14036
3959
1260
20512
11961
18817
12255
2391
1318
12097
30150
15205
10225
20292
25296
23122
12623
14334
29807
13138
10484
17502
932
15863
24699
5797
9340
3494
28423
13687
7899
30536
4139
32562
25720
16193
27143
26496
10281
25510
32436
13096
31329
22186
19683
9770
3830
15706
25536
22538
4136
1675
28189
8812
8928
28176
30924
24033
53
16432
30796
24833
18484
29015
20905
30138
29153
24075
27293
14567
31865
18210
1275
6180
17914
24114
26957
25057
10981
30282
9404
7094
21315
11487
24113
4854
20710
7945
1722
23431
29425
32496
26927
12529
29339
7552
23829
28084
23855
15461
8386
3295
24407
15411
7874
27102
21915
31460
8826
12948
17957
30344
16395
16298
10183
2104
29562
18214
6719
19276
15117
7487
29625
1230
12536
30575
18325
7982
26680
26059
19051
3638
4288
30352
14156
12097
9939
14334
6731
31144
12721
3177
9276
4990
21877
1165
27580
7805
15422
13346
16242
20799
6797
13488
28052
12466
21230
19109
9388
32198
31963
24741
20892
11112
21213
19745
7903
28852
19444
5675
30995
19302
25657
10120
15540
1682
22722
12039
28971
6550
23238
4882
13575
29516
32257
14211
16266
1412
26202
1209
7015
9393
30916
25834
32458
4066
4962
11194
25753
13556
4334
7181
19193
1286
7003
26
15125
27950
4537
1986
32283
18282
1370
24863
9094
22490
4659
16223
15523
10796
5764
17363
29006
25431
3516
32067
20989
23436
4759
29061
2817
5225
19593
25933
23816
24433
19551
22087
32485
18617
7204
23395
19604
6627
1601
24433
26488
2384
22505
27117
11240
27026
8884
27164
8170
27936
16778
14424
16190
21070
9411
16807
18591
2940
10636
4499
28741
14221
141
11830
7086
32411
26569
31381
2718
9960
15301
4911
4453
30232
9196
22741
18528
12958
24114
7611
21698
22901
28152
10448
11924
23568
12847
843
2043
31379
9921
17542
14778
3651
21804
20496
22775
22587
14448
14846
23106
10338
6188
17793
26067
28825
7940
12734
16659
6201
12357
18649
29023
9148
16588
25939
31752
1210
14116
24983
26526
9752
5870
9679
25198
2172
31622
18428
12873
771
9699
29254
20871
31799
8639
912
23884
12091
17912
7760
14602
20809
5175
6558
2887
11103
15311
2187
30625
31796
17384
19379
14863
13937
8412
24854
1897
28446
14561
26147
22315
4186
7145
22
31350
9296
29382
7812
9303
19558
27026
19508
18252
14519
6478
561
27652
13252
13513
12573
25959
5734
31939
29896
1494
14344
16211
9730
14772
12050
26246
16045
11045
30120
23113
17430
21269
18069
14729
11141
7037
18050
11928
27922
30433
19820
25299
14523
4382
25685
21890
436
32098
19257
6655
21502
1404
6979
16667
10299
32342
22849
29117
10689
17855
3158
29900
8941
19822
11502
14415
953
22340
32759
3539
13969
18130
12879
10253
14179
11291
18552
7105
8438
27547
13971
26595
9340
10120
13452
18683
8042
20055
8850
23502
17287
29314
4554
21306
1347
20361
17732
17762
17483
8247
16174
21515
25178
10790
11847
13382
15442
8837
20375
22864
14731
20505
6238
18102
25963
3714
15434
19900
18231
5824
25580
14848
27688
12533
10093
12635
22466
13164
8573
19208
20065
29403
11917
8712
11797
2021
11326
26308
18863
3555
19737
13301
31260
16100
21632
10945
23026
4338
20196
6694
24393
14488
6713
13724
18380
13473
21159
7926
2832
18209
30595
18314
18212
32698
23677
27793
23401
15128
15131
13009
9635
15294
30822
9593
5457
16389
29411
7244
2362
14689
27844
19713
11081
2279
26208
3050
16026
25868
31969
32725
5077
19632
8508
19760
6075
11099
15207
31856
12286
4806
3526
8115
23126
11677
27878
31651
16849
20355
8045
14238
15979
18007
31313
22805
29406
20661
3401
3634
31931
24000
29569
3006
27322
31263
7314
577
27982
3654
8625
28267
30077
20983
31526
18610
13807
6408
10753
22589
14917
23910
10760
11521
2220
10842
16371
1322
433
19723
30684
8636
29271
28229
26609
20090
3174
31096
2924
8455
14599
29956
18885
13131
31118
12211
32293
23832
19095
26503
4895
12557
15700
19895
1691
16571
15141
3060
27154
27655
10089
12016
13057
16335
21397
6689
28567
10193
31107
26819
13233
30664
12300
24604
21001
4055
3544
22275
13738
8235
28277
13987
28584
20445
3495
30845
19725
19221
27903
17836
2326
31861
14255
7021
28576
30133
6301
6366
989
19338
14006
23046
32587
26829
19333
1046
15591
7385
2052
26350
25758
26933
15282
22499
27396
21107
29157
10688
14664
14423
31074
26122
4456
31036
2603
11145
673
25780
32152
22019
554
16751
19625
21323
31777
27230
18587
18811
28870
18199
16825
29309
29159
9084
4213
20688
5275
10903
13495
8584
11059
2249
32629
12183
23406
31012
31364
27724
25836
16917
686
28953
11237
25926
18436
20121
23579
1730
10357
19665
14349
20315
6304
183
26734
20041
3815
23280
24533
7699
9413
5086
9910
20659
25185
6362
9105
26357
26723
24254
13161
22304
27654
15783
9848
26328
14702
14841
29985
23619
12349
24227
16678
19051
28257
3236
30491
31971
7471
25550
9243
18094
5302
10441
21433
14428
18765
19548
2617
374
14191
30696
12033
284
16841
17205
31562
18925
13712
30577
16667
7463
26904
886
7800
8463
10403
1356
28887
22164
25975
3311
7379
4655
23347
31826
32292
31757
8034
10403
5071
23408
20305
8401
15514
12627
20510
15692
6083
26189
21778
23820
24049
4023
8240
29652
18027
4113
12558
19896
19592
5794
21988
11229
26983
16991
21219
7808
5599
27662
5064
16441
10425
23467
7088
13953
25885
27915
10030
7027
19787
26559
13467
13519
3468
3643
26285
7236
4967
10296
30027
15599
9495
3158
8352
18975
3389
27910
23151
4955
11987
27815
6566
22950
5473
15599
3125
2561
21875
19853
6944
306
20810
19980
29907
15556
13778
1787
4535
7503
17364
20043
26370
7673
14701
6904
15315
9533
28607
31724
21630
21227
230
30240
26660
28528
2605
3588
5256
24664
24194
33
17437
17937
15656
27900
14948
9970
24748
31806
14964
19323
31258
15123
31706
12255
27760
14800
24996
11967
23635
11480
10169
18745
26625
5312
31340
12321
7047
12721
11344
29326
30004
17934
32333
30105
3661
27735
11763
6497
15362
1102
15887
12115
15521
31576
11644
9640
17674
29733
4156
3118
611
4499
16071
22092
25613
26832
4003
32320
16854
24255
20277
28076
12912
29854
27095
20305
9762
18405
31787
11802
6589
18801
15790
1372
30162
28641
31120
9820
28194
26945
2499
5906
30038
4070
2130
20012
6384
9880
10996
28758
22914
8183
31969
29369
21277
29975
27364
18113
18957
20334
21937
29476
28611
2544
7802
15904
29715
19832
25021
19716
13984
19562
21600
23793
11412
24982
30463
30946
20116
5728
4997
20714
8947
21534
14585
5821
14373
17602
10651
882
9079
9913
28464
27271
22526
6163
2458
32294
27085
7395
27563
10406
4459
25833
14907
8021
901
5230
376
4725
28895
5232
21630
7812
17040
11775
2856
25281
26223
29927
4645
24811
16329
17807
334
2636
4181
23073
27702
7670
28009
15083
8451
15437
5485
3590
18813
21445
14737
2613
8805
19181
4027
4367
15624
2989
16579
13409
32532
21451
1763
10958
21673
28340
4201
30648
18611
15482
31407
19044
30584
10777
31053
22616
3949
32510
32141
14088
21582
9162
29216
30898
22637
18003
24335
4231
24651
32491
2548
16907
9317
23270
26217
8126
25936
28758
27329
23804
1544
24345
7414
30498
8326
25366
27619
31218
18576
23491
10419
25401
28885
27883
13466
27054
9785
7342
14019
11038
5486
4809
28297
1478
3780
23831
30185
8449
31810
23896
2103
26915
32245
17458
8465
676
8328
15733
1938
30849
25109
12707
6599
10719
31035
16560
27751
15089
4721
23046
4798
3357
30617
5580
8939
602
21977
13160
19019
4061
5542
24898
1589
25588
31009
12747
21736
9010
29863
25023
29377
204
30115
21415
30642
13891
2983
25761
26863
7747
10172
32355
4842
30412
26102
2686
16258
3727
5451
10976
7287
24987
29092
23453
26146
26936
17461
25071
10851
8979
24074
11387
14298
5020
8419
2261
3418
18349
2626
21063
23962
6508
29890
32206
31534
15474
938
10086
16566
21805
27842
1159
18774
8066
5222
24560
3430
26807
12248
675
14186
24721
25051
11825
17732
1465
1405
3127
18856
12644
6964
14121
25041
1587
3116
16462
13170
18008
14304
22284
1776
21755
32744
30054
20942
26332
17937
13763
17769
9785
4275
13809
13797
19954
18751
11113
28007
32747
18712
3285
16260
23218
10404
29903
28922
4706
1186
8684
18334
4295
11710
14329
22166
24770
30306
9860
23240
26863
4816
22687
15250
14726
16238
4576
956
29055
8544
7340
26283
32506
5468
11701
9687
16093
24762
8386
27263
16319
30923
29359
26523
11269
21612
7348
22546
8010
31707
13546
11565
27397
19145
30730
331
3685
6320
8312
8919
25984
15206
11905
19320
21421
6131
1505
22407
27950
13728
1161
4550
25619
1872
30367
26447
15450
24339
3013
6090
2907
16377
12702
13795
18020
548
30606
3068
25760
32033
24514
14622
22589
11385
16753
6710
8909
642
8289
21374
2285
23931
7596
3641
10533
21208
26052
16035
31248
17627
16309
1576
29629
30308
8618
1492
26708
4362
28339
13579
20477
20842
16837
4218
3069
19903
27139
13645
25890
2740
31803
15522
18786
21110
7604
27454
3263
524
27687
2431
12654
16619
9995
30610
31543
22213
32277
20966
21023
5027
10496
14817
14405
32307
11402
5841
22282
15459
28863
25381
26484
27182
3193
23005
31189
21174
27176
6207
24743
16276
10703
1996
17083
21100
25679
9330
6291
7364
13288
29443
6412
27158
9725
15334
22847
28707
31255
24077
9130
22923
21037
20006
19083
24219
14371
5654
31117
24678
7312
26787
19110
14871
12996
7536
8768
15493
19978
10543
5783
2056
9258
26130
26210
14476
6450
16514
17077
6115
30838
7188
28710
19040
16086
1209
815
10657
23103
53
15315
16812
629
5074
17540
9278
3855
21077
22597
1631
28355
1585
5132
23610
9187
19451
30570
26412
27176
12574
22637
27163
27055
10960
20166
30729
6977
31044
23079
4328
16855
19233
18415
176
7517
13620
7177
13488
15031
21089
273
31521
1282
8160
953
24833
31772
27046
7532
8735
13414
23328
21041
24434
968
2087
26065
4014
32758
561
27708
24089
12786
19908
14633
27547
8915
19505
29437
9749
9668
28030
19694
10740
847
16036
11368
25094
27100
10235
15791
22924
18292
28658
15303
29840
28875
22019
28561
633
14718
23014
10806
24284
24985
773
16072
5269
31836
15409
16167
14103
13375
6035
34
26112
4147
3813
10463
12017
7723
5090
20861
16796
9947
1274
29943
10782
20159
23115
14924
1424
18528
7885
22749
25816
31699
2508
7190
20933
18306
19612
19024
10844
15919
26760
29430
18028
