4445
16495
2086
31850
7889
21938
17340
15048
26262
29451
5637
11326
9101
10590
18331
17669
20182
19427
25393
6171
22094
23694
16433
18254
7254
7375
8356
14743
9431
5756
26195
2986
4995
12556
9003
28363
24413
9989
2278
27107
24443
28599
31720
12499
5386
28971
19815
1544
22164
3671
24783
23120
16510
26003
16485
7916
3797
21329
25898
32230
17482
3336
13826
27813
17018
26737
533
19646
14195
8950
31350
3853
1140
15720
28419
3333
501
16368
21132
3140
17639
31304
18999
8298
18749
5162
19490
24364
9643
521
4427
6820
11438
12800
24237
5611
7884
1288
27052
26602
21021
26733
23475
109
29450
9091
14620
889
16981
11669
12112
28384
29786
8222
3631
15890
5524
6459
28850
54
6242
8801
22734
5242
28683
28491
17052
167
23808
2359
29368
5624
20066
14930
999
22572
31940
19825
30716
23258
8754
30209
20476
2309
29554
29761
28544
2800
16009
18863
20315
15923
21122
4543
17277
29711
5226
21203
22551
27135
26015
23400
2560
12431
16203
32653
24152
29809
10027
19098
7531
24014
24981
31006
13527
31194
1209
20249
1266
25259
20775
7788
7526
6475
29585
4493
11550
17932
5074
3711
10598
21275
21808
17922
28749
5464
11230
17159
27214
30565
11205
3686
28464
23293
13445
15059
29227
9352
7862
27919
14668
9452
20083
13403
9243
21925
20249
18226
17786
6936
23628
30775
21712
292
31803
30573
14951
9723
3877
13222
15123
18224
30749
28734
1813
9489
17162
25352
12350
12342
27633
28297
19288
13658
11127
19556
16577
31594
27809
15382
4185
2012
20447
2531
3230
32066
24393
528
20758
18463
22568
9299
30702
3577
11704
11144
21216
4783
10540
15781
11098
2061
19187
22512
19932
31646
20794
19312
25761
22209
1970
23969
25987
9471
17555
24940
5913
5276
14049
23637
28962
25964
27118
3063
23590
14824
8736
24493
5210
32385
30452
14995
13253
23349
20035
4525
10145
25439
7364
14949
5380
30675
4051
32059
28863
3882
1136
16568
20102
22619
28555
24739
11090
27532
7039
1400
14084
32039
24284
4118
24907
18223
12393
28088
11719
7381
15465
26662
4975
23622
24350
17965
27440
13000
10380
20556
12758
26373
19839
3504
8496
7590
10703
19811
25711
19492
14307
20416
27600
19931
8564
9258
9083
20321
19859
3837
4522
1045
4078
3013
8205
23035
23887
16302
5230
8135
10597
28732
31889
20791
20935
21052
4446
32166
14902
17659
21825
31967
32290
19893
29138
26159
23408
26448
6321
32190
14971
31306
27572
3102
30553
4337
12357
21541
20575
7122
20997
6904
7655
23155
30902
30313
14160
15429
13655
21891
10567
19924
2704
30562
8517
1601
21585
17481
12889
2290
21175
15598
22312
12168
23599
29720
21810
28689
31453
18028
25943
29567
31039
17540
17817
28762
8717
834
6179
7601
14180
18020
13195
21078
25892
14680
18516
9291
12951
10833
32695
7287
14163
31642
30626
21149
5985
16171
16386
1423
2718
12410
15678
927
29538
147
5123
30551
18528
10347
583
27754
21965
13681
18824
8425
6597
17511
3669
30394
16362
7792
20752
6471
78
11370
25586
11123
26003
13437
591
4562
15952
5620
27932
11545
15799
30540
12462
6355
3957
6795
30660
16982
25306
19412
4040
27638
12602
7735
594
28792
17299
27341
26606
23242
15215
17925
22559
9713
8972
24377
6820
14658
18619
32389
32249
29909
27014
5336
30497
25143
28437
4683
28323
23903
17619
30386
24275
18915
2124
20593
10066
10348
6361
7570
14808
8296
19072
17172
1073
20990
16406
3717
15238
1095
12454
30163
27870
955
7191
2399
30436
17641
13064
19539
20715
8044
30207
26422
17199
13594
20419
26813
29790
22910
12038
2276
28759
3465
25415
8766
3121
25476
16631
21897
19327
24393
20699
2950
10962
9907
3761
18696
29568
5715
31510
2378
31908
3684
1191
4741
32102
3073
3175
30914
21629
25238
2401
17133
26866
10645
3982
26156
2086
12906
15864
2927
25878
6832
22560
21319
7390
20133
3741
3067
25724
4059
15111
3545
17367
21553
4883
12746
512
4354
5887
5673
9911
18076
16177
9685
13617
24564
11547
5509
1048
15000
25441
19292
22228
27364
18750
25790
7177
4217
32036
20065
30048
20203
15010
8871
27787
16058
22411
16939
31107
27268
7253
23193
15892
11384
31679
20420
6812
14
28086
15090
16
7157
29050
29818
9023
26701
31485
23442
30043
9495
20364
20578
1461
21738
5552
5213
12488
16359
7255
1232
16505
8943
7471
25531
24989
24339
32339
8929
4796
15691
22313
25883
28692
6763
15498
10737
225
3924
6180
22379
27100
26983
3869
5669
10498
1856
15353
13218
16022
28064
16318
32482
26473
10410
28246
21303
19545
19795
6708
17748
19224
12052
17211
9895
15407
7649
11483
21225
23106
16479
8061
31731
11925
24146
22817
26579
9935
12116
28997
21791
14334
461
13321
31113
13020
19999
14482
20148
11601
2593
13996
8518
9528
20687
24499
5695
16486
12864
16051
6793
19944
16344
25550
28879
27789
10430
24286
20883
31397
31376
19804
20859
13063
23126
32641
492
7001
18869
30890
32730
10123
19558
20225
25823
13989
486
11866
20106
19651
1902
603
28665
11869
13861
3040
25002
16588
4501
26013
9102
21514
31323
15366
1375
14778
31011
15467
26932
19816
13780
32616
5203
21009
28424
29308
582
18662
1471
1272
28209
9549
29012
7195
1634
553
12208
4731
32298
15451
1469
18086
29163
5769
9245
32010
20851
18973
1053
6418
17544
10641
4324
29074
15812
14315
28913
17509
12196
22915
964
3413
6107
524
26586
17466
21740
978
7391
18022
31223
25665
5664
28481
5331
22951
20799
9265
6750
22075
17706
22461
27921
17501
15693
18417
12760
22559
29959
31748
26400
6661
1883
17720
29233
3849
1769
18178
5822
8674
21020
19051
3258
12678
30628
24758
10350
26862
16167
6467
18633
17433
10803
20147
32759
26195
376
20301
10805
9655
16948
25760
26339
28659
32750
32362
10202
27723
3687
1209
19201
32481
1998
5456
29211
4403
819
12364
3299
17381
3902
6152
18779
28097
17697
26685
24161
3068
1995
10350
25731
1978
17246
23939
12564
29909
16612
24244
26495
11738
25150
29096
13532
29013
23132
29150
27073
25679
13748
1869
26203
7700
18156
12359
3261
8506
19418
8867
11639
26078
24239
18459
8811
22833
1903
23027
3036
30260
421
24540
25544
23487
2644
5655
23416
968
18992
32477
14165
32738
12302
8959
7421
24324
20378
17866
1942
8332
6216
4141
22115
22659
30861
30494
10644
26915
16718
24889
355
30102
23961
20394
21340
29185
12947
3662
2556
29889
15281
12053
8830
11509
14123
21675
23794
8764
30382
4183
12943
8640
10322
22307
1610
31859
11211
21053
17320
31384
18403
3741
24528
10374
21544
20456
28900
24744
10977
2708
20369
14025
30535
18766
30437
10382
13298
408
5729
14148
28050
7095
2640
20188
7647
12748
11863
7732
13011
19009
15948
17561
5654
4454
14667
30857
18618
22108
31495
3005
26408
20275
32607
28775
10586
26703
1074
9144
13131
8976
32115
8613
18860
18354
3968
17899
16089
28273
943
15952
11275
9201
27434
29228
19151
11486
25598
809
695
11471
13422
19271
32591
13425
12429
31779
25170
31457
7692
17272
26142
18009
2640
6374
1126
18447
18119
6386
29991
28506
32637
4431
6621
30743
8170
8796
10486
14411
31247
6637
11655
28938
25537
27470
12094
9879
15940
26757
5784
17356
7195
8408
8531
3260
31007
2191
31527
9368
14543
19963
20145
10959
24295
32695
25264
13177
13876
26670
6003
7926
22950
16989
22674
5330
21415
11227
22237
9708
18347
30742
7826
23000
23048
18655
24019
11137
18953
4137
28502
14611
29245
24333
32095
11032
8981
9746
20715
5857
2990
19116
8494
24615
9452
13826
30528
24050
21192
16628
31252
18106
12267
8541
13993
10188
14203
15509
14468
27632
16693
827
1629
13641
956
14897
22297
3708
4400
21735
4856
14101
515
17629
29968
3878
16904
25187
24826
26160
13261
21156
16587
12615
7723
3810
32581
27762
6171
28931
29263
11089
26315
26957
18851
7426
498
16750
21959
1860
12896
4287
15166
31965
32473
17865
26111
21306
23331
26889
20774
6998
19806
31984
30442
8669
32148
7982
31951
14992
25489
20272
28700
23275
1781
32231
9872
18437
1415
19148
5969
23481
21452
4641
16421
9475
27609
12409
27364
26540
24165
8058
26414
16170
31266
20450
3161
26818
32078
25800
6061
30959
1412
13349
15060
7
12761
12434
28300
25116
11044
8275
23967
26144
1693
17813
31765
16461
13994
23540
7848
7108
32245
3904
9848
26485
6338
20353
5376
27198
4224
9784
7241
25175
28061
28904
32605
13293
15263
9429
22271
27405
4977
12
3737
5316
8186
19363
11638
13189
20724
4930
16433
21194
12284
30179
30318
32254
3045
29653
18631
7835
28242
24071
15114
1424
3972
19075
3745
9189
15472
12857
31057
13985
25365
7166
13352
27116
14604
30932
30384
14193
12385
5484
12905
1030
11937
17641
8822
16527
14900
10471
919
4639
4589
15036
2135
17761
25312
31229
23943
4407
4212
25669
21226
27808
17081
6705
31794
31711
12027
21935
24107
22746
20119
5497
31799
15040
30733
8668
23034
16622
3671
20158
17750
25876
14969
7903
31898
22675
25434
11359
1270
20778
22482
31361
17715
2258
24324
5294
14496
29926
8942
7869
20048
30855
10558
14961
18562
5695
20071
26179
12385
25828
30453
14690
12782
19392
27421
8441
29754
18926
4249
688
16856
19719
30387
26741
5522
23295
26783
6524
24411
4937
31245
17540
5509
19266
16895
8029
26164
18892
14296
8103
7443
26169
26294
12508
4421
3692
27394
2961
12191
30778
28230
4600
29972
534
5438
21930
28016
1774
5169
10915
2634
10576
23937
27534
26163
22993
7810
21316
18484
7343
32392
3983
31608
21173
21572
28979
20293
2399
17744
23855
21297
5695
1032
25408
9106
415
8092
7591
23094
1128
6755
15916
30548
7491
14962
27747
22211
253
18542
22830
1386
27184
12446
11139
2808
3104
14916
10863
31701
11491
18734
18523
26456
10949
23944
29583
30266
28906
17908
20468
19786
7989
14301
15902
2147
26985
16903
21385
24987
29070
19819
10275
22718
8599
8259
7435
28411
18497
5985
153
19164
32062
2500
13214
22652
4243
2669
13293
14836
2367
31855
12314
7190
30493
11590
2177
17246
7179
26985
24970
25893
12364
16163
11052
8472
17963
25502
16816
12009
4321
28225
3000
5188
4793
24123
14719
30469
30322
7776
2402
24488
6117
31541
13728
0
32744
16198
28510
21036
22385
27072
2798
9160
5631
13115
16720
24928
28469
21720
11001
13866
17352
17804
22484
21492
6556
25019
10375
30555
24362
12553
19703
31806
32293
15981
3086
5746
349
13959
14524
695
20963
16435
30779
17387
20334
17246
15768
16510
18429
4632
7791
21542
4798
10219
25846
10708
21039
29547
828
29158
8579
24079
19379
18590
12615
1599
4845
24787
5957
24494
7843
18150
21929
11754
1531
20472
23906
3378
26378
2394
4043
32135
5528
15429
907
9221
10020
22988
4282
13940
40
25358
26693
17691
18079
8624
14995
22228
24003
17547
12648
2918
20251
13473
16650
14350
17589
13910
5283
12895
30897
10973
6631
15693
15871
1520
28662
19588
1640
19396
15748
4606
2515
11068
12855
2516
29377
2141
14160
30804
13339
2818
5006
3669
27693
1488
1615
10183
30962
18797
7673
22670
8594
14317
19864
15249
31017
11405
1481
14349
24266
2980
21718
12592
16068
3798
21026
21475
31011
8587
22728
30439
4474
24991
21887
16675
3040
6236
11201
2620
6969
16293
30252
10599
1207
26483
9768
9851
23712
3974
18122
331
81
18772
26360
818
29059
13894
28366
20207
30413
13859
25665
8883
9578
22988
25346
121
14397
28203
19365
12438
22546
13158
28163
21137
14631
5208
13021
28724
12779
29249
2242
18147
12037
22716
6194
15149
10392
11762
771
10913
31941
13070
13060
4067
21362
26865
31713
11519
28490
11558
5190
12284
4101
8984
10823
1461
18922
15746
5888
20196
30354
31784
30072
11136
8942
12741
8396
20553
7820
26180
23945
6817
4117
10546
12889
5789
13083
26740
13282
11100
8977
7989
18411
24983
22427
28963
9152
30842
13833
1499
2520
15538
23581
14497
2742
21960
2069
28757
19725
32173
16869
13218
8487
22166
10693
19833
25479
21257
4075
5566
29390
25656
14746
12865
15579
25231
30555
25583
10038
25737
28811
13386
22191
30663
18453
5910
6722
28771
32385
21589
32062
17026
13614
20086
17575
6696
14043
30922
23512
9553
26988
4663
29804
17469
3307
30768
23903
5131
27598
9700
21873
1929
24696
13238
23755
587
21506
27374
18917
10746
6714
16814
9639
25071
20204
21287
4815
9472
6241
10252
17554
12698
29478
25415
18566
15377
27406
9964
10175
6963
25978
17771
9016
8995
24792
4873
3957
8805
19818
27537
4967
13621
25417
16454
20112
25373
6569
16925
10856
15046
9054
31785
23294
24591
5280
29271
21218
16476
5643
6235
11843
24880
18665
13546
22869
31999
16564
1322
30197
25149
13783
13415
17552
18619
21941
31751
5185
4403
21484
32704
32313
8994
8411
14856
28772
23765
26978
3277
19274
18887
17384
19047
5939
4906
11939
19147
5262
24260
17171
24833
11155
4092
17104
17624
32552
7989
24966
17624
9985
31578
28734
21624
21772
10682
19935
19089
27148
6167
16628
25619
15747
21753
7855
24311
7382
8776
25390
16756
17836
5658
7934
8566
24471
15818
24030
76
14582
30538
27333
3744
19226
29882
5414
27821
18855
7737
23410
15020
16701
17915
7903
3471
2392
25243
17512
7154
3445
17331
26388
14159
12663
29867
32636
25969
21832
16846
9351
11819
15299
5027
18809
29001
22738
5242
7468
22727
19155
21573
28316
15169
833
24233
15018
683
25232
30549
18201
27458
19288
28819
28381
11970
28854
20508
917
28634
25584
13873
26710
31197
9559
15079
18858
10426
15474
13763
5848
3374
7000
9094
8294
8504
20830
7754
32733
8398
20722
7118
11468
23246
19655
26127
25359
3639
28723
536
15953
10137
30421
31002
11984
29386
26490
14271
11104
5339
30273
30652
17587
25162
20990
26534
32215
25977
24797
1286
3584
10591
12360
23727
28552
7294
7178
9551
24628
8213
28852
26693
14009
6038
3391
11442
12671
3162
18420
22739
8868
14740
6793
15758
7492
5252
22925
74
2040
9453
31494
22276
14492
16840
12376
19103
32086
1594
22376
29564
14035
4804
1794
25675
26580
28346
14968
14113
24042
7670
24716
28874
22397
16077
20880
11872
19219
17474
28876
20764
13263
8314
32032
7277
1848
29552
21739
31303
14397
4586
12587
22974
27509
30892
7141
23507
16555
32747
9671
17038
21913
25348
7948
22093
26100
28782
22432
13659
11433
30189
10884
16836
27239
15625
22645
8552
13661
11199
30152
1103
30277
23926
28569
9532
13985
18485
27684
14469
9284
16914
2675
15649
28181
31470
17722
25603
24080
15967
31999
422
21645
4590
28029
15850
2245
899
4683
30238
12946
15389
16057
1374
374
10950
27899
26399
1247
23495
2185
26632
27049
20504
14277
22788
12517
26906
26846
30869
17369
15496
9717
1643
2375
25771
29823
13621
24563
8398
17387
28343
8799
23026
12164
7708
6105
24515
6040
29838
30391
29130
21978
23557
23522
26851
4357
3164
23441
5362
29634
30378
3927
8914
19148
31439
17760
7822
20050
6989
13560
26068
6813
9050
23628
7846
7154
29491
27509
1619
29114
26290
24754
11430
3296
2595
14837
28509
3451
4436
24482
18908
9133
17643
11411
19747
30666
23036
14175
21502
23997
26587
16604
18299
22440
28719
27618
1953
11211
11592
8786
19551
4519
6835
19287
4803
14947
27659
14060
27245
14446
26129
25247
14146
2662
19967
31636
15205
19769
25370
16844
32099
22922
5767
12455
24237
20566
30047
4264
30284
23255
30982
22137
976
8616
12728
29487
3721
16171
32612
31182
1274
12584
19646
15888
28811
3510
144
20578
4478
32607
6480
31536
30500
19583
9976
9570
26705
28141
5906
15911
12301
30941
1810
5617
8844
24581
4329
18625
28257
20479
17879
7588
3566
10991
19329
32637
27935
26469
20291
29446
5976
22149
17351
11794
427
5477
7383
13333
17743
11702
32111
7141
24141
10663
3095
25282
17021
7942
24943
28821
25777
30120
17676
12661
30768
27916
11394
26735
2150
9531
12482
8071
14553
12018
28071
22778
16735
26371
32715
26054
31375
8441
5279
1388
3701
25851
16571
13045
8586
17651
4210
17203
2018
3311
1706
14409
23208
21191
32234
28270
456
10496
8117
1517
1515
30960
26135
11888
16040
18467
23421
14207
12536
27902
3274
2628
12779
30370
24998
28817
8602
19475
20249
19748
21085
18074
6234
10537
28734
19303
4577
15104
31917
10363
6851
19009
12917
14533
16447
5373
26094
5003
16276
6727
13684
19212
23062
28147
7705
32356
12161
31134
18583
17071
4749
20207
8841
10097
3011
28443
6106
23094
32398
11183
125
11637
9365
1162
5726
1722
21320
10024
1945
30724
16313
29479
30955
2156
13486
10243
3173
28680
28404
8229
16488
19215
5110
15644
15053
2110
30350
26922
21604
5754
7706
20994
30880
5558
17363
16592
11664
3863
14938
13178
22545
30806
29588
6949
4163
1639
6328
25596
6713
4952
26790
10796
22261
7035
20603
16435
16787
5575
29282
27227
19652
11132
3757
29569
13438
4870
804
32539
6130
4644
21660
15482
28607
27465
30412
24396
13413
14915
18013
356
18684
1050
26944
20926
32294
32315
2372
13501
16706
20693
7400
14776
19426
22660
12909
2485
26495
11053
28976
13172
6508
25641
17719
30896
19209
31653
26890
161
16953
11592
16836
5061
32278
12823
16745
17632
19427
20886
17274
11074
10305
3632
6087
4680
16550
28889
12165
16933
10508
14322
8352
17890
6630
28013
29523
21156
19032
10289
28149
13358
15015
31936
21270
25254
751
24855
17866
9628
31252
2006
18501
26696
18682
30368
2216
8979
15865
23493
28699
32346
29835
26398
10268
4718
9544
10809
2582
26847
12821
17334
11574
8954
17048
23025
1658
27024
1263
10466
20235
2553
26273
10049
9420
25689
22996
1773
6451
3874
31425
5262
8792
21466
10598
14969
8779
26911
27514
10965
30891
3560
10918
29948
21108
27149
8946
2596
11289
22538
5502
30015
14803
31744
4978
18976
10808
19452
30007
4062
30479
28028
20968
10877
14435
3119
2819
1995
11734
3581
16485
5001
29240
18503
16501
14027
3416
6768
18591
26274
22554
4508
10756
1527
26314
31159
9839
7866
28080
32698
6539
13885
21477
18729
16980
16602
26725
9440
16588
30940
28004
14608
7151
7325
28134
21125
25576
22507
4490
14634
17541
23728
25254
11726
7145
28370
15001
29992
27009
26457
18525
5145
10553
29392
25948
8498
28399
3821
11397
20342
22055
2932
1950
5729
6657
4696
9948
6953
26985
31523
5809
16195
19342
28057
26597
30761
10389
6040
7656
21595
19086
31299
22375
20899
27303
4704
25885
26782
7839
24573
17132
29048
14974
4442
10028
17911
31364
21763
7235
17595
2399
5949
22645
6596
13985
11939
18430
28724
29040
15377
32094
29014
23423
16833
31733
13536
2110
13748
4303
1653
15438
4948
11713
9326
16696
12375
31413
23514
8542
22758
4418
9667
24626
30463
5760
10676
677
18712
10010
18807
31715
27653
18852
6691
21053
15387
23343
28247
4198
20886
10779
21952
22243
7224
13101
13793
8637
25139
13537
24595
5753
9801
3330
18634
28233
14642
5239
17435
20612
31294
28000
27515
12628
2875
30562
4298
2223
31641
24126
25232
30088
11980
30377
9606
8518
498
23896
10072
30581
29878
3162
20137
1467
22900
23210
27735
6158
20638
6661
12801
25893
4958
18169
29127
24364
20860
32575
2897
31932
9859
12874
10771
3594
27167
16416
14543
29279
24522
31337
11867
16840
2471
15301
6052
16142
8878
2403
755
9704
1034
29392
12399
10608
31167
9228
11236
14036
19088
24035
13250
20558
30496
18554
4457
5206
29783
21545
18083
17686
25863
7304
13426
25630
5840
461
7949
13913
17985
27733
13093
17471
28223
28288
28780
10829
9899
14530
7512
19890
22079
5111
10276
18764
15289
22007
6425
9938
4668
1131
31243
14419
21747
6623
22310
9695
26103
8472
15595
900
7283
6823
22389
892
32262
24766
5889
6308
10088
32067
32173
7472
10321
9763
31360
20893
22166
21481
30123
18408
23701
9871
29198
3838
1748
3219
26622
12915
5349
24654
15686
25206
4493
28546
32363
22533
30245
8498
15669
18781
7487
11702
14442
693
18573
7438
12509
30507
15871
32631
4007
24063
16428
5180
16821
12287
26099
21199
27779
6466
5474
2584
24614
13081
9686
2573
27280
6723
28004
2947
28688
13664
15736
19011
27928
16296
4796
1377
17731
27613
31804
22985
918
13182
32199
11035
28679
9790
29080
3769
7739
19893
11574
27934
22932
31060
28056
19825
4715
1694
20109
32601
12442
31125
20827
5908
28478
31091
13990
28611
9659
1435
12180
10248
8704
30415
10799
19667
30732
8355
15627
9849
27312
10034
30248
23559
20887
23823
4377
24789
8325
15743
22630
24670
29660
22245
13872
7246
18020
14717
14355
28893
13387
15949
2641
29532
28523
14937
11820
24333
18636
29207
28563
17464
29546
24866
24065
11643
25656
10802
19619
12130
29540
17228
7609
5688
8925
12854
23870
9756
11795
27950
28363
8535
18174
13275
21177
2284
9313
29828
18054
19313
17744
4480
17529
22046
3568
6894
9865
15396
8574
20646
28796
26687
7570
111
1356
3215
6821
5234
19406
17572
5585
26094
1685
7640
10201
10286
25365
31201
11625
32696
1028
32678
17567
6600
2822
3666
17353
22524
25992
26279
3441
25681
24812
32406
26007
16718
18919
13068
11325
10879
6952
19470
8489
22821
32571
1800
5350
300
10668
7010
11020
6749
19311
27989
4545
18901
9855
25341
21120
32694
1222
4015
8217
7452
5693
10636
17913
13907
31316
32086
7340
17735
30868
21635
10144
24635
11395
400
16428
18622
10440
1688
29136
26331
21903
2597
27583
1169
3631
3654
11162
23939
16906
7650
17791
22255
7349
25675
27970
29668
31066
25366
9466
22960
9562
14891
13504
30872
13878
13848
20403
11469
30383
6315
2624
27547
12076
20415
1440
20706
19805
3670
29857
8394
12062
31720
23978
4531
5278
28155
15865
29291
32192
24564
29232
164
30401
7469
2064
933
6172
20807
23940
32575
15786
29378
12513
4867
14606
15306
1644
22962
848
9556
1821
23797
12744
6250
15522
29006
12862
18883
20135
3663
4687
29591
9557
30474
22034
25009
5400
18120
8700
966
30630
13822
15361
31237
22077
11132
10236
20463
2347
28136
25425
22889
28820
2411
977
26128
10864
15786
15838
16076
27091
2040
5583
8616
21361
7625
16534
12257
865
27498
30623
572
8225
27376
17404
22429
7899
26479
1216
4566
7398
108
13480
29885
29328
404
13057
23425
25371
25262
5061
22590
3589
974
15112
29134
1421
31179
18322
29667
11890
32500
4302
1362
19710
23551
15331
30898
25411
23874
11296
2854
17573
10278
21149
1399
664
1240
8479
29542
5803
28737
9277
25920
28102
2617
2241
28594
14511
13303
4177
24031
9683
29388
14671
18864
26692
27410
7677
3691
12286
1887
20197
18824
30574
8190
11384
24000
18997
13983
1013
11366
26921
6733
29580
30970
28572
1953
22980
11004
24034
6453
21530
25086
11533
7260
4330
4093
20475
7696
30867
3569
17811
17452
29143
24227
8267
18140
17792
5055
9965
7761
25929
2346
29340
14521
6651
27285
11794
19566
23767
14163
23083
6765
24628
14439
15271
13579
2921
7394
22059
7907
28141
12396
6282
22035
28093
24608
7747
8104
13566
413
10827
10070
8932
4185
16140
18285
17362
21817
30637
3336
5315
11359
1684
19591
5608
23876
32041
23104
28818
14598
16605
15218
13395
29443
20844
25466
28512
26534
17502
20810
9786
17793
6612
8470
28302
19612
20097
26192
12633
6157
20215
25047
22607
9673
12324
26732
27262
4282
20764
3429
23599
12562
18969
26021
5645
5854
19647
30411
30601
4830
22949
9898
22652
16788
28434
16122
19982
19611
5380
22860
14040
22074
27255
18244
21061
17209
6115
19202
26430
22259
19207
13281
15878
21933
8165
13156
29026
8486
6926
32365
23294
879
6431
3760
7948
7165
22412
6248
6958
8957
31388
2120
15510
30439
13493
7605
363
10326
29402
30002
10607
30743
12914
5916
23008
31616
25675
24215
14492
23299
222
19656
17032
24323
12757
7237
24881
16101
13514
10441
948
26219
23378
32557
16092
9533
19514
10643
14475
31945
27152
3045
25179
77
741
25726
18308
31538
11602
17702
29185
20892
30393
6212
10990
20287
18125
1615
6709
22644
7253
20358
2409
12684
1837
28129
19954
20580
909
4935
7787
27705
6797
22529
22344
16318
27625
11631
29372
12652
1282
26873
14298
22042
10534
31561
25850
461
28433
10167
22878
23249
22452
20485
533
8969
16949
10317
3616
11139
24886
26423
11732
9807
5466
18031
24959
19090
20741
26455
6990
32470
26980
28665
14446
32164
30894
29759
5490
10325
13737
32614
16885
31781
25711
20912
6016
23945
17522
9817
14254
11715
8126
5581
13709
24243
24446
26648
28232
30960
18882
27550
21763
18455
19583
9228
13831
8547
31191
25998
13599
30846
6555
12355
2881
13975
29711
24558
18289
1973
14829
1006
5859
4683
11692
29552
22624
19724
29185
29155
32490
26368
8615
30636
1955
30168
5212
29467
1771
24191
29996
5534
4297
11249
3569
309
140
18512
27675
27174
25522
19509
17069
242
3080
22596
11656
14471
3347
11523
14828
15543
10415
29932
22588
11497
28406
29888
6913
28431
5475
5663
26418
11992
18743
86
31155
23846
284
13176
26139
17346
4617
22960
29370
335
2917
17109
30171
380
7791
15935
6214
17790
5341
18137
8457
4286
6851
13688
11896
19918
24503
28011
115
16290
21299
14164
14311
21245
59
15926
12183
9257
19519
25294
21021
3307
7490
22823
4395
20150
11068
17513
25111
11551
189
17649
25495
3217
28372
11431
4297
26946
30767
19852
9590
14949
30595
5779
6039
5538
1327
29362
18968
9923
24604
7736
23773
20400
24039
26209
15875
1181
9794
1832
24680
14466
15767
7004
15213
28107
8943
21238
30714
16209
1299
25514
28355
30090
21232
26556
23498
31740
11072
7957
27429
19192
28519
18070
770
6532
32155
31148
28392
27545
22088
21029
20544
20623
12467
14914
30739
26069
17117
9485
3605
29157
16554
8428
10467
11127
22082
30839
15241
245
8632
21895
31815
29744
28650
6799
10389
24145
16552
26160
19044
12306
22040
29959
25255
558
21336
21962
7442
2581
11878
9107
28961
18149
31037
14971
21597
31382
17985
6763
25051
17268
11229
27695
6917
27091
11115
23756
9628
13822
32596
17172
11006
25200
5240
17271
15525
32327
13008
26140
25073
21493
6481
21297
13095
10297
4372
10623
9657
25934
15285
9025
28104
1634
8441
32054
6375
22345
16307
21493
17954
23667
9704
27521
7999
30491
21553
5405
30531
6594
28769
10081
12856
8412
2920
15502
23086
9161
32375
11039
1408
20998
9061
27808
29272
12453
27730
26307
31605
19450
7818
19121
18988
12696
13483
32414
27053
18044
11275
17824
8072
19847
16724
6593
11632
12850
24689
27731
24638
27517
19374
16515
4153
2856
15898
21553
30356
19750
3376
19199
31800
15183
3511
4008
26052
14677
16359
24468
210
3321
1741
13481
13949
13950
28401
355
10016
11614
18485
29479
13151
21821
5888
11988
5740
16155
8348
15260
30083
2765
5853
4114
2231
31918
9988
30083
16625
7058
28642
13706
3894
27387
9025
17887
12584
5520
22143
26224
9936
7114
18044
26035
13722
23281
4791
32570
7329
71
13235
2184
24109
15491
12448
24611
17018
19328
22583
21226
30652
9271
230
27561
29535
25835
5165
24811
30867
20387
26952
5391
26632
27357
13070
23710
15606
6785
1305
32476
23393
17684
13351
9373
5019
22830
5568
10586
32522
18222
25369
644
6699
17196
17209
12568
16343
25391
16474
29044
27078
28064
11410
7529
23121
27647
14770
29841
4988
21973
18543
16099
16179
26602
12991
32132
27860
31671
5510
7648
18414
29470
23922
25338
11337
3161
6947
30976
15142
12849
25232
26403
21959
7280
14758
21414
8498
21656
23090
20020
30515
29397
19200
5238
26784
10033
5188
1253
13536
25351
4922
13277
23214
14010
12554
22259
9755
14246
238
31369
24530
599
2454
13728
416
11513
15820
20461
5172
15888
26708
3630
6691
31594
3862
6334
11311
9553
4479
12391
10952
29189
1572
9592
10451
23913
7080
17688
29611
8444
224
12506
23653
26635
6198
21650
9817
5157
31307
28262
16093
9680
3041
23848
8788
7546
10999
10467
4712
26802
14133
31155
403
12184
31115
28890
22500
5778
12054
6161
29952
18497
15171
23324
4967
23476
17718
16289
28920
27355
17517
20282
24760
27966
16544
26569
10703
10990
18668
26124
22483
23484
26161
24177
24649
18090
3257
22571
16745
30111
20762
16005
32290
20831
25693
31862
7006
14777
7007
30326
647
28163
1400
22161
27978
22979
22107
24250
16027
6575
10045
13665
27897
19672
21306
24648
25075
1570
29428
24978
29419
29175
15229
11037
22298
1084
17527
23569
16084
17028
31097
31929
28685
32388
15029
11410
3101
5320
28888
30370
25280
932
6194
16395
30305
28268
1815
1248
5528
24807
29573
22327
11761
26370
31750
21632
15343
19650
14296
1301
31824
6780
4684
23058
17043
8520
30060
15718
6328
11187
2016
26666
3143
9908
531
29490
19603
22242
24209
21986
32320
28131
27060
18243
26627
5160
29823
13654
23721
15063
11978
18089
1627
18953
27807
6695
30496
32566
23269
14644
8867
4077
26427
28666
9527
25801
24359
32765
31768
160
2672
24822
4851
26621
17608
990
19113
7377
23214
19529
23889
613
11667
13301
17276
15763
25404
19619
32444
25910
9319
5157
28007
5855
11953
20153
2968
17354
15799
23445
17783
18960
3964
14275
16058
11805
2059
9007
13164
2149
14429
7167
21997
31571
19580
9250
20027
17794
9449
1324
15983
17456
7995
1633
28811
31216
21002
18703
4466
28062
16395
16162
7480
30104
18044
28658
24732
17195
19139
32607
13267
16972
27474
11040
21128
8585
14285
12888
29984
5695
13423
23402
3906
12556
11434
3087
22423
22151
6413
10150
31950
12335
7275
10187
11236
10658
23610
9002
19362
19984
14393
13973
4455
6638
9558
1109
21287
5359
12238
15806
15028
18480
26774
27399
15932
25778
16890
25944
531
11790
8068
14115
1971
32100
7455
22200
19970
28821
20860
28436
18131
6578
4021
11002
17838
17076
27696
13894
19412
6509
2247
27005
21886
22462
27685
21416
3174
15371
26739
5731
904
26092
21813
18481
24618
27429
8302
20754
5146
14553
31499
30040
3383
5370
9342
694
32306
21508
6570
21402
9366
5867
11007
7356
12294
9553
15846
14583
11974
14333
15711
26457
9086
18313
32232
12150
10298
13146
6306
24577
17076
21718
431
23453
19926
21200
24030
10224
7291
18759
23434
29433
14710
6481
4799
676
26837
30034
12447
17052
20071
32113
29188
25697
23931
77
12647
17818
30187
13291
3073
4268
21081
31476
25135
19339
11193
2589
14107
18641
13839
486
13209
12045
23162
20615
20559
2653
21106
28711
27417
7231
2126
21840
19372
23972
24841
8608
23417
26438
21317
28353
5332
13372
28560
17819
27989
29387
15847
5575
16254
22400
5240
16711
30623
9851
19372
4213
2039
26382
29541
8762
26652
30087
28037
11392
9117
26441
4527
8426
15333
29986
15953
2498
24930
24536
31458
13107
18407
773
3944
29880
6735
2597
13630
11988
20836
31726
17684
20740
29183
4064
1591
31730
30320
540
787
5099
26399
22905
1782
22419
26228
21461
10518
20183
13301
27817
2262
9764
27310
12768
8005
18902
32470
23274
18919
22004
16047
22028
29369
11802
23214
16378
31087
20918
14556
31143
16896
16503
6012
20572
3172
771
17134
27656
31132
11241
25299
30679
25076
25814
8818
14597
24709
23563
14427
2037
14333
9742
4425
24445
29859
26528
8781
30340
28565
23536
9769
6096
5972
2830
18938
11289
8579
17570
3355
10850
2540
13022
22597
25225
708
6577
4091
22044
14896
5694
9765
4974
6408
29324
28411
18154
24282
24959
15652
30376
16178
14087
2335
7230
25624
28823
10211
4313
31195
8665
21698
32652
10253
6560
4755
20967
7119
21278
10256
19148
1871
1879
15229
17278
14990
29397
20875
16123
14695
9117
13179
18316
29389
25443
134
19098
32084
4602
28285
26307
31986
1038
32173
24621
5639
14869
9221
12058
4508
899
13179
23741
5864
25149
32683
8781
7705
16977
1729
32343
81
23012
8602
13400
18670
17772
32550
27275
11278
13343
28433
23040
18002
14506
16290
17646
2531
4647
13027
10058
31923
329
20226
21912
11270
32218
3575
32258
31024
24680
12391
16295
9120
21563
14280
19509
13341
9610
19399
18362
11600
16366
3814
23223
9603
28950
9834
10871
11688
17341
31092
11166
10653
1753
27502
773
32174
21781
5544
26821
13660
12418
17475
16786
1884
1673
14927
25163
23267
12325
304
12750
12833
16975
18246
7441
7691
17081
4557
4463
8030
5310
17921
28991
6369
12953
19846
13995
14058
1750
23048
14528
28707
31239
3103
18113
910
2232
373
3521
6087
30117
3626
31856
24458
27690
9591
6454
26484
9978
13714
32382
28942
28436
31442
29013
32519
1779
3604
17971
30401
22021
12893
2072
31504
26719
9665
5595
25662
5807
31107
10687
31058
27250
13693
32584
20113
4711
19138
2893
27974
31555
6531
31309
10431
24742
3631
26887
17560
27214
6622
2884
20540
10635
2544
13560
23464
2802
753
31113
26994
4182
8896
21871
16906
26356
3569
5629
3137
11758
27759
29566
20231
251
6502
4484
16505
7004
2656
22909
1563
10002
12718
25479
19041
3150
24585
24966
19317
21801
27001
16499
18228
31125
4470
29687
26745
10131
589
8248
6559
23463
21446
5619
24641
23945
25860
21707
9796
29982
3500
2016
5144
27558
27210
12452
24634
11575
18416
29674
14334
7786
29472
15680
9611
31316
28139
11391
5927
19640
20827
416
27573
23674
24079
31441
10363
6743
37
22728
15401
26580
19037
32088
29463
19060
11386
22594
207
24366
26860
5709
17099
8734
3501
18073
8320
24187
29801
27184
11419
23241
3553
8670
27530
5456
31889
28227
25406
9420
17040
13862
22575
4454
1721
1804
23457
14819
13576
17417
3878
6428
32326
14039
16741
32686
31465
14117
18457
5618
30006
23601
15197
14896
7848
27801
30246
3855
13461
111
17
20048
22543
2443
17503
13244
7433
13861
14909
5211
5306
24995
25161
30183
22343
1967
15699
14976
20636
28045
8288
13473
21658
30123
2549
14163
15992
20858
23698
30369
8035
1405
8828
19531
16488
29600
16063
13503
31636
24522
12148
6212
12378
8885
17728
13433
22324
32510
29725
14846
30861
19576
8541
29297
2783
28102
4844
668
31769
17449
25557
7404
27203
5526
8711
14373
20324
6412
31066
7765
9380
7460
4045
26631
16558
31978
30481
14264
30040
22251
22348
18831
12422
14991
14103
11080
9291
16297
1224
12402
14930
15437
17655
30426
22141
3298
2619
3911
11467
8823
6709
7783
11903
19291
25552
2570
21119
27111
10950
1678
15610
3487
3175
6298
2637
8826
16790
24336
16680
10877
16916
14652
12268
13710
11521
7506
14680
2952
6815
13079
21605
15499
15194
1758
17262
2966
26629
26806
18068
26455
1895
19426
19809
25921
27894
14985
27564
29408
5346
12719
5564
12649
24917
31076
26544
12182
15610
19771
31773
30128
18108
26878
5626
6125
27344
19872
8633
17149
3317
21107
20919
30432
10234
22171
22998
25594
1665
9923
3688
7785
30980
27407
27216
7062
11541
12625
16483
11786
2538
26495
7189
29572
13848
23141
5457
26952
10911
3223
7080
6841
30503
31146
31918
7722
7049
6563
10657
21490
6801
14512
76
7102
10755
30486
6955
29740
9179
1387
27856
14485
7385
28933
10885
28969
17469
5298
18995
26946
28880
425
6019
32754
32547
29889
9282
26334
25883
11233
6154
17232
7853
12216
8991
25991
22503
26030
6295
2642
30768
32282
29630
23261
29392
4789
19640
7882
179
2383
104
21635
10089
3776
3985
9167
12658
15906
31035
24228
31673
18493
5209
1085
15454
12099
11432
31339
9912
27326
26330
28976
4251
1990
12276
9354
31958
6519
15349
28813
12032
3490
22456
27572
11381
14787
4635
31609
20123
13363
97
5923
19050
19871
8661
11488
20779
16057
9904
23827
11903
24109
7741
32751
1956
29399
20539
10565
8180
30259
17795
7834
18094
23317
17387
29565
20985
11418
16745
16408
19238
6494
4732
9732
12342
16111
22471
5986
28316
18818
28415
5159
31556
15333
27400
20919
11219
29621
22363
182
13617
15825
19115
9498
29509
3854
3272
13445
24063
13613
21443
28371
20380
5130
23635
9454
37
17173
24951
25066
23097
7942
14173
10830
3341
9165
3459
17839
32689
8904
7196
18052
2453
10553
16565
17461
5195
10999
19992
31605
2702
17764
4977
18642
14468
11934
24239
12682
320
9466
32301
28321
3467
29358
1426
11824
22500
22989
23030
32512
14789
31865
18758
6743
24104
5460
12521
18
15690
5175
30627
6388
1455
29479
24250
21310
5734
22404
28248
28032
28302
21380
305
25518
13849
23520
13157
12918
17360
17869
14504
25809
17559
24878
23968
8153
26611
776
14478
8410
13769
5174
19761
25003
29033
30814
10216
22335
11722
24867
13334
32375
30487
24988
20938
11066
13675
22021
28320
19912
11482
29621
9698
8779
16048
5456
11251
32432
20477
5950
2286
12980
31057
22620
26250
11842
25540
13041
30017
25084
30521
483
11441
3608
15844
1579
27458
29549
8458
16518
14601
6861
25352
4973
12780
9878
31383
16712
23303
25220
13134
6879
26447
1481
14185
29201
12149
23392
26312
9416
24846
17566
7995
21548
10480
18954
23036
7191
23775
11886
17021
24265
26729
14382
10852
30942
270
9433
32468
29053
26020
31486
8943
31441
11514
11841
21401
22205
26556
18861
30846
29643
6550
5196
1622
22118
19868
25589
22120
8778
18922
4710
5964
22584
9863
18579
15094
7150
19344
5181
1520
5718
6802
31685
9191
18430
18231
1091
25961
24520
8997
24019
2797
27107
24867
10799
16660
27385
4989
4483
12846
15274
27050
6524
20736
14394
28973
29346
16581
6278
23993
12265
32370
1085
7320
7298
12094
14156
14158
9207
14434
19098
18809
119
1053
29942
3579
9071
6140
22606
18267
3162
24664
12065
1897
473
21792
28214
6689
24838
23513
11919
6098
30469
2786
29593
25216
6365
12797
8613
4742
28038
19467
14491
5759
7748
15895
9965
2663
24883
1942
18635
2558
4642
18413
26518
621
19876
15668
19862
18220
16997
8250
16879
28195
11451
457
209
14096
12413
3371
1008
552
1304
21484
12084
6657
10207
1762
13745
21679
2211
16491
19161
20526
25732
17398
29680
19968
17158
22213
3521
29206
18792
5617
23184
26868
22577
28078
11343
14609
9995
5584
32533
17276
21204
14222
6091
14277
4595
8326
31529
32539
744
9986
20705
25266
18727
9082
1817
29032
27687
9050
18975
26791
11446
14596
9304
9357
17551
3353
23162
23370
17454
5365
22523
10186
739
4728
16330
10133
21798
16652
30012
12275
32042
21475
12617
24147
2485
10625
30712
2029
5934
22651
536
19623
9976
31102
28465
20789
254
21138
21434
25733
21391
18336
30604
5210
1389
13362
22679
30007
28192
4731
17876
8574
26768
5015
9850
13273
29651
3348
16757
16601
22084
24496
6420
5085
30421
15204
12034
13110
24742
25762
17527
28552
9430
24284
27311
627
3737
8261
30620
115
23946
13019
13016
8709
31299
26277
20189
10252
22827
31033
632
24434
32656
22146
22139
2066
24310
22208
31667
8918
31406
7632
15641
27420
2986
32686
25164
32607
5775
3640
5695
32019
10252
13365
9775
5072
11115
405
11481
21427
3941
3322
32233
15106
11579
3704
26037
18190
9730
6041
4395
3166
10814
3237
12808
6665
24499
17184
13132
11364
22904
27027
4586
29405
22093
7312
11715
27943
14638
19696
9941
9112
28713
23391
6832
16079
15724
3355
22058
17049
5794
15864
20308
28694
3712
29608
31661
4887
31898
13881
22165
16075
22396
20959
11268
15771
29942
26100
31611
14418
9399
25917
1851
22657
22813
27503
25526
27170
21068
3057
6979
16507
32638
32228
14869
25157
2714
18785
22126
16654
16903
23041
26896
32732
21698
6819
2549
3347
5294
32361
25919
5016
13100
6916
31858
1847
11244
14386
2017
20546
20995
30852
3174
23163
13117
32613
31062
2868
17844
14424
25268
25269
5025
9089
11173
19678
22899
19303
13604
25870
18974
18424
25847
12611
28086
29390
6370
6274
20028
12464
23066
6265
26296
29788
25852
32355
2183
24195
22783
10028
10999
7958
9448
2773
22801
31680
829
5915
12726
8116
6907
7507
11758
6312
6283
22425
8572
9505
21235
18729
10678
14322
20810
32269
32403
21759
17518
28153
23046
11079
18681
1651
27018
4130
1392
8246
32254
16326
30910
25561
28084
1808
3297
25004
23749
14978
16868
24803
24487
7816
1293
10742
11265
9471
2135
20551
19389
9207
11810
16134
1631
27064
23850
3409
29846
20996
20662
23968
29201
16540
14610
19553
24980
9478
16446
12767
30539
27532
18152
15208
32094
32648
28056
8111
18117
17119
15915
29295
17502
7884
2434
23377
28733
4575
19835
13328
835
24389
14112
20955
10482
17225
5407
32251
9599
20763
20091
25013
8745
24016
12672
26994
5066
7339
12028
25373
28588
20635
21932
23501
8861
14084
8693
164
32326
4034
30164
1783
4280
26220
19736
24494
6728
213
463
14830
5533
5849
13566
6390
1543
14166
12181
327
18
32376
20385
264
8284
314
21956
6056
25763
4649
9954
16581
6946
17259
22046
9805
23582
18945
2821
15843
16828
9801
6152
21892
21013
13767
21808
21354
20364
4644
4877
11568
25440
24951
14832
23096
22141
31684
26970
17738
19608
2498
11187
381
13690
226
4671
18011
26780
8332
19791
30528
7925
21676
5300
14851
16144
8557
29817
24792
12129
31812
20946
11125
8921
13873
15439
9076
5048
23362
24405
6137
24739
11096
10191
31892
16374
4141
29217
12137
32091
13462
21597
27278
13724
8454
22714
25780
1205
340
15426
25866
23086
30654
1482
20062
26535
8493
2343
25989
23989
11963
10911
22270
27372
14450
30366
16338
12605
11606
25002
15806
9603
1190
17561
19092
3416
5216
26882
26335
3885
12547
14833
22470
2202
31384
27871
31795
7922
31475
14049
32052
15899
31031
25119
23969
31132
9880
22408
11519
1016
2149
28868
24996
12347
17221
9834
7708
12754
11201
28276
26060
3743
16386
24304
1237
30541
28380
26872
12091
31201
20492
16355
6983
17042
12734
16573
6953
24283
8019
28149
31202
14030
17760
21334
8033
12459
22266
26168
16364
12977
22577
13816
6850
30516
29146
165
3071
26352
12946
32764
30143
28061
24831
663
17542
31940
17241
9569
4832
12496
41
16717
12356
19560
31825
24904
3902
32252
23117
21612
24270
9118
32440
12406
21259
276
15890
22650
24843
7211
6080
23509
29191
13134
8788
16740
20923
598
3343
4851
23564
18852
23204
15608
11757
19309
14655
5762
23939
13142
7110
9580
32135
7233
30815
29398
28653
10342
20530
981
19395
24485
25712
19050
23131
18458
15508
8881
28588
27891
25065
12379
8694
18302
29772
12382
9381
16006
31795
4843
19064
12256
7662
29089
29410
14401
4653
13824
26289
11603
1987
1056
26605
32263
21161
15779
30979
27948
3142
12520
7970
23105
2285
18561
9190
3207
18088
20200
6708
13403
14644
6765
10853
5827
5964
13683
27046
5959
3371
22236
16542
5122
30796
16066
9554
18424
4212
19304
11334
10154
8690
23152
13541
27624
15653
19022
13603
16103
32576
12284
26721
16275
22602
5359
26001
20262
29289
20811
24730
23802
7775
22099
6910
9371
26965
32035
18362
4641
16344
11681
26222
16573
16929
29105
22973
18321
11673
18600
15607
18629
32668
20228
15605
30423
13693
3674
30789
1074
19915
2447
10888
12547
28371
22859
10007
27464
22118
27819
26349
13609
30429
16950
11713
17804
25945
11539
2674
5860
32080
31353
13992
22601
23877
2918
6585
29902
8406
13972
29385
9487
31740
1705
28214
16137
7055
10413
10803
14383
28424
7874
28338
3514
16267
2831
7304
1856
14373
9982
6091
1928
17234
15015
12671
24477
25026
10380
21618
22561
24156
24966
31077
25828
900
21759
9836
14005
13721
12642
32152
8056
5826
2256
7890
31865
6123
11797
24842
6912
6922
24026
9874
19238
2727
2075
20676
5350
2715
19932
5867
17271
9752
1816
17505
15065
7913
25851
8692
19375
16891
1105
3726
31052
25885
1085
2838
26128
29188
29998
15761
23029
8850
13327
12173
5989
21080
1470
19391
29263
2393
1728
24299
23929
9232
17203
8196
25112
15541
2819
917
13726
14781
22113
24159
25043
9632
20081
6979
13095
13278
20035
2147
24902
5956
28677
32645
9710
3435
31351
28088
13821
17283
17055
32313
20687
30798
21949
27799
22982
32623
32641
16918
12330
2533
124
593
14644
22483
2261
2852
20581
14210
19261
11209
4636
30120
15396
14145
13416
8939
20781
5622
25115
21153
21728
6814
19488
14042
8864
7778
25870
15776
24284
10304
31484
4989
32649
9134
9112
12094
14543
27264
11891
19191
8706
9739
4511
28231
9941
19339
1148
28125
6346
14274
15567
1083
29933
11746
532
26554
12738
15789
2838
463
10620
21723
22972
11148
29807
32700
2342
4970
18376
7454
16888
12357
11388
2417
18678
26024
8830
1321
23506
15691
1077
23140
20545
23002
15917
1485
10580
1784
12045
26304
5894
2692
17353
15023
5138
6939
9240
26564
5639
8158
809
23239
925
7541
26769
31811
25930
29780
1417
228
1041
21564
27222
6436
27291
2309
12296
17446
31880
1180
27239
18914
6151
19016
30251
8323
30116
7985
30571
16653
14946
9250
7256
12099
28682
15502
30763
14536
22466
26321
2652
12164
19169
27065
17941
9033
7682
31557
11750
24247
14936
17580
22458
11101
24897
26529
27914
8480
19997
26838
31568
1249
10848
9151
10431
31322
2022
11160
8497
3401
21895
15785
20321
21969
492
10441
13914
15389
16544
20001
32559
8006
9578
7986
3821
25463
2523
15642
14542
11087
28963
7442
24751
16518
24105
22076
8644
28628
20442
31900
19851
23566
22464
11619
22270
3219
32471
12404
32269
15078
27805
21281
20299
9116
1129
24629
19432
24185
27901
22840
19935
470
13918
21742
31856
5445
4580
10017
25809
6008
20621
13728
2849
7007
7062
7816
1949
16529
6989
5058
1046
2797
33
4045
11683
23937
8699
18366
28307
7339
10705
32389
1189
15229
31096
7537
18300
14438
17849
13815
13133
19727
5800
20655
3035
21892
8753
11679
11173
12948
13556
22972
21341
11130
7507
15790
3485
4797
19656
2516
31446
12884
9084
9096
6537
17166
6678
30628
24249
29489
15825
22084
12960
16481
13010
15310
9633
10436
12472
11056
29054
30564
11636
32105
6859
12245
10843
19019
18082
23831
22393
20095
6297
18365
297
29385
11505
22351
31715
22669
784
8942
596
3987
27697
30006
14772
22791
21083
18281
20564
7108
27535
30665
27254
28114
11590
16197
20834
22316
5147
10840
6326
12743
5060
6447
11774
19153
17222
2826
1668
10550
6505
14564
24426
7529
19818
17238
17397
32353
12273
30649
20012
14306
4162
28811
21922
3581
439
5395
144
14810
5486
15432
27430
17333
23615
30448
22819
15911
17649
17669
9636
18087
10925
14940
25913
28496
10162
22153
28222
30181
75
5117
15209
27666
14846
29297
23711
13556
13063
136
27148
31708
19973
10415
11634
2128
1522
17736
30145
4947
32344
16393
18665
487
25538
16542
26604
10447
12401
11926
22839
32153
10577
2684
27954
22748
10028
25156
28950
11711
28
25834
1023
23226
9542
22869
16962
30625
18629
31873
15104
17630
8165
2781
25595
8189
5522
30962
32681
8559
272
8006
10631
18311
13548
23936
31920
21193
31282
30924
2222
14180
19424
14721
2192
18429
26267
3074
4156
32174
161
10466
9223
335
15871
2123
28291
23028
13572
9376
2200
25782
5877
20577
2007
31159
20738
9039
18186
25184
14713
17105
7440
1261
7482
2455
30184
26924
16747
21117
523
31361
11628
27314
28671
11054
20749
28441
25641
23761
23295
6383
8931
12846
21385
15791
8398
11823
20348
1586
28009
17449
20329
8475
11235
15713
7953
29810
3630
6095
18717
4751
1621
16930
29456
30266
8719
22788
13689
18960
17556
18846
17517
16169
12975
32095
31796
14071
9493
29433
9795
17521
21749
26797
2666
18545
14032
31689
8271
11611
22411
24943
29979
1536
4035
7319
6515
5058
352
21847
11178
30712
4973
13667
21045
5268
24615
28112
14943
24579
18771
18973
28478
12372
9941
29811
7397
16797
17279
20268
5083
31642
7207
1939
8396
15000
5372
17898
3199
8081
6426
7858
22536
11161
22619
10534
2367
10872
6000
24329
7024
12441
17969
10657
26708
12323
20530
16388
7488
26981
23447
14994
4253
14967
27177
32707
2968
4638
4265
28195
23578
2545
14436
26522
17147
27578
7943
8689
4723
9759
2229
24722
4305
29826
22615
31631
29551
15909
563
22502
1509
28818
3265
13572
20861
22842
5049
29575
22759
16988
369
14664
15406
22312
29286
5785
22763
4901
30488
4299
15033
16592
10268
13812
28648
19334
16492
7662
5750
26787
12801
31907
13626
23532
26788
10632
13667
23338
12033
16488
4129
21784
27133
16227
1186
8063
7753
17974
27200
20640
29751
23229
29433
18386
11725
22198
29215
10604
17177
25287
31568
20965
6339
8899
28073
1082
1257
30505
16183
22416
5670
30701
7342
10267
20724
3195
12638
3902
22325
17658
11106
9972
11788
22733
20507
7278
5617
28256
13533
22014
10501
4129
28647
12339
13218
29388
21913
5702
31543
28908
5601
31156
26451
24479
19959
27949
16639
8345
25162
26285
31825
5483
13498
27881
16446
22533
2823
13292
8368
23674
14729
27906
16088
24580
26146
19925
17350
18760
30578
4822
26935
24027
1097
222
1198
28932
22370
10773
18630
28612
23374
31252
12486
28179
686
19782
19062
6509
165
6036
21041
13453
25997
24129
21820
121
29673
2322
20054
14014
16795
20147
28816
30973
31064
16470
5215
22950
20568
14493
31472
25092
1106
12730
23483
14714
30119
18133
28763
21004
12766
25773
29341
15904
592
28035
16599
4998
21284
21556
7291
32695
1662
29349
14059
29018
2036
8035
143
31501
13378
18059
28198
21345
26942
2536
10329
5670
21006
11356
22934
10986
17304
19585
3611
29884
15674
12943
23121
12086
25019
13697
15196
7354
31874
31603
26096
27131
26374
6479
30566
27327
25222
21928
15631
5092
14842
4838
1480
22177
16457
9380
12750
16655
32444
5206
29908
2024
10163
6447
32339
23950
8599
18242
31778
14927
15887
14823
11078
31207
29047
15712
27403
29254
7822
15292
1620
26516
19054
28924
10031
371
19650
10869
10412
9604
20531
5493
15088
23340
14115
24873
3461
7320
14494
14270
29684
14590
18829
21191
14486
11302
9773
11999
4519
3882
4032
8847
27804
1658
4739
23666
950
20770
26591
3222
29144
23888
18659
15654
14486
1552
17650
7750
27790
24155
28857
18751
31739
11600
356
16092
17287
32705
10258
9492
25953
29425
16774
2024
5776
7324
11807
8591
22151
13368
26122
28113
17657
24955
7606
3249
2542
21533
3720
14414
1047
2271
14289
21003
12638
24524
11261
19182
1474
26559
15885
27462
9314
805
9031
15761
11991
18948
23851
8348
7879
19773
32682
17644
23991
7950
10131
6493
3873
17626
13646
27401
16583
30253
8140
15467
30022
19707
29630
6085
15598
19240
21253
24766
20689
22861
2154
26960
25626
8890
912
19937
8097
29367
20774
23728
31676
30480
25441
3187
27735
3024
16042
17983
4935
29772
24212
1703
27867
9571
26384
6696
10932
1285
30180
30917
12503
17138
10329
1262
26881
11972
10548
12710
24635
12080
23272
21477
25261
16009
29194
9019
2487
4229
5125
11703
28734
17732
19983
17159
324
19854
30812
6880
5308
25693
22929
15009
20124
16795
7803
24115
29747
27180
31233
26675
11197
16687
343
7507
23093
16001
6261
12029
4970
28291
712
22842
20565
7966
27687
6099
24490
24068
32264
14006
17581
11320
21748
16794
30791
2768
27192
5862
16473
17658
17886
8655
4432
6973
3291
32705
11770
13313
16266
5377
31128
30034
15449
21648
12340
11233
23235
16210
31028
9035
12926
24175
2096
5022
25333
15610
16385
2074
28408
9425
3098
9012
178
8900
25628
25569
10716
5625
11684
20496
29745
20110
28775
10360
22050
32641
4226
2453
24522
1997
779
7661
13348
22230
12524
17816
8828
28679
31729
22271
29731
20922
6687
23780
16999
17240
15176
30115
26818
20161
11484
14263
26450
26862
28674
16255
18825
3541
30183
19010
25894
21388
30294
626
1380
14514
5258
24877
22129
12811
17984
18697
9505
15210
12560
15889
18148
28628
29180
24331
15862
27874
842
1021
28117
1383
13455
9711
29688
1875
26893
29681
30910
6359
4158
14688
3237
28874
3249
31078
26044
28236
32021
25536
4443
21417
7060
1732
28177
10368
10082
25250
478
1828
3221
16874
162
22850
15927
31566
5846
18372
30361
170
19578
25078
20971
24385
5198
16359
30474
5449
23365
9235
17049
24747
11319
24638
10323
27396
15318
419
16031
30447
28899
2126
10341
29318
15522
11719
20769
4902
22411
32496
12086
24179
13890
19760
132
17564
19145
15057
13628
12257
26101
26279
31987
11602
19742
31475
10742
4825
22555
9094
24286
18042
11117
12074
14948
2778
25275
24637
30070
29950
16255
12447
10122
28502
12286
3279
9522
28154
17021
19024
11504
14387
22706
23890
22092
27453
12153
4494
30501
6731
3784
19058
29509
12236
13797
3710
10808
29677
22486
25070
30557
23647
15386
13465
30781
2394
22422
26393
3356
5090
29138
11052
18382
4425
10853
17242
15564
28661
29358
26072
27271
4451
20421
18093
11004
17772
30897
3347
25481
2759
9436
14368
26367
14544
7876
13989
15864
30343
28402
13911
18795
8924
13104
28204
29565
4650
30199
26632
25242
17665
6695
3481
25285
31784
12026
31871
31020
19938
16443
26033
22016
8305
30387
31772
6275
11737
7397
13965
6499
29926
23547
26832
12102
15216
17663
30746
8614
1502
31310
11940
15839
10217
3402
29337
17030
21155
25680
25650
5373
17335
15594
10015
30020
31218
7749
23338
9234
4866
20453
2071
12069
13950
10391
206
22486
12839
18855
444
18416
11118
6740
3702
2242
2614
6017
21151
28787
218
19373
2573
31126
21874
805
13351
14590
20562
4216
5777
26068
29652
13612
21260
10214
24920
687
5271
8258
3976
18320
6106
24580
13793
23791
4805
16748
4463
26675
16245
22324
26327
25851
3671
26144
26011
2902
17295
7382
20634
26166
923
32240
4054
11810
4915
12368
3962
15404
20084
10675
4124
10531
6974
26505
19519
27913
23259
10757
5916
4807
7905
25968
22690
21536
9561
24002
2747
12772
24608
8307
7121
23654
2958
20623
23185
47
6230
30985
20206
19188
27821
22865
9321
15558
16559
24616
2448
6537
6654
18612
10437
3751
10924
3535
7745
24838
5979
10149
3929
14135
26786
18302
18175
21488
11187
1496
31627
21692
1595
14009
8636
18673
16778
22595
28921
13538
4340
20361
31965
21847
6007
26529
2035
14138
28830
18171
29630
30611
16548
20208
29181
16311
4061
6558
23340
20923
30034
2548
20046
14639
21675
8713
32234
29705
13139
5042
20052
10208
26838
16211
10541
14171
11918
5365
10797
19432
21118
2969
2336
10161
4478
8908
25903
21452
23705
8828
21857
32433
3507
3338
25186
7922
20334
30624
19842
11814
15439
15557
18688
4134
31005
15663
1417
31357
20106
8920
14588
28697
1558
23124
624
9543
3631
13921
20344
24542
10653
29120
9894
10169
11805
835
31565
23403
5708
30760
28299
32047
27335
18597
8583
19486
18065
23236
31992
32165
31413
10097
4583
11061
5420
13777
30645
18492
20224
24790
19295
13397
9650
6929
13313
15803
9178
9415
4249
10244
7437
26694
13070
2828
24835
28793
19569
7727
10745
11707
28290
17339
19029
31977
18038
26788
23945
9403
29943
3194
57
15700
10093
1433
21408
13847
22140
21920
20528
28093
19917
8740
11128
4260
24850
9637
21835
12650
29252
11456
20511
20411
11567
29607
26803
16743
7217
30671
4341
12728
31295
4584
25122
11010
26152
27666
2607
24187
23326
10318
10344
7757
4722
19250
23895
15850
12959
16098
4583
19616
28554
571
14793
24173
8
22609
5399
22292
3233
3100
13623
27504
31636
7278
18691
19721
15898
25640
29734
13285
751
4782
13769
15009
29199
2200
8816
16576
21949
27819
29982
18242
21706
3335
15296
31608
8724
24737
8904
25624
17741
15604
9241
25741
24830
5108
7459
2704
6603
20036
4175
23036
760
5544
5533
2782
13356
9149
16011
28108
27765
26856
28986
27257
26253
8076
32460
19590
16988
8064
30992
21146
10173
1472
2913
13236
1669
1122
23243
3776
6082
28364
12656
30825
1088
22053
31018
6959
21586
18953
18802
7609
3278
4481
3201
17260
7514
28722
32692
31548
998
19412
4917
20674
18810
17894
27864
29583
15410
7584
4675
18625
2695
28202
32338
15060
9167
7435
9658
15290
519
3300
12012
11565
16593
26718
24892
9028
9657
6497
3906
13636
32188
16519
128
20665
29707
16592
7750
17094
17932
13207
26579
27578
30882
22724
29117
20707
29358
22340
29843
167
8406
25014
11968
31952
1669
4967
7602
7976
24626
6529
21052
11334
15078
31871
25657
2215
9464
7652
18803
17409
23579
15917
5059
28371
7324
7940
23161
28225
30180
5558
21245
16927
18500
8679
23735
29004
20466
23685
1069
4161
24910
21242
16747
5609
14954
8870
30120
29364
3530
26764
27686
7655
10856
22859
25178
3382
25851
5457
23373
19092
9849
3403
16962
7242
17371
2783
8345
29510
800
12702
27379
5046
29076
3124
10647
11222
28498
31202
21
19718
5128
4143
22569
31520
20730
17626
13281
17928
29770
29714
27394
8581
29046
5865
22441
28495
4898
15879
13870
28521
31256
9371
15437
2736
3469
28568
11144
11189
16550
27933
25287
6600
20794
26676
13122
2645
25562
25792
31904
23668
8462
22449
21600
12987
14306
12154
15481
24406
27041
16581
11581
22106
737
27493
30339
6743
26047
2956
15365
22317
2412
2878
4359
7968
4841
10245
30522
32302
27406
16615
17631
22431
30161
16533
13871
16863
20165
30693
11771
21641
12001
31874
27024
7364
24451
24546
11229
11218
24244
21113
9176
29670
6318
1837
4637
26422
23196
27401
29144
3410
25248
1333
10470
692
12570
4902
823
5784
32552
13586
32119
31502
32361
16039
8941
15181
17927
32764
675
27722
4340
6856
32711
19337
12659
14290
337
16435
24027
12456
17638
29290
14999
404
22780
27865
17778
6092
576
31887
1554
20457
4148
17165
10177
14490
25885
11933
24692
28058
13596
19686
18693
7903
16539
11198
2756
6165
3562
15423
1582
23626
26154
27677
22268
10731
6507
26934
22880
31471
19985
17259
5259
21842
24444
24751
11890
32709
4072
30557
19666
28324
4497
719
1905
32040
11035
26156
20392
18142
31538
12673
28958
13655
8046
15636
4054
5665
17017
3829
18284
19703
21875
16085
20379
30261
30869
19483
18947
3471
22293
6709
7465
27905
31306
1836
192
14345
22545
20604
7975
1813
8303
14882
28722
26423
3704
11254
12589
544
16495
14651
7710
588
23342
18037
20555
1914
31944
16762
26108
16223
17006
8140
22402
30363
25999
5926
7544
13804
13379
17493
3145
16290
26858
13385
2291
339
9488
876
31498
19919
5013
1843
8191
29526
30218
13810
9122
521
8541
16628
8678
22175
11705
5323
30180
15705
23976
13285
31267
16696
123
8032
7703
31597
21483
16927
29927
30481
10496
4638
8564
32022
20530
23554
17302
23678
4303
27893
19112
714
12188
3760
20808
30902
18623
2521
26200
5923
220
8848
26440
2133
20863
17221
20376
26974
29882
18892
8600
8154
13327
10931
19571
14301
7823
24275
13163
24106
27204
20261
14950
19110
1229
13015
31658
12044
5960
5023
2789
32225
373
27728
26992
7595
4119
5547
4052
23646
29342
30071
12430
14103
13316
9172
6159
18956
15093
31436
19975
31939
5426
17451
23523
16003
4663
31120
23700
26377
28956
19141
14739
3963
9657
24140
14626
30626
30989
58
16852
19283
2273
13129
30543
23598
27304
22568
5201
9100
30122
24341
9713
8370
30817
14254
3112
26443
23843
29444
25487
29205
514
19442
15466
3546
18417
2477
17126
28834
7464
28827
15519
20775
1737
13673
32613
4745
28099
9816
17728
22595
13046
32471
433
5726
20121
6487
7227
29156
32473
29531
13346
1432
18883
14286
20851
24292
22116
17306
10052
18195
24879
22646
19261
11456
20383
29183
1624
16782
10013
28939
8932
8218
27427
4410
23504
3630
9890
23758
20774
12088
9377
4796
9686
15098
7207
13058
10933
3202
21340
9532
15045
7517
32235
11634
11447
16648
23210
9013
32174
13479
21629
7914
6470
22265
10872
4453
25301
7308
25411
31162
25585
5165
4035
11599
17458
4003
8438
26166
28216
17565
21791
3002
1520
31208
36
26936
5140
5349
13108
18225
2801
6971
1964
6812
2157
31945
4412
16001
31048
14815
15174
27587
418
14765
5510
25406
20158
25851
21496
32273
13829
22811
1526
6205
17742
18204
18593
2416
10332
21313
30851
8219
1960
2225
9843
21194
17505
13680
21432
7093
13746
17038
14705
12946
19267
23711
7988
6318
14594
107
1269
11068
4131
16358
9257
12269
26981
21346
3116
4033
1176
19203
24032
13340
348
29811
27288
14876
5419
18648
14900
28714
25242
30467
15501
20943
21979
24042
10771
30153
10887
2905
22452
8799
32410
4836
512
31729
5824
20768
21387
467
14287
28435
10899
19804
14740
14824
25059
18233
14034
8935
8439
18183
32392
31653
30561
20770
10867
17016
18284
26295
32468
4910
17406
7201
30579
4095
1475
26994
9700
22207
31623
26959
17673
22105
14820
31234
9688
6264
28190
29898
22878
21383
30795
28533
15364
22748
28855
15409
17938
13104
7302
7072
17777
2387
5531
21802
25781
6429
10681
10647
9051
24232
13544
21469
9038
15292
31515
3126
28592
13195
17679
16758
8408
3743
17526
31900
407
31504
853
8871
6592
31994
25259
2219
16871
17198
27731
3619
9320
13352
31787
12681
20396
18242
1142
21284
15783
32295
29055
6690
29861
4745
28800
12262
9543
11287
7617
17827
27080
12969
24068
6186
2693
4286
26401
26112
27581
31273
15342
2996
2197
2823
8033
14959
8031
21236
17145
31949
29467
8319
13401
32235
17982
8411
20023
18114
29363
10199
12404
26035
17184
13327
908
13410
29034
868
2865
12232
28283
19371
19507
5764
22339
27554
18851
16754
15100
10280
7480
27263
5811
18861
28401
21948
10756
11751
4092
4273
2341
8646
15575
15347
4134
6059
19125
4857
7030
3541
17443
9771
10666
14619
14571
31548
19066
18401
17721
1978
32524
20805
5116
14819
28534
17561
24719
955
6526
27926
15257
7259
23715
24014
5938
27532
1890
23011
24135
21396
18866
3319
6975
19792
12497
10211
29150
2691
4162
13740
28778
4718
31767
15539
31757
3233
14444
43
23675
11792
16948
30160
10964
31849
21816
17366
10188
23461
4956
23328
15625
6622
12580
435
11725
28000
19320
24938
15060
6402
19108
28395
15744
10935
30371
15577
32307
2144
8349
3916
18940
16100
1454
17278
2935
18307
20201
24519
27374
14183
