14665
5827
5351
14577
2781
20142
15215
24004
18796
10542
4520
12590
14123
26931
29200
31175
15914
22302
12252
30978
10457
10029
13209
9547
17354
9274
19215
19026
19640
29350
12394
934
21193
32656
3228
17797
27664
28746
30973
26611
25686
9741
17460
26633
18714
10731
32347
21392
30422
5382
4190
4814
2948
18688
25252
1184
25185
3250
22258
8393
31985
24865
6540
5258
32067
8877
3485
3443
5494
19084
22744
9848
4220
25719
21088
11079
22558
3235
22757
9689
7232
2547
21520
27207
32615
22636
25890
5344
27768
14313
2776
11896
31171
4880
15505
27394
32063
21124
16562
13922
13847
28764
16970
892
12134
24533
27122
4497
16447
7491
32248
7115
19697
31310
19900
10006
11657
31322
27737
25138
23960
21319
32392
19462
22838
26203
8130
5176
19270
17788
8869
27130
28924
6307
12441
11559
22173
30605
3251
13710
20870
2996
32218
9358
23408
3709
9256
29923
13042
30643
15762
15551
25927
28724
7628
22044
9554
23786
23911
24913
5087
5629
1085
21988
23852
7751
13070
5536
20392
28425
4203
13799
20474
11228
31955
29513
20037
21226
21021
853
8363
15709
12821
14510
26384
1048
10346
11618
23584
7333
9160
26488
14227
17007
2625
11208
1455
50
27889
29456
6159
28079
7906
13635
29604
30116
13101
32548
24569
14331
9826
1556
31675
23618
14122
11816
31352
26715
12843
13951
28583
28533
13612
32723
19177
11579
11642
8525
27022
24906
5514
16286
24923
32489
13791
23115
26762
1268
27950
840
32531
4634
17345
13513
15658
2377
19993
14677
27401
23141
8919
23068
17903
17216
26589
18314
5737
7367
15024
28700
31696
2169
30752
14707
4371
4638
10028
20391
20150
6581
2848
32477
19995
6574
8448
19228
20993
7513
3113
14940
14410
31647
13878
1248
14593
10736
9761
8134
5787
15228
21162
21981
9085
24742
29693
25270
16575
31413
6287
17406
14896
6093
329
13578
9114
27423
2280
2228
6983
5468
6820
21862
5571
20847
31759
10100
5860
22891
28225
11695
31752
6082
27186
5175
15262
30905
31847
400
15848
28696
977
27128
13054
1830
22514
11512
2583
1748
6721
12602
28164
4665
14032
29338
27389
17726
22572
13951
8608
11163
21124
23148
11063
9218
18958
28882
4922
921
6311
8233
2581
3502
14010
30782
13610
5031
11106
12751
16410
20791
18387
3157
4928
22744
12790
15905
21375
9333
595
10922
3902
7782
31028
21286
15536
13986
3847
13655
27993
22576
25605
3240
23246
21215
21265
10616
12476
3383
11235
21174
14379
4783
22629
26030
18436
21025
29021
10274
7889
8314
1613
157
2501
21430
7319
2308
31996
2572
10725
12142
259
29029
3528
22837
6555
8979
20128
15438
2490
26560
7611
25301
6355
30628
26305
3308
15703
2812
28239
25798
20604
20151
17378
14591
12093
4466
2807
12591
27810
15526
24432
12478
31041
28192
22842
23546
25605
17842
29485
29542
6190
15145
22835
31061
15513
4222
25005
21944
6210
13393
13842
27701
8199
10386
28377
22649
4527
16770
9882
17614
16426
20698
18544
3824
29978
4425
7585
12060
2963
26148
24193
5483
10271
17242
19091
29022
12806
20902
3058
6074
29132
8968
27119
31382
30970
2933
3836
26546
14114
29134
26057
266
24605
11535
20908
9131
1943
16841
17990
12486
5582
5074
612
27907
31126
24634
29219
27159
15265
4994
31832
11929
22269
20489
16174
4113
31454
14535
17
29523
6558
21565
21195
26379
26882
7084
15341
19608
14271
2694
21105
798
15420
16930
9373
18646
16538
5555
25643
18089
20466
4731
7590
31230
18653
22588
32535
28880
31034
22000
29153
3075
10027
16057
3050
15352
11105
19227
7163
27487
154
6761
21866
3148
27751
18557
24310
31629
9523
2988
18674
11836
6529
28410
11942
23952
15477
31881
1778
9464
31638
27736
26676
18027
16850
11050
17260
2297
11203
19907
23198
26023
20784
17498
30328
30329
18391
25164
7989
23504
17257
3598
23745
3062
30423
11621
16926
16632
6860
8665
18438
30900
15738
26983
15058
15154
16282
14198
16282
6968
8878
6668
13470
9496
3210
32578
28900
12237
9234
12021
10019
17478
11077
3263
28640
3842
31355
13861
16087
4061
16618
20754
18332
31786
11887
7813
5506
1793
27276
9606
23228
986
31917
2654
15042
5979
2479
26119
5111
27247
2722
12770
3208
5016
24782
7080
26263
10886
27381
21923
24473
14824
32728
14110
7932
898
29180
16666
30733
19072
174
23362
794
6154
23109
23841
20947
11800
5031
14227
17142
7304
14607
21113
14636
11374
23565
29361
14638
5547
17102
15430
13099
12993
7325
9443
31598
9957
24490
27278
13884
10838
13322
25234
15099
28910
4096
13501
12954
24310
27003
22220
29996
63
8415
23588
27350
30062
2312
28099
29676
19352
12429
32373
7255
29199
20545
3915
7738
17019
768
6217
30677
20268
10920
26975
6313
27566
9829
6043
27100
9118
15922
19100
13792
5053
26524
32330
13136
22851
18377
3268
14106
2934
5818
5274
20963
29562
18381
3901
23719
30315
7046
11187
14496
26025
32398
16783
18026
10611
23036
28705
22628
31160
14548
15850
9305
6441
26317
19538
30816
18067
27736
29598
14080
22636
3037
23324
24216
13996
9288
24992
8190
9950
7364
27188
18535
7798
15814
24844
647
3941
6990
3256
13049
25323
29802
32669
29664
5804
11259
15782
29647
12295
16059
27191
15334
31139
23167
4707
8510
16202
31418
26462
25992
31739
11843
32053
19184
11834
27224
25020
8008
18091
3810
8136
610
25823
32762
671
27581
22126
30893
11693
13156
3142
31484
23673
8724
31298
295
24279
19613
5375
21548
9566
16010
25067
11146
29212
14340
19870
31306
393
756
15470
3392
16314
9064
2365
24207
24023
26424
26262
17003
23503
6377
22009
20771
23114
22993
10610
12894
18656
26492
17264
11684
17544
20559
2261
9249
14931
23403
14666
22438
8794
10197
8661
8945
26356
18131
23981
1838
19501
21913
6477
12990
27508
23076
3015
25910
6036
26471
6747
21675
15590
19621
23112
30765
4548
21534
25826
23441
11072
21741
12773
24692
18966
7217
27657
4220
29664
29035
29654
25825
11401
14887
1210
10028
25604
223
12377
20287
27710
25372
9252
662
2897
10974
27949
6348
32250
5950
11833
18785
32333
6226
31767
26298
8871
593
21553
19049
10469
31735
24929
22191
467
11307
774
12607
12519
27360
19030
6981
21552
31033
25078
2727
26761
1264
5064
26763
7698
31480
24836
6425
20705
28001
24714
12418
31220
4221
22390
31041
11370
4929
16373
12193
29427
22253
12888
5759
8582
18928
25703
18769
28498
27141
13048
28519
27894
12707
27072
13425
10996
29844
15720
10818
9315
28643
11235
30675
16869
4348
14080
31115
2265
14351
11579
14013
19154
31157
29913
20595
26951
9174
3380
19818
396
2506
14931
26461
5376
23486
3773
15750
393
3418
18319
4195
24125
4001
11981
27318
4194
25112
30710
23503
11417
16170
19163
9997
30806
26571
28848
3235
8083
21084
22372
3992
29382
16590
24366
23826
16656
523
9833
14547
8887
25233
18337
4868
18390
4192
15854
11057
8019
30231
25472
25750
27154
20826
15996
12185
3688
2166
4103
11415
16339
840
22943
27619
20200
2907
19634
28428
13708
30544
22633
20319
13159
9603
18885
11693
3734
2539
12782
20303
19616
21314
1736
3174
30636
27494
12742
29543
17393
22272
259
17880
10605
14435
11919
12884
17882
31159
29190
28629
6878
25174
20584
7731
31874
7030
7716
4071
17381
26633
26486
24853
6706
5089
13043
32714
28623
24088
21091
2434
29655
25263
13774
8685
8139
18293
29914
9970
11140
12330
596
26101
32108
15845
15884
13909
27374
7603
22758
7481
23851
27265
16174
24205
11759
26172
32044
8007
20707
20022
20984
31983
7428
20172
25744
15966
19027
23110
20264
454
30670
26366
29889
3058
19872
22725
21757
7375
3989
6530
21042
27948
13264
9500
7613
14782
20928
3226
16025
32615
32080
13449
26160
19639
25182
21150
1904
19636
13423
28317
25634
28374
18081
27257
1143
20566
24545
21949
19684
19113
8029
4138
9776
19271
1340
32674
27596
22704
29581
23877
5218
26801
15230
24025
18608
27619
2767
14703
23703
12918
19846
22083
24175
3628
22499
6885
12446
21928
27798
11158
24937
11497
29488
5877
13578
14098
29400
13787
5634
5484
9535
17027
24496
22445
13782
27374
14115
16763
318
25221
26157
2348
26879
14081
27832
29648
3966
27784
15453
29297
4137
9496
21043
9369
2037
22313
8933
25621
522
22414
3336
15865
7356
15005
17835
31972
31422
20623
29487
10373
21650
16682
27225
7774
15940
2717
16805
10184
30040
26539
11997
12600
19201
24843
25323
1728
32404
3599
22508
14809
7227
18565
17797
5215
13294
22491
12154
15581
31903
22406
17020
28683
14261
23715
29507
29589
26812
7903
5085
9758
13659
10389
21318
20613
390
21047
23352
7271
7156
3311
68
21477
3796
16518
14370
20135
26812
16516
19014
12320
4578
7321
28339
23316
398
20539
20244
15960
26575
5521
7689
24282
8046
24464
14527
17121
31776
16228
1731
8853
18687
14609
3096
449
2875
19290
24967
5848
23821
12002
1846
9014
29933
4241
17788
8361
11525
19257
4084
26672
7909
25721
7888
13826
10104
20706
12912
11986
26423
17241
13620
19026
4764
3004
12174
18166
9946
18633
16987
2810
22219
28987
7027
5798
17450
30773
6270
27601
22786
4324
3082
3748
21862
21857
22747
928
25955
21716
22402
28386
21299
19679
14898
14502
10675
4666
25294
23307
23320
27802
24390
15638
16349
27096
36
16120
511
27727
15714
23444
18541
30854
23935
828
14010
1551
4818
5051
5398
22446
797
4505
13436
7870
28005
1690
25389
28113
25089
10632
1372
16023
16626
13106
9771
3841
29298
1205
5334
22949
3535
762
25134
28005
25210
19328
21066
26699
5979
9820
5753
22968
21608
22910
25466
20414
10870
16693
14320
21450
11599
20982
26384
6790
29700
26457
15261
27389
29573
1124
18198
257
26478
26892
12590
28361
15652
8441
7036
16863
13601
28554
28020
28474
11916
15641
7318
19110
20749
27008
17637
3437
2271
10203
9627
12336
2343
18320
22043
7190
18564
3725
18215
30505
11239
2257
25683
4092
21413
28974
27065
11409
16074
5965
16879
16507
14513
26354
54
20032
17617
29825
19188
30721
31962
12994
19045
861
5377
13793
28557
21650
31383
10169
10097
9445
16609
20817
20102
30789
20516
23975
30826
5675
2815
14765
24530
2500
24061
13714
4804
27986
28011
19266
12038
1232
21863
11824
17110
27604
12346
2131
9691
23226
22248
2158
24156
18175
4101
9621
26288
25323
8393
15341
26357
16499
29799
26291
14085
7005
19867
15232
15526
3749
13954
19147
31233
14624
8879
2479
24662
5471
30587
2286
15085
2262
28316
7479
18000
28221
1786
23716
18359
7991
30654
5511
14532
16690
22955
8806
23408
22926
31409
16196
19014
27905
4031
17442
22735
11834
14554
26822
22605
32708
2924
30139
5291
19758
5854
1689
7605
32617
5992
16775
12421
4209
19240
10237
21821
559
7538
25807
1276
15519
7272
15207
27658
5934
27850
31825
7254
4454
12303
8958
17443
32460
4276
193
15614
10761
26836
6430
1779
13129
14073
4932
1024
11745
21810
25816
1994
16692
9829
6644
3983
20695
11751
24176
13916
28659
17738
11360
14720
9195
25718
17373
8512
14911
12283
20489
25036
13745
16806
23885
2162
5798
24403
1253
18706
718
5121
29087
32722
4103
24364
8671
31506
13951
28247
2791
8611
11801
5352
341
18739
15123
30264
2797
20748
11749
5611
32153
21759
6764
17021
4014
3226
2631
3614
15729
10914
11906
18880
10202
20669
21617
13934
20632
27502
8671
24799
22356
2630
23657
23371
7226
2137
16420
18813
27574
6384
10630
29482
6011
3197
5763
20609
8394
25044
17142
17667
22513
30615
25667
31893
5394
29170
18490
7891
28197
10377
23359
19624
3648
12463
22952
7195
4630
22489
12391
1644
3519
8786
20713
31840
8119
8752
31806
5337
13608
14982
18809
2473
25452
8923
27482
30376
31437
16091
31018
3845
13968
7757
16103
15577
11827
14661
22689
24322
27634
15515
7460
6446
19600
31387
7127
27190
3155
21502
12772
31918
9553
11546
31385
26042
25322
17237
7951
17954
20118
30431
18697
425
23009
23713
15646
155
27059
11376
24603
12198
9941
24455
11171
12778
14257
4916
22040
31059
18265
977
12735
14631
32203
13302
1822
26331
19828
5101
28329
15659
14834
15718
28062
30058
31774
5996
23086
11030
10058
30360
19165
7599
13255
3461
5419
17609
4779
16771
8052
27233
11984
14224
2581
16237
32544
11652
29648
7862
3600
29579
23922
29162
6763
6616
28850
27885
13649
9880
11869
4977
383
26661
18352
15558
30673
14205
9989
2547
21764
16114
27571
517
5313
6435
23855
18599
7639
23594
6519
8947
969
25879
688
16008
392
30622
12301
28381
4481
1548
26100
21717
18138
13695
22876
9363
19449
29271
17018
32143
10823
10472
668
2281
16179
30321
24917
20990
633
26194
9434
3386
420
3961
2476
16685
13521
9758
23927
1504
4279
21936
16698
20073
31204
30479
22185
28861
32073
30459
23760
24518
29177
205
32760
19381
26670
16740
24782
7322
2445
22115
5826
31537
20139
15770
12718
23551
11727
22721
32440
16542
9978
22892
5241
9046
20772
10555
27231
16621
19657
8785
32591
13503
16292
11272
21391
6929
15803
4067
14820
11682
17307
6853
17399
3715
9701
24160
19965
13609
6665
9967
28055
12737
15442
31016
18423
15043
14115
11372
4933
14538
28544
30018
18241
17571
23247
29699
16681
19363
25056
7127
24285
20030
29996
1503
21825
27862
13914
1204
17891
14033
23304
3089
22494
28654
11463
16588
22526
16345
19047
17675
9252
32765
3702
5300
26092
7065
16131
1573
24718
13846
27303
17190
22018
2968
5831
19995
18280
16339
8979
26495
5286
3872
1618
26509
16211
5583
18530
24640
21716
8639
23930
7038
17348
16941
18099
18832
8346
2506
7111
29654
7557
14096
25112
1977
14747
14037
21748
3552
27443
13601
791
24999
18831
12349
25969
31949
31167
16908
21290
11116
25281
5022
30436
15407
27885
12035
10560
191
20625
9053
21667
12926
14296
12089
17978
3960
14320
25888
4155
17303
25963
32360
24942
29206
2022
20560
30189
29495
12521
5965
1320
6713
14863
3230
20779
6020
28263
31270
15140
19240
25369
16507
287
7045
17229
827
2325
9291
4936
28575
23845
20902
11992
20818
15649
15282
1779
27011
26956
22069
25243
15417
2658
18573
9988
18406
23257
487
27385
23360
30055
23986
22908
32076
27844
27732
10157
7099
4273
13339
8685
29562
1081
32374
5186
26501
2359
1381
4605
14844
9496
5422
24731
23416
738
30290
2538
17567
13941
13247
22893
3574
17682
4423
18688
14839
5913
18001
8383
25956
14103
20686
20005
20954
511
29807
13937
32425
11448
14869
2126
17379
17112
906
20658
9139
688
1902
22279
17904
14984
18804
1161
20978
2859
25294
23279
6821
13223
12005
15949
20699
19022
12366
5689
12263
1792
16889
2605
22631
685
26796
23852
19809
4117
22704
11432
18322
4562
971
5796
21250
29081
17262
2838
27356
7357
29486
19599
1917
10740
3960
25629
21195
3166
11393
3185
30408
30659
22909
22589
14951
23069
17425
6112
24734
3670
12298
16965
32188
11346
5967
25864
14077
6704
1556
24539
8283
17101
1873
28457
11432
5514
13683
18937
25562
13136
17233
22292
21414
27857
4449
15722
28240
30224
9004
21426
19393
29475
2303
13137
218
16951
4580
29309
264
9942
22992
18850
15896
14949
2078
10244
31309
17905
21052
31655
176
26923
5797
12396
14248
12976
9231
10876
16842
3470
229
16361
8434
10244
18167
30099
3987
14218
26481
841
1099
15889
27401
25393
5051
13452
637
28778
9365
16047
31549
22767
10742
19447
27748
26303
22519
18922
12269
25659
1663
19360
31780
8143
13915
19074
12634
21204
27792
25682
12253
28597
22511
14956
18984
6993
29931
22091
10070
21921
9128
14158
10717
5531
25684
28092
11896
23638
11706
26375
14181
878
4628
20301
22481
19114
9761
11300
29585
26844
24184
5271
10002
9225
22300
10860
27539
13514
14672
14505
19345
30962
13229
6998
15235
14705
14449
21635
27336
1913
30234
29325
8414
29919
15924
11166
31444
11203
20079
21107
7426
10611
12276
2146
11511
8333
8441
20635
10163
18020
15507
26798
26647
4005
21708
2637
29081
8251
13046
31315
21308
29295
12863
2310
14016
31060
26757
26521
28693
16994
20843
30454
8470
23137
12204
29626
17780
31113
6319
9088
15088
15079
24156
26466
6606
25346
19247
22461
29062
31167
25738
19765
15804
15234
10064
31481
10098
9622
29359
32328
26237
8655
5437
1845
22325
5485
12359
32423
6257
22340
25957
19875
17843
20762
594
10702
8607
20561
7931
2861
17586
18886
25046
12080
9264
5368
24181
19695
1374
25197
16987
24243
12530
29009
17422
9400
31432
18529
2158
17713
29142
30215
29252
11661
19554
7110
4126
6393
25714
18649
7259
24614
22661
26647
17282
30284
9344
17690
9432
14191
18155
27808
16689
27617
18013
27697
19462
9480
11061
13571
4808
22369
16779
9754
28276
21957
14183
435
29544
4587
27440
20963
21365
17967
32359
124
9781
27793
149
9776
2974
9985
18049
21753
23768
31962
16807
25016
24396
4524
27622
28956
11774
14654
7033
19397
19740
3283
21288
15785
7127
26029
25279
1207
6257
24784
27584
4795
10903
20488
7765
9858
26610
15405
17032
62
1785
23718
25014
13611
29705
10284
9281
26227
15543
25296
14214
24400
17765
19776
20495
24176
32019
22854
7177
3741
888
1937
14840
29341
30033
21176
1961
18519
21242
19324
23912
10040
13627
19022
2420
24021
17508
23057
8112
21202
9628
16416
29083
27906
21110
17811
17026
18127
3781
9662
3061
12509
28850
17915
26231
18410
12043
6826
27257
8697
10718
23925
7562
22191
24903
30937
16328
26365
20102
19681
3482
18431
21332
12597
18849
5412
13176
22612
8939
11664
19605
30750
19306
16574
70
23445
21157
3690
1132
16868
6318
23982
3527
11937
27988
28523
2244
3919
12185
28650
21654
23079
359
11203
13448
2584
25470
3070
27538
7180
19889
7545
13866
29037
5970
10121
5724
15335
17387
5604
9757
22128
2094
14783
25565
12166
6959
9779
11611
10424
10193
11237
23741
3944
29310
14310
15328
4815
1820
6616
16877
23362
828
30035
20269
9907
20628
25223
23326
3706
25519
546
18630
23126
21219
2164
21831
1198
22916
976
21684
21533
6999
25142
12579
11822
15433
31280
24579
1892
8289
6906
16816
5246
26612
26597
8005
8440
31768
765
15026
11989
16218
19178
9486
17308
14004
12308
20270
1697
16057
25867
2166
5253
8467
28197
24559
11264
7727
21609
7066
6110
16183
32683
14852
31304
1089
31737
12827
23877
17094
11830
25920
11393
18517
15365
30621
31820
5512
10985
697
16869
17720
31402
22089
24825
29677
16122
15178
12903
15256
31832
27980
26694
6021
19509
15889
29481
17547
3157
5974
19617
29062
7545
20209
19204
21511
30011
284
25197
30025
1849
25873
30468
19303
18805
20439
9344
29389
22524
22875
7914
7148
31686
22466
4259
307
6366
9470
6568
31034
18370
25247
21525
31040
7693
12268
488
7127
27219
1587
18440
32734
26445
12125
6790
5040
10806
2757
15906
8347
20596
5195
785
10900
12411
24996
7421
30760
4591
2548
15438
22198
12552
11166
19624
28380
4411
1114
31924
15663
25367
20361
29476
815
365
24262
21745
17530
18867
8382
231
9279
21418
2625
9316
14070
19519
5529
3421
7246
30639
19482
23969
30055
7919
3578
866
2882
27723
3171
6897
14710
31565
10695
7625
28964
8160
13428
719
26668
10421
12136
13272
18593
8422
7526
31852
29819
21722
585
21962
12684
7784
3737
13355
20918
15423
10588
14667
11098
14469
19502
28710
30227
8894
26004
30207
24485
8432
13710
13479
27952
7172
22635
4604
31914
2928
29665
14512
31371
9235
14941
24140
8138
28256
14488
10868
19465
1983
8555
9068
20493
4912
3044
17371
15472
7474
22425
7631
2202
30435
11068
12034
9709
19560
16752
19036
21312
31375
30683
15032
17551
26547
21629
747
29424
25569
30016
24322
10441
21560
7632
27340
7745
11670
22444
4505
14836
625
22654
11072
18923
10242
8872
27239
18635
13993
5151
32766
844
27021
22396
6157
12781
8579
27472
5040
23271
3889
13240
9311
4191
18547
18994
11379
24287
19709
32687
2278
7
15938
17642
10331
9600
20117
27895
4958
28722
11150
32287
18924
26551
26544
1259
6710
1551
10056
7551
21666
11157
5272
10025
275
3889
24373
22074
31082
32464
19118
6165
3405
1041
4206
32133
4903
16705
6372
8020
2671
6794
20449
12569
13102
32615
6209
13905
16059
26715
8909
3505
32201
23779
11360
18107
12196
5545
26441
30096
22200
3834
5105
30981
13907
8058
3262
26360
23980
26391
18742
4837
25635
10811
7272
25268
15050
27974
12935
26069
14117
25659
4569
25231
15150
2745
8911
19861
7836
30766
886
24539
15717
17479
10766
16039
20354
4011
6903
27115
28146
1256
13781
25810
26881
26029
24044
19609
21450
30779
460
20896
26875
26902
17971
18113
11480
29952
22575
15072
28803
28455
10883
20675
6778
30622
8780
18724
22625
30218
30436
29445
7682
11422
18695
30276
5522
30537
13620
11375
25909
2861
25942
31705
28101
19028
26020
26862
26319
32670
16582
20931
31711
5886
10041
2034
20222
9702
9716
15524
1144
22528
12364
29423
15331
5151
277
27747
6748
28021
5898
17375
18964
13574
20591
10921
4876
16220
27124
31678
28956
12925
25821
6503
19258
28698
6240
18701
12281
28681
29262
334
15184
7926
10998
24145
2461
5461
28743
12374
23529
15002
19508
22673
20846
10413
19037
26680
23126
25496
8427
13787
18374
14723
24763
23796
7451
24291
28864
23487
1652
6894
22690
17227
6256
6226
7851
11729
15673
11814
15588
28486
29377
13601
29051
13356
15947
15626
28264
685
31022
13935
11344
20970
23253
25754
25770
11153
25611
11201
30496
2989
3957
3965
15928
29379
27488
30077
5939
24090
190
124
8502
6746
11114
6000
30631
9305
18356
27909
27610
3121
22809
6985
493
3734
3666
10153
13552
22630
18065
796
17993
10370
31751
23198
7255
17373
14249
19424
29782
28626
29236
21054
27523
26299
1646
32753
9088
31423
6319
22406
1529
23275
6049
22926
27528
11908
14916
6808
10710
31388
7989
30044
19716
1508
28975
11577
73
11969
13522
5346
27100
26530
9123
3412
32276
19856
14421
28939
3533
3335
20551
16245
5135
2308
1613
7335
1770
30815
10931
31055
12196
27995
31871
30441
19991
31612
2039
23606
2900
28568
20067
11754
32652
20017
6932
16293
20273
3074
10661
20773
9048
13528
385
3002
354
29859
10917
29690
17883
14029
8104
9141
18082
20426
8440
24620
24650
25841
19814
24701
29377
1674
9189
22626
4399
12328
21134
6939
26913
9017
30440
27305
9447
20443
13159
18237
19770
16369
15922
21232
28195
14454
19753
7604
792
1298
807
28043
28263
8683
17028
22263
32728
14270
2271
14769
20109
7726
14362
30109
27182
22620
28837
27646
10051
16311
24832
8423
2785
20758
11899
4338
6537
20484
23361
3891
3405
13402
19860
16239
14132
5652
23642
138
4064
2909
1241
23359
15214
11500
11711
18708
1182
13459
7013
26508
4916
27157
31060
27550
24990
21049
7433
26982
13782
21532
26101
17435
8586
18635
24264
23105
19835
10513
1007
16927
5155
19854
21339
10868
12186
29961
2437
13158
32442
1288
12207
21435
9602
14493
24428
7755
3256
12674
24418
31669
1234
8040
32079
11346
4119
29069
18762
9831
6146
18061
5708
9375
4583
3706
25582
30904
22232
4910
5492
30332
13002
23264
6667
2803
28404
6390
27215
21463
23416
8474
32528
19272
7237
4240
9558
23489
15676
8647
21410
28747
20882
24110
25719
21744
8821
8776
23065
31603
12530
10243
3989
30782
3862
2886
31489
19356
21587
31945
25861
19240
12582
5929
14747
16262
26103
2620
22034
2640
8513
4258
30809
26707
2290
25500
13178
9212
29461
8481
3429
19469
4526
22575
10735
17044
5605
12128
10010
14366
3687
22973
3735
26408
1290
19926
137
9174
8112
29459
31628
5096
18541
14661
26102
8937
8428
20096
15453
1705
17678
26413
2393
26606
8405
19547
2698
871
23937
9302
9949
22241
10744
10619
6668
11965
25195
17226
31076
10146
23351
13757
30155
30831
21257
23256
32513
6260
20550
6786
11302
5601
28074
5267
3453
12414
23087
12590
19311
3229
4144
2897
14035
4686
1998
27050
11884
19665
26771
14765
32179
24145
32341
16611
6359
23503
30045
30853
23043
9564
8649
18249
9183
3723
22063
3452
3417
27430
3459
14161
31397
21536
27707
18809
18306
14539
23728
7155
26304
4171
19144
14118
6911
16203
17106
1837
11449
1518
30641
22898
16771
2568
29757
22654
14479
20879
31718
31247
12406
16716
24219
4971
6708
29654
17386
2037
32116
31937
12648
17918
21007
27667
20563
1501
4815
9719
13942
32578
28024
25270
13901
2247
13321
27362
31338
21960
29503
25557
28695
18037
21083
16474
17725
32293
8229
10665
32132
13294
12593
29849
25276
29042
29537
30481
21628
13307
23211
20927
15112
9163
2844
525
8568
21933
25629
20561
15127
19152
20726
28228
22538
8917
656
22966
3378
13351
30335
22400
4947
32395
28479
6841
8565
11256
16830
27693
18058
5032
7195
26122
1618
29551
10670
6109
15740
21324
14408
9917
4366
18238
17084
15814
27910
856
1182
25290
22081
30232
31562
834
5021
23797
30760
19851
29275
1847
10287
10831
10695
15115
13480
27201
8730
28887
24885
31757
8863
22731
19217
16014
11029
24249
11673
17218
31829
8230
20492
5372
5172
2209
143
22233
8363
2131
16500
20341
11829
6360
1467
13407
5497
1101
13785
18890
27689
8874
15801
10885
32042
338
27393
19501
3061
10473
27286
5025
26429
30054
4194
3510
3794
13417
19541
8236
28869
32206
28841
18145
461
31362
11627
12613
13545
3477
25911
21518
5703
5009
16195
17197
3429
11275
6814
26624
2678
16759
18106
26569
8967
17217
9513
20063
25058
17945
6308
20771
20018
32398
25937
15926
28137
18910
26182
27625
18271
14604
15433
15477
9787
21044
23001
2541
10135
31772
4211
3696
20831
18443
782
7331
14586
3550
8680
15454
32045
3672
4996
32678
5948
4026
12019
9180
18258
10387
27476
21299
8226
11482
26775
6760
30159
28986
30086
26285
13321
22701
14085
8166
24442
24652
21656
13079
18016
7526
20007
8477
9339
25039
24318
26013
15913
31354
4632
19003
14032
15434
27549
31244
9852
21286
19369
26957
13001
1868
28239
25941
12036
27879
11486
24776
1933
12771
25698
20494
31871
32256
9582
10755
28563
6437
4377
24816
18754
19448
1863
26555
14634
11947
2602
5978
21939
23064
31496
2189
24306
12049
5182
13773
10446
10225
17541
31103
28769
26743
20340
15470
8353
32725
22342
26744
19007
4355
13278
29576
21199
21849
15112
5828
7978
11613
24066
1543
15632
13274
16443
15249
20498
1842
11098
11261
17839
15604
1154
30324
5310
13233
9940
25889
3084
14092
18230
20964
29765
10769
17747
17227
2328
11208
3555
21950
3478
27145
29229
17657
32731
5777
6346
10688
12273
12886
27563
16333
15857
8984
10078
18446
17259
18233
28556
23309
11272
31694
3271
16304
366
18678
14210
6690
11876
10347
5217
1809
32055
6742
17844
30490
21852
31848
13886
24193
31830
22310
314
3366
24027
5508
7072
17076
7986
23222
8868
21276
479
27203
29567
28482
22914
22107
28787
26101
6397
26730
5897
28965
15061
30701
19358
25424
2267
9093
32285
18750
1803
8265
3086
21486
1460
4961
976
7888
7897
10705
11554
9781
8919
25234
31465
515
14409
16103
18989
14509
13097
19694
4708
15970
26424
16501
27379
29829
31135
3600
2546
15710
30166
15464
8239
30735
10693
24534
13942
30921
3369
29745
28688
20799
14394
2276
22154
32091
11659
29507
4792
18480
31537
31519
14072
32049
30503
13719
32443
14752
6897
562
10050
29257
17024
24107
17830
367
21078
524
15899
20743
2282
32126
16501
29988
32590
17760
28140
19123
7439
26646
3100
28264
861
23588
26960
8184
13163
7419
22015
25993
29721
2578
22423
870
15057
15417
30842
7160
7086
17707
22854
3058
1252
3426
26458
22219
18780
17455
23702
14193
16030
5641
27745
10556
29172
7462
16881
32032
14540
16456
13255
20264
8287
29658
20600
28703
144
4411
10419
6032
13847
14426
31360
29170
18398
28547
8646
24348
31659
30072
29200
29951
7680
31172
23952
6803
320
12108
3429
20242
30738
27943
20249
29029
20234
20911
31598
7131
2439
7128
14938
26657
26071
11969
18512
12143
27810
29577
8385
6911
3973
3428
12771
6339
6909
5102
32177
2135
32647
18367
19507
13365
13829
30015
21247
27432
17252
31163
30208
19971
8060
7865
1398
9618
823
16265
7486
21713
25078
27933
2388
15196
4656
1051
21398
7207
26972
26927
24266
23663
20242
24486
13027
12016
2925
11833
24192
32601
21683
1574
4534
12797
24632
24710
22031
3019
31359
17882
2002
22144
27299
13287
29829
5403
9461
5572
17073
23697
4327
561
1765
9411
26153
13354
10749
9645
25873
29116
1188
5344
28224
21784
21528
22322
15747
11238
27694
31412
19447
24795
19093
3300
7537
9102
28510
8484
32028
17031
7868
7019
28004
27545
28681
4923
20243
18035
19978
25299
954
7537
19572
13989
3923
2232
30383
12554
32036
20353
31705
30261
3047
29621
23566
13413
25895
7099
31463
31839
25581
20109
15168
32284
11932
13842
2111
32191
10266
23464
28562
5322
31792
4863
12535
5008
19252
1838
26370
5870
14565
7680
11547
9782
25238
9615
26310
28012
143
21
3111
26549
14000
16894
8133
3596
22615
30274
12686
24119
9092
31985
4891
19961
14139
14352
8502
32394
18730
31395
18073
17476
24204
28171
7161
22175
3149
24978
18755
15455
623
14405
3110
18444
26284
26882
2001
14499
16989
17617
16894
21131
1946
30583
28975
1226
29091
30281
55
28281
17534
20799
27389
22645
12258
6729
22653
30552
22868
22246
5647
2472
20880
12274
22508
9806
31018
21439
25326
20297
6261
15976
919
7331
11940
23650
30293
5028
15407
15188
9476
32327
3193
15657
23989
22250
17071
355
26286
7241
11763
30898
5042
8621
10426
22213
16514
12129
1906
22112
21667
1894
23145
943
13410
8807
1770
218
17174
14575
31657
30937
23205
27866
1120
13450
23625
9994
187
1536
16020
32091
626
32286
15538
13528
5812
8293
2799
13359
16076
2315
13432
31330
23551
14669
1638
28096
4787
32262
11256
5908
26839
9343
24608
7452
9086
29065
22594
5180
10189
3785
19512
30324
25368
25172
16281
22416
32328
1148
28731
10654
24704
18409
3574
9637
17664
2027
8107
11412
26697
12558
14725
13433
4225
14319
26751
5619
29978
29263
30503
19946
18863
1638
28577
1917
28718
25721
32494
572
5692
32431
7535
10392
16853
13089
8356
27287
4403
7216
6714
12493
12786
15131
10309
31623
21361
12497
6858
585
6267
30979
4736
26491
19495
23422
31959
21599
24060
1976
4410
4422
26969
3752
13201
28164
19476
11995
24587
3745
4194
9925
1050
28753
11767
341
26815
15014
26222
4300
4615
12549
16618
3022
14294
22615
26878
185
15331
9472
29898
4919
16644
17685
22119
14351
18348
23241
31878
25409
29617
15145
26195
23633
24403
1290
11936
11491
8059
9279
21055
23944
23872
5391
13743
29912
10415
31718
11772
27841
26828
25930
4320
4638
3284
16913
4142
651
25285
29649
25712
15480
14112
32153
2767
30077
8686
11486
6708
10989
9473
20152
29613
8366
32636
17743
21010
16968
23190
4495
31976
6715
13210
9508
8837
21398
10034
4258
7541
31173
486
25091
10525
27307
14816
18263
18846
12017
13810
18871
27389
11421
1498
13435
31616
26598
28612
31917
1371
17990
30480
15549
2955
2002
16470
6261
11779
27335
30375
7472
22790
11621
5654
29255
980
25088
16247
28109
17032
18772
31079
24956
12097
10009
653
13294
28288
17623
6431
6673
21201
5884
23463
1237
25518
14380
9991
5927
19360
11992
5562
14371
29095
12562
1118
5509
16860
23199
16239
10849
26965
2382
15958
7701
2377
21385
4002
3963
9588
19754
23189
8291
20925
3728
6626
21824
25367
12785
29621
7457
10149
15089
21236
5603
27169
7284
9668
24741
17534
20657
25936
6781
1484
14217
19142
19817
12125
12054
21921
28041
19750
6790
1838
13963
11623
19242
30537
32102
15247
32714
9832
19019
602
28220
12508
20184
6460
2868
18259
3216
258
1118
4256
16264
13239
8362
22719
24930
27588
31464
12563
22655
26204
19092
26099
10097
9495
12019
28005
12463
29405
12383
13097
25229
12294
27614
26106
24427
10687
7418
10768
30252
176
31181
21737
32490
25308
5468
5705
28647
7368
15398
12928
16071
17887
32508
12779
25085
3093
24594
10685
1668
25291
22103
511
19919
6386
6914
23766
10242
6772
30061
773
7778
24783
31015
31154
8714
22275
27205
9581
13025
13487
15352
7790
29384
5239
23909
6686
31000
18856
18608
3546
31307
14623
2138
28403
6137
14695
9934
13305
27911
15905
15414
31545
10779
21161
3731
31364
22098
10230
30733
7218
2102
14786
1927
28007
10986
20203
3959
16789
9128
22810
5877
12098
27502
30626
24850
18956
28915
8619
32362
15850
22240
15247
7421
12212
25149
7044
2618
1766
11561
16764
7005
1185
29135
17993
28667
19442
405
17925
17115
16215
15510
18865
15624
22399
7507
29724
32548
22354
11429
30214
21759
305
29175
3462
18281
12671
13233
5289
68
608
7159
25436
13533
23744
5524
2188
2684
6808
30001
7819
10553
7788
17099
16054
28946
1049
14180
22613
1339
20173
17144
28354
8629
14423
11954
718
28450
1441
12128
11104
18648
1146
31781
8543
10548
5785
15725
17106
12336
28127
26662
20806
30776
24029
22830
28528
11578
26262
17671
8724
6653
23686
20434
22566
8115
20963
24955
15918
19409
9506
2609
24817
30
22717
2841
25421
24842
6196
22339
19301
32322
3666
8413
11006
27009
28849
18086
10025
12201
25728
13734
8995
26642
8324
4893
4729
20002
28765
17081
13935
6430
32011
7435
19107
1599
32432
27196
25838
18697
15255
29948
3211
21976
30838
18876
19579
15036
15856
30237
17703
31366
5982
23720
328
7715
11983
28863
4612
28713
27213
28371
13913
5808
28259
25816
4543
32611
10716
7926
13833
20951
20172
19586
1165
23579
23765
28972
10884
11664
8355
30330
15540
21498
19641
29045
13900
28376
3952
28834
24335
3313
19004
26163
23732
2096
20018
639
29581
21425
16839
4784
14952
28700
5083
14267
17843
31282
8182
2454
3555
1957
26577
31397
5398
17965
1560
3957
4086
4312
15982
16044
5601
28578
20146
3392
7240
13637
25984
15080
16725
12114
25083
4816
10705
7297
16586
13457
30276
23877
23137
26976
4958
4772
22146
22917
27029
8006
30979
13840
12304
16076
11217
10951
26308
10083
27189
11362
15325
27032
29014
30459
24671
622
23040
20672
4109
21421
32675
25835
20618
30334
22687
19188
11198
7221
9150
3588
27003
29038
3842
18606
3168
14171
15266
10458
5630
1884
17231
28673
22074
29904
8891
17312
18930
300
11612
25062
19684
5706
28270
3760
8907
31491
6967
19640
7114
30207
31374
14089
22542
4812
26014
3767
28336
15662
17896
20684
31704
9910
13447
26757
23080
10902
7864
20927
2904
9140
5017
16300
5149
26877
7985
7114
20304
25596
22193
28950
31820
30123
31225
6013
3224
7561
20062
13203
29894
5868
5803
24199
1178
24729
19557
2647
2671
25234
32340
30272
17879
9775
30782
18297
28034
21616
6134
6688
19553
28306
29590
7797
14858
29920
13576
5702
29279
28620
20171
18090
4202
3902
28147
12786
12428
21548
19826
11741
32215
30827
20119
10763
11960
2245
31444
15028
13529
25931
21188
15258
9285
7148
3692
7996
5582
20807
12994
15949
2220
11198
8299
15204
1894
29900
32713
20213
5110
25752
11829
3968
7976
19402
4233
2568
3907
3997
28386
16071
6635
11317
15780
22048
30022
12596
30654
8661
9310
27784
28207
15994
25286
14214
12489
26922
29569
6717
29748
23928
22303
14596
6455
20392
11561
16470
14643
22304
17599
17120
23536
23833
8320
15831
15004
25498
29098
14223
13329
14503
20098
11338
22103
27062
10231
15694
8554
2914
17026
22074
26429
10595
13904
15513
27902
29374
15011
15800
12700
30265
16502
28341
32135
786
8288
13017
8119
496
24506
31783
31727
23066
20740
31285
20035
14055
4997
11067
18392
16758
13874
874
26859
8862
465
7807
15380
24872
11870
12183
22220
28732
1966
9029
17198
538
17746
10210
14074
29451
6590
4132
15327
24726
15531
17394
11514
16630
29881
13175
11674
3788
25689
118
32070
23826
7658
20957
19713
26448
17186
1436
31180
29202
13232
13495
20589
3993
3871
15770
15983
7377
3582
18606
5226
2691
30270
31529
15748
18124
11995
19498
4152
23246
14015
12293
7254
4261
739
3547
6731
13724
1975
13167
24483
19617
29124
15156
31948
17655
20879
6315
26653
2347
16065
16107
23062
31305
13958
5505
16106
11087
14643
12155
24890
28898
27435
30912
12836
6464
15619
19875
21116
24694
24292
12471
16729
29907
817
4836
21460
8092
13418
25018
23052
26113
16977
20486
5486
13904
2635
3235
25651
30057
7944
23443
17961
114
4966
17742
7863
30412
27795
20570
22555
24645
32626
31004
19447
911
15681
23534
5388
241
13176
17778
11845
1340
17140
7461
759
10497
21076
24119
21607
20481
32676
4762
6285
7397
5433
1113
13847
19759
17883
6443
16817
4465
29738
3144
8324
13756
2362
31355
13308
11868
7809
29816
29391
23746
32499
2929
4923
8386
17259
3044
10895
2559
3661
23223
26092
15779
10857
10374
16461
25683
4387
28476
22981
13410
7121
28128
21512
27716
25701
5810
22573
20806
6476
9079
10674
1661
18582
17425
27329
20476
26198
6994
30129
5706
4684
32274
28624
15892
24769
10367
31072
10270
10931
23989
7903
28031
10546
9615
28556
11278
24586
7356
23846
30488
7074
2837
18679
16468
1572
13357
25105
19736
6110
5674
14552
3020
26345
2772
11200
23968
6664
32492
4440
10362
722
13247
17288
17714
8980
16123
28694
7682
8561
15552
21103
4408
29003
26618
15013
27694
12775
3311
1460
4732
2251
2580
27401
9580
31595
21285
17221
16303
3077
10868
11326
6478
7626
1154
11846
10211
25662
18892
18097
3848
25057
27367
31633
29968
14863
31439
23748
4085
23077
17277
5681
32402
15845
2231
30542
16914
21276
27948
5094
27561
16513
11712
25113
21122
5089
10021
31140
26104
7033
22955
22626
28680
28324
24409
20499
23558
27062
2108
349
21904
8487
4351
2064
21441
4084
10172
15534
25766
1346
13074
12075
19702
5444
3960
16113
20477
4448
14032
29735
13274
19341
1600
32307
21994
10496
5693
31613
25476
18439
22760
28278
2791
15669
29342
986
14448
11199
202
3634
13329
15654
17150
23196
13054
15382
23107
17102
12713
22159
4781
8281
10737
19266
27442
1323
31126
1598
20411
23896
3313
28875
14716
24090
8674
30870
10625
26134
14089
4623
12682
13024
31545
14864
32537
4034
20777
15039
7369
25017
15213
14261
24033
13505
17573
17760
10281
11858
14325
4005
4093
2347
15797
21450
31391
32334
12393
12692
15058
16204
15859
6060
23460
26050
10503
20295
3467
31780
16096
27398
27059
953
21809
7451
32663
7143
25695
14510
24783
11953
4589
25215
7976
18046
16184
13516
28922
28956
28772
23157
28598
21508
8086
25950
9407
21984
20579
25621
22651
330
30601
31413
22441
1239
2781
778
8949
29780
19845
30709
15561
12111
11367
12306
2407
4314
16097
11161
30005
19595
16315
31106
21847
7367
4698
30701
13955
9792
10294
29632
3601
13501
23182
27538
338
13594
3162
31176
14115
4239
10369
10749
26562
19765
20556
15784
7904
6085
19994
9208
25591
6819
8278
10499
15581
17948
12455
8224
16026
28140
2918
3473
8311
24580
11093
4966
1367
22666
11662
9629
28490
30496
441
18830
4448
6505
27266
25735
29627
16073
25163
23987
7656
22893
14365
5952
15216
12428
30949
704
28329
14316
30941
21712
17874
167
4424
7160
1631
10031
26210
16083
17042
25232
18839
9584
27979
6389
3059
4599
24609
7534
21722
27792
1969
31472
20729
1664
10806
28830
19836
6293
31835
838
4993
197
30797
18479
6093
786
11027
19730
21182
4529
27682
16742
21633
24682
13100
17632
27013
18242
58
32571
25392
14424
2554
25909
22736
19725
9818
20186
29908
11879
8533
17156
8764
23736
30221
7203
11854
6778
7707
27194
12939
32382
27427
13866
23265
28998
7851
2611
23586
6575
13357
25528
11957
31954
4458
29250
24972
21805
4354
18376
6485
25854
6978
24110
4085
18416
16701
5643
10290
2041
3614
4783
27055
31107
700
5989
31006
8906
28527
18933
24753
12933
8227
32365
15569
18888
3754
28705
8467
7465
3927
3057
18792
12578
11208
12234
27540
13750
8195
880
15585
17751
11717
20090
20
2824
14870
28574
12192
5055
26913
22830
6170
20237
11331
14051
30445
768
30306
8410
29007
14153
2688
32732
30579
23450
6287
1762
26624
11602
7303
26072
1987
8284
13239
6562
8608
20308
23640
32093
25295
14060
21352
231
18245
16527
1206
10401
10863
24644
16697
14963
20518
18900
12197
15377
31200
303
11072
9853
23587
18956
1266
29390
2112
15056
23196
25647
7741
30385
30891
13098
23315
21275
31213
32295
22298
27730
6563
9007
2241
27994
27607
26358
24450
3860
28656
3353
2837
4777
12675
17828
17124
15147
27500
5079
8640
2682
24862
4650
27090
17765
25143
14222
17620
786
11352
502
21633
19360
7987
10774
10057
2570
30437
17514
25930
21839
135
29563
18812
21712
31999
3934
15147
17401
9756
26237
7083
22819
2531
31642
7239
5049
12323
25872
12410
13722
15952
12636
28770
27583
3469
29917
32625
27166
26379
25816
19302
32462
23186
9151
14203
24683
25437
8883
2016
15292
20267
15431
8553
17555
7059
27783
29060
19957
15768
19001
4717
11643
1917
9570
32677
28152
8411
28428
28320
5468
17648
20039
8125
473
15162
1646
15228
8772
15940
4779
4076
3517
17601
6845
16994
16018
24791
9465
18800
29793
10685
10639
17173
381
25480
27407
31538
1939
22850
14380
13885
26510
7485
31423
5177
26807
9126
14351
8166
23329
27485
26191
24117
14660
10500
15208
29182
3304
10327
22777
10229
6981
22459
31132
32475
7272
12825
876
32753
472
31468
9156
31666
4218
153
22601
32449
20914
22784
2346
4897
8139
19536
6310
8612
20889
25119
3023
1958
18780
17594
12430
13562
27368
28345
25832
26149
15619
22231
25471
20170
14863
3585
14684
18534
5097
941
18667
22846
28432
25709
32327
10133
22794
18116
6328
11553
32259
6712
11643
16064
25016
3240
18369
15464
8083
23008
18937
32092
30231
14699
29778
19622
8575
24232
13436
2497
18850
16161
8879
16790
1818
4887
20463
21418
17317
17506
18830
30613
31179
16248
30194
14006
6082
23243
11929
11813
2446
18520
15193
11497
11884
17788
4845
619
15729
32010
1197
4395
23919
20380
12189
31154
29720
30246
27305
29128
28774
13009
559
7142
5178
1030
28350
29422
323
3528
26910
7706
3361
11592
32656
16690
8394
27315
4182
7427
10029
15695
19830
5132
20246
21958
11708
26490
9298
25282
28414
16471
17427
953
3491
22782
12438
24075
21862
23250
2050
2122
28504
17455
8852
16344
4388
27297
23545
7352
12695
27988
3067
14238
26208
11212
29280
30280
20244
5334
6671
29201
12661
25023
30581
11460
10995
4547
17959
1966
7027
14792
27081
12535
11600
31821
22062
31538
7839
15773
17088
21298
12216
26696
11555
18463
23282
21971
28437
22986
14765
12207
27545
318
14998
23656
5972
10136
3366
19743
24631
32536
26220
16186
14430
29303
781
18010
18488
7803
2697
12941
3049
2506
14271
9926
24556
3836
27316
29578
16637
11507
1936
2539
17206
12655
18153
6842
1144
29149
23364
13817
7692
1648
4057
32399
22922
15219
17559
17983
11514
11486
27496
9691
16954
16423
27318
26037
3488
28762
2350
19031
14303
8300
18116
6516
24367
26573
18167
27422
29608
3388
12374
6968
13039
9183
9539
28463
1813
32403
14839
17381
19644
28033
3014
22510
17532
31218
23972
1535
13189
5220
24041
931
30597
26844
31057
30768
4556
19839
24391
32762
28078
32604
7011
28614
26152
8589
26673
27778
20167
12926
7988
11059
966
27532
27178
27950
17782
16082
6546
3211
25315
26431
17516
11479
30645
16108
5440
25609
16724
20397
26721
28599
20304
20967
8051
19082
4863
3489
20011
13808
4712
20957
9302
3088
16991
30248
14621
28163
19442
6768
7047
8769
16644
6422
19519
14169
1080
24388
1176
16102
26641
8065
28366
13502
18775
4738
13199
26220
10428
14915
185
28385
1983
23383
28006
6758
3281
8317
24358
18133
12982
7283
21643
5129
1839
7695
14571
30867
15574
2699
9569
3758
5193
12833
13077
11638
24714
21207
17085
8788
10918
15773
23908
7869
14485
20885
4714
11804
31586
16818
30413
18444
10380
22660
10662
21195
683
11858
503
10731
5462
1386
18851
32075
26693
16565
10686
7238
28083
10382
11271
298
12294
29140
30131
12524
690
15166
8045
17178
14939
29935
20122
9744
12346
26187
29665
29551
5313
17928
21227
26827
21890
6280
14183
22692
6733
18534
31570
10136
7576
11599
17013
10710
25636
29971
3887
29910
6110
8955
5236
31048
2564
6494
26902
31050
8328
24943
67
11997
12985
9561
2896
13978
6432
4238
10420
4769
29864
2651
1112
22995
28931
32449
19726
26433
1608
10624
9054
7651
32225
6004
25993
5262
16036
21028
31944
15904
9280
27033
4053
25086
26075
20588
16044
30912
20473
15907
19347
16682
21920
3006
21848
8542
15546
16012
1754
10321
27066
13635
24522
17276
3714
11088
31411
31956
16516
1644
29752
21755
14888
8816
22430
3512
19310
3946
13450
30885
15829
30192
16907
7719
12155
5556
13018
20643
10629
4697
7905
32751
30145
645
9723
24839
30602
30008
12283
15874
3053
24924
28143
580
13578
13213
166
22260
5308
28282
26735
25521
31356
4252
8740
1920
2178
13671
5479
7689
13358
9168
14380
9476
9639
16238
2936
21998
15042
4051
21863
2048
12581
21020
15476
28257
15276
18631
10229
1691
1803
15813
2533
19276
29109
27344
30182
32542
31485
15359
10630
9208
11643
8344
27074
29302
2226
24101
22985
26007
11759
6602
12034
11958
21620
3029
26191
9660
18646
4503
24212
2451
31652
4467
31859
9438
25417
25908
15194
10983
13620
16035
20416
24792
14902
14938
16043
26415
16939
5331
3702
14188
31452
13764
29905
10764
11812
1455
9737
6331
11090
16820
10634
28870
24527
16811
22434
18895
25345
25711
25735
21700
31086
5756
7324
14098
21285
9917
13808
9749
2394
23967
23303
22227
8016
2666
21214
5611
2684
31441
27177
7112
1511
4296
479
28954
13524
27285
26360
30599
22691
20778
22390
27293
7669
24754
22690
27916
17681
8042
17048
30226
10630
30386
9477
13110
27922
16996
26928
12857
18883
27236
21815
26442
20316
14968
21659
25465
4090
27738
10751
20334
32759
6156
28205
32347
3343
32364
90
11567
12481
25096
19371
16909
504
25139
1528
8188
2539
3161
19407
25312
24642
6031
15804
6057
21114
32366
711
17610
6794
27426
21567
22252
26823
10686
30390
17892
17669
5330
17485
1507
2815
12352
11314
6381
1529
26187
19302
21645
28579
6897
708
12230
22081
2427
11839
11596
11785
8274
24939
13813
4556
20244
19775
30570
30425
31463
13081
6946
22559
3342
2306
27025
7313
20410
13107
11676
15567
3362
30425
27729
27650
9429
2582
17621
18439
2895
25928
3229
21713
26571
14733
31713
18184
17497
12423
32334
25078
1072
22876
31740
27812
5189
26369
11935
576
2589
9145
22273
16834
9439
15832
26288
8400
25773
20941
29171
26078
11316
21855
32259
3481
8322
18487
32632
8070
15128
19871
7426
13798
16961
5001
2649
15582
7074
10963
3959
11476
11537
13513
4100
17436
16299
2540
10002
980
6432
15858
11018
29708
16210
9485
11750
29483
6687
15984
19873
5261
26490
10256
26860
21105
13761
32679
3107
5907
22602
21759
10879
24853
2624
4461
30605
1827
13229
30875
29919
24279
1239
9867
2049
19162
23504
11993
11438
29773
10313
16705
5956
13159
16807
30560
23414
27487
25433
12223
27457
23948
17256
6669
545
14283
30543
22700
20612
25121
6926
23408
31615
20385
28282
22435
17600
22160
23767
332
28356
21448
8872
27056
12618
7514
1478
10010
20999
2167
21424
10712
13723
1681
6690
25222
31940
7613
19945
7567
465
16476
21493
14320
19034
18426
8368
4415
16687
6006
24974
24300
19598
10339
25829
17608
5273
1967
13312
22211
3590
1410
4975
26618
7449
7273
23968
19185
25807
21428
27572
26396
5725
8477
139
18341
21720
3498
27169
1897
310
8660
19742
15940
629
23784
20136
21390
24090
15278
4220
23013
13533
4681
13117
22573
30627
15710
21259
9174
26796
28280
12888
12381
15630
6059
1783
30742
29282
14968
7542
25128
11453
7665
18094
18905
12514
12317
17304
2828
20149
5790
9059
14343
20467
12945
18371
23674
16161
7094
907
29117
6850
22225
1918
26714
18637
19280
4450
27339
24158
15405
4439
15749
4012
18454
14695
24629
23611
13516
11102
21577
19283
2505
14556
11442
19632
15909
27048
19176
4475
32186
15431
27951
29049
18823
21710
29210
12419
30546
3572
30029
14390
21649
8299
10630
6635
28811
21617
5087
27881
20923
29090
3149
23770
6773
24848
10093
31868
24780
13717
28032
12441
15794
3688
691
18233
22369
2031
9381
3862
27386
11988
8483
848
6508
10587
10806
24418
31640
2803
11103
12117
16819
1547
1057
12340
25067
28710
19392
5311
6733
19506
585
611
18918
20245
21202
23146
25896
4746
19203
9072
2448
27179
11221
10006
29830
3790
14234
6138
24965
5141
8510
21478
4987
23617
204
5703
3443
32327
28979
12001
15985
21030
15179
4290
9373
6007
12819
19828
11172
27206
9277
20599
19036
31264
1772
28398
9127
14189
15804
8089
11929
27393
9219
28419
10717
27629
15190
1021
24148
26523
9039
18506
29952
28698
16014
2460
25633
17590
10494
9920
14237
2252
25433
7445
14501
23772
22511
2626
14486
3552
7331
30248
797
20188
5686
30998
15263
12471
24776
4668
10712
19529
8603
16995
14786
21173
9755
16091
12984
30713
29723
20660
27099
27587
12130
13361
29621
21639
30822
3193
6428
206
10327
16272
4953
17105
3679
20102
21386
10822
4649
32238
22853
4218
24480
25234
23678
10912
32761
9829
20139
5736
1011
6585
30501
5332
9053
25778
11986
26440
30169
27899
32513
736
10465
17335
10133
3589
22279
12219
20582
23619
25729
10234
27108
23637
1252
21056
254
11394
20016
23076
2626
18733
32013
13368
26693
2471
20052
8578
12613
24391
4561
1840
30733
2749
23112
28295
7193
15267
28341
16669
25851
20053
24792
5448
27901
7171
27889
7894
7944
4356
1737
6142
19396
32109
14321
13975
6657
21475
13134
392
22102
19117
16854
6784
26119
4877
27796
20455
24876
6865
2034
2836
6160
3109
1079
28352
2008
32683
10063
14778
613
5326
5067
16861
3451
25683
16680
6976
15650
304
18772
16300
3404
31650
12142
19027
32441
6778
973
7102
31512
16055
2373
31240
17519
9562
16293
330
29628
31606
30596
30806
19165
30855
21310
23976
23981
29444
22841
16537
22128
9016
31597
15062
22897
2125
14371
7697
19433
9130
14332
10742
547
32383
3382
24161
6366
11677
30763
15822
32243
18316
21786
5137
27703
215
5930
5447
24227
25259
29868
26892
16050
20384
10401
30190
21003
19159
28028
290
11104
13637
5417
30326
8854
30030
25165
27783
6182
15510
1744
14644
1987
24596
27545
10834
11837
30312
9624
13985
18085
12398
15370
15103
8882
8211
9208
6108
8803
24935
5377
17134
20198
23028
7002
8486
7353
591
2835
15586
6415
28140
14492
11364
1653
1334
6791
15491
11445
9695
14479
13216
24570
7541
3034
16604
822
12855
13435
27528
2497
11814
10299
5854
15427
8287
16025
28142
17619
18599
15887
19418
18016
24904
20119
29766
848
15132
30062
12299
22376
24551
32280
8747
2284
12009
29860
26890
13575
10164
5425
24539
23404
22332
21681
5208
19774
6957
26349
17590
814
12161
26058
31192
7907
14929
32202
4547
7070
18923
17365
20050
29214
31014
6202
15402
13249
11762
15089
1521
24813
9779
29987
1979
32430
18128
31723
14021
12192
24838
28767
12646
21520
25091
8394
2882
30046
8368
28476
10689
165
15822
325
17600
5278
19012
7421
24454
26306
10167
22343
19961
943
22364
30551
6673
28365
11018
13170
23950
25905
3220
10997
25574
18370
20309
16793
10370
28826
16396
16373
1321
30639
26347
23877
9405
10930
12266
5737
3621
15415
28001
30257
23434
28183
26838
13015
29126
15122
30227
17613
19481
17337
15484
23225
12318
652
10912
20159
24062
2911
18446
254
4324
23042
22890
15197
25521
29728
2752
647
28144
25192
5143
30772
11532
17643
3146
12971
3520
1733
24083
11652
10704
29952
4969
14259
3575
15541
27404
706
7200
5236
27742
14174
24025
5350
28020
13077
23300
1201
16237
21342
18639
7068
29954
29146
9447
244
30559
30169
4329
2350
23857
7968
538
30413
14337
28138
6487
17031
19392
19500
14159
11939
25763
23581
8431
10661
16177
4086
18462
17453
13978
28406
3243
15901
11594
11178
2435
28410
25534
28523
16936
3477
12694
32552
17502
6890
21740
7526
4648
29768
19429
19844
26610
20658
27781
23620
13072
11654
11976
20871
19559
28252
23790
12120
19306
13361
7702
8748
1353
12229
3854
1640
3172
29505
23914
26404
17414
1821
6355
23087
23632
17985
11938
23891
19059
17770
17326
6362
4387
18896
24673
11088
27976
4870
8978
25227
15094
31777
27790
1513
9887
14364
15096
5593
32391
11643
9940
9373
14457
13615
13918
11342
32697
16570
31520
1568
24377
11155
11715
26343
23567
15308
15398
1242
5159
5618
32173
19095
13621
10293
476
15208
24558
20680
11556
27845
19320
17291
6140
14618
15647
29416
25652
4042
10313
32762
31878
1651
2732
30197
29295
3956
22718
21698
28221
31148
3693
12009
25960
7557
14353
24244
2853
23345
1951
5778
12089
20020
18975
20665
32523
23075
20832
25103
23806
29867
9706
13387
16893
20692
5428
27479
23896
20359
28695
31225
26318
22863
3459
27059
22251
1372
25969
23016
31124
12749
22552
31295
3808
28975
30052
1101
28201
28992
22692
30830
24419
16121
27779
8691
7853
3020
11065
9859
15910
22571
12034
9403
23042
10057
9935
9752
21213
8228
828
26647
590
16323
28611
16538
7616
188
27695
8590
15229
7162
6739
32715
11788
18109
5115
8507
10685
4578
23843
5695
26754
20069
18023
25166
16384
6948
21435
6112
24038
32742
31580
27530
7806
14747
20743
618
12674
7142
29032
32709
304
11224
16853
5615
4000
22527
22588
7787
15958
29087
8026
32084
13332
19263
2862
21499
21745
8295
29102
18130
175
10921
23480
23177
2890
2014
25163
11382
9165
21938
27639
2618
7529
9827
24210
11426
20168
12997
6445
6603
31647
28042
19014
29322
31875
23488
30272
12042
6397
22171
16912
3767
18400
6773
22072
16219
18906
18195
28153
32647
21066
13610
26308
16437
12881
17697
25587
2475
14892
2841
23222
10147
17601
31787
6736
24744
8567
240
9347
15555
20555
4423
27208
8023
17441
15698
16580
14410
8023
18370
8824
4197
7840
13653
4280
13566
9744
30108
10590
18132
9331
2306
17599
28730
16611
18442
12254
1656
1690
12248
22240
23150
772
22515
29632
31866
2584
30025
5444
30620
5353
3700
4656
18392
28280
17723
15545
4060
8909
22876
27196
20963
25670
18569
9008
12249
23342
12208
3930
30400
5009
20863
29247
31058
32079
26152
19423
32232
12912
6241
29088
17306
30647
21423
13193
25256
11130
18405
25008
3097
5809
17895
17910
27809
21580
22964
26097
14024
17098
17828
8490
6217
13319
17134
32649
7864
20309
11116
17421
20328
22991
28835
6080
30348
22762
1022
24811
29084
17229
5210
6790
30971
13283
17607
16370
11478
21294
16525
8427
26959
27358
20590
12728
9691
22434
21803
11172
25576
19774
19274
4530
28868
8414
15381
28045
32442
3497
16358
22718
22910
10138
30114
9761
14795
28811
4996
16282
31818
17299
29980
3076
16310
2706
19095
29034
11838
29194
19776
18298
30250
3889
7495
20022
13762
11332
11457
31981
24171
12061
23537
15722
21268
19976
10950
26475
17872
1747
9124
4181
6340
3108
25448
805
17988
7439
25254
29866
5177
31464
25652
18418
5830
29014
11501
30466
17963
9385
26799
29641
11241
6766
24742
5463
27431
12352
26317
25931
10324
29921
6833
24970
5134
6025
27513
1591
7490
24957
31523
13279
3733
28132
18192
17907
6915
5078
14787
28028
7622
14007
2534
9226
4474
28867
2701
19181
638
19433
20671
19112
157
31965
21043
18083
21486
21609
24919
14624
30968
23300
10902
2928
10266
19109
5851
32359
27691
23257
14161
30477
3165
4884
7790
918
19815
5956
18991
11413
19939
8876
933
26220
500
9456
22448
14087
4653
13676
3339
25546
8622
20682
15240
15303
16272
5332
26781
21045
1924
28294
19744
15645
13750
28264
10319
11351
12792
14107
17427
27829
22044
14897
3718
11134
29601
14146
27826
3614
23699
12603
10908
29211
29612
19962
11393
26955
1983
21528
17759
17989
32343
15110
22199
19733
4507
348
7569
23604
9588
15725
20674
8631
30706
7199
29802
12486
12524
16890
1728
2896
5351
17022
27154
29693
24377
8634
12295
7268
1903
5146
10792
895
30187
28801
25502
6235
27602
2199
26685
29972
8741
23397
31938
17921
25645
22047
11353
12588
10525
5952
20323
20997
28915
26588
28533
7511
26783
24370
11428
16762
6503
25730
2048
22219
10122
798
14174
29785
25635
17602
26203
31969
13905
1576
2205
14333
8085
31192
8540
2968
24443
19774
9249
27045
31357
9214
21198
17936
10276
23948
15583
10485
27760
22775
17391
12561
24698
11013
18814
6774
28248
31365
27121
7554
1089
30433
26842
14865
753
7411
12922
17138
27471
15897
5765
15768
3918
32140
8228
27154
18961
14317
12096
1854
850
2337
14078
10041
516
25695
17798
10265
21047
29319
14601
9439
16957
10934
17922
29351
15115
22807
12988
32290
30689
2044
27668
7494
24878
32557
22400
10564
3758
19839
1616
29883
13525
4265
11828
29227
368
28500
2815
7852
11146
31089
3498
1248
14988
25295
31900
27686
18601
19437
26920
2064
17529
3341
7768
15384
30180
14217
27881
18318
19010
16746
30870
28117
11200
3895
27290
28367
26630
20491
11632
25494
27159
24554
5597
21357
19320
9301
7472
5366
148
5916
4297
20389
9311
29556
23256
12660
10042
14665
18535
11480
25879
31446
28827
21236
26333
10354
8502
7693
21262
20141
29793
16447
20903
31387
29609
19054
26439
14448
27719
16255
2964
24653
22692
26567
32474
9562
796
30915
8950
6933
17922
25866
23411
9450
3301
26753
14578
1027
31506
9422
29647
30561
23386
25103
31233
8748
15638
18379
5186
11335
25192
8744
26225
20776
25539
1887
20276
20711
11437
29038
27361
30612
13763
8205
15775
11982
8190
22242
18632
19857
5430
19448
3986
6736
4580
23150
20207
13124
31788
19820
27825
20739
11291
22363
25074
5972
18733
2390
9395
26690
8466
24283
21699
28015
23473
12743
12259
19371
12398
10881
4391
13509
168
117
32671
19361
31622
7876
4151
3723
12020
313
7900
15307
10728
23936
8928
25722
5098
27794
8864
8596
24019
26740
2660
8014
28629
4641
27270
29353
30907
21445
24791
27975
17010
21291
12606
25469
12233
2169
20898
6315
18293
11547
27914
17864
28760
5885
8707
28225
17155
21501
67
30468
5241
6560
2443
13271
7733
23811
14802
24303
26479
10005
23199
11966
21404
30980
9655
32268
31284
21749
31480
14921
11191
16120
11653
3106
18418
19003
11299
28242
18815
1662
2275
9915
10891
25030
9218
21941
1755
21078
32269
4006
7953
23771
30024
13523
8492
19175
29265
31605
23119
9632
18433
24592
13763
18618
19091
28672
11582
8610
25096
8788
3686
28412
7113
13024
14737
5200
32655
13198
15823
22016
11136
18421
30250
4478
31643
16173
3116
17851
16469
32737
930
32739
18564
31397
13216
71
17021
5770
20677
11163
14457
19440
27840
7265
11326
24988
3859
26789
5627
11
19223
28651
19059
3845
30529
17766
3165
4469
27043
2666
19723
29559
23990
19748
24651
32435
26454
16265
10123
26858
5902
23180
30784
12494
13206
16788
16776
15639
11418
31277
13581
29139
10941
19453
30509
12285
24798
23803
6745
29522
666
24027
27067
608
1042
23244
18204
25824
1774
1126
8196
5189
6306
1246
15907
6805
9711
13693
30447
4984
18349
18512
32399
17295
19657
14880
25080
14854
9610
8356
27734
12397
5144
10486
31661
7363
17982
23108
2240
10708
15471
28872
26162
2502
8711
25850
31467
22254
31444
29444
31677
30440
18901
13942
26695
13286
5441
11835
20250
72
27595
15564
7451
6253
20261
30883
31785
30409
10179
24819
1279
20024
9697
19094
18523
32402
13255
6470
29536
14208
23884
6417
4920
15758
20633
3079
15359
1409
23599
16438
5852
6634
3628
16856
7025
32507
22729
32202
30838
2202
24616
26688
28576
22196
21837
31672
10440
27604
618
9260
16457
4596
27743
27276
5290
403
11649
29803
6013
32519
28058
11257
9606
25109
6962
9265
10784
15295
18957
3411
4573
3677
23285
19861
20589
19439
20666
4629
32193
3762
30326
27667
20079
16369
15125
20061
27481
8478
26133
32522
27786
27425
2443
20843
31584
30704
21863
15423
24560
10848
12280
8230
32166
2107
14259
21081
812
14994
4656
16279
20877
26708
11381
15203
24219
7968
20599
20332
5774
15960
13278
8013
237
6263
25609
13430
11442
16036
13138
18026
10153
10887
2963
21292
1305
14939
18921
7155
14246
13124
1975
23077
17014
15843
29934
16515
1427
4392
10124
7329
10640
16232
1123
11418
28272
22960
9500
32001
25027
23896
24443
25371
16402
8155
20965
26443
1405
11494
6431
13261
29091
19118
4952
23463
706
6279
21610
3549
11295
31667
12125
2277
19369
20087
31020
25178
8921
1396
26828
30453
22236
16181
14443
5816
15348
29189
27638
16748
28700
11267
24797
1870
2283
6520
2842
25094
22714
17767
880
6616
3849
18534
19184
2846
14367
22957
26562
24566
24561
30317
16162
4664
23621
4963
20649
18859
535
3244
14030
27256
19004
18395
4268
26590
10565
15433
14598
12072
7846
21932
28296
16092
16152
25835
20815
15926
15931
4913
22956
10452
15232
2881
11301
25267
22086
19721
28349
18522
19779
24441
886
3925
11558
21653
19475
2789
21114
21449
23330
10486
17102
7805
13882
15185
8467
17130
3458
24851
16709
28972
3186
9310
8014
9880
10206
8270
15655
9039
3376
17199
11328
24083
5877
237
17954
27226
27291
2507
22611
1185
9080
22872
18297
14595
12047
12704
28099
22538
16015
22175
14469
11717
29085
7675
18722
12059
7763
9970
7471
4446
23177
20112
469
36
10835
13350
22135
25938
30666
25081
25237
30585
14352
28215
17137
614
24974
10287
12784
7668
6016
9664
12098
18213
11956
17682
19141
3953
28558
30341
5799
22110
