6007
8740
29949
13830
20383
4197
31314
30976
17415
22635
6855
30021
24711
20540
18336
15646
31765
2441
18451
17908
5444
11304
31217
13925
14347
21701
1417
23192
28872
19412
2250
13005
28804
10441
32167
20536
18041
13708
24512
29711
21201
9767
21822
9442
22193
30914
24318
11819
17782
4562
21491
15910
15167
26765
11205
5602
15531
22433
23742
32664
9188
26149
20711
32573
24284
7376
13934
29011
25302
15209
12107
3076
31017
25214
9251
30321
18752
1369
15981
27208
17382
14384
19923
5012
21440
11932
7387
8922
30491
32332
30918
17761
9961
31227
28857
30673
12037
14495
4122
26368
23487
7396
6205
21256
8340
28888
32064
10397
7229
27112
10803
17565
7660
10507
20604
5609
4050
2877
18042
4468
27364
24111
14697
11417
6111
19773
13958
20914
24969
6816
20339
742
23610
30949
24028
8002
26268
6301
10843
32267
10159
15959
31385
21587
11792
29899
19127
6347
5242
12120
13804
23000
20365
28849
21103
14825
2254
18899
1175
1543
10992
17722
3392
6830
850
4692
22386
2779
7368
1334
18749
15718
14238
16014
7143
29842
730
4056
32586
29667
31426
28629
3191
14383
4254
4921
19359
30200
32703
32164
20788
20985
29632
7892
13899
2047
25612
20505
28741
29690
18592
17929
19374
12628
3091
19060
3685
17537
24275
21147
1277
728
20401
17820
32612
11425
19872
1841
194
28015
30393
6810
9892
14000
22659
29144
2906
10370
1394
15644
10141
31944
9133
20095
30582
10365
22804
26099
26203
10057
14466
31098
18074
9554
5199
19862
22523
31573
23066
29184
8608
12533
23493
30364
9009
31059
10688
27821
8502
24030
25227
2118
4292
2925
7030
30209
26204
30091
18092
14578
19472
17425
14959
9438
743
16123
15781
18601
29571
11380
15764
23822
12801
21811
4330
2963
31009
8970
27648
8635
24743
3516
27231
1149
21249
18960
20868
30709
1577
28451
28896
3930
31693
1538
17187
22832
19630
14200
13498
7102
17222
3109
13206
13763
2477
29392
27696
30565
28349
255
22474
1898
1653
8644
32759
10410
10651
9945
7005
29636
6309
28655
26554
22801
17882
7236
25893
32470
2741
31348
22167
20414
19594
10897
11177
19847
21611
9845
14239
31739
24141
9303
22950
30754
9063
1949
31322
4022
25563
21489
651
27863
13208
22167
12097
10752
3711
31230
26365
25146
30661
30613
29762
4495
10392
23519
18772
22978
4613
4298
12608
32573
13849
25149
4636
12875
7238
12528
9360
30855
25865
18304
17558
19093
16586
1475
16253
14863
19972
22105
17204
13250
8869
8835
21189
12827
1208
14392
25632
29660
5697
22134
2842
2835
30824
21463
21941
22605
10714
4964
15778
17927
9325
15277
21252
22629
32259
25626
1143
25895
4272
11388
10321
2008
28191
29415
11048
9800
8753
7108
1940
6461
2280
8226
27445
19814
15236
22093
11512
28816
22763
10402
30871
32540
11598
11937
21343
17841
32010
23620
24118
11054
30412
15247
30940
22243
4345
25705
10865
1792
22093
9898
29496
11085
26050
6773
27546
6172
10675
2760
21614
25981
2625
28241
31863
20144
7926
25220
7982
9696
9128
23786
8386
12302
13472
1724
19294
32075
5628
30384
29098
4394
2642
15635
6804
28533
31894
30232
6736
24863
318
22128
15517
1402
29347
26138
25675
938
11435
23933
17402
28762
11173
22708
5156
15277
4724
21801
27230
15223
23536
11621
5594
9646
15241
1830
9521
3867
28974
26546
31071
16981
5229
25196
2575
752
6875
5541
16154
4338
7606
27060
842
134
8905
17993
29795
14837
27792
12798
21604
13777
5533
4143
8202
18804
31546
28940
28310
6057
15184
10220
32464
31144
18823
7141
5452
29768
24495
1689
4076
3440
19807
5458
21158
5582
27355
8274
29063
15052
13115
27748
15352
29888
18890
10935
3393
9571
28333
10988
1611
31365
9925
29550
5290
26879
6870
13314
27354
21480
29160
18079
19913
13324
10989
12927
23446
21401
14757
25974
12185
29212
27327
6019
1955
25772
21313
3237
20103
1637
20265
10479
12249
3353
21332
2783
6389
5697
5792
8172
19267
58
22094
26462
25530
25518
14762
22370
31651
16720
6381
6238
18080
14284
11106
2690
20972
22013
24776
18848
18660
23905
27128
9021
25287
2251
13511
13032
23994
11096
24366
6346
11023
15268
26024
32383
12486
7998
4316
24100
17492
19033
26236
16305
17060
1988
8557
24713
26972
32028
29992
31056
21857
16192
8288
5629
19101
2821
4837
13360
10496
30251
10952
7109
12996
11408
19648
9641
2038
3492
23500
25836
31538
15901
21530
26136
9134
492
3368
30914
20601
29295
26409
14174
16645
25832
26538
16728
18148
5422
2421
23392
13519
26786
17333
27141
16108
23909
3164
31365
12369
31176
22978
19939
6596
20484
26510
6715
24004
27180
17114
30291
15822
12895
24978
9074
19673
11074
18717
10613
27427
3245
2112
31007
12079
6309
2111
2225
24590
15499
31045
7866
25823
21138
24069
16177
19858
6007
31394
28353
22769
10348
10956
16484
7136
7509
25389
24883
11747
4918
25091
5757
32482
15084
21262
25110
14889
16412
27308
16625
23219
7274
15427
14321
21672
10987
20447
8957
30756
4060
15132
31315
28986
18580
16711
542
2361
30647
16064
6218
3373
16813
25506
5271
32169
19794
422
28396
27588
15599
28997
8175
10082
13162
21021
28626
8885
14777
10902
10095
12035
6300
10949
22424
30377
31372
5777
10920
22624
27118
6932
29790
1983
32653
4932
29676
5889
21831
32722
31818
19977
4359
13906
30416
29347
7155
2973
29700
26125
23014
32115
16049
15286
29984
8037
9529
11589
4668
20210
27947
4061
99
29425
9496
11935
14784
18991
18595
11889
18483
3416
27352
24318
25162
26651
23231
7422
21613
3465
30256
10680
2648
27582
7912
7109
19663
17092
1501
19734
1932
8884
16591
27193
11133
5406
24096
1751
300
30123
27365
23426
32639
15873
7997
4269
31393
18663
9442
15100
16192
20650
11261
27839
28153
11455
16959
185
11024
4777
8237
549
30309
24094
24763
22011
16291
9317
22301
2415
2747
5890
30426
27066
14481
31125
546
18718
18420
12032
29281
5412
8916
8648
20244
8745
19375
3006
26332
20504
32589
24798
7888
27769
7853
24951
19480
30123
30015
6028
19384
9069
12116
17274
19625
22692
5330
31708
46
25176
23596
1196
9317
10239
10641
8619
7452
12542
3684
26626
3815
9069
7405
21289
12399
8218
25678
8456
17933
8145
26808
14684
31640
13787
27614
9309
4219
23493
6570
21662
2570
10851
27951
18484
24598
9235
25056
17690
22462
29766
17663
13524
137
18493
15192
25427
1970
9489
20270
9497
21955
24310
6774
10397
10853
5568
24899
30449
10871
23207
12418
26530
5213
25415
21735
3040
3739
28139
15911
21726
17570
15114
8808
31100
17897
16402
30197
24356
23360
30565
2871
2545
18018
29089
28385
22551
8137
3109
21610
3199
18118
28881
9920
27825
6096
17164
4411
30199
23837
7692
5327
28095
11631
18514
32135
20802
11569
16499
19502
26723
26050
1822
26703
32730
10001
19035
11873
3729
10090
22033
11835
19022
21903
28107
11726
28563
4363
29627
17426
16579
15555
256
8257
133
24526
21284
20804
27501
18566
13033
8554
29914
26079
14405
23136
19226
19192
4011
1374
26325
4336
9356
31646
10664
2811
21790
23314
20496
181
4956
13142
14986
25270
5966
32484
20984
11622
1674
15495
2887
28178
13563
15634
20047
7744
25313
31057
17402
18752
7193
1088
20393
12292
7327
28027
14291
24370
24145
10230
16879
27510
13301
18670
17813
18461
5502
13087
31456
27616
395
568
2070
14333
6193
19084
4747
21901
21242
266
22210
32017
32301
8047
3030
23630
22352
22714
5656
3675
29932
29152
19706
23032
23440
4802
22572
10785
25624
9052
26628
29923
22319
2367
19747
1135
25107
22849
13142
22125
18585
20851
954
1426
30832
12115
12836
29045
25001
13891
31167
6302
14455
31290
19703
22752
1076
17082
31894
2538
8101
6658
23085
9752
3711
23684
22966
30095
19498
23705
30327
28552
30660
28276
24362
17900
361
28756
11610
20258
15538
8958
11280
16932
31867
26219
29103
30937
7146
11966
20765
11423
6317
17785
26147
24870
8834
10991
16663
29061
17405
11261
30136
29575
2182
32757
4441
25926
17313
731
15426
22780
23922
24532
2643
4885
18560
16347
16106
20105
1209
20662
2055
7016
21430
14376
29870
2999
577
18281
10893
8826
27412
723
7903
14610
5860
20958
22160
20169
7582
27470
29090
30380
11505
20907
1487
22425
22540
29682
3184
29336
5289
18058
26525
9070
2378
26745
17046
3952
4290
10456
20833
30358
5880
132
13237
6864
13032
21527
32535
12701
8682
4631
13379
5081
2103
365
9165
8150
6825
21528
1544
431
5570
21026
18983
21977
9712
12499
24738
23035
9487
27174
1244
8192
20784
10361
18946
30570
24729
6792
28470
233
5901
17308
16109
8236
16461
7168
32149
16375
13278
5557
11132
7286
17933
22886
7661
2001
18993
20382
13212
23808
2608
19001
10307
5345
22340
25113
19342
12679
6143
23834
7989
29653
30605
12359
8295
3916
6714
29262
16495
20514
31539
21041
20626
26516
22417
26175
25910
21117
19091
26435
29770
3622
32555
11259
13025
3936
6845
30923
30240
12240
17699
30643
7003
1419
29172
27775
15227
22755
20230
31037
11683
11392
31793
1780
7443
2994
28758
9875
13900
4869
12192
32296
12148
26390
14090
5714
12285
3494
16674
7161
23426
23789
18444
27196
1009
30000
26825
28843
18159
30870
3002
18871
6776
30008
30303
5478
3270
13687
10853
27724
15221
27282
13792
32438
17892
25976
22741
13352
16094
20954
9211
24330
24954
10117
29890
22686
3391
17903
29333
6453
19852
28175
29020
8355
28727
3698
23878
17136
28533
5516
5061
11600
13050
15948
19930
14165
27745
2803
32658
21604
4813
25125
20689
14694
16849
576
4942
2751
32653
16110
23007
9860
11802
15606
5367
24296
11305
8280
22636
14584
26854
24728
11902
905
28451
14170
7190
23150
11186
23855
14923
27118
29458
2223
2346
1653
2639
25544
24503
27785
14115
27477
7471
15616
7009
27890
32656
2416
24467
5903
17243
1256
28898
20292
28825
11485
22071
17124
31004
32359
24736
26069
3079
2990
15093
21407
17041
1438
7355
18114
2565
3555
9288
6733
28429
25873
7208
2476
11825
18722
12224
8898
11675
6182
21297
7736
17437
2870
25216
4628
29045
7594
15347
12941
27599
29836
22974
5405
9867
23116
11998
10713
13889
8884
19270
24318
13826
2847
2873
8908
4577
27366
22007
14231
23218
18460
12187
3611
1810
9339
8772
6672
17832
5789
17011
21758
17578
880
21172
25427
4770
3044
19073
4019
31858
742
17507
4239
3221
32658
5978
19449
4009
24484
8063
3510
16938
20016
31208
25493
2945
8852
14284
5120
27197
11178
19687
25297
30112
15170
15648
6247
6237
1487
19818
32504
26784
10848
15336
18984
16719
30418
17236
7387
143
15428
28065
8520
3979
18380
31199
26448
6001
21352
22880
32013
1980
824
2073
30125
20921
17130
17482
21121
32068
6005
26978
593
31443
14602
29213
27379
22199
2375
26095
12571
12702
14767
13733
12917
8795
13911
19274
26097
25834
10465
20807
5727
31406
10158
29903
11067
8190
25936
10106
29642
15072
29758
9264
10342
10004
29388
15177
5653
853
13146
10738
10337
25563
13515
211
17764
3620
32569
24047
12323
8692
14566
32203
25885
21403
1910
26578
9507
7030
4444
14840
8809
32440
13203
22430
990
21866
16270
32693
12985
12721
21873
3623
9812
19536
11905
27762
8766
6765
27609
30102
6796
28824
15712
20786
12911
22281
29943
2538
2316
29481
23031
25355
18567
10837
20698
12658
11105
25054
11064
15274
27653
84
13302
25940
21149
5124
19386
10700
21802
17087
10657
10761
32212
26333
5173
20933
2942
32130
9881
22494
158
18976
30215
7677
5196
21309
11133
13173
14745
7287
26034
32622
12577
16837
30543
22082
22756
22527
21852
32295
11857
13985
18936
26383
13988
3788
16206
6604
16754
29581
14020
8824
14722
14178
16501
31252
30687
17146
1762
13167
19755
18749
17124
28489
13622
31884
11238
23481
26832
10570
14416
17100
16859
22939
16966
27759
9636
26219
25747
22415
26995
6579
9184
3710
25952
17911
14378
6809
10601
30484
2675
23336
2242
8248
15031
17285
28524
27442
16929
17537
13833
3308
1407
25859
26607
17205
27636
19954
12155
24516
19948
19797
23719
1146
20565
5305
14815
29928
13
14035
8977
8465
16790
10343
4868
19825
26897
18537
6890
31806
3690
13153
30776
31725
29136
26132
15541
16120
1128
29536
15569
24799
26946
20840
14393
31853
652
497
28840
14140
24325
6668
8960
9851
7093
27894
5785
28911
3548
24124
14041
21048
18728
7970
27397
25430
22058
23366
8278
19563
11531
6273
14928
17346
18555
19982
23887
32273
25835
30446
18275
29691
16380
9098
11101
8409
27703
20123
16938
7866
3326
31047
1632
17320
3778
21132
19991
9262
12151
28130
14074
7959
27461
19740
6302
22135
8577
16784
28946
14832
1499
26743
32695
1582
12761
18071
593
23988
27268
18207
18527
24283
28257
8658
4264
23319
24482
27751
25879
4989
7838
23344
26824
7810
10367
29947
19555
23302
20026
15926
23721
5265
22469
8022
24396
15580
26500
2681
12804
24211
12804
9289
24543
11609
24043
29732
8409
22285
8239
24443
30636
31307
26759
29816
25065
26166
12831
18404
20040
1909
19600
27207
19772
9852
12559
14417
12235
23309
14308
2680
2205
22782
16927
2019
17235
31292
11142
8327
17946
10768
6353
29328
20863
5537
30234
7938
4741
17851
14735
20896
6900
1486
15978
13
13301
15418
19491
9265
16092
6089
7651
30174
6213
13949
32317
26547
12642
10637
19225
27457
21395
31402
30192
16493
16951
5766
21567
21525
11971
16535
21557
29175
13073
29721
27055
19918
17914
22098
18279
10173
24102
7705
14440
4081
14115
5273
11718
3459
27829
4947
21643
11419
24685
9058
18420
14299
7549
8707
13278
8443
11979
3668
31611
23728
6980
25692
14409
13779
31859
10572
9541
23487
25426
3332
19036
12283
32608
17625
31778
5913
15347
918
966
20701
18384
12992
838
7074
15097
20767
27103
9978
20166
6777
3272
6549
23607
23713
14367
11876
5257
7601
19492
11517
10247
30611
15013
16706
20259
19654
30905
30269
27077
14942
14513
22607
10467
27469
76
650
30290
12514
28458
7003
3804
1167
18819
1132
658
22255
6937
16840
3939
20487
1643
23617
2542
25805
5164
17167
18581
26086
5875
28857
17619
27572
30516
22329
26319
17296
31599
22363
12081
16980
24743
18278
13108
8221
22294
19710
7932
16719
14111
3657
12843
4313
644
32337
27311
20410
1497
18601
20957
32196
11833
8276
8132
16287
26423
30178
10427
26130
5399
22748
18749
31358
32575
2146
17399
29867
16104
30483
17950
32199
1561
17965
1542
25772
21206
31733
12273
10082
25237
31066
5413
13797
31217
29397
20801
21032
21666
28819
22992
12633
20909
6614
11295
16999
12248
20377
3404
15810
28257
23155
4256
25186
9711
12221
22558
1034
28105
4599
17244
20174
8518
4200
146
25555
6533
10757
13297
13142
12125
6036
10550
14319
6551
273
17278
30487
31579
8785
8028
27369
14057
8933
6953
14629
22666
9537
14747
23418
11717
20766
4761
7429
23765
23836
17998
4373
4187
23468
9853
26417
2897
20269
2580
16476
14655
18773
32515
27031
3761
6611
20046
8104
19944
20530
1633
16410
976
5377
32677
2949
20786
7729
3920
23823
21547
17086
23681
31539
17885
29074
2956
26049
8292
4006
13202
17702
24843
362
21078
24302
15040
25447
12875
13191
19654
13858
30450
10568
12714
324
17250
26801
31352
12793
12072
19957
27182
14486
32082
5045
1393
10622
18887
6927
19071
25926
8410
29911
9573
3095
13598
4132
29810
16468
10107
12815
12523
31869
5505
6839
4096
84
25085
31625
12287
6462
27594
8894
9672
18923
9962
36
32385
5433
19413
26402
2443
28758
4369
12790
32436
8229
8963
10818
21678
1508
19973
23239
23488
7947
3769
11888
28859
15479
31900
146
23600
13511
17118
626
12768
5639
7025
6664
17524
6796
96
7682
366
25886
1890
4876
18784
18525
7087
20047
6235
7517
2578
8503
4779
28052
4927
29306
18881
29686
30824
26710
19825
14686
13835
2074
23902
20528
24846
28391
20146
29500
23053
1976
31250
3046
19187
25248
17873
25476
8903
4435
8291
1032
969
11496
32533
3039
22462
26845
13564
31001
32392
22364
13867
12233
19193
17084
6953
16303
16873
16459
30883
11540
20358
24651
24413
16630
26348
7994
6254
9317
16374
31831
29101
19245
10067
22881
11879
29109
5340
1954
28755
12839
31780
9772
11463
29905
2897
13667
555
16332
19499
955
431
10715
23411
22467
16697
29845
10870
31587
18849
4551
32482
3169
13601
6164
9431
13866
4615
27358
1857
14544
23981
6506
8806
24911
11179
14654
1211
22292
19787
16334
20988
25280
3390
8024
31867
4649
21389
11021
10425
23969
17874
1649
28467
12924
14247
9220
28798
1740
32607
5922
28566
23151
756
15656
26228
18764
4417
472
18654
4825
23409
17151
27011
15073
8888
5972
13639
10116
28225
31908
14556
24703
23911
12588
9362
21421
27175
15431
17008
17102
12245
27209
4739
16008
2575
16298
374
21163
8176
10087
28003
18361
12165
24741
27881
7590
11653
28567
3199
9180
3388
5539
30215
21122
17609
5312
13991
18686
24969
16931
5844
5560
16595
11290
14511
11041
16614
22328
28821
9717
32287
22194
3057
18621
28784
17417
31317
20631
32013
23017
3274
1849
20584
13906
16228
13876
5216
2037
16665
24438
22197
10977
11730
24339
13248
30814
11971
23109
6497
19993
29944
8113
13880
4226
16945
23787
26904
11379
29680
19773
17592
23570
17616
17828
31660
13048
14360
16924
18580
13715
25488
22557
9876
32712
2964
12902
28164
16093
17766
31225
10600
663
5065
20583
13986
10655
12747
16205
2150
27946
32738
16671
7151
20441
18234
18212
30448
29662
18254
24770
16846
7265
16822
26620
21004
24098
30783
22329
14599
17247
20801
11335
10979
26360
5677
31903
20933
19153
102
7915
24898
28024
2130
3525
32280
25352
10928
26562
19996
30029
6188
12463
17524
3880
816
14362
32262
30517
32766
18709
16944
7596
11004
1846
31674
389
2382
7394
15881
28896
22442
7883
10901
10403
15208
18616
19101
5989
2521
30597
12569
18315
6618
1130
30960
13488
21417
25984
29547
4171
29431
14208
6889
14731
12094
5326
7637
27782
15956
23991
5590
27795
25921
22007
16197
11764
2894
15231
17636
17081
862
14965
29645
3808
32641
25211
27560
1985
25287
308
7969
682
25938
1540
14490
22214
16047
21272
14108
22083
19047
8103
22420
25267
23248
20343
7740
8371
11817
25506
5207
3787
14822
26778
3617
918
16457
1387
3334
22307
25650
4160
4626
15258
12088
19497
29865
2339
15864
13339
4472
259
1709
30521
26027
19464
28162
2641
27232
14376
7716
29354
17500
31077
21530
11773
7165
29172
5977
23489
12656
17821
3987
2987
292
15461
27857
21878
3199
14443
5569
7648
6863
17168
4177
11509
1667
30042
22652
31119
27291
16283
6500
19998
17501
21581
31906
10917
23882
14913
986
2053
4432
18937
8338
24702
17729
6738
32324
8563
8580
8293
12977
27245
25867
1712
18553
15715
25732
32625
22505
1081
2516
5715
8724
3974
26561
17740
25125
29338
13806
20678
18675
24768
18701
12029
22230
28608
23376
32424
1978
25512
14624
20699
1393
26572
9746
18988
21582
22796
3607
24341
11759
1365
22259
12185
32346
1131
26096
17962
14156
3557
11731
15819
28109
28793
22799
4978
30216
3705
25657
9904
29018
926
15548
11667
681
22533
14286
8140
7415
25719
30114
23821
8246
19437
1247
4789
14430
11859
23122
9391
12990
30861
28895
7575
15759
30136
9662
27167
17871
1458
9444
25522
26445
7388
31166
28247
8960
28958
6181
11735
20380
30764
29071
5666
30823
6920
27266
23279
7753
17097
17487
675
3875
8858
20220
8308
18274
25349
30594
31182
4564
4722
1593
6901
22970
32490
8592
7917
25374
23841
26881
11927
23911
24756
15428
31516
1066
10671
707
14222
16963
11090
1871
21965
2853
28693
15377
2728
24174
24297
31427
23877
10687
26049
5408
17859
31946
11601
18840
7965
17324
14869
28745
28754
31614
7830
29739
20675
5414
8937
27786
27612
31347
1400
27322
26614
26986
14597
20486
13436
6618
17387
16361
845
24887
9383
641
29026
18596
24472
27456
8881
18770
6659
6117
21841
8969
26202
7082
12254
260
9662
27327
20255
24834
8898
6648
22246
28826
18802
18115
2616
21711
8340
15196
11950
4068
26669
9028
16155
31090
327
25583
12655
31927
754
28092
21468
4401
8329
6443
1335
8555
17718
25675
19616
21528
2232
9329
5221
27486
24932
47
3108
11892
14186
17796
30256
4463
15706
28753
25654
3929
12775
29964
10017
27268
28394
9144
30266
18205
27050
14101
4500
21508
2138
25620
25511
30171
28899
32141
26171
10334
13540
52
20104
2546
32503
6858
17563
17792
9527
1680
10747
20099
17663
17409
13197
9056
19444
4032
23221
2551
4677
9168
27070
31351
27185
6403
10108
11382
18634
31925
26159
31297
27641
28345
31147
3696
8643
23444
22710
4030
5322
9961
28082
16152
16919
23093
23164
15348
31766
11197
13203
25316
7906
29124
30333
31339
22979
22016
16230
8719
12790
23887
523
14255
8876
6055
18902
10007
32340
3147
17738
22482
29981
13893
8354
11583
25783
9488
29621
19688
21850
5525
18205
7950
18442
5977
29848
15753
14873
4596
26286
17615
493
16069
31637
15186
26884
27364
3921
783
10036
5464
28959
2403
9016
15754
18452
10529
7272
30202
11010
29411
8648
3889
28571
20381
31300
28407
29913
12664
25146
26565
27805
18141
16953
9341
26774
25551
17161
31833
11876
5503
25323
17185
5885
5146
28705
27042
32080
1766
3249
603
41
20109
8039
32377
6997
18873
22041
14086
23558
18400
7470
5725
13433
7778
12385
30177
13013
5073
10435
1006
8023
5519
11263
17936
17836
27551
8418
2931
28062
24245
3355
25499
18163
1167
63
27989
19602
9864
12304
4590
25320
30315
10750
162
13706
1413
15854
32343
6172
12798
1595
23948
28273
32361
12538
12940
24563
1945
28291
6119
23110
3254
10541
5922
10024
15761
27224
2478
6556
17205
4273
1559
5703
14015
15281
11646
31514
31343
4199
27977
10801
10494
15224
2329
15355
3890
21604
252
7324
25521
1546
10213
6287
12563
8303
32345
7312
9786
30651
9578
11449
16614
13444
32233
22251
1668
31055
18392
9327
16199
340
22046
20189
26490
7298
10878
15421
19221
11459
3530
1645
32654
2177
30804
4547
12273
26217
24230
30450
28467
13935
13939
17458
1220
3090
18381
22939
26467
32225
7831
25810
23094
7742
12350
16360
24602
29026
2468
14207
31032
1185
6493
31791
24281
2799
27166
17192
12667
8868
24946
23064
19747
10364
22191
12879
14326
15330
5673
10017
24323
22638
9381
907
5476
10412
22289
2842
2437
30239
4722
2569
9411
23173
18461
12457
2361
5725
554
15878
8662
12455
5158
15816
30899
17387
17416
23895
18340
7292
32614
7235
30478
3070
28905
23522
32504
5670
2559
4667
24164
23233
21711
9250
7391
24824
8818
10917
2647
10194
26976
10151
12589
8186
26664
28107
11915
29379
24677
16276
25848
14953
32237
27082
15657
3994
15947
23839
26906
4148
27760
2834
23902
17233
1189
2580
29876
32385
5316
17641
29146
12374
27816
14674
21414
13350
13026
2537
12114
4876
12717
26444
1304
22064
28709
5245
17150
20040
27571
2697
27124
29791
1484
32616
2332
18389
31195
21541
873
19880
28539
11839
21355
5361
31978
16462
16745
25778
11706
1513
16305
30414
25034
30408
24876
25689
6261
29990
7733
10002
31753
31593
23467
21550
16763
19717
26693
29784
12377
11934
25638
7413
26367
26989
18098
11948
12046
7652
30367
23846
30234
10645
10319
25618
16035
9296
30301
3437
7495
14475
26742
27904
5685
23303
23658
29994
28389
9649
1410
18655
18439
22983
30229
28401
5049
19771
26454
19086
15356
18268
13168
32011
3433
4275
13781
5343
14880
14891
1490
11763
2306
24438
16232
26393
1312
26795
20055
20697
16754
3892
28539
14708
1229
10727
23643
31267
29199
1139
21760
10656
157
17918
31747
22503
22799
11020
14570
14142
27177
5795
5301
22131
18957
16045
17587
20581
14256
30621
22426
5317
20619
25429
14551
11806
20115
1863
32291
10515
25194
3547
13143
233
32215
14097
6273
13637
8820
15464
1591
27958
2214
11262
27691
19317
13010
32504
7680
22508
16590
28452
25180
8822
6038
20445
30783
742
12609
28208
1683
6730
10547
15421
10756
31089
22675
19423
5393
4266
5888
23695
30307
19663
29567
133
6494
1410
31160
7457
29943
8375
22371
19082
7365
3955
30205
22165
18522
2002
23743
28392
25811
8271
28368
13919
25774
12352
22970
18862
16860
6560
18459
30536
26135
24593
11421
11904
28022
12577
14631
27118
30527
16845
22101
6421
30972
9540
12070
19778
18385
237
9461
11703
19468
16810
16299
30473
4862
13919
28210
2503
13066
13230
11053
19548
13819
9477
23014
25655
32154
11995
28551
2601
22145
17974
15502
32270
11562
24945
27259
23983
6475
9788
459
25319
13158
14564
3114
19717
26779
4309
9957
31090
16578
30301
6558
28564
19126
3506
17731
25585
8947
4919
32577
30360
18532
11515
11508
12477
13174
30082
13154
1443
25457
9161
3882
23231
22024
29828
10423
23322
7471
14506
14521
6647
1836
11571
20694
18614
3313
33
23708
1016
31401
9917
11963
31748
1681
26915
28273
31849
18953
18176
31045
5861
20715
6555
3320
30086
13083
5906
19897
6159
27743
6886
31896
157
26225
22458
29245
5002
26963
22104
12762
11922
26083
26101
10334
15156
20143
25014
27628
16475
29450
28531
3979
14142
4192
7098
24351
10117
3526
30487
6040
20141
5589
6290
28521
22189
697
10618
827
24538
20613
24161
31459
25096
2505
360
31378
10482
25191
29117
13388
28636
29858
15457
11676
24694
21624
12847
3461
30980
27954
7962
1723
7612
23865
1718
12820
22895
17451
2554
27961
4460
14126
23108
4513
12450
20357
23965
6080
3588
1889
26686
31355
4658
22777
12116
28384
24661
21468
22785
17428
1610
7302
19875
32652
30724
2610
11864
2432
23083
22256
5314
32157
24585
5623
7
29691
16551
25660
4892
22094
1843
1860
2116
5472
17061
28214
32211
21183
22691
18740
56
21170
32673
10987
30010
19058
9292
26729
19586
24215
15913
11055
6490
26065
22393
27016
31156
17368
19553
14617
28270
28838
1351
12216
2260
32739
12415
18050
4455
15521
16167
29479
3037
11593
10575
27529
15464
5077
15710
18310
4667
15936
32432
29969
6987
15163
22404
12936
25938
18210
8726
833
28698
1326
19720
21095
5368
22764
7942
14340
1942
29678
23978
5214
21494
27584
23453
30087
32180
27677
12800
31536
9356
22883
10506
11454
21019
30533
5106
30112
21738
26560
9231
15327
19624
5712
30526
17654
19383
25443
25988
23781
12779
9230
20980
29569
9358
18943
723
9230
18343
18355
17659
23311
7291
1257
24189
3677
10581
30550
5258
15223
20099
13210
18580
8217
27809
2675
28848
24848
16410
1584
28479
4940
5611
23657
3533
23351
15786
10222
7993
5701
23751
32509
3350
17100
1811
14776
21586
6679
16510
31957
13589
4278
19493
23704
6636
12567
27788
11262
31271
1115
31015
19516
15232
32098
27936
4199
22269
6696
21332
2421
17687
12117
13215
20068
29979
4623
25945
5305
21457
5139
27424
11564
9564
1540
15320
14498
13921
13314
7409
10587
10347
4223
29160
25709
23950
334
9489
6001
18251
765
3475
5756
7348
5733
30388
22097
15312
11391
11351
22228
14913
1146
12482
4546
26916
12298
32677
16800
20537
12802
600
5361
25668
27429
6501
8620
31923
18745
24390
11501
19584
27742
2160
6891
25177
13982
1168
6954
29695
31173
17684
25842
30956
14195
19693
6143
22584
10095
28051
5498
11709
30782
21834
25896
27258
32245
21157
31458
21557
17227
29000
28741
10340
12530
21489
1706
26190
16168
28602
1368
1134
25993
3224
18425
5400
15655
12072
4427
7775
2268
20395
30232
10549
6111
590
29800
19412
13974
29872
2805
13149
8619
25758
25823
28863
12130
29729
28065
3291
9002
32442
24900
10214
24434
21484
11475
10254
27069
31483
13070
15200
29945
25588
18786
12521
26124
10733
281
27931
1713
19086
4303
32115
23170
30416
29221
3929
19029
24837
1977
20040
6604
11289
24405
27950
23336
24599
25702
24342
21854
2030
5808
772
4205
23670
6465
18208
31726
8366
11683
1815
25581
4936
28502
10687
10231
6503
25469
16890
26740
1703
12504
14044
7736
9822
5106
14096
20564
27169
25500
31607
23602
24970
14745
7443
993
24377
5019
548
13997
28441
111
9872
18419
484
11636
17288
2099
29162
26705
6761
29799
17678
26855
26336
28563
20497
30597
15442
15006
7955
17243
21115
7776
18262
32050
1365
31740
1606
2650
3131
14192
20918
25571
11342
12394
15725
30224
27160
15710
23009
5128
32367
23765
28738
21455
4764
4360
16314
26229
1981
6573
8180
16525
19816
17
11483
9953
2961
10599
24484
29540
9134
25439
14606
9832
19736
7931
24808
6161
20661
19871
24276
24074
10196
5223
20556
14710
600
18876
16354
8490
30745
28970
460
15385
27015
10604
14751
24591
21393
16585
27995
26787
6853
25508
18856
31335
4536
6478
31583
1633
16040
798
16972
8639
9312
4548
8499
1478
4700
9434
20240
19468
16430
18620
19875
15079
14368
1690
18732
13861
21787
31435
9588
10237
22471
9572
23564
30278
22260
10506
4057
22503
3897
27652
31185
7823
21978
20372
4863
18598
13039
29064
8141
28547
26307
11276
130
26079
24187
18370
27402
6793
23544
5141
29174
4956
21758
22986
31939
5231
19861
23511
5471
18315
12719
23161
12009
30690
29196
19585
18872
13821
26715
17134
6304
30711
18082
10945
2928
2537
5599
24845
25279
25253
2032
19790
12521
12455
8368
30203
27732
13128
31331
17247
30456
13365
10580
25764
16158
13600
700
2865
23911
9653
19174
28726
21521
13776
3729
22660
21366
6125
11158
2723
10197
18400
19658
27422
13397
10694
23846
13090
8007
5435
13861
30023
5036
8397
3438
25774
15351
16817
26035
4684
23060
5045
1753
5253
8360
23926
16729
19709
12699
9427
230
16555
26068
26529
29264
13871
16963
19616
16552
3685
15909
24750
11685
2874
16003
13371
2374
30910
27388
27901
19641
27771
16325
8165
23676
3846
238
1873
13762
9171
29415
27011
2840
17229
31810
17234
5192
31526
5306
2847
5501
18668
9589
8203
25001
8926
16006
14695
23588
765
17846
27245
15766
10342
644
3629
8214
734
11114
12233
5779
31919
22626
17125
21363
5811
32425
16474
8827
2734
22979
31530
14831
26592
26047
16825
9978
24027
20156
7994
22863
10643
31148
20839
4625
22708
2648
18037
14833
22328
2725
14151
25238
31544
5909
12770
30529
770
13456
10273
24753
14701
13157
22185
8260
13417
17292
6176
9824
25050
7726
30874
26641
22183
26726
7508
30707
5133
13130
21669
9811
14138
15653
25137
27793
18199
22535
23392
10184
5221
6528
10255
26289
24587
14248
31621
20165
15278
14178
22952
23714
22659
20450
31856
944
14433
10093
11677
28932
29979
19808
26789
30085
4620
5492
22769
23373
3059
14400
2120
10834
6914
23808
20876
8261
23345
28820
27556
24506
20184
28108
8377
6794
28541
31458
1445
15221
16618
72
17832
21260
6787
7332
22109
19407
6871
6682
10221
10642
31093
18633
9603
22565
11009
25240
6656
19763
2951
23602
19695
363
782
18255
27579
1246
22641
10806
4895
12968
9834
28799
3295
18387
9968
22814
5558
24952
18627
1437
16271
9767
17221
3753
17400
7817
7307
16848
23251
324
21940
27785
26958
30239
12665
22645
7446
5223
18694
23780
18376
8337
25352
10651
3753
19744
16648
11989
17046
714
22263
18055
29758
29654
8458
744
6286
32456
3016
17969
20845
9280
8801
1953
11946
5152
30529
27077
31538
5613
31461
1526
27271
20600
13549
4387
14957
13501
4979
15825
7399
4107
17564
32607
32353
2405
20076
4751
31791
3625
22751
28482
7990
29167
24117
1923
12009
17844
13709
30663
12408
10808
11189
3187
26179
8612
7745
16543
25493
9328
19674
6682
2191
32132
21721
1710
31330
12701
2837
7845
27586
30195
10232
28811
18839
31257
31193
14902
8181
2340
4485
13060
19278
17935
7455
19300
18918
1886
25899
1432
16776
5634
8165
19385
3448
21373
3799
26363
26792
2886
6826
31794
2094
29551
24893
12693
14838
8325
27124
25026
23476
28856
29779
3
15901
12859
5323
4560
18519
2286
5075
24981
28590
22331
17211
20149
22408
11837
15805
24270
11675
2344
17622
29759
5725
22501
12500
19943
15804
7420
10031
13360
24592
8887
2844
30540
24398
2949
23648
8895
14462
16796
30818
2590
28015
2530
29061
4886
13993
15886
28852
24751
4515
29194
21823
17362
32566
2204
1765
5386
1618
31558
11826
23431
20208
22891
18187
25960
26951
17074
16775
13626
5443
24752
9472
26811
7731
9153
26986
31972
7874
18230
31460
4903
16680
24758
7053
7158
20385
32478
6041
2692
10526
6955
32676
30159
28219
25370
23877
19166
31346
7309
5607
29767
32142
10609
28628
6901
18786
28318
28051
25640
10170
8702
29556
20669
19602
17394
27497
8624
14470
18417
23319
26079
8074
12403
8237
5393
10203
8717
18165
23606
5430
12765
12073
32497
13383
29480
29447
29267
6756
2114
17575
5354
3451
15022
13709
10234
10313
24199
7291
28170
3789
1310
3464
4770
18173
17125
6262
16212
2487
3212
16705
505
8186
28521
26356
26685
8278
10525
3264
29790
8353
25205
14671
20272
12268
4494
24662
23397
11445
18237
2666
3595
19295
27565
12052
12374
24799
11850
29991
28320
17847
11486
19793
22702
25896
5626
6897
14133
19619
19096
24360
23196
20354
17150
6707
18180
4853
15078
22264
24966
5695
26843
5342
699
2850
17638
994
4738
4759
8810
18152
4349
12739
8525
12366
12509
4903
14936
11463
26336
26647
27361
20583
4759
32365
17319
14842
9325
24190
24317
16538
25829
1357
555
8065
16675
3839
28177
5147
16558
25999
8973
8799
2164
18371
7199
29536
3855
15455
17739
543
26182
17816
12607
2724
15831
26827
21046
28493
884
24175
14876
2149
17419
32329
9715
4600
12874
15326
22645
11238
30307
18222
2043
8247
11020
9631
25501
25518
11210
22328
29595
1185
6256
23567
22780
31752
12770
11781
12404
5331
29727
688
7307
23937
4479
27033
15100
22510
13113
6824
2395
23404
8999
2268
31995
23830
17102
3391
21007
4705
29593
15898
22031
8692
21605
18021
12638
22202
30786
20865
29737
2357
31352
24362
27282
13077
5065
5031
31758
24841
5366
22595
6667
30421
27269
24577
471
31141
3520
25740
21949
21664
1793
12141
20849
19393
25901
17280
7598
4322
20095
15017
1821
12058
3719
11203
7289
16457
17778
11481
30705
8433
7307
17817
14285
5704
9218
26117
27221
6795
15852
13676
28910
17300
14988
19865
7815
30639
2513
13898
5427
25770
9759
13540
10007
27947
7251
17508
16007
70
21761
18841
4460
3919
767
22417
9193
5613
23336
6225
24126
26736
31066
11720
14828
15461
5825
7942
18970
8039
30040
9642
9015
20536
9388
28569
26081
11792
996
10486
28933
12852
9470
25166
32584
10187
30043
10002
13222
5613
20350
22603
22873
4094
23057
8073
23293
24634
22568
3612
13553
16528
20170
15495
26368
5556
9134
32306
10561
24688
6466
32095
26683
22843
19441
21343
19533
27148
5286
28934
20558
31344
29836
27484
11120
16859
28185
149
4714
5179
28490
26948
5078
23763
12592
18891
5079
15175
12459
22550
11008
30451
9334
2441
27761
15489
5219
23862
22339
22971
30184
5716
30503
27549
29147
31468
30793
12975
14202
27350
12923
402
174
25316
28559
31192
11153
16477
28932
2841
3373
22701
30950
26690
24967
14682
23023
26417
31964
9274
21234
32383
8746
7140
14714
21917
8946
5220
14254
6947
11324
7219
8567
5476
25821
4454
9445
8518
16629
14117
22991
4945
11963
16223
29882
12037
125
7356
8444
10353
14306
12499
17954
25601
5747
10910
15502
26776
5977
10538
13669
14302
13928
30355
22952
220
10333
28464
25760
24774
26724
26891
15744
9751
16094
12180
21574
18915
9568
26518
17890
4969
11263
28521
2970
6633
17355
3946
14765
6325
4761
3752
4406
18825
13318
32736
26964
14623
3000
23212
13192
18943
3303
13559
8030
22933
6940
12468
8528
15237
26681
29135
24807
32579
29626
12388
21027
13278
3898
15152
32285
7708
3129
32325
16107
5324
30492
25089
29380
30552
885
5696
27236
29338
3461
7633
5810
2032
21760
11815
14753
2707
21775
14161
7764
1828
23963
10285
7301
18824
20937
17112
27431
29942
12225
5480
1610
25166
17844
27358
11328
14509
14365
18518
13822
29758
15687
19073
20164
20307
12815
30549
20225
16820
27627
22531
15985
2614
27691
28458
16776
30352
22655
24394
30227
23915
23738
21883
797
32440
22997
3167
24591
15942
1591
31573
5916
27796
25395
1519
1756
4580
11219
16295
26423
28560
8404
6093
5509
11169
22001
452
27635
23198
25701
28014
10281
23458
9899
9189
9514
15025
24968
23660
27771
3404
32331
7589
25223
32067
14932
16132
4674
30155
28627
7811
23565
9936
23506
24215
3034
21133
1398
16483
6800
6489
10881
28204
7857
14276
21788
18958
12346
27362
32468
5357
17354
28391
25826
430
16647
19444
29103
2214
22589
25905
24471
3922
23369
32284
30957
14409
7606
10785
6464
28528
8229
23146
21469
1645
2802
32248
25493
30046
15380
26611
18369
5066
27717
28734
12931
24023
12132
591
11342
6590
21527
3646
4264
29053
26292
4123
18478
21708
23394
8581
25561
14161
9083
18808
32129
32535
12853
32359
415
14141
13442
3723
18007
23275
52
25210
5046
19594
32357
19963
312
19765
5398
25369
19597
2154
21526
31606
3484
2054
26918
27618
27593
9328
8026
5676
14451
17684
28098
19768
4801
1299
22858
16210
30879
4152
11743
23234
26883
19503
21203
24737
31605
8689
16003
6635
4302
31619
19767
25301
320
18912
32585
96
27542
10036
25226
29742
2493
26954
10977
17044
11908
14408
15925
24306
20640
32154
14221
12863
18163
16172
9590
28648
6670
15068
1958
11483
3828
22063
20446
27870
20256
13890
27157
6694
20938
5124
4050
6949
27239
8355
27354
31395
8303
3652
19211
22032
13410
4343
29576
1561
30221
27626
17174
13689
20490
24285
15302
23058
11398
2005
11733
17468
5958
3349
2512
14429
16620
9034
7675
18106
18295
17414
17140
21900
26634
10351
15252
4439
32238
23609
19478
14199
29401
31953
19579
28411
1137
30939
14892
9143
780
25567
3298
6037
28090
12863
21187
7724
3973
29037
22478
13972
503
20570
23672
30584
14557
3122
8087
364
31563
5446
16256
27521
28128
74
13932
24087
4683
6080
30241
20467
24590
8628
26318
6546
23170
11690
19766
21180
18460
32469
23568
11868
28398
26249
29870
18574
31345
8947
23262
6906
28289
5640
24590
2913
19369
26811
18867
18549
18593
28275
30443
26862
17685
23740
2400
218
22952
11068
5488
8500
10553
12266
7564
30137
22373
19322
23774
29943
18509
14875
9519
22183
3481
23653
21511
17468
9405
3213
8982
30652
27258
21468
22482
15567
26536
5215
5730
2070
23348
31455
23483
6333
9573
19731
25353
22612
30819
26645
31312
27866
29177
787
2643
12571
666
2631
21941
1853
17826
9769
13150
14741
11999
17123
18464
23999
12624
11269
922
28141
17196
4218
25693
3199
25382
699
18254
9684
752
18754
17996
25696
31486
4930
27154
11007
27532
26005
13150
2441
12002
21493
16211
24487
16599
23152
2843
8677
16276
27414
6866
29960
27034
1013
1951
5025
15623
24903
14628
12770
7188
8169
19993
21425
6883
25615
30771
18683
23160
22583
20299
17483
5381
6235
24508
16283
16234
23915
30733
9066
25596
31994
31184
25614
6789
4408
12745
2380
16781
23840
31571
21542
23768
16626
13056
30452
15664
21220
15488
5046
21861
28692
8132
29865
24721
22978
354
13080
15776
12988
31292
16501
9232
28953
4701
1448
5622
6186
25379
3239
13122
20142
9379
26695
21059
9541
10825
20050
366
8488
4799
6105
22107
24342
12048
7115
11792
25234
25870
6087
17026
25931
4337
6959
14681
15068
10816
10366
4084
7349
12277
219
2221
29273
8156
19950
32094
27083
32060
7666
15140
29762
10937
26123
19298
31524
7033
32474
19977
24882
8070
20303
18711
9216
20339
6591
4446
12713
23363
7991
12423
18112
16518
3343
27734
26762
11205
26818
21296
20330
2336
28157
29146
21916
2102
4853
5763
15910
5957
9982
17669
26636
6546
16218
16488
16836
23820
26190
19879
4329
4908
16507
5047
25140
20767
7276
15558
13735
23335
8300
15553
15115
16191
2714
24856
12957
766
14143
3525
17925
26813
24926
19339
28039
4092
20877
2939
13693
29954
28420
17341
30725
5060
26356
18829
24311
12808
24090
3204
16922
5322
24723
5913
13719
9439
1010
30823
23725
18136
28560
31537
21671
27177
16163
20003
19467
5003
29586
346
6677
26270
26120
32039
27235
29395
29000
22032
20722
18313
17728
8728
23113
4982
6368
13121
27636
21321
11820
23374
2356
21389
23696
7373
20469
2513
5492
27989
16896
2310
5905
27917
11890
5416
16771
14189
20333
6689
16927
12617
28685
2538
2310
30731
11934
26099
15610
22080
12044
30661
8561
24918
20890
31974
8936
9379
16855
18940
32122
32170
29135
10550
12721
3482
21886
30696
15260
25624
29322
18293
16418
18238
6193
1394
9365
15588
21375
28424
17547
14622
29637
21402
14825
5637
13128
27304
27456
14523
22582
16628
21597
1961
25054
227
15643
5643
5663
6693
21116
10415
801
3224
22008
30713
18756
23146
22293
21291
16726
25983
11064
2275
21257
15378
6075
14566
4004
6302
25151
29467
25848
6399
15172
18395
31894
28884
14071
11624
6975
6953
18506
24250
5276
20307
29258
6018
10031
15642
9134
20841
21642
21534
28843
26264
2495
6771
7952
15742
11287
22159
14478
25037
24071
4198
5975
11974
4191
11731
8428
28343
13253
11834
9007
5058
7778
18796
1984
28127
31195
30154
20870
548
19843
6574
6284
26437
30927
27654
30735
19287
12810
18498
8917
1753
23881
31089
4544
24820
20386
16550
162
26882
21145
6817
11603
2382
31707
2219
3329
14106
11567
24770
27592
25575
20649
26870
10882
5104
9504
16915
3809
15864
12003
25984
22971
22597
8360
14951
6052
14061
20677
1558
24514
8016
3747
15270
29917
13542
27759
28378
31926
9019
20754
28233
16794
10551
26212
18624
12854
27043
14236
16866
5037
9449
5132
31249
6632
16411
2571
19858
23086
15671
3634
12011
19444
2218
8907
144
19446
16402
4998
12735
21894
22088
6510
8873
26148
14494
31516
5074
16208
22885
32042
9402
31388
17331
14059
9661
9221
7267
8025
16696
20099
13404
26191
16365
22239
4119
28153
27817
18629
2139
30856
23332
6682
26699
24106
5672
12431
11427
24377
30965
25975
18495
26290
14309
31702
4573
20714
23628
15546
16163
2684
14242
11726
4324
7046
4580
5676
5279
29461
5943
17779
8008
1757
18639
20761
25931
6958
29967
15363
21455
18211
31473
15443
3895
2333
23721
4994
15087
32623
25989
11438
28261
6491
26392
30005
31573
21566
20887
9090
26954
22791
11139
24615
19042
3565
11400
1324
19793
28770
32678
26535
12456
19266
28814
24461
31576
7505
2127
456
7793
17380
23857
16522
25648
15838
6625
26080
20537
6878
32719
7306
21793
27319
26837
31498
815
16673
3097
17659
5220
8622
2612
22180
31160
26623
1172
28365
19879
55
17438
19153
20460
944
13080
18677
20109
3565
11847
1272
8215
24016
29012
8940
4907
5901
8821
15428
30521
14303
16713
9005
8844
5882
32003
28706
6535
32192
13770
3514
15150
12983
11616
14021
5864
2107
11010
6808
20354
17264
5776
7077
12152
28539
20206
23631
21104
28914
16298
3580
2056
28048
31199
13931
21457
23598
21593
24392
11931
20718
22265
25597
27892
22970
30043
20940
28395
32493
23735
3610
32026
15439
22789
14094
30435
1607
5477
29275
13817
12108
15293
7770
19234
16797
14244
6492
30780
8498
8319
4926
2942
2546
3817
7486
1
15910
24921
27660
1919
31022
13310
37
24922
31346
4078
10332
8928
15516
5504
4793
21709
11525
9718
24455
2577
30572
20576
27305
21460
14830
1469
16173
14008
13618
22626
26916
1374
19685
19104
6576
17451
27750
28833
20830
31308
9154
27027
1206
5111
4322
29704
28433
14836
26883
8605
1963
16989
13927
28122
19705
7842
7754
15450
23101
27343
17176
556
31575
530
5853
7800
13022
15480
12797
9830
26223
14839
549
10299
9541
24241
25985
10694
15626
25719
1584
26106
4333
9612
2549
3548
26357
1196
27183
4256
8085
5709
2059
12046
2944
28453
20728
24107
21438
15340
1883
15638
10240
1635
900
8752
10033
19349
225
895
13901
18269
19314
15957
14710
6440
24957
556
25413
9724
23939
25301
3678
23482
15474
21970
21831
14752
21532
7936
23674
16913
3560
28793
696
14745
14792
16824
27553
22316
3435
8702
6274
18862
9139
2549
878
14009
4201
28819
28816
5786
23600
10050
27071
4508
31927
16702
6227
17034
7475
2622
28983
623
19213
20566
26432
8608
23255
1308
6077
12796
6533
31242
9552
18035
7642
15395
13564
19397
20000
21209
16766
24204
28188
26159
14561
17021
18753
4123
6221
24299
19748
23854
31264
25740
10288
16502
19007
128
16539
32420
5295
16527
6040
21610
8799
3251
27855
23591
22600
22998
13834
30406
3256
31196
16177
15331
18155
11492
1656
13616
7388
22475
10455
26904
9050
1010
29371
30882
9310
3138
26875
21655
3996
7021
24077
19943
22872
24438
26490
1353
15227
5747
18319
32290
3302
22674
8021
22696
8966
17242
31940
30535
29097
27187
6452
4932
23824
12329
23572
1184
29253
28397
30174
16703
31151
3868
10058
22345
6115
30148
2243
26321
28861
27429
26135
24244
176
24244
626
196
8282
11366
22669
28966
26203
18218
11043
21753
23400
27831
31141
17464
13467
18057
11566
4834
2061
7206
4537
13656
12199
31398
28562
17414
20021
30066
22794
25157
10940
25676
111
3200
22030
17040
10811
4502
20123
5049
3980
15232
5770
28966
17620
27444
28681
9503
30930
11209
13281
30483
8129
219
30285
3363
24271
29745
28172
1765
19408
9885
20917
13665
21812
26660
8011
5216
26166
7007
529
26855
6999
26657
19103
10494
6923
347
11574
4277
26290
572
14929
2153
14281
9884
17788
16452
15714
25242
11881
9475
19921
7556
16449
4604
24745
5112
6968
25695
25831
9545
23652
21436
18284
4132
30671
13253
15793
25204
30923
854
10422
8322
7301
27826
9275
26465
31453
6928
5683
3721
12661
2390
21110
3266
17672
11812
9910
9284
11518
10516
25268
6684
15677
21824
12467
31953
25153
25861
21037
15944
25455
27399
5318
9445
8102
29813
4990
22515
30744
6287
6186
2886
23896
8549
12581
3614
12979
12769
20291
16719
31684
3335
6
14495
2115
25212
6165
2928
4638
17477
25065
6303
459
10706
9418
16811
19676
9275
6138
24858
8916
10185
5680
24
23609
3768
9543
3938
24554
14651
9784
10082
29363
28353
16710
5019
9503
25719
25208
11592
21389
3342
23116
18752
27782
5566
30378
15645
29006
13451
10263
16285
25785
11207
1835
10313
7232
9944
20037
21076
10068
21563
7037
9925
16627
24777
3802
4569
32632
14393
6342
26530
14007
12007
3262
31733
16457
30931
19534
29059
7717
4589
7741
1094
11120
31632
1541
21279
20375
29516
12165
27837
26522
1768
17146
9152
22955
10663
13612
28190
1783
11979
26597
21446
4036
19800
11943
12420
7612
4378
2974
19749
10376
23785
14548
5083
26785
25132
20900
25571
27747
12700
12401
18532
868
18763
21656
5787
29699
17380
25762
14133
12100
3380
8383
7932
30427
16361
22896
15030
10630
4250
16003
21066
10656
27144
6724
10021
4596
7844
19698
20956
11471
21329
7280
8979
24921
1898
11325
2973
2852
24071
12710
20453
28678
3196
14394
2700
18468
4643
2687
16979
3152
7516
4835
5948
32405
16849
18677
19180
8463
25599
32469
10324
3840
32242
8937
3728
27681
8527
18898
8975
24118
23192
5279
28405
17637
22956
18240
27581
9160
909
9021
17187
29377
20838
23208
17985
18574
8397
12112
24568
5021
22853
4663
1681
21793
2823
22342
28836
4709
27394
20800
4409
28768
20512
27125
7982
11659
5579
2744
11225
28143
1968
26898
3309
3458
15042
3000
7586
27827
30594
7099
6928
27460
6526
22015
8156
1368
2072
12526
791
18125
11401
2669
7779
2251
2342
29199
16216
11677
21985
25481
18470
20160
17938
1383
17275
4410
23416
16381
28583
5165
27258
16543
1278
11692
13235
15637
15229
27085
13998
2889
21425
0
8686
24899
9941
12959
1074
20823
571
19654
8951
22173
20973
12900
6717
1442
24211
13970
10638
13661
8855
11300
21053
13413
31368
25726
10988
24161
13500
4266
3152
9663
17466
14503
31545
26025
6870
15619
29644
4148
28318
5804
31251
3291
28277
18691
5049
23341
10750
14898
3854
19906
12476
26047
15185
29043
11383
7522
30255
29898
31457
19476
12935
9144
2681
28521
23664
19334
32432
15135
15997
6926
24394
6903
19520
21291
22280
1731
30220
23406
17796
23745
27135
3859
10332
13863
26176
22067
8082
27135
134
24379
4403
12853
1754
3228
12343
9967
23965
27332
27305
1052
32460
16974
776
27984
32387
6773
22764
9167
14528
16335
9452
25320
3178
9016
11200
22148
18322
9483
11427
24574
10488
8345
3835
7477
6865
19411
4924
26080
2759
16202
2826
13090
834
14938
23710
9567
27110
30625
21866
7245
1885
9654
4096
5454
15446
22552
28976
17405
1997
1125
112
6406
17037
24525
8066
11068
13300
12485
25936
14053
25591
26880
8219
10072
20069
7067
17108
24267
23408
9112
16842
12390
16745
3725
8838
16540
13259
8093
17139
16314
891
32424
7107
12992
5198
26559
525
15985
19404
28379
11323
10406
23860
11214
32291
999
5824
25209
24692
14652
5161
31552
10068
25665
31342
24507
19527
13689
8402
4014
32595
20196
19235
572
21346
20180
22850
10071
2535
31996
4064
7547
16836
19914
24198
28572
3436
12279
18136
28509
13380
22620
18714
32642
9040
7
31219
25256
20747
18574
9585
25139
6294
15011
9038
24969
20501
4841
16498
12670
7767
20742
25016
14350
21429
15610
17397
16466
19004
22191
32055
1709
4366
25552
9034
21831
26373
4063
15233
17596
18586
21122
22450
29973
5381
4126
1155
21239
3750
10407
27876
15642
15012
26807
22237
7677
25556
4317
23946
19928
17628
26423
3172
20691
7576
1859
16321
17781
14268
25586
28319
5983
7867
12286
16797
19002
3816
8318
6986
28910
24539
15800
30114
9492
28183
13878
14550
4783
18410
26652
28492
27670
8596
5304
31463
23093
21675
29275
12168
15605
28349
4199
30421
20473
4920
16810
24889
1931
13447
234
18475
14806
26750
961
26036
26709
23544
28588
1323
15755
10686
25950
12612
4853
6315
22106
841
4925
1294
22720
30630
19632
31056
28007
27563
18418
14807
27693
10382
30448
18473
2699
8111
4119
8533
12397
15392
10692
15247
3904
28005
10747
1818
12108
20344
24155
30315
26436
5137
20561
20875
29211
4387
10637
22717
5914
6314
15538
31329
6192
32164
1618
8216
23177
27229
14873
22313
32097
27632
12360
22563
21275
22283
18277
12740
28813
27122
3633
6938
18079
20423
18907
12520
31252
26888
11379
8779
28071
32089
20385
4253
12890
14980
18327
9882
21003
9406
25156
10945
10312
23596
26315
4349
15716
23461
26931
20357
22474
5306
1632
31489
14226
3315
7234
28142
12370
24668
21068
32579
5431
19776
1576
3157
11092
11573
28841
23032
5689
32600
5889
4327
29384
26586
23604
22886
5188
18620
18124
23077
6059
22486
20175
7784
16710
22046
18414
10085
22654
19495
15359
11501
30193
28648
18861
20815
30661
6079
23406
19578
4156
24246
19126
21089
8841
24068
17259
14500
25059
8151
31640
8044
26327
12112
4965
8598
12002
27087
12615
20501
14911
30066
11892
31889
15358
216
26522
5972
4182
12331
1488
9319
27964
23389
21453
3064
308
433
29527
18943
29800
5758
1791
16674
32759
2864
9228
13525
3983
14991
8373
11973
8510
6468
4755
21367
22405
20376
4437
27180
29103
8320
4534
7177
7776
16855
27820
11892
23665
2538
26338
15553
24059
5689
19561
13582
8626
20348
29867
7275
13941
28389
17056
24127
23843
26789
30020
10983
31919
24497
23624
10655
7287
1734
17671
422
22737
4778
13245
32413
1511
8630
15603
21552
29894
15505
4926
17657
3761
21566
7465
12449
15035
24921
10096
19785
16789
2205
1903
4136
9124
26794
16857
2421
5462
29957
2477
14215
5559
609
11110
5435
21311
26653
14451
26518
21230
23309
1766
3755
3484
25981
22896
23999
30602
8307
17293
16044
9788
4661
7676
9347
2187
22027
8050
4469
25846
28998
28047
13300
4665
31105
14865
24341
7713
28711
16456
25145
22174
30518
14026
1004
26906
17218
2407
9229
3081
28348
28511
18736
26305
4724
12755
7488
11148
18269
13946
7529
6140
30096
8853
308
20351
5268
10789
7412
17459
16605
24411
17250
8700
19090
5712
27268
28627
8596
12534
6099
23393
17083
26447
22428
25292
2659
24540
17319
20689
4135
11353
23831
16147
28652
32423
15761
4786
9250
10762
25504
10016
21830
17556
7768
6960
17067
31969
23610
29808
10363
30725
24920
3257
18168
19395
10426
32260
28424
26880
29951
127
14321
2678
21575
28385
16993
31661
6993
25850
11441
19495
7137
11406
7274
17115
6757
27747
265
9702
18135
19865
29695
10876
15589
2874
23036
8484
20304
8210
10605
12837
8850
1729
31300
15931
23235
16398
17143
14223
24765
4990
26315
1766
639
15910
31058
20761
29391
957
23346
12485
27684
22005
5161
14403
31426
1547
3662
20443
12839
13469
5786
17460
20902
29629
18086
6415
7250
20291
15286
29749
26653
12135
16119
13486
10305
18831
17157
2612
30431
4965
23216
8424
25062
27693
3328
13635
32567
28758
10871
9294
3079
11086
1941
19478
7044
7067
16546
20570
6331
15656
27303
6024
8121
3548
21950
5096
29168
16497
17547
11542
2525
4484
15627
23989
4584
29416
22156
22882
17036
320
10493
20199
27575
30669
16744
6833
11636
5764
16317
32133
9159
11876
465
11118
2520
18438
32678
18170
6228
6262
15597
7333
8977
14401
29641
12950
14833
20687
23766
137
20744
13299
14442
25613
13313
4545
32027
9455
18621
16544
20353
7670
25918
19360
10045
24016
15556
15117
17721
21581
10293
19268
24370
24523
19906
1477
9332
20210
27592
28810
32741
10913
19188
18327
15173
23591
7083
29907
26548
951
17065
14870
12149
4886
22760
16771
29937
151
25283
2072
25343
9801
603
22147
21090
8559
10554
15415
10387
17968
3382
16576
5058
31632
25752
16211
18455
5023
11646
8362
8765
29680
1150
26383
21281
8781
20108
16566
30967
2473
14878
5199
18815
2902
23438
15324
12678
12409
26815
25024
3503
4026
22531
13337
24691
15168
26172
25168
10599
19164
18498
6383
16829
22148
2949
28594
25102
29956
27124
32224
13655
4848
5405
2267
7489
13789
15509
246
2981
32720
21402
16520
5455
1783
23031
16703
8706
21911
11304
15286
23997
9798
7871
25929
20285
12378
26886
16424
14275
6305
8934
12714
8215
23123
23047
21220
14029
15428
569
12155
25543
9822
17683
26294
13563
27471
29913
25303
2166
23167
9891
6828
6049
11845
14268
4449
18372
10842
16969
2200
25544
32398
17707
6331
9025
16825
806
9105
8876
6389
23874
21776
12532
24330
11377
9843
5692
24618
24179
6028
14296
32223
23031
4698
15772
20289
28163
11486
7258
4460
20629
15659
10662
31793
28811
29629
7388
20236
7872
28683
8549
10838
21112
863
24117
2236
3326
5606
5784
27888
8331
25091
18479
6046
24170
31209
27189
22946
28762
19305
12807
22136
24884
5640
228
19188
6349
1877
24305
11315
20254
29050
10112
13009
15010
20496
19089
9820
32256
3896
18329
32009
6378
18663
17795
9126
24645
27777
27637
464
16778
1194
25044
3686
21868
3929
5386
2110
1467
7213
12167
10006
19080
9477
23941
22733
17034
21707
18705
24275
10944
12432
28359
24542
31064
22238
12253
16862
8144
18761
17763
24628
14427
29768
30920
29214
8838
26947
17825
13686
21275
32493
18598
12701
23365
19412
8189
9906
27382
12087
8380
32007
21126
23575
1449
18645
18333
6800
31556
13870
29010
13162
11527
28980
32660
14828
14316
24201
20937
10224
9776
14342
28854
61
22614
25008
24479
27408
32624
2791
2223
252
3226
28641
18586
14324
14791
20311
23936
9895
4032
26750
15637
4620
3433
5433
5631
31037
21574
21645
127
5000
32319
22869
8788
29891
160
28983
18908
19425
16484
22486
17533
28611
15283
19017
29763
11856
27817
28365
26826
4552
18777
25782
32607
4181
1298
4268
20066
23012
30433
30995
24558
14386
18774
18123
32701
13610
22411
15898
8261
31598
23395
17382
6951
9524
20752
17192
20682
27987
13272
1693
27459
30365
30744
23231
18553
7536
26249
3059
20358
1928
15554
5380
13664
26135
14078
4560
29880
7704
26400
19009
32034
19168
31988
27007
23927
20214
25528
13668
28023
26404
22747
23089
15027
29646
24580
7807
15531
27779
14422
4984
5171
12754
14067
5446
23067
12639
10942
12236
16654
4150
11622
15252
3771
20318
1440
18185
12339
7858
32435
8167
28050
20972
22842
4335
226
11267
14629
10207
5180
29879
13570
6049
27440
3177
27259
2755
15208
29233
15391
31271
30855
28715
7269
23548
5975
25105
2541
16108
3108
18959
8458
9623
2147
10194
26238
13889
15256
17891
12164
4807
7030
28979
19220
27864
30535
20215
20578
10849
23182
17589
13992
11849
747
9887
6693
6495
27968
8225
21093
6033
15890
2742
15812
3422
2354
9983
26158
14734
15516
27670
25384
7968
12959
24864
7444
19332
12094
13601
21936
19722
19671
2325
6625
28059
7170
8252
175
1447
31420
27317
23440
31582
26309
7758
15337
16931
20294
20891
29138
28221
10679
19781
26650
12496
19968
1957
394
20492
24030
32401
23406
28581
15241
25462
6482
15747
21396
19879
7690
22202
15892
26357
22005
30908
31492
18048
30338
21198
19944
28109
22258
3000
31921
7192
18016
20417
30177
27627
767
31450
8687
28399
13988
13082
25581
15363
7300
1898
3432
9099
13374
26242
18832
32266
9756
532
17304
18676
15509
29254
3168
1469
5911
11622
850
3894
31236
10201
18058
22809
24571
12373
28217
19938
12376
23633
5963
16097
16126
6329
327
6798
31060
13029
17271
23836
25741
28108
23882
28497
20781
30581
9718
26516
26568
21167
24417
24904
29453
2306
28738
24152
2820
14565
2435
26387
1428
21553
15083
23611
20552
8918
15097
12120
5971
24013
26131
30034
24017
30286
14560
1855
27471
23874
18930
9594
12942
24315
1704
20725
5508
26403
14162
20176
10916
16626
3735
2602
26463
10148
18452
18487
21483
15147
6726
25234
11331
11553
32682
31701
4719
14848
6946
25192
13829
17045
15259
5526
5360
6578
17133
8422
14704
23076
29698
16808
6498
22756
27707
2766
31426
1938
19471
31485
366
23326
21238
14564
18988
2761
29317
27085
14063
15180
7386
22129
20566
27222
21050
21009
24694
11836
12793
6082
10969
7660
4762
4617
26054
29988
25912
16551
22723
18657
26661
12470
17497
24601
27856
15093
30487
1196
13548
31841
13274
24729
10958
15621
19787
15213
30999
14610
6824
11266
17812
50
10696
4709
4962
24346
21081
28184
4182
1886
3693
25722
20891
27018
15413
2947
17309
30062
11531
19636
20774
13497
9654
29774
1479
29642
13290
16579
12154
27842
32015
1642
17285
10462
27203
15222
2722
3076
21922
41
22620
16027
7365
30533
20924
27040
15496
708
1829
30966
23057
14536
25981
22526
23822
9429
17037
23656
32573
10558
2219
21321
30002
5341
17814
25709
5205
16647
8353
16366
6698
19391
31764
18949
30933
16938
17871
14625
19677
20292
15152
23094
24624
17104
9271
28504
24167
1173
18920
23688
7756
18375
11249
5838
9369
4804
14733
2440
17411
28417
4520
26113
32375
21827
3652
4421
2980
10770
7963
9268
10425
24170
14214
12758
5488
2229
21405
18414
25163
2550
22688
24018
29725
4935
21654
9593
24781
8069
24883
29398
2391
13642
11775
11620
5395
1307
30133
3
12858
14307
25321
15106
16294
416
10222
7293
17369
19549
19959
29417
21825
3936
32636
19949
22459
9892
20960
12659
13141
16010
21072
32512
26712
10187
23022
2368
9350
10161
27951
1510
15776
6279
10881
20915
13611
28238
3122
15059
10612
29617
397
17776
22482
21307
9030
7810
5163
16584
1816
12516
22969
22329
30380
4269
22798
32364
3517
12477
10070
28012
890
5782
29405
7396
9003
110
24785
15834
14360
12674
30792
2201
28838
22700
16004
30703
31940
17720
26742
17561
27525
24052
17794
13564
3086
3718
18306
5398
21939
7938
19469
27315
7005
10684
2809
14820
3631
9051
19998
28077
21353
10543
22109
14590
12684
2501
4578
996
6335
15288
1957
14593
2673
14025
7223
1850
9280
25394
5051
27567
21017
4920
30002
6128
27553
15104
13053
2158
16596
23203
15516
24367
23020
20100
23996
22214
28293
31202
3697
24963
22526
32681
6336
18663
802
32142
14176
24922
9480
32090
4545
9760
14135
4230
14670
20874
32526
18953
3056
17769
9316
2670
8147
22472
7019
21033
7276
22491
26074
3627
9403
24370
28491
4788
14029
17202
2273
14441
9350
15046
18479
20390
2461
3154
19797
24085
25320
22505
13420
23168
10970
20927
13861
23267
8010
225
15276
26822
5237
22051
27091
28617
31047
12122
26476
31361
28886
6860
25334
12674
9520
28389
7037
20669
14166
2604
28859
1805
28808
20341
16003
29708
6339
12887
1888
14379
5769
26592
12921
19202
15328
3976
24759
3044
25757
26724
7466
16567
18914
26268
27817
30466
12006
15647
185
31560
19188
12181
4529
23189
5303
16534
9243
8790
21172
4121
15708
21101
5400
32303
19352
13701
31924
26097
17616
5027
29510
1206
16717
29438
14586
24970
5442
23313
27440
18652
11693
19950
26752
12407
13438
27605
13819
6068
16379
29957
18868
14317
4451
7634
24192
6452
9937
26872
13561
24389
9316
31791
26057
25274
22685
8960
10533
27262
24584
29654
14231
6532
11295
19288
10241
25785
29035
4598
28383
9527
16620
32706
25292
6843
20667
21122
27208
29273
14318
10755
14008
9582
8636
32432
12462
17623
15330
26210
31083
1120
25668
7034
9634
6783
23000
31278
5503
18499
29888
26656
3560
7559
10678
23093
30467
19819
23725
27812
25592
9989
18101
16717
18424
1619
29472
6221
31870
20852
6115
22223
31956
22040
19775
28708
31450
6966
26784
25879
12547
31485
32453
19834
5536
6412
20769
8197
21345
2277
10881
11361
11032
14495
28400
31615
8897
29660
25303
2606
9664
4859
28009
4589
31337
10895
23102
21501
12485
20239
24126
6843
28307
16591
25537
25901
15502
5166
25077
28891
14574
10769
17279
5600
21297
3217
8293
10560
29979
1009
20267
22908
15612
30675
4412
14692
11569
28843
24204
27949
29933
19827
5244
11715
13882
417
3070
5728
