22410
31170
8353
11684
17189
18609
13010
23890
22426
7702
659
25979
8981
12544
1545
20932
30844
26442
12269
7439
11765
10772
16947
18836
9384
24179
13289
16179
32198
22120
11873
25608
8394
19983
26002
9025
30463
18713
20412
22060
66
25724
75
17300
9481
28777
10750
10574
27044
26239
3144
1039
26307
4158
20471
2433
11065
29118
5907
2197
27391
19617
17417
9242
8060
20294
15368
7055
32003
17471
10412
5685
24990
22022
31962
9321
8458
15083
16619
27441
20994
23889
27148
11797
193
21530
16612
11056
27330
16224
7032
32134
10186
23910
28236
31128
25640
27598
30923
14390
4155
10508
4329
17301
10550
2586
20999
6817
32544
30829
13079
32404
7199
11305
18432
16072
12533
30353
12868
30409
10955
4289
1248
29359
22062
17055
8052
11691
13143
30223
17571
7903
24495
2662
28605
18547
14482
31778
11675
15589
6995
13528
31947
3744
26241
5997
30958
24017
8297
7305
21853
30838
26332
4937
27411
16567
3123
23092
24007
19834
1423
9329
7256
31026
3686
7991
16494
21239
9531
2948
4447
9692
17836
8210
11855
2685
946
18311
9116
14039
27685
3819
28537
93
20094
22624
14808
17480
21473
9741
17294
10798
1883
4444
20657
29910
13160
16997
4677
21835
14520
31658
21272
29743
16946
3588
27627
9554
31290
18653
17106
31107
9519
15008
23006
8870
17720
21870
12536
24071
11073
19475
32528
22766
6464
15160
1656
17268
22973
29401
2186
1428
28817
29690
7313
19077
18670
30358
28135
22087
1183
3033
9562
22909
20625
12431
468
14202
25235
25563
25660
29342
1114
5676
21143
13027
20424
1133
13939
6835
110
21372
23173
24061
32335
32734
27537
20359
1510
30129
138
22662
4459
25825
28155
3692
26451
9631
26789
23297
29206
16655
15209
27317
17716
29249
5225
21812
29562
13155
11627
13372
6785
11061
21374
7339
18297
3773
4575
11741
6436
19259
1053
11060
17189
3167
4988
21496
22139
29370
9111
28002
29513
3699
29258
13043
18392
29243
11983
8458
222
29314
3111
19894
3841
25835
21180
17353
26007
29694
13636
5166
5808
23326
27880
4476
28758
7866
24742
27082
32531
5319
23540
4806
6580
20845
6310
15361
23117
19456
8209
15245
10365
20531
18289
10442
14579
3976
19336
6525
9777
26379
20360
13602
1680
11584
17203
4740
9093
7258
29761
5002
13858
11437
20226
13140
19680
29542
4676
31366
16027
22906
31351
3556
20190
16092
10255
2848
26465
24051
17706
10223
2768
843
11891
18274
25806
28043
9030
31092
6970
27047
16661
6368
17585
32598
19978
31541
10324
16839
5869
26411
10955
6287
25673
17720
3210
5351
19146
15967
23890
10004
23274
15689
18683
18470
29644
1430
8562
27621
15720
21877
18942
20233
3561
17778
26567
30121
15955
23184
31640
28150
12905
32408
18660
11049
6094
21168
11783
3258
8298
4143
20943
26067
15375
27568
19003
6404
5469
11878
8322
7224
21987
31151
22103
30952
30086
26859
20588
7310
6439
1422
18997
3421
17536
16756
14062
22319
25423
27509
13279
17599
28087
21050
28639
14616
11235
2382
11287
15693
23788
1144
14856
5739
17661
32073
6864
30636
26293
22257
9128
9453
27596
29783
19378
6498
250
13416
1778
1673
10516
2222
21145
16220
19321
23077
22154
25547
428
12363
16407
24681
26690
20087
14859
5734
30463
15211
9710
16317
9276
26412
31364
25518
22411
25362
27543
28527
28574
24603
16118
18207
24421
26500
29374
25339
9847
411
6360
19668
10419
16079
3011
4545
10535
22281
24724
31761
27697
21311
14907
10627
17635
30022
25095
20922
4524
20967
18797
20715
27701
20790
22789
19161
4234
2335
12501
31235
16250
9794
15826
32539
8256
22273
18596
17595
25955
27862
25002
19284
14554
10218
20030
29031
13172
24804
23354
3063
25463
1279
14522
25406
9863
6240
17188
26527
23242
12966
23910
13020
11082
10690
16511
10633
31643
24329
25665
20672
14013
25223
25941
11287
1347
24727
3199
14287
11957
3505
23331
21326
10804
1154
16649
12239
8796
19010
24413
5977
28783
27970
31994
8173
21167
29124
4072
7940
25099
272
34
28985
2814
3780
1949
27202
3509
26732
21383
292
18800
25426
19148
3239
22314
7320
7647
9224
14204
32643
951
30703
6079
1562
18456
14240
29297
26608
3859
22133
3801
11070
29136
17804
9198
19508
22667
30141
8822
28305
13789
13775
27243
19826
1853
16619
28578
23911
16070
4432
4527
21708
31291
19273
11011
3671
11080
21596
6999
31213
5386
27333
20814
4026
17106
20771
5973
31104
23590
25200
10190
26159
31241
8758
19567
15287
24957
7424
3300
6938
18245
11535
12476
27333
239
30543
6274
23328
18194
13450
12842
6500
27861
6874
3248
9389
12464
31588
20219
31056
2679
26691
5639
1646
6804
30403
32323
8649
7827
29136
23608
28119
3813
4270
26732
26133
18909
1514
25222
1438
28671
31376
28594
15356
21882
18846
14407
9278
11507
4025
2216
12874
20356
25375
31080
19061
17925
18397
25265
30545
30602
13378
7910
12742
8492
14739
24711
28517
31501
9472
8021
27384
11926
11479
24759
23390
515
32248
24413
3222
23842
15753
22051
3865
2903
21226
29240
29037
24292
3563
12415
14327
6503
32061
10805
1809
15780
2343
5333
13148
11909
9850
31032
11351
16223
13767
26113
30001
6519
25295
8504
8156
6853
6203
7477
32355
4600
23438
13504
32381
31674
9559
29302
25442
9524
2475
26479
20957
22485
17618
21789
25251
29263
65
11895
12003
4835
25544
13399
2846
14047
18189
12577
25657
29541
5945
6054
29393
11117
17649
2376
14542
26381
20104
1886
32059
12281
14963
21466
14933
5958
5629
17705
12769
18547
19516
4442
7107
19881
26947
21635
8909
26946
7577
22112
9173
10377
5610
21310
25354
5056
31485
19479
11144
8040
11750
8703
3369
17084
5245
190
11422
22399
2574
23743
22975
9975
18514
2089
24608
18490
23710
9035
17893
13224
32091
27709
27863
12217
21430
12740
18871
31481
3480
28023
9682
22352
19417
18720
7893
23175
16561
4965
22755
10248
4719
26536
5861
30693
22125
3371
11553
3868
14403
20856
527
3354
8507
25088
4455
12925
29701
26882
9599
1310
12460
29102
15060
30031
5321
22411
16870
26721
3063
17686
13130
19562
1158
1452
10746
6468
31860
11945
30703
25305
23192
25554
26866
24734
26657
15088
10159
3678
32319
702
30987
19001
15392
28933
16823
5100
22814
31750
2565
20819
26423
25368
29691
15404
6589
10898
22439
23837
25678
3819
31153
14329
1543
13088
4151
3391
21749
3670
2516
21731
24012
23745
19202
22097
11228
6084
21923
432
19776
14682
3802
28259
26457
20148
5919
8918
28539
7716
26771
2423
23525
25657
12176
14082
24823
27692
4485
26114
3743
1914
22017
19349
25109
10451
9741
10607
8136
9779
21951
16673
2456
26191
27660
3227
17733
32050
23774
24560
1831
31784
10598
22618
21792
30939
23220
15486
30160
4028
2693
12785
24583
26020
28252
27642
16000
27835
6356
14234
23500
28826
25908
2249
2700
11692
16708
27907
24035
30682
18783
1795
17963
13415
27338
30671
26087
11032
68
22772
13049
29337
7390
11283
14358
31772
30989
25500
2678
579
13822
26842
18384
24384
27433
17200
12421
3643
12841
17570
12828
23539
9419
24470
30190
2729
357
2524
18466
27962
26985
20717
27356
15755
28217
880
10674
12841
24637
5123
16736
5937
5172
6455
28604
28270
4807
3804
16364
23234
26212
15488
26326
23239
31561
25906
17368
5813
17887
9356
22969
17799
9034
7408
21472
27993
10302
23313
27588
789
21012
4789
17060
11598
19997
6330
888
11884
19254
15959
24871
14858
2460
29093
17658
14748
7426
18270
16721
17493
5345
20964
7317
20040
32528
27013
2157
21197
30868
18941
22837
32294
16569
10556
20908
6754
610
11114
22252
17282
18333
22569
8352
9947
19322
29978
14705
20923
7710
27042
25537
21327
20243
4078
13980
13764
4578
5940
1771
4781
4324
23356
28907
18085
25173
21792
5598
2101
21418
2384
25089
26104
32548
5848
28349
28668
24486
19430
21793
4204
22212
25478
1168
22380
22812
20657
29111
15941
13545
14982
12738
9666
9941
3543
21968
5082
12559
18407
6820
29838
26782
24178
16541
25109
11509
26862
8168
14391
32199
28433
19700
30455
25372
147
24870
14452
7077
31285
15311
15889
1356
7170
20315
22740
29712
21717
20171
12556
27408
26395
20325
12599
27621
19162
12969
6178
20533
28915
27784
30290
24965
19364
31185
6819
9039
16464
6892
12847
853
26243
9930
8049
25652
14385
2588
19627
13884
5950
18115
32132
4735
19523
1928
25590
3112
25232
7182
31847
11279
1389
28932
29974
19082
17062
22687
9401
15237
22086
14152
21605
213
25506
26770
24749
30409
16281
28782
30222
12034
12315
19618
27787
28037
17640
31351
1684
31759
11674
1202
5932
18345
12518
11718
21323
31867
10527
2632
21121
5093
10747
8099
733
2252
13210
23309
5133
9778
5828
29882
7622
9226
28275
4943
1383
1610
21137
17305
26329
29249
10242
6271
1209
28203
12773
1845
953
16131
18455
21427
30019
22680
22265
8550
30048
5091
3188
31781
24537
8088
22074
28006
24732
24315
5454
29106
25440
10997
10950
25174
9868
10599
16848
10076
30037
11966
31475
17849
19751
24008
23703
7624
29255
31174
11464
28151
14262
7874
6199
28097
32344
21538
19073
5340
12117
11646
23476
25267
13760
28079
14096
14870
15223
24616
24330
9520
11594
23690
12951
5562
19039
10354
6054
30063
17108
11157
12014
6848
10663
10768
29931
30152
15827
30969
29731
2434
20156
24890
27822
1338
16333
9375
5365
4673
28512
22829
22458
10725
1246
3766
13145
1952
27175
29354
7757
2960
29748
26160
5365
8487
32507
14965
13464
32292
146
1860
1960
19906
22424
20440
26435
7215
22737
27118
5631
5695
24592
23326
30695
29026
26714
8298
3009
4052
28488
5144
2451
13587
10157
26045
19045
24214
16249
22683
23879
5308
15581
15404
28054
18435
14000
21247
24188
3706
27666
7107
16310
21881
32591
12450
32666
23439
22534
12496
32344
1724
28810
26723
26240
27360
4744
10853
28356
5236
18154
4391
26880
27512
31996
6361
17015
17068
11469
18520
22879
26371
30937
23623
19361
17237
4836
10337
8922
27732
26665
8973
421
10433
22708
20275
13852
18912
32269
30799
21916
26665
17686
29892
17865
22592
24374
25202
22226
27687
20151
4490
21239
21683
4717
4513
10056
14140
13465
5380
2479
19353
16652
7756
16432
5707
26256
11314
28016
4857
18307
22436
1652
25373
15813
6168
21932
21756
5589
8736
12080
22235
1334
5182
14921
10864
24600
26106
29747
27799
21044
19763
20513
17734
7928
3507
6274
21443
11492
26374
30083
11028
24628
5259
15573
29368
2239
5067
28336
32660
26399
9482
1048
31024
3346
14876
29279
24355
7456
18298
2027
716
11646
11157
1593
18755
21043
8298
7458
18831
4729
27479
11101
6938
19814
16173
26694
26722
20939
1158
23261
6640
11613
31833
16914
11662
30482
28875
21056
3509
6350
26696
27639
32069
23615
3795
12286
27512
16133
18842
5272
17433
21015
10446
24583
4081
10338
11185
11343
31107
6323
2801
22588
2553
22230
32052
2470
12893
10240
10740
9460
29964
13930
16013
24031
17256
18495
22932
17785
25550
23992
16491
31085
29640
31365
4882
22664
23171
7792
29248
24696
16259
12605
19379
6356
22933
26068
16580
12125
10757
22690
23358
10628
30738
27964
1136
20268
8351
12101
29313
12976
3627
14995
4
31272
27907
28301
8652
19944
28598
28887
28418
4170
14282
17202
28532
17070
13997
28829
9264
15294
6894
5568
32338
4855
7597
18571
14362
25957
17489
8987
17474
22445
27257
30173
18318
31057
10292
25845
20644
27952
26740
29921
16926
31564
17344
19033
8926
28624
29482
8570
18593
27474
28545
16420
4311
2133
4295
26529
7091
31250
16869
2439
15742
2168
7326
17375
6704
3441
450
26758
8001
22375
420
5076
20413
5383
10445
5756
5783
11844
1266
14003
4927
11935
30244
3221
5238
9382
8263
32196
13666
6843
4293
7250
20701
3351
27780
27873
16147
271
14869
22536
4428
8597
7214
19193
16390
1281
4186
19297
32583
18
1519
656
11569
10799
24896
986
3799
30451
16149
21053
20303
2281
3160
26948
29961
8596
17937
19754
16734
21171
30101
26179
11884
21698
15609
11160
32546
9924
1997
24785
5527
23360
13319
27481
928
13962
18238
700
2465
579
1049
16468
30627
14883
29702
21028
9383
30198
14639
21764
28730
13541
15530
6655
586
28151
3311
23289
15672
2520
144
8852
5678
10712
28964
27477
18355
24630
8836
14851
4733
15775
10811
14160
134
22514
27447
3260
24162
11846
31173
2229
24271
3630
31676
19971
7310
24124
22775
4707
28273
29123
20489
12402
16822
18913
17197
4301
28307
26557
20860
11895
15122
5134
4195
14971
31
16349
31059
8914
9439
25227
24506
134
25668
30997
819
12568
4319
2711
4601
7968
19189
22031
12194
32307
23764
3428
21514
32265
12647
16807
5773
14559
6409
25752
14713
24859
20631
876
2498
29231
32457
7885
26360
26815
7106
17443
1911
17926
30437
19474
19678
25206
20203
25155
15554
21406
12338
14952
29091
26961
3416
5754
6174
1541
17929
581
19557
22137
4117
26663
27629
11419
30406
25365
12134
424
25712
29150
8432
25493
27209
28596
17036
20910
14971
30184
30928
19581
2168
2805
3552
7405
17294
17088
24729
5807
24507
13342
5135
23005
8386
26519
21306
22493
7038
9066
31980
8073
24951
14544
19462
13452
2739
13957
20460
30223
4559
9349
18742
22678
13902
11539
16041
30500
22832
22272
24165
16294
1990
13610
32607
16014
10438
12099
22290
19903
32667
18388
14194
10921
31230
897
26914
14261
31690
21902
30182
27875
7436
13730
30555
15281
3674
17099
15846
27200
5991
6083
25578
10674
25556
13426
8510
27606
4680
8371
29406
15367
14786
11355
27360
8017
22830
28792
15530
16342
25911
30166
22883
26480
26717
9416
12455
3480
26951
25124
27007
31879
2906
32144
10128
20890
7562
21756
12434
23803
2928
20848
1540
9342
25757
8456
18206
3529
28207
21053
28424
29624
29346
13413
17225
11008
17384
8573
1666
14866
9147
5415
17244
18498
1586
13551
17343
2088
25234
11730
2117
8518
1639
2817
21486
23788
7892
27106
8213
6745
27688
12120
3234
20003
21425
8772
8322
4313
17365
3916
28244
230
7774
23003
29029
31672
7446
7784
14047
29218
25748
18940
10045
23551
14677
19182
1026
3865
2831
16113
28075
32073
19009
16978
1506
7647
15375
17530
500
1603
16461
1466
16773
30173
15834
8776
15747
22835
10543
20100
25432
2129
22839
10368
12388
17518
7778
17088
8618
14540
20469
19518
19401
736
17316
31153
12079
1459
25442
5135
7305
3208
21880
20561
15741
191
27348
21622
5532
14073
18340
3530
3986
6013
31268
15464
27296
9691
29620
22526
7245
11215
6190
12752
31320
2919
22390
30720
16624
31848
1363
32268
18727
14575
25469
28312
933
23892
4599
19054
2969
32595
22942
22723
26102
16494
1283
27836
16603
24461
15222
9264
18258
3560
4707
944
23870
2854
18658
5060
22415
19654
24969
25464
1208
13503
3716
5143
6499
7011
9192
21047
21859
12425
1093
24565
29930
30699
15227
5250
16892
25805
15310
29919
23075
22752
28988
18916
31845
2661
7949
22407
29555
5525
15277
6491
28707
15681
16055
10327
26656
7862
5458
11737
19680
23779
12480
2026
11991
1726
25396
708
8427
15587
32484
19346
28711
23166
27488
118
947
9580
9506
464
30980
18845
23398
26814
20560
9149
8252
18143
15685
7955
24283
4957
28666
10921
3128
26922
27174
2477
17879
31369
13456
791
21217
24017
2246
13452
15224
5997
17170
3202
27207
1320
12458
12198
3165
3752
3623
19834
9019
16183
19000
10307
32043
11466
24728
21538
2004
20539
24893
29057
12556
13018
30675
26288
18925
5412
1896
23760
8235
29394
11881
1009
16804
2070
18125
25207
7737
15393
13968
13250
31709
5352
9315
6670
28907
6184
25762
10135
22717
15783
12934
769
30330
22206
2460
11000
14895
3860
13173
7444
23586
27308
23967
25599
16995
25890
19413
20697
25763
5681
31347
25563
8777
32633
17709
10299
16067
26495
26111
1872
30746
26102
24679
22263
27594
1341
11475
10037
15824
7464
14421
4894
13828
19203
3230
6389
18345
10964
13354
15764
14147
13793
11960
32526
21160
27250
2557
23188
28506
8408
29337
27029
8980
12718
20810
23081
27299
20831
18528
18096
13047
17641
9585
12470
30842
21472
6989
8987
28833
7093
22580
16240
29120
10296
19527
15011
3362
30044
13373
3295
3929
15930
15447
22702
23251
15705
20374
19809
20654
16941
26411
2225
15309
16349
28207
15270
29228
14666
3476
5816
8304
11852
29788
16693
29635
28222
28680
24546
5598
29630
26964
28389
12135
11694
6433
29410
25726
22910
2483
17765
32659
21166
14364
128
15994
31630
27128
19893
30145
9033
2907
7189
32321
3361
10504
426
8435
31996
23268
19475
29957
27936
12970
1134
25645
20795
735
27259
18750
2726
4617
11005
23801
29162
3612
21860
25893
6532
21557
21674
23010
11749
24714
28539
30010
5821
31393
5016
24825
15737
29121
28797
30398
7434
32167
9538
18003
32489
6009
1471
22074
2392
24320
15091
21128
746
24593
17063
7671
28485
19532
4686
31030
26919
32010
24880
13443
23975
20880
24007
8060
3262
15753
21097
11058
29445
7091
32040
29312
192
6360
7927
7323
16924
19200
1550
19945
23733
18661
6031
6935
1627
21927
7273
12902
22806
29889
21884
12101
10343
31292
6911
19493
15313
27426
2847
26249
4760
16950
3049
2396
5321
27874
9322
29064
21882
5233
28949
16580
19027
1918
14181
21165
7246
22444
23747
26649
30138
32664
17577
7336
29062
9484
23048
23196
4028
19318
18407
16618
21324
2712
9549
12176
27915
7552
6242
28202
6139
23995
13521
8384
2765
32454
6512
32483
8868
7621
4387
248
11036
31095
15102
30675
26507
26218
32169
17032
16775
21355
18953
5757
16552
29249
28956
3524
12174
22683
4389
28584
4646
11590
24074
26502
20778
13731
18682
7647
16103
22361
19282
26538
22851
25159
22722
32751
27902
14013
15532
32657
32312
7147
26316
1900
6708
23193
27422
20639
30299
28697
14588
5931
132
28026
19847
4798
17522
22271
25929
29129
19102
6095
28953
2776
21559
24046
21054
14371
6248
29292
8663
4448
26329
25053
1914
30684
21368
2313
25371
10442
20345
23012
20015
18907
21403
27840
14354
9231
32686
12737
8614
202
21330
22161
15422
23850
25601
13398
28602
26520
13392
23009
3059
31645
4209
1576
10585
4087
5117
9975
31962
19181
15600
12258
8966
12511
12278
23934
9841
8481
4581
14545
17753
5386
6794
28422
14985
21831
17576
20837
3453
6517
16190
4483
11719
17904
1033
3510
23986
15333
14154
16844
12324
28591
13513
12285
7625
14688
28186
22045
30061
5021
32287
791
11178
15536
5582
8342
19908
28120
9780
17669
7121
7395
27578
8634
3613
31743
16040
8558
18892
11214
19687
19185
18625
21432
8459
15387
14527
5253
6801
20742
21966
2347
15204
19322
17377
18916
28326
3753
11189
9604
11438
17181
7932
1290
8269
30446
1979
11637
12630
3640
9969
21465
6237
6092
26233
14257
24510
23078
561
14199
30178
11424
19548
4978
13501
28901
4421
21200
667
16551
24102
32500
28701
9109
12103
10513
30590
24967
18794
28152
16667
17660
16999
27694
4403
25031
32020
24642
17131
13317
7271
23389
29845
11090
12767
18459
18737
30269
11039
12697
25396
8697
17117
208
31881
25173
30970
9249
16342
5613
22002
21808
18176
23202
32119
28918
25329
17993
21593
5650
4249
6048
15785
32096
16178
29574
13086
16589
19401
619
15543
1130
22010
517
2978
13759
20987
8004
15453
21857
31708
11401
1051
32455
4108
2067
19817
8793
27936
18105
2065
9674
720
30431
12351
24232
12866
4003
20706
6961
908
24663
1365
11625
21620
5172
15935
11369
25721
7756
19896
24570
25112
8641
32429
2658
23880
10805
15237
1150
17223
18561
2052
24593
18328
26538
21104
1116
24141
28177
24563
30959
11138
32489
22593
21182
3114
28654
13434
30583
7182
18260
5458
11027
23826
22014
17519
7084
25530
16881
25875
24462
11502
5384
6138
6544
250
9193
5766
14245
2009
24887
2329
32686
29363
28938
7362
24210
24228
4252
7197
11665
21695
9797
3956
25045
2899
3497
10282
23114
19564
29744
31578
16304
9629
22966
20411
10991
17661
2436
711
1450
10096
8063
18716
22806
31784
28064
20002
32525
24939
21924
30446
26974
24214
27397
19558
29544
16226
28968
20646
29159
13414
2520
17315
29965
23773
10227
6926
28885
7594
6755
12668
16276
27033
17232
28867
13008
24296
20372
31655
9814
24070
624
6838
18823
32154
27005
28784
4851
32711
3301
14507
4649
11438
28626
5942
5068
13877
29991
14781
19434
2311
31855
20716
31370
11997
19218
9431
16004
9723
5583
18586
2710
20989
15974
12604
28851
27091
6549
13274
14238
1803
20806
12033
28344
14926
14087
25435
29719
18734
6842
16270
8407
31007
31118
9057
4021
3010
6446
24097
12761
20586
25400
27715
9716
28377
5360
14410
1419
20298
5942
25323
7315
17333
4789
22127
16189
22094
5214
10586
12819
24910
22037
5194
22596
21495
32681
32545
7228
18642
29706
26982
18040
20796
32438
12777
13977
6688
30069
422
12983
19974
8774
24044
16631
22605
2457
9663
16224
28084
24766
32378
11754
32288
18590
29625
24280
29593
8361
20085
328
25237
1551
26481
14857
3961
21299
30933
16044
27997
13149
13081
9950
31247
7854
6437
26613
7003
21082
26551
11976
24970
6417
3076
3012
21289
30654
28066
9532
9740
4724
4005
25601
2450
23973
19721
20019
26153
28566
13392
1110
13845
1551
18027
5288
23406
5207
7390
6322
5992
28000
15136
20766
1752
24126
3904
13256
18419
19677
26062
8216
11608
12020
21753
11662
8785
27957
25333
18590
9301
1735
27552
4543
30162
2293
2404
12991
28202
12072
1375
7769
2811
16146
4801
28169
9892
29997
22902
21023
30725
5476
5126
18451
16262
29711
17593
2840
17754
2853
17918
29427
3333
28589
14861
13582
25115
15222
7628
15304
8779
16136
751
2064
26781
4058
13668
20786
32248
18118
20462
22256
13031
697
1040
6613
1692
943
6444
28102
16182
29151
26348
6874
22335
9522
20193
108
25721
250
31082
28270
23514
14305
23000
10495
22229
3103
15823
19008
15835
24561
27631
30308
31778
10822
5556
5639
8357
9147
8347
2753
4204
16329
2695
4602
11789
17981
28002
18944
6771
8425
26119
3414
29406
12698
25184
6224
12331
17482
6859
11484
2902
29078
15043
10403
2877
1394
31932
16721
8102
15899
15694
23344
28036
30541
18838
11772
12406
5559
27866
11251
21905
18092
363
24363
13151
26651
2256
12584
807
11457
3872
20654
32623
20637
23984
10708
19392
29092
16622
9306
2473
24759
25997
7228
16134
32466
4323
18567
29059
31366
14479
1132
7003
425
15710
11923
23910
15180
19824
4786
4690
7661
12694
4445
10032
30190
2559
31264
23859
12358
15892
19403
22709
15735
9120
20237
8571
8384
8500
16196
30778
32659
20426
30100
9562
17737
24488
18998
9465
12053
17543
8211
21555
21558
27893
20114
929
32369
2296
23982
4895
26303
9204
18507
31443
10819
5582
14538
25963
2942
3922
29659
16293
21446
17874
26002
24853
26868
528
1214
12835
27486
5727
118
29523
28677
4
27636
2505
11023
14306
23719
29964
7799
30295
11907
21002
8451
28257
25244
3932
20854
17413
19443
14028
18951
16881
32399
28692
10259
4704
13520
8425
15375
32574
7937
20024
30144
32140
20780
8880
24750
2055
17202
16000
17622
3332
5914
13410
16287
29599
6570
22488
26895
31764
12596
16565
22847
32621
11955
10208
8716
21086
13591
341
4368
20333
10972
30572
19921
19541
27105
11102
10295
32429
8568
24325
11076
5061
7865
27619
18431
32721
28445
11110
11441
18505
4424
13418
7252
19855
10277
4608
23113
22483
25656
22382
32329
27444
5936
13687
17566
10023
9660
29916
11923
13597
19360
31266
1833
2656
26120
13974
8203
318
14364
10895
23236
3434
24020
23795
21040
3999
24846
27644
14384
3206
9438
6972
15266
19162
6949
735
2705
7370
30821
17457
17576
22687
22995
26464
29165
17566
4526
18050
20908
31280
3536
10713
5552
1088
3203
31062
23993
15589
5013
10077
1835
11841
23983
14536
9476
31401
12770
3630
13328
4101
22915
21093
24416
10874
10297
12869
26872
27207
19028
16815
2760
237
19808
12750
25566
14739
5882
15517
17881
24744
15843
27050
30369
20170
31059
4121
14933
6887
6800
14827
14725
14242
17598
19585
6050
32760
22265
6747
19890
30499
15521
16934
7496
16318
6133
32502
12212
3627
31460
19920
13687
6706
8735
3179
6650
21482
26227
30007
8063
24541
22614
7327
30551
7783
14784
21387
10837
16991
19004
4906
25988
15097
6462
21998
32533
29931
21175
472
18331
14031
14823
18421
31611
7369
18034
7465
26781
30569
6071
12331
7272
4563
12893
209
11758
8989
15406
31886
30819
28408
10793
17465
22996
22931
5330
32527
18965
29372
9933
24316
24060
15433
22955
14870
2764
12214
29956
23914
15860
18191
966
31996
7418
3344
13260
25865
434
30860
21427
20623
1715
5899
25321
2320
14347
19127
26630
13202
15410
8057
352
28394
2365
31583
25561
10042
31316
11841
15356
17081
22886
9380
9545
2994
12571
16862
11212
31696
31499
9595
3061
19608
32301
24544
9379
28983
29074
23086
20354
23934
14163
30057
5015
15915
17352
9434
26137
1642
1274
1969
28035
30363
24155
17903
31463
86
3253
13443
11653
11180
1633
1203
29852
25008
11193
702
25472
16439
23503
10176
3053
23259
16736
725
21147
3398
27651
15745
29202
17069
2470
16208
8128
22170
21563
13497
1865
29423
1967
32072
4126
3880
29724
17661
8529
29920
63
19695
22440
28054
12332
10036
25072
32178
1088
27141
30611
20675
17496
7710
7533
15115
2880
27748
11484
29757
9839
20170
20758
28549
7665
18549
28352
29897
30884
26911
10684
24367
4263
8121
32066
9439
3088
8276
6706
3082
19933
24897
32680
12587
29486
29559
465
17036
12465
14902
13054
5388
9309
17898
25335
30241
28515
22098
10386
24345
11361
18401
10628
28069
5593
28773
5238
17815
28899
12006
348
16363
4126
13009
11266
2820
748
15958
15591
8249
17631
26638
5199
12944
366
8161
19348
31433
16365
31527
24765
1183
3004
3085
16465
24906
27838
18490
8558
25416
17420
17075
26645
18269
24811
15612
456
28377
25084
21377
28759
3865
14003
18740
30455
31312
21770
13942
7572
25992
30583
7995
32360
20451
30491
13417
4557
28455
5692
17538
27727
17785
20213
8067
8966
17513
31276
29196
18979
8495
25285
23488
16840
15924
6421
17647
17693
19925
6810
14195
28576
4707
8681
16087
11452
24430
13031
5055
17822
16451
14140
5763
324
26547
16133
23838
2774
19734
14793
22599
4666
6800
15279
21469
23267
20627
8942
22152
11497
17061
12676
9374
23647
20836
28459
27203
23265
1479
26505
20693
1900
29094
6311
903
12402
31101
9636
26443
31790
27501
8619
2550
11062
1923
1826
3230
26959
23869
12068
3399
8324
8778
23858
21439
634
26258
13093
17863
15358
18806
8551
26227
1760
5209
10083
25812
3588
24159
30778
32212
22454
7540
22456
13664
10814
18577
17286
10957
7860
28474
15521
3188
22038
27212
17674
28320
1176
2549
26048
2475
18235
25860
20715
9059
30625
11619
29786
10162
29216
11745
4143
13439
533
21813
9689
7375
26747
29248
21315
10032
12476
1427
28235
2903
18374
19505
29814
29448
2402
26518
8930
566
14273
18168
19068
10860
4440
13772
13426
19819
30959
13196
10988
29461
25588
30904
31223
5769
788
19739
31937
20112
22797
4943
2828
21816
13245
11651
23261
12990
15231
8060
10868
4017
3256
4570
18049
29269
4013
6813
16533
27462
664
28391
27095
30045
27130
25091
26104
3287
23346
21927
27241
16820
21839
32630
32203
18782
7203
10185
19367
21387
18840
17839
24671
9828
2376
7219
24932
17895
12871
15581
5546
10890
13123
4987
21081
19233
1232
24352
8134
32257
5629
15470
10913
30054
26411
9489
21872
23314
18207
2188
32315
20279
26197
25144
19593
20119
13463
28809
7052
17386
15567
29076
21657
18560
29466
2254
19931
22567
10525
12823
327
31823
7324
26103
12242
12908
21576
21287
17634
4508
16089
20819
3587
29578
18525
28958
6876
9362
22992
19815
22881
24358
30444
458
16970
5744
28226
27242
10691
21560
20362
4334
2149
11785
7224
27338
20581
5519
26192
19648
8971
2116
20858
14246
31334
25164
10841
25193
6975
22684
2073
9554
25419
24162
11335
10888
18340
31137
5350
2007
6010
19228
29887
9647
22278
19830
1528
6000
18112
3991
27368
18660
27346
28242
4394
9485
9932
4420
19184
6690
16793
12031
4762
7892
26034
23656
11400
7381
29073
27485
6956
25755
11369
7323
6499
3682
13076
10463
3845
27760
12621
25932
13242
29340
15135
1805
21520
14097
23197
19003
27851
28752
9684
1
4221
5236
28926
18430
19286
32186
28921
30954
31036
14400
25079
31869
16926
23821
1654
8844
12422
7762
4723
12150
5742
26863
22234
10686
13397
16185
16706
11001
22162
12539
983
14315
23783
5307
31127
25581
24665
26174
6850
17297
27455
28238
5515
29321
30618
6074
24340
12485
10148
5535
20633
23260
27820
16102
9452
16813
4128
17166
27169
9542
21228
7211
15242
22277
5890
25135
22502
18172
18234
25449
26581
154
29021
9803
2191
23176
18044
14448
28374
24018
30087
28382
13865
10311
5147
31624
12347
20002
2458
31767
18595
32490
12417
26089
20693
29078
8694
29530
18513
23541
24481
30275
29978
31053
20413
13249
24682
25667
16239
11576
2980
18426
24406
31383
29066
11391
28259
6621
10160
25189
1771
22492
13360
20908
16890
13884
27552
12264
9451
29380
27457
24990
3381
5077
889
2802
3720
7735
9860
4991
30489
22553
12134
8583
28218
15698
5412
20556
24877
2285
24115
9661
12858
30693
26673
2901
24063
10541
22483
20033
2824
16115
17695
27329
14239
9510
30683
9936
31205
8502
18501
16391
1570
3867
30724
12479
28506
28568
5983
20598
22049
11201
19117
21364
31151
12731
1036
28077
24375
20163
1366
7402
885
27249
15953
24100
19079
1854
23334
21040
8701
11333
5909
5538
2355
7238
10086
20459
29663
32240
21155
15812
15078
22880
2052
15056
3956
3813
2859
3708
9291
11014
2065
43
347
15302
9025
30352
13715
2854
23108
9818
23288
25324
18524
5143
8436
15779
9077
27986
20720
2275
1368
31999
293
23762
21794
16154
27054
19691
25844
22410
4066
13822
6125
28747
15330
11640
9301
17100
27758
30181
17947
20630
15613
7347
30082
3887
29196
9529
30231
2878
8118
25848
20966
18159
7813
29984
5357
22425
17032
23894
23761
1695
2213
23476
4304
31124
11825
28177
22007
9634
26302
131
5013
4652
9268
25891
7151
11954
9508
30992
19765
16373
15704
6839
16053
10332
3247
21841
20047
3991
6184
26028
8745
11650
31036
31791
29348
15436
6001
24601
12430
21976
8236
22537
23449
16483
12486
31683
7435
28264
26339
21297
31416
13760
19199
26280
13869
526
18762
9325
11311
1626
11446
16248
18532
12796
20558
27511
24911
27836
31433
6678
4226
24119
6239
7550
23310
17541
18139
21531
15935
7704
26610
16803
29830
10983
11731
14676
1719
2252
22015
32125
32116
28459
1627
30783
18153
19925
131
29077
9403
21292
8034
26258
13882
7559
21248
26090
29406
7128
3738
5556
10481
24972
23800
18030
21641
29106
3835
14146
25273
17760
14454
28551
13576
4434
28478
20875
31010
3797
133
19088
10446
19427
4195
17428
17952
18064
22454
14934
10224
22437
29740
7189
27275
12426
32414
22427
22695
28777
23456
14586
24733
5264
31318
32150
27090
18455
30089
16611
7798
22211
19193
9840
32114
18219
7413
25893
18587
24601
12842
6089
9004
7475
10169
30406
29811
22235
2444
24369
25290
8531
17641
19205
31433
10021
10567
7855
22202
706
27489
28624
23117
23401
24202
10558
22158
18762
22592
12364
10771
17644
29187
28491
12666
9676
7528
26960
7187
29767
15977
15160
30937
4793
16383
11754
4007
487
22259
15836
23208
17562
26352
15321
13328
9869
15838
27393
3081
27273
6507
16401
15088
9167
10986
9700
17346
16054
3425
27450
6865
31893
25053
15801
17596
26339
1545
22065
24989
32157
6399
14884
30852
9448
16990
13958
5925
5624
28573
30657
6605
22320
31647
25340
12187
32651
29831
5277
28396
18746
29645
10252
3607
14223
15506
11450
5211
21529
5168
27747
5909
18193
2326
26256
22326
20212
7123
9567
21237
23410
32368
20358
8129
20359
24067
7062
8314
12008
27265
2173
27616
15008
4308
32591
30540
16635
6957
16966
22942
9379
11164
19719
14966
24329
17630
2598
16807
518
21878
493
6888
31939
30975
26201
25037
10198
25536
8294
2550
23725
11393
17036
6023
7216
26781
1162
15319
2210
20057
11362
10861
14024
20852
2213
14888
6734
28159
24560
9917
4454
5487
31159
1639
21426
29169
9281
18393
18532
29693
23540
19576
1956
24110
30675
29383
2866
17233
32581
9506
21068
10940
3352
16560
31954
20193
25541
26771
8616
10786
5878
6497
25692
17895
28229
4312
3592
32750
25927
24013
11642
14819
27849
11366
659
10033
20825
8841
14573
11543
27401
24724
13760
2302
31343
31311
32007
12554
22256
31775
29150
8943
21055
20604
30255
5382
29984
6564
11661
15776
31090
21393
26464
9370
9580
21033
29763
13105
27687
28598
27306
30232
30556
32661
7880
17864
32368
22834
20912
18712
3757
3892
23482
1549
10451
9972
22056
29939
22479
25652
2057
18860
9418
32014
6750
26441
3173
18986
22396
12759
22851
18228
31153
12923
1993
30605
19754
16834
5921
833
10516
11314
27525
8250
1026
1317
9658
7091
10127
7127
5082
6127
18244
18109
8023
21034
32444
31000
23613
1232
31493
22219
7607
14829
21322
14953
13269
8676
21679
24979
13964
16997
17789
13185
511
4505
25471
21982
18428
20895
8620
985
23242
16444
26885
23417
5410
28366
24769
5424
891
22146
424
22964
12939
31943
30909
10762
18186
15363
7455
3555
17081
1156
32049
31788
6819
10681
18169
12769
674
4002
4038
27426
4646
19589
16150
12936
9778
4835
8374
15033
9383
30634
25131
30266
1221
26796
32593
24965
16623
26448
25154
13148
5550
23431
14969
26460
12793
4866
20280
22229
15540
16547
20774
21465
21366
4145
28477
31379
26255
8783
13027
11482
5706
1199
26455
27654
30063
31363
4175
1283
21772
10548
13280
17060
32117
32087
31645
6713
30858
23517
28931
1635
20792
29577
22805
1063
27715
17064
29507
26178
24130
9468
8080
29372
25323
32249
12276
32448
22928
21300
26879
31915
27370
27416
30144
12387
15382
17370
21221
32234
21213
30384
29987
1587
3896
23358
11993
1588
24083
32593
6384
11324
2386
18128
773
22407
18706
18416
11978
30224
31281
14246
23209
29862
7696
31330
24491
30018
1943
11514
26265
16280
22906
14820
30817
8172
14779
20137
28090
10279
24177
17814
523
1834
22471
22453
3465
27234
15175
11004
10912
7580
5209
4291
19093
23835
15878
2172
32105
3560
2562
23198
28928
20586
22762
24546
27523
8502
1994
18610
17666
31784
22242
30942
9310
13747
11690
19346
870
32373
24595
21381
15936
17679
22800
27506
12811
27187
20053
10956
11970
31487
24926
4782
16483
25993
20916
1809
4945
23483
9324
26689
30711
22625
25840
24722
18863
31360
25346
14926
15586
10985
4605
20979
22640
16399
27998
30875
7762
5142
1668
23228
10110
16684
8116
16145
14090
30748
30816
12760
2197
9504
11945
28734
24035
22263
23074
10264
4039
7224
17367
24531
9798
19174
24462
6830
15353
26180
27212
3366
12467
5867
21019
30130
28516
26905
19211
28081
19261
17740
13687
18081
14357
22288
14729
18321
25100
22037
15360
24281
26734
25988
4145
7176
16346
32147
2892
1566
32675
4952
23777
8700
7798
29402
20643
15640
25149
32622
23915
20597
1860
20033
9600
4051
25242
20273
19477
31011
955
30689
17427
30781
6507
9484
31769
29397
7653
9753
3009
20651
3637
9968
17958
21507
12515
27661
21923
22101
12241
5330
17629
15685
2406
22562
6403
15317
7404
28459
24916
13274
22071
8835
24546
19373
15496
11639
12182
3106
26801
27552
2933
6846
9849
1207
6945
25636
17729
2729
26787
19153
23528
15854
25447
11785
1005
27671
5256
23825
20435
7335
26703
19103
202
36
12534
5263
16267
21870
18097
13271
23684
14671
26863
26813
23349
5202
17628
14152
19674
6873
17707
2036
15946
4970
3860
16553
15647
22346
20632
27118
14359
16717
17420
13403
16058
32492
3285
29260
25661
30616
20849
23005
18855
15950
14007
8978
4914
16748
8287
22101
19700
11459
23236
24358
702
12781
4585
14094
3909
10976
14778
15572
26239
19140
19349
3060
24400
20738
32009
26701
16486
29342
21470
4634
5218
28102
15189
5667
2360
31659
32432
28213
24280
5263
19701
1487
10510
14879
10736
30494
26790
15364
28791
5163
16341
10933
18930
4180
17876
27791
16154
24057
15822
10535
17920
5239
13564
32479
29009
29274
19471
14007
9433
20430
12238
27238
29511
5463
1280
20650
2352
2754
19340
9180
18774
4700
31967
22215
32297
9313
27022
3002
17550
7863
6716
476
5088
15580
14271
27840
1844
19486
15998
27193
19426
28682
285
2672
22849
2854
15965
7731
21937
8163
20029
16272
19679
15821
10854
18595
6980
20229
21957
11436
13039
23025
26490
26468
7557
2866
15601
30354
24454
7126
5966
4569
8401
26575
10255
5332
15979
18596
20716
20325
10620
2151
6914
12361
14234
231
10545
32240
18506
15142
10691
4492
25540
8974
2894
18537
14071
9055
30939
8060
4301
15852
24903
11582
17584
29703
3562
28091
5709
4922
3191
5349
4760
14904
28707
23343
31248
10770
11786
30807
8260
14254
6350
16515
25750
29046
16257
6032
10303
19789
13253
11943
26003
29383
31537
16401
19590
30105
12279
15692
2160
5198
5316
9054
4877
20284
8168
26985
14536
27575
16823
15744
12857
14212
27183
953
30444
8336
4571
19331
11620
29922
18934
12090
23647
24271
6100
20985
16732
29037
8062
28592
28763
22858
24989
13174
8420
1373
4249
18464
19530
23612
16641
22290
305
20880
31022
26965
4174
28614
25635
24298
30318
10760
11192
28766
10170
2668
15864
28319
8249
4203
455
13582
23958
21396
16072
469
9764
16001
15485
10363
16671
30219
23728
21174
1077
16570
13586
17280
23108
639
27683
20588
10086
8358
23889
1339
11819
25094
18532
9642
23077
8059
4121
399
5034
22678
19469
20260
213
146
12765
32675
22478
6026
6540
16915
9803
25578
8485
10337
12887
24612
13217
8882
22611
12452
30474
17656
2618
13829
26081
2755
21545
3973
6078
3419
2590
8630
32054
24587
767
30071
4865
1727
1247
803
20572
15058
18046
15880
21677
29217
10766
29723
6246
23652
5437
21993
9515
19134
2671
15057
6455
13714
26443
30065
31228
21657
27770
19550
6665
32049
29355
27416
5681
15096
28891
24381
11754
22170
14291
30204
31475
16103
1778
3533
19514
2089
24108
12383
10236
30132
12627
2258
14638
16830
24725
2599
11292
6001
6727
23029
15952
29503
2529
21341
1461
23926
30793
13887
13052
13076
16724
22190
21311
28892
17034
24738
21732
13481
10025
1005
21445
26883
13677
7281
28813
20208
271
10895
14181
23052
9995
12259
22993
4828
30375
17454
16340
29536
11185
30355
13403
29159
7688
20231
12505
11815
2654
1027
3118
29837
22587
14459
4301
3026
325
22036
15902
207
32192
22418
14625
25746
23121
6031
12373
12465
23303
30579
14040
17886
20379
29344
23247
14524
31991
29165
31496
24818
16374
29526
8158
24189
19819
23026
23389
2378
13156
31269
29863
32516
32688
13846
25238
17195
12190
15971
22947
9574
19720
19220
28935
25114
23696
24782
8992
12603
298
30281
11541
14178
30939
3588
4541
3360
22208
6200
17341
20627
7761
12554
15089
30006
9191
3844
30990
17917
22140
13766
16773
19874
22194
16633
2218
6457
32535
23429
24085
2315
16808
14084
22088
9121
32404
6006
14227
7967
14402
18230
28213
5332
18580
1837
3012
4878
31598
20293
21967
307
12914
29472
10177
2573
30222
32523
11272
102
6073
24877
12407
29141
18809
13060
6633
23511
20137
14099
15144
14113
10745
24276
4877
19765
27830
27892
13800
3124
2892
1983
26145
19699
23305
20442
8224
16208
7459
20272
7531
28871
15101
21550
4878
8512
6054
3379
12096
23083
6818
30786
6723
31695
22510
31483
32396
13535
31038
14025
23588
6223
19593
27996
11086
17765
7111
2394
4714
22035
12794
8017
13081
1924
12651
31473
21154
20725
7990
3192
24981
23750
18440
19053
9902
6097
25128
23441
4347
19194
4276
7443
30017
29447
11310
22787
15005
19123
29751
16649
14951
15101
3737
343
22363
9670
30603
32732
4091
16027
18225
7098
4143
26064
28771
251
1583
14798
23727
25727
16034
21165
2465
15417
19464
23558
2881
18332
15701
258
6110
31823
10206
24247
266
11048
2169
28853
15846
29016
16352
11227
27296
18915
11863
15216
24889
21332
12943
5231
20364
7598
4041
21281
28300
5285
32574
5873
16077
23054
28863
20605
28230
9365
16025
13801
19285
30382
22715
20856
26883
16846
11035
24157
22666
18906
17237
26574
7188
23776
31125
24155
14022
13061
8376
6014
32253
2750
430
27507
4055
21827
9763
25929
4854
1857
13918
14650
9088
25039
28265
30008
4458
18340
28274
8136
21495
29319
27249
14611
22139
7430
32011
21050
613
29803
8630
12011
10876
26348
6687
9522
15209
8738
17097
12177
21878
21949
6902
25938
13205
3701
970
19740
932
15684
31406
15813
5103
16082
21235
16743
31223
30513
12983
11958
5746
21962
22285
27792
6802
21911
25432
5078
29322
19859
16376
25467
14671
9583
19497
15066
6555
17031
26407
3661
16440
16660
5271
2555
17275
19875
16418
22257
9231
12998
25699
13941
19187
28425
6403
26518
10438
26407
19490
2824
23107
2174
11001
31023
30216
28609
32190
15994
26523
26605
31432
12786
31662
21886
21748
23059
418
25058
2375
5082
9803
31534
12245
12319
27635
31760
21473
31525
25505
4100
5957
25200
2971
10187
9493
11478
30505
4634
14207
30937
9116
3215
13557
30004
7823
24808
10383
1972
24941
25207
6570
22089
1587
24529
1750
26205
14711
23751
2031
18020
3498
10391
23433
30133
5018
9315
25489
32408
23610
19937
21810
30368
18342
25173
8182
22843
17762
11708
20526
28807
27106
23114
28819
16487
32080
21527
12077
10199
26505
5398
18804
11388
7529
27974
950
9343
29512
6956
12216
12956
30916
18560
1696
18550
16833
16167
23058
9006
16559
27233
24730
30259
5644
30788
8522
14428
31017
12137
17060
18228
7728
19685
16570
21653
15718
32378
20115
21112
8110
19727
26321
20747
21583
2910
20369
772
29686
7405
5523
23605
5375
10559
17051
32353
21744
3915
21270
26703
6982
11565
12033
6940
31093
20508
10759
10709
19498
24732
20201
26438
467
7924
31267
9740
10849
995
1997
16114
13388
6543
6335
20858
31448
24766
13048
29369
2456
5704
16705
15976
14640
27853
13837
32313
2398
3747
21924
23399
23612
31762
27520
20113
30399
6596
28407
16840
27268
887
23323
6375
19660
30453
15839
5154
24261
27462
17019
16610
2827
10276
15121
27857
23662
29103
28048
20272
20982
7266
10201
23665
13348
7494
24352
30722
20347
27237
24213
30823
14399
16258
18756
12683
31613
6919
29498
31064
24907
1855
21994
23173
9297
965
9167
27055
17032
9021
16210
28844
19266
12609
6381
25628
20075
29854
14481
22336
20750
25025
30277
25104
27418
20844
9745
11655
29287
4014
15130
6722
22260
22289
9742
13641
5235
3093
29378
28461
23815
19677
26906
18771
24908
10537
13610
28047
22936
5764
23194
25588
13440
29887
30543
23275
3742
13981
6471
13699
22418
720
11205
21512
18503
24868
16303
19159
3704
18427
13108
31600
20850
7673
31921
17357
29723
1024
7382
14323
14387
31583
31749
6598
9946
15430
14074
801
25170
20606
7857
30246
17671
18006
28548
18387
29132
4065
917
6358
14696
25182
1131
20643
31057
10744
24544
20163
22455
26032
1082
18031
196
32663
10136
30813
18723
30016
7824
16090
22975
25717
1558
8217
18637
20521
17567
23243
17420
12718
9863
8431
12363
10792
6576
29932
25133
26690
19565
23773
21545
5663
13214
24620
32212
25492
15388
866
12387
148
11095
13885
7275
7147
29501
26628
25836
14895
32094
13847
25486
30964
12622
26826
554
4672
14923
12915
19852
13375
20512
25794
9592
311
1865
4177
11754
19389
27736
17020
26018
25386
28312
21875
1504
1097
24047
1677
3949
16978
9
18144
10458
31772
178
31246
12812
12686
16772
5985
12537
19799
19651
24859
31660
14046
28549
9735
17295
16508
16150
16724
26089
17898
3482
19619
9638
3829
4596
14431
12887
19065
18151
15949
8313
13708
17787
25188
14074
17146
7843
30174
13817
22258
30748
20623
31438
27390
28824
13430
9546
11832
3868
3986
8767
30140
16807
4086
16195
4441
12052
15904
11186
22668
24641
4487
2802
942
1137
13171
31739
9580
21743
25617
14870
22648
23541
13767
15076
30078
8907
4805
28067
25946
2867
16605
32685
25480
22533
22420
19009
17627
10519
23673
19846
5746
28255
31157
23757
10473
5724
740
24599
23500
31665
15395
20183
15697
22036
5994
18425
21062
12902
23581
27426
6728
13859
27869
22330
9270
12797
8100
29224
18149
18372
23569
24028
21013
10121
29696
16019
19364
10243
27230
13910
3330
15922
7228
14788
21733
6209
33
8722
8510
24497
28581
8272
25963
26292
12091
30190
28846
17623
10319
5758
6366
9956
2449
5819
32092
22023
16784
3275
30281
14895
1930
17857
1014
23479
26242
29798
21148
10310
32404
15673
9806
32500
28806
17332
17195
18350
10143
7377
9688
6619
30140
19149
8238
13887
13728
9772
11823
22560
26508
22525
5951
8616
31759
18783
12177
10123
16672
11332
19935
24554
9578
373
18782
30838
17895
16343
5105
22488
31152
236
17564
20049
20500
22172
9788
14749
13543
11830
7798
8222
12060
25778
238
1846
28055
28729
8889
2293
5692
17127
16916
27892
2892
19151
5718
18560
6897
13119
7203
27131
19735
19270
29155
4992
17278
13684
22642
18630
24589
17633
11289
13383
9578
11120
27070
26529
1479
23893
5207
31548
5119
19925
3749
20781
19169
26957
15646
32602
24267
28790
1067
9439
19836
6375
30355
11953
8227
5852
18487
20353
5051
29749
22785
12004
7067
22722
27671
5040
29257
10173
24404
3497
11408
5784
30456
25181
722
8442
4510
16716
17567
32260
22639
844
10885
31448
16278
31020
31274
24156
27379
3480
12441
14907
19220
15932
9946
19757
1633
12333
25797
23161
662
25476
5655
6840
8823
19020
21958
10715
3007
18078
17298
5743
2393
21514
6109
30240
24018
24633
10684
9084
6671
5841
6990
2298
19515
9369
8269
7483
6916
13790
4834
29839
8455
13333
19134
3003
7304
1729
27238
12282
18279
23447
5838
10305
27471
14816
19754
967
1585
25888
19201
12741
4849
21237
15491
18042
19039
14401
9500
4467
28776
29067
13897
26889
398
19107
2219
20267
21653
27013
27482
21342
1151
24704
15739
22017
14011
11160
1557
4310
4506
7464
15904
2238
30466
32204
223
19652
22374
25469
5744
9821
12533
1022
3234
7918
3858
1656
20998
32399
7685
6241
1865
10255
9968
18849
31424
30264
2052
29688
581
32340
31988
12698
10050
23536
19370
10013
22795
27103
10554
9365
6513
3202
27412
25086
22420
28999
22653
23258
27896
26480
12352
3354
28891
13846
13984
8002
21958
4973
24466
12745
1379
8521
26921
24510
28302
4833
31314
12978
14766
24531
6593
3537
5958
10345
4395
21586
23751
12059
4278
20242
25513
2901
9902
5499
24249
31098
24441
32171
6581
27688
8653
22482
22294
17086
6944
30940
16429
18715
20576
22609
7025
25769
9957
17785
15640
4763
31140
30659
26084
7026
3749
32359
1088
8134
183
21323
2955
25155
29026
5412
21940
29426
5917
11485
17159
8121
31681
25148
3142
20006
32574
9155
31484
8808
29324
1492
31758
6046
24293
15641
16531
27989
19762
6179
24805
3659
8643
15441
13816
21625
24642
10740
23787
20049
27626
19376
6365
26949
6132
5414
1794
9608
7250
29903
22774
14104
17056
7467
2385
14332
24408
26908
15995
20426
27461
24460
20418
29805
20794
6742
8361
10277
17411
5220
18051
22735
12444
8981
11329
17511
8353
7905
10377
1739
8454
32575
14856
13506
264
28102
24072
10300
32099
5267
13637
25052
11206
11244
27388
9139
14980
2850
4678
10575
22668
16572
28068
8436
22939
30161
21723
18985
27312
8374
11522
23926
27329
19162
9945
8557
15276
28141
14172
20711
8048
11336
32408
13968
30109
26761
4286
8614
27913
125
21878
6141
32197
12100
29045
26951
16207
23215
28242
1938
28425
20461
5269
18706
15082
13159
11282
30497
9332
10216
5749
20100
4070
28929
30749
21744
21426
5292
25390
10188
23601
16431
14561
10297
14230
29763
13599
10320
7713
15478
22607
32170
19093
30158
9068
7462
14059
26799
23130
9190
4424
14846
16506
29083
32045
30599
892
14339
29933
17308
18548
9136
24421
25599
3888
522
11751
14339
24521
2199
5751
23021
30329
8570
15930
28576
25004
24890
26667
28282
18010
2501
31760
22137
16019
16053
31149
10402
1628
20177
11319
7331
27321
14039
12811
22967
12043
16761
11424
14026
23708
26789
11450
17886
12409
23561
12001
11949
7040
20695
15378
7311
2233
32453
692
17311
24042
28249
31693
16665
27237
31843
28790
23303
14373
14027
29581
25373
29465
30348
9129
16609
23232
23297
18771
26383
29174
2656
9587
14395
24846
23428
1032
7864
15904
19695
26396
23481
12196
27919
24056
20918
7488
6080
23700
19985
25311
11539
10065
5626
14851
9549
9962
14992
19804
9779
14504
30792
10905
32133
20182
9619
1662
9417
30069
29883
1847
12873
3889
3342
2284
23391
24211
16191
4245
27632
12151
22793
24848
22327
13505
23573
26224
17860
28236
7198
27545
17604
11043
2131
19978
31362
31732
9213
9209
1070
10689
29281
2213
24798
1241
23016
744
3538
8199
17021
14859
14332
19465
29495
27871
9919
26435
29496
24329
17400
21941
29141
12446
25915
13611
31223
21488
14943
8627
29888
5543
1340
7764
16242
27411
32435
30205
22669
31424
3311
10428
26680
4939
12011
14640
10210
1141
16692
28225
27945
3702
32753
23822
23547
23444
27168
20263
1019
14323
27170
22781
27942
31663
26490
13463
22454
23336
9682
13446
13126
4509
5438
25370
4408
6653
30661
8662
5716
27129
30
23842
12209
25438
19895
10304
3801
28578
27132
21889
12584
31164
10965
24249
30325
14905
7792
12784
2805
2445
25666
13914
10331
11431
5960
7562
29252
20424
11667
21730
29139
9108
28931
11086
29848
20586
30035
32562
21175
13297
12117
2208
24646
7411
4479
5071
3574
31087
20903
16328
31990
10985
15371
5475
2580
29957
14228
2674
5158
14932
24412
17724
424
31598
21869
13357
18854
19521
13004
19915
989
13224
14518
3308
17437
10560
10025
32038
17649
9591
23718
27528
9602
30693
9014
3975
16057
22496
20139
16443
21412
25418
4136
2508
8475
32686
8931
14119
4259
20875
13866
9205
4754
15856
14500
27341
25460
10825
26842
17320
16558
28281
20213
9878
20577
11561
969
1712
16529
1631
26899
14670
24967
22610
14079
23930
16243
637
750
22436
32598
24306
9077
13719
799
26097
5545
3755
6420
12217
18330
13372
14964
18590
27677
18012
7515
2908
15311
197
7653
30123
18262
21521
17046
11027
16106
7982
24570
6658
21269
7436
8072
30492
4790
23192
28108
722
27212
18670
5062
19766
10353
16330
32653
27661
11173
1088
55
22310
7501
10158
30973
24299
24059
21230
20379
28982
1776
20944
6646
8294
9440
29383
20225
8369
4085
3810
32481
12220
1302
19966
22096
6760
25704
31547
28991
21743
14613
32172
16575
22833
28237
18771
2081
16200
21899
23628
13660
17506
25114
7240
6320
13264
15831
10301
16265
26202
6968
29276
30374
19414
26765
13892
14202
13049
18566
8053
1235
17260
29686
13319
31417
24098
26838
22428
5529
22506
2701
31379
29859
16960
5999
18814
7024
13929
6019
28886
30440
22207
10377
18670
10595
31305
19259
32294
25102
13966
5588
2401
17297
15275
28623
3257
7662
13988
15089
26737
32684
11768
3465
7210
25142
3192
25079
18522
30078
20056
24427
25595
20197
1159
8175
31360
32607
8764
6056
1549
21714
18642
344
14823
19136
1493
29736
20778
28198
14173
1701
13754
14500
2714
8968
4987
9949
18609
28858
11205
3617
26054
30487
32018
30026
1626
23923
4858
29923
28376
27738
4706
25232
4458
13340
22000
19369
11793
31881
11970
809
14581
25082
7519
18119
31482
17297
5869
16226
8339
26305
10917
24738
10971
29712
7045
27613
30434
12571
16964
6711
20292
7131
19339
12814
15361
19240
9826
2965
1160
14459
14057
18622
6165
22264
8520
17502
20541
7084
16616
31884
16840
23315
8164
31817
4030
8157
698
2151
29892
24305
23623
5027
30377
11443
15858
15893
30781
22402
6183
25546
7522
2949
24327
32431
13669
25512
26461
24496
8078
3041
4052
802
24053
22712
2664
1118
19096
30726
23067
29871
8875
7933
22761
6511
23599
22888
23037
21868
31174
24116
15397
16785
20678
3376
132
14530
30092
31249
14727
23303
16915
10425
26138
19437
10949
24249
3355
12329
21904
11796
11534
11903
10045
7494
21523
30690
15101
4228
29718
6877
30789
22598
18246
9777
15068
2307
22728
24256
16691
59
1452
3241
21748
15035
2592
9141
25053
24605
28387
19186
28367
10126
27389
1949
11554
31188
3502
3909
4668
29839
17572
1326
12130
12990
4720
9972
15309
32390
2363
11376
1281
20527
23989
24287
14682
15984
9807
11073
16616
17388
6826
13312
6269
32252
26447
9682
25347
18607
27040
21472
9491
23567
26639
24360
24260
20134
6797
27936
30657
8513
5957
12700
12703
14324
30603
20465
5229
25694
18703
22363
2444
25902
8023
24220
6337
32486
22892
742
31624
4576
28627
19963
31403
20878
24254
18323
18964
261
132
13822
22239
22717
27727
21002
15284
31122
11540
29223
20308
4367
25801
28873
369
4844
12242
21006
31171
11221
23740
27809
11608
20846
19501
6622
24108
5011
3355
12599
14585
4836
2365
21206
1360
16513
21951
17795
7145
19218
31802
27593
5944
23819
20451
5204
29248
4142
8963
10654
2476
14929
28839
1227
13084
30561
20120
26577
24253
5287
15245
25307
30492
16714
7584
10480
29500
10261
1279
6095
20198
22139
1764
30494
23872
5336
17607
12996
10657
5114
29650
5268
23204
5088
30869
16683
19323
26561
27387
31771
20358
31569
5756
30537
21540
15679
19093
12691
21706
4866
3957
10422
21842
14805
4858
25199
22165
14592
25051
4321
31035
18778
16679
22071
17106
22028
15342
27530
14622
31383
14653
12037
18352
8729
11856
23879
9146
11212
16644
31240
8738
14543
28299
11264
13269
1833
2659
4100
31838
32267
10633
18291
14007
20309
19946
17872
23647
21084
26138
8624
17068
31722
30024
27863
8803
6023
30578
22430
15750
9719
21973
9112
5997
1284
32680
10612
29464
17534
31497
30245
3012
19583
568
17217
15292
14579
259
20135
1394
3672
1665
21861
13006
11203
32515
13785
32454
7716
19016
32022
32047
14538
496
25480
13523
5930
1075
31964
8131
27612
5843
7962
1519
16614
13903
17684
26099
3389
25946
28676
24628
17289
4235
19569
22572
15913
23126
7762
16386
11383
25403
14454
16990
25933
25149
803
15995
17096
8598
22014
19070
27467
13225
10538
12294
11207
29752
25012
5892
18234
10711
15663
21197
24438
23457
8347
1389
23332
12073
20108
3390
27912
25268
18568
28858
8327
14245
24496
15502
3942
24888
14498
2031
9428
19315
18079
4913
4523
20058
489
13462
22003
8547
23919
1892
936
9001
16300
4410
7868
18788
717
20899
15968
19737
16402
28652
21376
26382
27254
31539
14476
12417
31890
28865
28286
31769
15807
31898
11033
15133
25211
10321
7278
17124
3086
27681
1445
1677
27501
22074
6394
6384
2910
15449
13062
2771
1501
11163
23360
31074
10430
2707
11715
24793
19861
8602
4690
1924
26835
32102
25753
5353
5169
24543
29109
10564
6226
13101
28407
2355
14755
13078
19941
12723
19591
16519
4482
26699
21681
4976
2256
7047
13264
16085
4754
10152
11122
15139
20054
21402
13858
27328
24243
6694
31700
19685
8400
4969
25988
21168
32037
4741
5145
2677
13702
19350
16015
5462
21597
5608
15189
6931
8503
7783
14580
12323
16002
7766
27122
25091
21652
27204
10230
24014
28144
27964
21036
25870
26821
25661
27371
1233
8632
28137
14486
17152
15331
17025
28096
13805
10782
10257
7315
14891
23933
30440
31090
15010
15642
16971
12509
16098
19220
31083
21653
13240
6871
5268
9217
8703
31902
8870
13265
18361
567
19145
14561
18271
16646
5725
31328
24949
30029
5936
12081
27744
27307
15860
19089
32380
19938
29936
31739
32362
19421
21237
26184
3495
8689
31380
21019
355
867
31118
24444
23952
30762
15500
31427
1593
6391
27408
6328
6933
19571
16300
32248
12636
27079
12402
5531
24537
25698
31659
6931
20801
25846
27852
6999
20675
29636
28069
4418
1248
6170
14300
8501
19581
4378
15002
14340
29238
3004
2180
4368
10742
31255
25069
26544
3268
28636
12105
22486
1760
10275
32741
12783
27663
6250
24790
17930
9779
13530
8240
27197
12830
18893
20600
16452
24232
3726
8283
32364
511
21855
23199
16304
6463
31937
8795
7969
1603
1519
16227
8843
24506
29868
3847
14421
1917
23614
27901
19625
31520
15803
10395
14805
4806
7043
23113
6129
8762
26126
11575
12226
12348
9704
29003
5343
14361
1785
2398
11026
10623
10506
2471
6913
6798
22917
6775
31246
24626
6780
29479
10619
177
6893
335
12498
13440
1093
4153
6020
26971
16674
1174
464
31636
8541
111
5350
6572
32584
862
26189
1568
18996
23293
31362
11141
6711
30623
5858
14039
12588
31038
27337
11279
3322
2229
21500
10483
28442
20783
16964
18994
32083
11744
32348
26288
24520
24563
22541
5407
53
24771
32664
12239
20086
9293
3668
19143
11849
24550
664
20500
29268
10537
13019
13921
2154
308
31770
1480
15114
8212
12155
7912
11304
5245
815
30776
27952
3006
2716
17818
22601
22005
31164
15924
3799
31359
14272
29819
16707
28851
1274
29840
9214
20688
14329
7376
13763
4403
22006
25767
15133
9166
2671
1444
4906
2005
16913
15059
18846
9146
27867
2631
2570
31580
11137
19702
22623
5756
27662
26826
12974
11120
14798
28916
49
25115
17515
8324
29071
17180
25174
25398
13916
10054
4712
24719
11231
15184
16586
15657
26905
27598
21266
1612
19458
19808
16302
31677
27670
21802
13446
11227
5648
30084
4317
5607
13558
29426
13944
18084
19541
1366
30211
8992
26574
6500
6832
21969
9169
18007
22817
4579
13225
19426
9608
8401
2233
11370
13581
28211
32517
14194
11888
1495
13044
6231
19951
14354
25684
15677
106
22616
2718
10825
14789
18955
32379
3345
2702
20369
23688
9296
14559
20393
1366
20447
24710
1279
24246
23776
24164
19454
14899
25148
2835
741
1247
16721
2252
12317
9299
7908
10375
25290
9457
26717
10851
416
7532
14643
23881
31735
27531
13477
25036
4386
11817
10155
5204
8701
8321
1836
25212
16582
15016
7793
4024
29486
15195
474
11579
23215
32507
6607
18712
14111
18390
23034
6311
30598
23464
30899
8746
19757
6754
15036
10672
29943
29225
10031
25914
10996
21666
14260
15389
31796
4461
22775
5543
27353
14831
20314
31493
6256
29269
21479
4196
27266
21461
32136
10583
23909
17463
19066
31865
31064
26261
24063
14931
7632
2399
18003
2944
5900
13729
24290
14862
12783
17289
8888
2600
16911
6180
825
1522
19978
28776
5906
16565
22041
23927
13679
21820
26855
22050
20847
9086
31395
428
10708
4477
12883
8145
8448
21357
8556
12807
20765
32537
6560
18948
12443
28291
5368
8576
23263
13770
25634
24380
20793
12369
5900
11587
18455
26910
21426
1136
21625
25216
3892
20784
3493
245
23851
21897
30492
7498
18749
27740
18124
516
28399
4583
23431
22527
17339
21901
30644
18005
18275
6362
5189
18817
3716
16322
24553
1477
23406
13865
16002
6345
14643
28329
23769
11908
19710
16015
11408
23903
20902
15142
23641
3480
29059
31801
8294
28645
29313
26579
24353
18267
26738
27465
5660
2701
25001
17786
2891
8184
16836
18006
7793
14751
16073
10141
20184
5106
13429
25321
18757
7156
16848
10479
4651
16541
25861
24066
8223
29565
2417
16345
31372
7331
15354
6289
12456
1469
31138
8949
15526
129
19547
1022
10030
19531
10782
32150
32522
32519
18999
16033
31010
30033
25827
29758
19626
3547
4380
74
8090
13327
13492
31015
5982
32246
15009
22203
25039
24921
920
28859
19043
17446
17629
12841
12192
27668
18777
9755
27863
4490
18669
16831
3086
6590
18950
3996
21566
15386
16753
8218
1983
5859
25713
25413
26368
30492
24847
20430
19323
22440
28850
31570
28392
23472
30959
2015
12977
18500
11938
2741
31655
16709
28478
20553
30195
19842
17505
8592
21839
26145
17836
28281
25974
5441
19665
444
32472
26589
12269
8658
13203
14067
30233
17220
18591
3046
14907
12329
20296
9250
12323
18666
29410
22526
32723
16969
20152
26854
27421
1186
24645
31417
29044
4208
27047
15472
26108
3090
22608
1025
11235
24272
1023
24962
3316
32025
23022
28050
24169
18958
18509
22261
26625
12869
32240
29566
16723
25542
21061
22578
6498
18266
27016
15530
7281
7942
26938
11705
27673
28114
20687
21327
23960
3278
19111
19869
29292
4439
2367
28026
16161
26775
1193
19462
13415
19531
11321
1421
32359
29897
24706
7086
28247
11329
18816
17084
8780
10051
23831
7780
24400
18049
10684
12688
20917
9687
14707
1420
10153
7304
8441
19559
14858
4811
3906
669
14203
20614
28966
21490
1463
10585
32087
18337
19749
10718
15510
30646
25261
10799
25126
22457
971
27049
2177
20108
6369
6128
9803
10134
29138
28467
20356
7970
12492
17330
5889
3585
22373
11389
9245
30839
10730
10622
20652
1109
23795
27321
25392
6754
16699
7379
14672
14079
25007
24273
30341
11787
18373
17699
2839
26117
23055
3553
10056
20080
2320
27220
28366
5500
15950
440
135
24802
16808
4416
9833
3600
2282
19803
16824
15750
9631
26678
18299
11648
17703
24962
24880
10197
30473
887
1471
1823
11658
12569
7853
5916
11390
27066
3474
21588
23134
9664
9677
20220
10139
28840
28278
13595
50
25675
16532
18411
31617
26976
5520
16514
15960
24899
6634
26545
17236
7413
22571
25901
32104
17763
4123
2540
2237
6379
3635
6610
23996
8732
5973
22669
14953
19389
15547
23998
13810
30225
11310
29785
12935
29018
20600
2382
8557
412
22043
28009
19790
20387
26691
28278
7892
27463
14842
2986
3958
17135
12187
18750
16017
13396
15497
26461
23738
6792
18720
64
24915
32054
13548
20888
15964
17707
18713
13612
1676
6677
12075
3267
14752
19851
16368
9540
10996
30542
16050
21788
13904
9935
21680
23008
14084
19953
24784
14643
30007
18703
28558
10475
32124
