19967
15957
15636
29631
4216
11217
10793
3881
3201
27171
45
24948
735
139
3245
6150
26930
21689
2797
31779
12922
24894
20619
32007
217
12353
11616
8242
9371
28275
679
19460
3187
10821
21857
8329
2823
4952
24568
21142
5551
20020
26402
15637
24698
12350
22024
7325
31603
30692
26024
10566
21794
21787
21367
699
18005
22027
27467
8848
2848
3080
26745
18646
19746
31941
29242
5869
8970
13252
14164
19610
10586
2065
27894
23385
6251
27184
13539
17397
31665
20052
11986
29269
28225
1746
14613
2969
144
8916
9338
25190
11134
9554
24431
1405
29843
10302
23657
7315
10120
16383
14214
1885
18697
13089
24433
29418
9913
23115
17798
22837
10359
15473
22838
7931
18144
15178
21165
17354
19220
25605
4275
22619
15293
14392
3536
12065
6990
793
12468
31522
23433
3824
31701
20742
10820
20172
24666
15981
31596
20597
14392
27526
29770
2723
11163
31454
7173
23405
1415
7029
30057
19204
15295
279
26086
26273
11750
14057
3548
18364
24548
67
30230
7039
13195
15293
13972
15994
25979
31885
31373
16536
20802
19984
1460
25938
16584
21926
7867
29730
19179
18115
789
27963
1382
23875
18433
30327
3575
20990
19652
5265
11969
32157
8757
1172
8687
7596
2943
18835
14490
28656
31779
17051
26860
6138
14140
23782
1926
764
29703
13905
12320
15836
11170
17424
8559
29063
29716
20897
4172
31112
3214
27646
13842
18649
32497
3351
7752
4344
31375
7039
30592
24382
19510
4710
27518
9325
5995
26055
17053
23176
13555
30434
22127
15591
23192
11501
6052
18058
28713
1543
11053
27310
13763
13421
25249
15262
8015
7152
5087
29644
2380
17319
5109
5408
10959
4065
22848
4752
26823
22621
2261
14321
28294
11966
29472
17420
12157
26937
17355
26869
13895
17809
26849
9880
25834
14405
30004
13205
2649
15368
508
26702
28989
13681
21440
24637
19444
16116
18042
17804
8666
28945
17654
31455
8648
31435
20347
6005
32219
7772
21933
26991
13431
26151
26546
29295
27275
9710
660
4709
15126
7237
31718
21670
8170
18502
20651
4927
22448
18311
23411
25736
27948
20553
13767
1788
17346
7154
18631
16199
19769
21950
20754
23713
19648
25009
23014
22363
19246
4048
29577
15799
8334
3984
10471
25341
14043
14223
30844
1227
27144
30082
21620
23213
10563
31342
28177
17389
15739
30492
20558
1965
22816
31943
3522
23346
21802
22039
1478
8835
16220
27731
1242
7987
7626
3282
17477
379
2969
8882
3324
3980
4870
14541
453
22306
26793
22505
21660
7517
27643
5423
27478
205
4375
25823
14212
459
6077
1345
17818
25872
13212
5599
18257
9344
2513
12017
7497
25159
10155
3353
9203
4647
22193
9552
18350
19728
29158
13600
9264
754
8267
8981
13096
32463
6310
17262
20001
28948
21122
21783
1962
29737
18551
19164
8116
16199
12203
13527
5947
31626
18585
24106
10025
28487
11537
29428
7799
29599
16256
17021
27541
26708
8050
29108
21772
6620
18261
12764
9570
19892
14208
20354
20029
26871
21108
11698
18124
25903
20065
362
10595
1899
24556
24911
21605
3474
559
32159
4711
17910
1
5223
3474
17708
8824
30198
4681
11804
10413
11665
25868
16468
27839
8808
12189
8354
23067
17609
18785
4065
6394
7060
24328
1043
4907
17903
15729
22448
13842
17722
17351
830
5617
9030
16625
5410
22118
18625
16425
23478
31797
6133
2282
30107
3144
8115
22032
15441
7156
31369
2107
15620
13950
11835
22388
13225
15326
8049
18451
15434
7362
28078
26335
11934
6102
19329
4216
22493
23619
9983
18418
1746
13685
13936
24771
7730
9250
15689
32735
8492
2184
7515
14369
28225
16886
2121
17901
7254
26509
25919
11796
11784
32328
16097
17399
3903
20538
19842
23280
4358
18711
29079
9965
22426
31734
12907
4190
28352
13909
5396
32594
30812
17502
24485
25052
10560
19049
7333
29116
2114
22465
29376
32059
9105
5803
9405
14167
12361
15780
19888
21280
18500
9707
11633
28258
14900
11071
6476
3972
8174
14570
25850
15024
12041
10238
22480
25141
30632
21215
567
13865
1428
513
1884
5970
6030
5619
12073
12615
24803
4765
21619
32722
2368
28614
885
17305
24264
21209
23677
10749
28260
5608
3813
11331
30298
16369
69
27121
26402
21088
29671
635
26229
4054
18043
12831
2214
8233
4620
13838
13365
13740
20019
15308
25506
6064
16523
24537
14719
13898
20836
32657
6857
11095
6332
25169
17272
19646
14187
32219
2389
13301
20637
23036
16652
24263
14213
22380
31106
19796
9552
24053
360
16729
2904
13783
27409
689
21915
4204
640
19740
12651
1032
27078
19264
11367
32547
20363
17133
16297
30394
29674
22181
6977
21490
28546
92
17890
25855
28873
10620
25820
21828
25508
1068
16458
28859
14133
2514
22413
13976
13812
17110
6649
32553
9218
15274
6093
14593
6074
19207
16233
341
16520
3449
31419
7078
4094
14877
16635
3232
31012
13481
28824
23619
14864
174
1394
17216
25527
31258
32585
18342
5123
30465
3189
3261
5670
13981
19672
23090
23853
16787
16658
7797
3288
8055
14835
28768
1193
1427
23606
21529
8507
25316
3180
18233
10197
28006
22326
22574
4159
5266
10679
19678
8404
32036
28233
7308
4313
27169
24943
16640
9485
14105
13068
8930
31361
18345
18386
9576
29610
4165
12028
5425
31669
7220
8256
32368
5146
13532
5631
11852
24692
3648
22464
25479
9360
7367
2268
29278
26820
30783
3962
24497
14466
28705
26558
14180
12076
13591
14142
8709
18218
15291
13494
32175
7995
15522
14332
32302
10760
30105
1590
6243
31743
4142
11850
15594
11102
20851
2454
9723
30350
30462
13538
15502
9395
25908
5522
22723
21633
2760
16160
24960
11601
7550
19658
3932
9844
5173
904
22204
22727
548
20545
15675
3719
14180
30270
7760
1383
19118
479
9003
5856
28775
21389
29151
15049
17113
22255
22470
6183
24516
14945
29473
6214
32533
15010
8192
12297
26357
22220
11362
21374
24837
138
6044
18357
5352
7301
24831
18131
27651
26399
10677
10850
25216
4452
11756
4075
27033
10813
22839
11207
16147
10215
31280
15922
24072
9636
22883
24225
27882
10673
14183
4438
19653
1911
30286
23345
11716
12805
29248
18377
19703
4798
19810
5563
16211
14415
13052
32066
28155
29157
21980
17672
10174
10908
11765
6460
27616
6458
14668
22757
21021
6173
17429
19830
13291
14706
31768
162
31488
27560
21338
9329
14612
16932
30202
16788
27880
13879
22361
8182
6279
29773
6781
7571
3275
2407
22968
26509
3620
1227
4484
18812
13973
25081
12978
1798
14591
20194
8132
29617
27042
8789
6551
15604
12257
5818
24389
6804
17733
7426
1353
22830
26053
23518
18404
29455
21829
12079
23744
11084
24156
15294
2004
24336
11866
27438
30599
304
12938
25647
11288
29701
23220
21236
28221
13690
25830
5606
6410
4452
5748
8858
15125
19986
1598
14080
21208
1829
23601
10974
10838
10914
10769
30077
5634
19526
16757
15267
6876
17178
11027
31168
16349
17735
9021
7788
3733
30250
16300
10513
1811
6827
8829
8421
2821
26571
24185
30748
1056
8061
28825
12123
18882
28599
29385
19823
2518
18376
27629
32575
14585
6124
24866
29695
19930
12062
3142
18855
19431
11053
23482
7588
24870
12050
8038
5581
7008
21377
1790
30104
30853
1470
21892
5006
22092
18610
28175
17148
1306
3134
7626
1516
549
3791
18239
6995
7385
32051
21206
15756
2939
17579
2200
9477
13068
19265
14137
9017
9840
603
19542
27102
8399
1937
16891
21087
32572
18364
1384
14732
32148
22607
15125
17297
15017
31467
1011
7204
18336
32557
10229
1795
18072
30411
18895
21662
23693
28639
2046
3856
31355
10626
12040
29524
16838
30365
24837
2742
2009
17148
22110
30855
15629
28324
7125
20501
15053
29543
29125
1755
15609
2229
12459
22260
2695
14773
22246
9686
4464
8596
9147
17212
31178
16926
25500
5220
29745
10379
20906
32635
18284
21659
12920
11094
24910
5605
3090
26466
28377
21355
7998
20446
16298
29043
1537
583
30865
18834
7013
30228
22911
26890
4218
19876
6821
2390
21147
13173
9434
30466
9970
6038
10557
23232
7999
24927
23580
6329
19412
26975
22293
14881
20196
20374
26235
5390
13566
484
17916
9866
14037
1730
4224
21222
18498
24624
26451
82
6284
6894
5255
16299
26598
24047
11412
30612
22073
3595
29506
17864
3876
23028
1993
2735
30530
17003
7222
21295
16043
29364
15376
5316
31933
32071
26172
28627
14620
20680
32286
27707
1527
31033
22529
25646
3981
367
25785
4415
17648
2242
16518
28603
32265
24841
10556
27709
17117
18630
8097
3965
6158
5533
14359
7273
29861
25355
24187
21623
17678
6484
4428
22073
8036
24765
22544
18994
3312
21756
30963
20968
3308
3309
12722
27962
13452
19078
30647
18932
4159
26381
902
12705
10802
20360
11095
2464
23061
9590
20740
6522
16931
22460
26406
2931
7516
18402
20859
23391
17173
20351
9356
10167
947
14834
2188
6380
17076
1619
17282
21243
29167
1450
11947
9538
21020
10590
6937
27794
7318
5616
27041
23429
31328
19944
23028
7442
27750
2320
21772
1374
2310
3041
14026
17621
13007
4923
23261
20858
11401
10329
28901
31355
11893
28931
23512
23049
24790
20485
8357
6502
24495
27105
10264
15168
11215
25025
22526
24637
11531
25263
18313
14807
10699
18696
4854
8042
22472
46
4716
31115
27155
26750
30760
30620
16474
22914
6615
17309
7015
5223
26947
10309
31465
15025
24626
23890
2167
7469
25483
28189
13266
30503
25019
28273
25706
27102
12375
29085
25636
19509
27907
30664
26459
8875
26002
17797
22053
21389
19311
22952
15063
27499
13883
30039
31179
1480
14775
27236
13920
11797
4837
9178
2371
19681
12394
7381
27629
30026
6711
14743
32109
9911
31848
14041
1128
22217
22892
9055
21086
22414
10087
6095
27694
28152
23764
8387
7133
11406
12399
3869
20371
26210
4178
8859
27110
20035
5214
17067
26459
5683
28636
14720
32042
8988
9828
9573
5442
10430
2046
5201
19341
16876
14472
32188
20597
22776
18008
3762
21671
29804
5154
31782
25111
15354
6683
20360
17988
18870
16990
24986
29117
7043
25743
30591
28900
14539
9407
13844
25074
24692
14736
24452
3131
21263
23962
3863
31924
3410
28685
26443
19378
1736
2199
26150
28660
18631
648
21450
17124
29091
17204
32586
6682
30753
16280
15804
6690
17198
1345
24464
9855
27089
19050
4128
4847
12127
18789
21383
31217
4078
27452
5815
23685
28939
1431
1478
28467
19120
12256
7305
14414
23664
29606
9572
25466
17141
23615
6752
28268
428
10674
7294
4849
21695
10964
30028
4658
24388
688
22197
17718
2484
23852
19741
5800
9374
22250
6062
18907
9116
7277
23276
13067
1159
1149
24976
17638
14055
10700
24467
5962
6061
18393
27529
19281
21797
24341
8752
28811
20262
25669
10313
20362
18316
32551
32422
15780
30439
7256
23685
24052
22901
22133
1052
29602
18510
31360
17781
10596
13023
11142
9084
29253
3225
27007
20311
26534
17130
32630
28149
18562
20333
7402
23530
32246
14942
7795
25466
18688
8528
18857
6387
32135
5666
65
20801
28315
27183
11897
26300
28671
14789
30903
16452
4324
19417
27756
20112
29688
6648
14399
29635
26783
5249
12136
2368
10624
30482
7257
30656
25668
16704
9892
5538
28314
10123
20505
16258
19583
4240
19758
24332
27580
29313
15525
21522
14512
9427
616
29661
28751
31286
18872
4801
21355
14026
29318
19444
7987
13968
28193
31649
28409
22559
20242
7991
27448
32664
4164
4103
27093
17883
22377
19470
25509
10235
13976
16655
25392
19184
12603
19942
20660
10124
2088
28184
16237
12977
4366
17326
8212
21952
7443
29508
31910
19284
12987
1629
8550
13361
7948
18425
22309
30839
8688
20330
4801
18716
14810
11619
15852
21912
21164
28498
32046
2530
23513
27887
5933
26780
2502
5141
24877
21898
18039
9938
21715
25673
5479
8122
13102
32574
28343
12416
22776
31436
21899
3783
10264
26826
11698
821
10860
16436
5253
28361
20934
11552
16657
14959
31028
7412
12152
25810
2949
23255
7060
8818
29448
20581
3806
17398
13975
16039
1422
22211
26580
834
28420
13261
18099
15854
3431
28845
15929
27178
30860
26357
7811
16687
18457
17856
14345
30754
10474
24973
15396
11917
25011
13901
1742
8464
2791
20410
13737
29780
32217
3051
12356
11329
16162
27685
1433
9073
26690
26613
17114
5860
21642
30331
10093
6645
5433
16905
23093
1676
28901
14829
1043
15766
29212
30346
29612
19378
18764
9134
11885
17965
1504
25887
4813
29745
27308
26999
28626
6201
24971
7986
13783
28104
21062
16390
9356
12123
24760
9843
6718
14492
22064
8602
26713
6360
14871
15186
20779
10675
24019
9337
4842
32283
24554
15240
9209
15738
27243
24938
1127
16176
12426
4239
18617
31296
28554
27196
16873
7497
30432
11813
26286
25273
31637
20541
25086
30013
15084
8397
27345
30844
12357
15043
18729
2564
25153
11341
11343
20100
2855
3495
13919
24381
8326
31282
24838
11187
32284
8133
8075
9128
14327
22599
25100
15690
22490
382
24075
11180
2530
1826
16425
22899
31849
21302
11056
31698
30507
6296
10327
20920
28071
11222
27842
25415
4297
24131
6217
21897
9157
3914
20858
9822
6214
26627
25313
25785
13768
29956
15751
14604
20546
4730
1208
20993
21001
24184
1801
2411
7409
9614
18586
21884
1717
32158
665
23096
29849
747
15367
12073
23117
27507
24511
11605
8213
25727
29620
22893
13351
28280
21882
15943
19284
11004
8200
19342
5355
20785
7868
3257
26075
15449
29087
19513
7959
18599
18155
30455
21311
29265
19914
21501
28540
27367
18017
25715
27564
6371
21261
32718
17855
13697
28396
68
19552
31953
11680
4995
31960
9226
10319
930
30768
2593
15342
3160
21398
22170
31936
4204
18435
31391
793
17260
1306
18511
30056
7074
11090
5208
29556
8260
12631
5576
18150
26603
14510
30752
32008
23366
5528
21418
19916
4112
3642
13
29712
20543
5370
29983
23328
8575
556
11770
17789
24798
4334
16978
20701
18121
9040
10758
31602
26423
4537
24308
3695
548
2438
20754
4553
14401
16115
24763
11578
30698
30271
21318
6796
13912
10251
30173
3348
18712
17668
25228
12925
29627
23745
7065
12487
32208
11246
28948
17806
25871
21931
25774
27280
32727
19503
32719
9066
9179
11441
20450
22690
9496
4744
31988
25578
16650
9617
11901
12707
18975
26577
12925
7073
10092
1627
6859
24878
31902
12660
17578
24657
3636
16374
32414
29776
13804
8690
16510
7539
31611
26265
10697
22027
9601
22877
14909
14515
22204
31315
30886
23510
2940
21980
31733
1649
2903
32644
2705
8730
8989
13354
17394
3650
15119
26466
2155
14519
7499
16407
4935
8044
139
18549
31512
8061
11023
21765
3148
13678
16856
26394
12801
4788
6167
3693
24859
11382
4837
3588
14739
10132
30004
18520
21009
17897
10246
14006
25022
14541
21213
28646
15443
31966
22642
523
21623
8961
2985
9162
14407
10915
12485
174
15414
20805
7896
9419
18455
31543
5502
19362
31352
6563
6859
5701
5682
12750
30082
27836
28222
27035
6024
3750
17354
15697
3224
5923
19084
17053
16695
30706
18263
7387
13803
12247
31980
1681
29352
16448
23314
5180
20107
9767
9193
5200
24523
23098
31611
12410
10220
7226
5524
13352
20533
3489
30164
7243
2661
24455
30210
21595
27042
6086
1699
17564
18354
12637
24011
5537
2669
7186
2100
19726
23922
24412
4237
10146
13338
25727
12564
21620
10154
11257
17255
30076
1485
29213
25239
2390
9025
1790
29567
8771
18128
23950
1876
3697
16514
5639
19581
21884
273
1930
420
12084
17821
3334
7949
22433
11169
6492
10790
25668
16678
22209
26464
32416
25910
21859
24126
10233
3220
3407
25515
27228
16042
14226
7825
6879
24259
17054
15015
4394
5498
26096
15755
30774
28274
6384
12816
7253
32328
28953
7641
23155
9414
11097
29991
5275
16218
25787
239
20413
24518
17987
27440
24238
23320
10265
25987
15984
17629
28651
7668
1972
10898
11916
30224
6557
9051
16609
12351
25031
2040
30717
1876
25992
26356
3211
25699
28789
2335
24940
9938
3112
6719
22946
12979
9537
18947
17773
14673
427
31032
10931
28681
27681
18239
27813
10588
14576
5055
5792
1090
2046
18583
20049
9664
26635
23
12573
12476
16183
23407
8384
28689
7364
7527
17204
26335
22558
23889
14804
15140
8472
26172
21441
11921
25977
5739
16261
6550
12215
21254
32758
7360
25346
25614
10333
31812
30852
19606
9176
23004
8680
29489
3069
16593
29977
11943
21184
14425
1356
2796
17303
20516
3392
23122
8156
23346
3780
26365
23154
19687
2939
22679
13995
27745
15068
8774
20073
21001
24956
3291
17284
25448
11664
12621
8300
16701
15533
30565
11280
23500
11987
27834
13566
8568
27306
2016
6091
31636
30475
11229
1205
3447
3522
32732
18567
27086
19347
28454
7357
12855
8571
25933
17129
21771
27447
6826
28501
23930
20235
1290
18154
2526
19132
16549
29776
7241
4574
1360
6231
6496
8534
31731
6550
26989
11287
2108
5970
4015
17711
23189
929
27637
27399
24148
10446
14955
22502
22578
7680
17843
15288
18687
28439
32567
17166
26772
31703
29118
3941
19720
21064
16958
1195
4647
2140
13041
4095
5407
22739
23723
19385
6269
1884
4715
9386
25688
20477
9008
25765
14028
26036
28174
17981
6315
17503
31872
30161
27246
23001
5888
9158
15730
19046
2005
3092
19809
21585
45
5892
11757
5843
21355
30520
197
16439
31938
26859
18369
26428
8963
30330
10080
5051
3763
26147
11637
14985
18017
13581
28701
12447
17718
17289
6388
22904
32718
5784
12425
5307
11078
21165
15887
12058
31383
21428
3925
23162
17954
1618
15608
29012
20876
26223
16087
2395
9163
18162
9415
6495
9601
18123
18312
13937
31113
5943
1528
11336
17360
30527
25223
29923
21095
2178
5355
21360
23766
24885
25621
5741
19890
32616
23651
17677
19058
395
13847
15325
28030
18480
8
31911
26249
25875
25239
13718
29985
31575
3813
17308
29060
29970
11843
13329
22454
12812
26090
2461
2256
5060
17133
18519
13979
2740
8811
3374
11613
2262
27145
13449
28659
32103
9375
21546
23072
15851
22322
3160
15653
113
8739
29757
10898
19224
677
9613
24923
31954
18548
11112
4398
21352
5061
22658
26628
4799
28536
18561
7671
12633
23445
4262
29523
11806
23542
25520
21743
29533
24385
11517
6846
27406
4634
26355
5281
10330
29334
12446
22911
19037
14322
26266
3224
31786
25221
17204
3350
13839
2035
18892
17381
9243
12196
382
965
21982
21364
17153
12190
7024
22700
7630
6931
13237
5426
6277
22873
12254
13564
20621
28234
12339
5066
15611
5557
24080
24341
6326
5369
18222
5186
14296
19154
32292
12060
19543
29042
9262
7297
24036
18132
16428
17755
30995
3917
1774
17875
22973
9828
30894
9409
5283
4579
30686
8038
1107
19246
15653
23901
32080
13012
19620
8399
3437
25188
20605
18151
19066
20610
31894
11397
29730
31545
24474
19255
27924
3219
17729
8805
20321
11623
3538
16587
8229
31347
7910
556
26218
20394
20846
21829
10569
24015
247
7681
6482
15939
8237
2027
26927
31004
30366
23784
6531
12662
27585
13350
15384
27662
823
3408
29242
9229
28240
11268
10846
8737
22225
18310
24840
18898
18165
25270
26859
20756
21169
24639
32337
5656
26172
10002
10685
1896
24015
27411
13775
21043
19114
28177
15465
19173
2391
19708
3856
17403
3378
11602
32405
18198
1321
24283
17908
25678
15809
17814
7292
3016
25689
8179
13104
9611
4019
32066
8558
23439
12720
30828
1230
18967
22107
2785
22605
2625
21545
3025
18091
19164
20864
12191
31761
27513
17269
7059
15095
19909
18906
25039
14405
20758
3192
31108
696
11331
32153
1893
31112
6585
9674
2652
5704
2507
23774
16508
3597
20298
5174
22584
3538
31318
5696
16850
5659
21875
24382
13590
14809
14560
29513
16199
17550
10276
21909
27994
2993
28137
1270
26210
28500
10765
8611
2636
19972
1527
8251
26828
28657
807
11781
9367
11599
6161
10876
5843
21499
3884
23051
18123
4194
23622
13845
2536
23967
23578
32312
24541
16611
12836
28371
24353
21530
14516
16581
17826
25547
14146
22136
440
9280
21249
14879
18263
16872
28086
20795
1418
20729
26315
26980
20508
24665
29343
582
4504
13247
31777
30954
6517
26902
17565
30775
23178
3362
13782
21176
28104
25445
6740
10655
11559
25924
12287
1290
31457
15462
18669
16774
2271
15453
28281
30417
13424
8072
14997
15333
19009
2871
23393
27697
18058
7953
29948
21034
25989
5043
21913
23298
6180
11418
12246
14263
12547
323
20298
3920
23964
24976
31581
9828
16314
22894
31837
8155
15152
6069
30414
15096
19402
15440
4353
12952
30596
20893
5864
8628
12538
29974
4136
4397
15904
29490
31856
4809
30515
23174
10761
3448
29167
18992
23215
7901
27907
32629
10912
13833
4034
26281
28146
19338
21019
13135
30761
23204
8395
17282
521
32734
4561
21140
8617
24769
15650
16116
2249
16604
3487
26453
32101
26635
7748
25356
16523
15865
30626
6586
22377
16100
16783
32300
27306
11680
15644
28799
12291
9951
6855
2952
4616
31151
242
24947
2629
26948
22164
27561
24970
15352
9775
12792
19078
15248
11522
27886
2711
2753
27263
10117
9441
29683
17407
9222
15262
5444
4277
2087
7092
3536
8672
5238
9869
4144
6981
27387
3619
32320
12253
10521
5978
29221
5835
22710
22163
22671
19600
31900
6782
60
29826
15390
31023
17086
28283
29182
13173
10877
29902
8846
25191
14847
22143
7446
9023
14439
8627
19574
13676
10044
21093
31500
16098
17772
22875
3544
10933
17297
3928
31454
21990
3442
26772
32460
32381
19661
31849
21981
10455
2388
13647
31741
28482
2549
15626
14382
28615
23390
31010
30506
19527
8129
11156
14666
28874
3028
3015
6054
5139
13597
27585
9342
9848
5484
15771
10969
8944
26537
3378
4459
30318
16847
16928
25788
29037
4153
15851
19591
30668
22045
10875
28768
25309
22358
3282
3994
18873
3942
28663
20584
9174
6587
15411
2626
31195
28465
3712
3979
6322
7385
9279
14960
31455
22521
12073
16659
23569
4947
9608
5353
10999
31146
25255
20832
19797
29059
11143
32198
27223
3625
27603
9830
12069
4595
16150
4340
16823
26057
6700
4139
21995
10725
10487
15028
6357
17367
13395
2378
26198
3532
9291
8220
31984
2831
29325
18290
9176
17872
8475
22420
30541
14885
2372
7144
20265
29262
5843
29018
29622
14397
17286
9216
5314
86
26305
20478
14070
29043
11652
18856
2915
11819
20123
20711
25950
17236
20244
5086
17038
24518
27382
17613
6467
14690
30256
18229
24841
17235
18896
14397
2430
6548
4469
22100
21344
17842
3335
3096
16362
16596
6821
8822
2657
22264
7391
24083
24554
20351
4390
3051
18846
32492
27264
16697
31968
9705
1153
21142
1518
16779
17014
18020
183
12502
12003
18029
21485
21380
12080
21704
8794
1538
8095
18429
26231
7868
27521
21096
27707
20634
30122
6371
7473
5834
25890
7327
21197
3521
10781
31827
8960
23932
20269
20633
23306
6412
27319
10132
7312
14161
17572
25559
20718
2310
1112
642
26318
20477
31464
3246
3578
23468
23943
14348
25966
20201
1090
31432
20402
29426
238
5812
24934
15280
8798
24482
7710
24893
14297
16657
30577
12963
10442
18189
16973
1511
13498
11856
5773
26950
28540
16301
19662
31166
19879
31407
3710
720
21834
21373
11317
19333
18138
2048
11849
13487
21103
20552
21405
3185
11568
28204
29369
15105
6924
24625
28960
11437
16556
15278
17629
7452
20901
29229
13408
10199
28401
1555
18568
16903
18848
29316
9473
385
24011
19073
15056
21759
22986
21331
2348
4528
1446
7725
24720
31220
16081
25869
23566
8544
23573
12003
1254
21001
3531
32501
21591
22271
3661
4994
1973
20503
13998
30629
31420
29422
19368
27773
31780
23850
5845
28043
20597
23555
8226
21595
22301
19715
7042
24423
1472
31753
24287
8248
11727
8852
29782
5326
16476
27710
7331
28738
1069
9351
21978
22186
29199
29140
14937
4157
11116
16824
19450
30648
16160
19057
32653
10240
12425
17846
7301
11528
29917
18608
17649
15349
23233
23878
14766
13952
4119
16541
11995
32156
14871
27359
17550
22361
21409
17468
30661
27657
17873
11055
8096
7841
28373
12291
19149
17506
2811
10645
4419
32696
13326
1883
11827
16994
27363
1189
30267
15059
24367
8483
32222
12504
27035
680
1073
5500
27675
9261
30166
18985
3195
30233
7214
25359
32059
21440
19659
26825
18588
29225
11556
23870
20987
11284
24205
1990
350
20283
9830
19599
19789
20185
26258
4926
5859
32617
31275
217
3108
16304
19059
2276
1169
13053
12302
6602
3066
28848
29807
26751
3988
19705
1937
8036
24907
7906
15847
29803
1369
10128
10901
27259
32280
32453
27104
16918
2580
10410
28643
23865
2149
14540
12164
6787
30524
9828
11687
27546
16571
13787
21666
10955
18954
7053
7152
29680
30887
15310
22569
1175
8701
11306
18225
26464
6457
23025
11440
28327
20313
31220
4803
16995
14725
9609
754
1358
29091
18645
19297
21831
17702
17994
9290
10996
9766
29550
18858
23723
12982
21214
23867
18579
18034
12179
9379
27142
19031
32101
30699
24122
14040
8909
29746
7201
31789
4079
18083
25485
17647
18136
9124
10136
18146
14596
15952
30787
5650
7715
21544
12125
11809
10268
8453
25767
9695
14419
20306
27957
16667
31272
14455
27159
21689
1728
2456
10809
12549
30215
8320
25480
1607
245
13528
1878
30616
6417
8605
13824
20467
6452
25297
5582
3471
29584
7024
4378
14188
240
14245
16309
12588
21825
32574
32646
293
15698
11358
116
15540
18904
23153
18311
3796
2997
24933
27977
3311
25978
28952
7027
19956
5674
268
3525
30633
24897
26722
6710
13891
30708
12806
1101
21044
1979
295
8143
22596
4621
6634
1690
2019
29034
25183
26065
31677
12191
28596
9785
16528
4422
29608
29667
20026
31372
7747
26892
5911
4407
18372
24641
8585
16359
30428
12743
24536
32411
5913
24633
14909
1144
29605
30835
32569
18118
18992
10415
11819
26940
2603
21230
20514
893
5175
7834
21232
24546
3549
19817
6784
6010
7551
22404
15465
12111
8846
4841
6594
6891
15870
27149
19257
18459
16119
26054
4959
6131
18382
3689
19270
26898
16179
26671
32078
5928
25004
3806
8764
5045
1858
13477
13452
31763
29049
2119
3593
20662
13702
18044
17306
12723
5821
31380
29535
17535
25929
12893
14588
9977
13599
10567
15413
5035
309
11974
3516
6989
3822
19448
17990
6027
9689
27784
7140
15113
28572
3794
24977
25251
5163
16199
9479
3065
26174
25363
24280
5419
13313
5630
26809
10721
4109
8080
11809
399
9879
17273
19219
21239
29415
28976
3383
8431
26892
5849
2864
17508
26575
7020
17962
22431
1765
17428
2482
26311
5481
2261
32203
2471
23689
7282
7998
19122
31359
11150
4657
32580
27075
5905
763
29995
2174
11725
2359
6502
13378
10594
16663
31788
19961
29278
3836
22065
14876
28585
16707
29476
12582
25889
1121
9596
29767
9601
23858
10100
14940
7047
7566
3412
26911
28246
1822
11507
28315
17689
4205
7802
20196
28137
66
14954
14852
27633
21294
14561
15928
12495
8033
22041
27229
1342
27329
8241
29861
25842
10046
21040
14734
20932
18783
24647
10005
25103
11553
6486
26662
3674
15618
434
25688
567
3929
19238
26583
29802
28136
3639
1953
19022
31668
10412
5622
2677
27925
25934
15113
25231
1545
20717
1532
17549
21197
24739
2571
24326
20143
19805
23560
29913
27934
18582
1031
22548
14595
28262
14170
3092
32340
6332
28352
21230
12773
30695
11481
10766
2946
5212
2269
31262
1596
7603
20878
32298
15104
10994
23659
9729
18798
20494
21799
30686
17127
11439
8537
13639
19432
22580
11381
18230
26519
20215
12283
13687
8604
17618
19438
11601
2610
226
904
23400
14462
9866
29228
7394
18207
4027
19612
19401
32518
7283
620
10928
9352
7044
5047
13210
6833
12439
28432
19991
20700
23408
27579
12464
11904
1140
13342
29061
29005
12904
13426
2613
12664
19835
25022
21246
83
4999
27910
14630
21792
8596
14015
13465
15399
13982
5767
16595
31750
5016
19219
23808
9545
7344
9833
22370
16442
8149
19023
26612
3322
25718
2307
24141
2513
26765
15916
26310
13251
28381
13329
10975
13668
17015
26889
20703
30701
21379
18738
7867
19086
4413
12390
17465
5126
9534
18539
4181
17010
29693
5994
5604
28002
1685
21155
887
24114
16841
18782
12930
29336
3653
31781
12734
3449
22054
13360
20171
2561
31677
12065
25370
25842
11664
13042
26634
4156
15266
7723
5713
9423
20981
18520
5278
26285
15436
18106
31101
20291
5941
26941
9338
4601
4679
938
12937
20232
10153
22302
4517
26763
27860
12219
30648
11738
24729
2717
16571
20755
23141
22543
30750
23289
32452
11775
4458
4354
23844
32432
5157
427
6876
10159
16118
11023
20332
27912
26121
28600
30214
13497
4277
19893
6222
5735
6748
3052
5727
4944
23187
20914
12302
2689
6275
23705
13170
15689
19855
18569
29860
30701
31544
7699
29379
12957
6205
6913
20027
16039
22790
26930
29767
21483
22338
14245
9141
4751
23760
27091
12010
19700
21979
20802
7973
11752
11850
9559
7432
3869
7767
11628
16980
5081
10877
20770
14580
23536
23192
760
19261
25328
27720
14621
18804
24475
1174
26755
26768
14234
9434
13877
32322
23407
26332
21226
15923
7852
17465
13530
23693
24674
27912
9168
14780
6109
29118
19329
31606
6542
17487
18460
14072
10313
21654
24866
4243
9905
19447
26232
29800
31984
11331
25531
19568
1707
21979
7635
22463
7476
14617
3787
1801
4610
14059
21471
613
11615
29889
16855
15441
1377
10154
5012
13814
16667
6841
26345
22702
7188
29870
31660
2244
15865
210
26892
21883
14990
32547
15652
27217
19946
16305
15057
9604
10468
3400
10689
30678
25033
11087
27853
29069
23888
27376
21129
8383
17359
7034
21529
9420
22190
23043
13894
6956
14876
1105
16593
18795
1794
21243
6
10353
14645
24267
17557
13575
19952
5479
21918
10647
9857
24880
2315
1331
834
2155
13858
985
10955
1951
13914
27638
4454
27453
26734
21800
5316
27782
27057
19528
8174
21930
31137
30888
19325
28973
15294
9881
19982
2191
19357
23345
20721
13868
22328
21835
32033
3681
13192
8142
21625
25584
8022
6451
11044
11174
10318
5185
21846
17211
26197
30235
23865
8057
284
30077
21803
9632
13301
24387
6694
13322
17382
1067
6783
7691
7164
13275
29908
7963
994
26918
832
2359
9394
2955
9936
12932
20491
27134
26427
26166
15716
21228
15053
23728
12704
28025
2725
32492
17634
14348
18208
31006
15010
20493
8341
24724
8193
26349
14403
28897
9305
2151
23943
9274
24601
5638
11091
11040
32208
7144
6619
1856
31111
25281
22673
19863
27220
25378
1108
21465
2604
32252
3556
19732
28665
7776
25754
6544
12268
10376
14678
19963
22037
23067
28088
13762
28465
32685
915
21698
5059
9093
8350
11296
10598
6564
31341
18037
20065
3331
16032
20271
9084
29211
19291
14644
26642
682
19446
14536
7272
9909
3573
5296
7741
28361
8762
4759
29602
903
7801
690
14348
11872
4845
11936
24488
24476
2121
12180
17646
21921
6642
28597
13433
18802
107
23237
27414
17526
8208
513
14875
891
28680
14153
17914
2810
19829
25473
4885
20636
3821
7223
21716
7678
27694
15494
13045
4273
3597
1338
31012
23430
23216
2100
25804
11528
20989
25361
1324
24393
3666
3334
25005
21730
15735
15374
23155
10037
9681
9544
30514
2549
3032
7322
6211
2025
3019
22427
15863
31980
15266
22448
23083
28985
10564
16245
24604
14821
2298
5982
1661
685
10275
17822
28615
9458
30762
15687
11473
28674
17846
10419
19872
18073
28704
4900
29824
13736
13610
21927
8019
26708
25838
19262
6954
7490
4628
4157
22034
274
4680
20725
817
4649
25323
27536
17681
29108
17929
26940
21051
17897
11148
4748
18440
4496
15023
8986
8116
9411
4021
24690
31156
2802
474
6187
13129
6698
1418
18775
31318
1942
32465
32030
21359
9542
6163
4773
17970
11567
28925
565
9178
15731
14779
23449
7185
27107
3691
967
5126
1730
9938
30147
29632
4300
11854
2753
23986
22135
22540
3466
1167
18041
891
7456
4959
1930
1281
8869
23507
15723
26348
24185
16085
7975
13995
20643
868
17049
12862
114
3999
16686
27115
26467
14367
6637
10803
838
6538
29876
16900
21405
12389
10948
31024
17989
9002
14463
19230
22360
29339
31857
14784
26705
1109
26510
19652
4721
15272
698
4367
30818
5286
28047
11367
23323
30074
14938
22895
30211
10748
19302
24537
26201
15746
5502
23767
8659
9976
27565
28626
16517
31539
14408
8031
7685
6530
18222
2671
5581
1670
1359
14789
24288
26948
22891
9646
19121
24185
31260
17388
27456
5677
25879
12787
25734
28555
23471
20312
27923
1776
2203
23686
16886
27202
13048
29107
4573
26499
8850
25106
9085
10662
6495
24394
15156
6049
1612
28968
1005
10691
21820
5520
32581
10568
78
7354
16620
3627
18015
5531
31053
28475
10961
24224
4977
14449
8842
11938
27168
7041
4671
10775
22602
28335
498
22661
10406
28132
10681
3645
10393
4609
15298
7749
25177
29299
3988
26774
16978
25864
4759
6279
11209
20480
8663
10122
16575
25192
12549
30742
24856
9891
25279
7396
9468
9034
30224
8286
22142
32310
11579
24661
11899
21978
4532
20978
22725
17622
14704
16879
897
17354
29022
25862
32206
23912
28982
19626
10664
26830
31857
5110
17675
15890
5272
22755
20059
6430
8386
21949
2051
7870
11865
11992
24413
14327
12060
18559
15058
14235
22634
14637
29506
32282
1981
11264
31909
3995
20597
18282
499
20555
5847
27690
30786
23285
23637
24698
27950
9684
8463
15242
5246
27045
32411
9518
22789
32511
24577
15827
29893
9703
31498
17080
21595
27552
28347
16987
18839
8896
11036
30001
20842
8585
1598
3737
28933
14965
8827
6675
28223
8979
2560
14509
26423
15634
9097
21183
3387
30107
25708
4568
1769
12005
25561
14072
15764
26627
13152
8448
6634
5888
8371
5990
29651
26925
17582
11565
14748
23994
916
20501
4692
28292
25244
22543
32630
15150
22188
10995
16841
27251
28772
18549
1413
13754
2398
21078
6583
21227
22196
25815
14054
12418
1219
21363
6391
14306
16431
7629
28750
2539
20520
12520
28214
27086
9707
18582
28803
18976
1419
1331
4214
12334
11249
2450
6368
24977
5665
13624
10122
4098
19904
20168
32213
30575
24275
12991
17566
8782
23242
23137
18276
18481
3261
20212
27309
31386
17141
23851
24997
5137
20910
7397
26377
7541
13083
8472
32067
7568
26795
25607
31191
1773
395
17340
24573
14318
27244
8882
20111
16665
27270
210
1318
26035
29149
8352
17537
2704
7363
3255
3622
1833
4254
4467
1867
3311
5611
32493
758
6367
4995
18220
30564
9047
20253
19609
25256
552
5909
29876
25236
12524
14700
21254
988
29594
27663
86
3193
1879
2652
29216
17740
21903
19426
26179
1796
23877
22632
14074
3649
18087
23857
11021
23289
21734
1919
5705
7964
10820
2134
24109
115
4719
1410
14054
12750
18189
7132
11390
10078
25240
22216
19536
27232
30060
16642
703
20475
28958
29339
295
5996
24080
16446
16404
13152
3906
28600
29106
17057
18539
5559
30853
31733
2633
210
13914
4420
31029
21962
18302
19960
4602
16656
32301
29865
8423
24967
12877
8186
12067
20618
14685
10942
23105
27441
6824
25440
18964
16592
21438
3713
14533
19137
16676
31970
16674
20836
32587
14469
26425
8803
22463
3343
3878
31803
3745
28529
22057
21240
9303
2247
508
21055
24450
26752
31331
16530
13104
8640
260
10192
21844
22530
7033
26363
6515
32514
25508
4414
25503
20954
12866
15919
18345
17771
22467
12113
10387
31230
22362
28381
27716
28715
22608
19394
6015
1275
16797
22250
26134
31049
13241
17855
13147
2158
21680
24046
18136
21021
8821
20074
22848
7051
16248
6581
26021
11219
28026
30043
6890
18330
10912
17087
380
4078
9415
1305
10557
18548
30488
30912
29633
18627
26076
12197
20157
7435
3217
22304
29372
6650
12861
2800
31252
26592
14338
22909
25625
18705
22003
23903
22672
8075
6694
4132
16231
30168
24074
14926
163
3894
9723
9372
153
17142
7956
28299
11361
10018
12101
11803
10888
20066
19365
15574
1029
7456
2313
22031
22894
31211
6869
27240
30828
23833
13330
19607
25965
945
32449
7017
11672
18824
7535
3334
5382
28329
27402
32632
29999
19450
27891
29287
24482
15133
11092
20006
22778
13717
25524
7156
16397
28458
18889
4987
13670
28558
19085
8605
5878
28480
1428
19568
25606
31665
28828
6279
7536
9894
22886
21364
30223
17629
14788
26506
26484
32755
4596
7400
32474
16261
15660
27571
30300
11670
29814
17314
28262
23088
29630
27840
23402
16974
29993
25965
31700
15866
30377
24998
27199
6579
32207
20359
8169
24337
19936
1294
31588
4268
17450
31522
8079
23865
20120
14804
16069
3574
12421
23012
9812
13385
2510
16263
7729
23203
21547
29287
28906
15531
19135
14060
12251
19097
28653
19642
1957
31711
9582
30331
14556
13583
2720
11998
2304
17657
5409
11999
16303
15635
6045
10570
1048
10527
10980
24442
11955
27143
11584
29543
25392
14348
19461
6880
1709
4127
19305
6164
26155
4239
150
6999
8515
2277
12798
29219
11541
16653
20975
10077
898
15286
18279
30938
21147
30714
14633
17954
16472
30274
3856
23668
5774
1124
7588
17418
27419
5391
12267
29341
6243
9833
25474
1836
6657
31734
2795
29434
8630
12220
2601
13270
30885
24229
24970
926
195
29732
23237
8454
27273
22811
3140
5526
29420
2557
9923
7410
15758
22576
16666
4446
7990
23221
5719
385
27774
21002
27152
21353
8395
847
1784
6352
29058
20137
2991
30878
8569
1252
31199
20911
10412
16476
15236
31445
1074
17693
4747
17441
17007
11337
9887
7518
8074
24250
9536
1503
17953
8937
10261
10619
2108
16910
21891
20181
9344
2185
28542
31457
27558
9601
17567
28067
23083
11723
14199
23610
31304
17933
20516
3102
8740
14371
3105
13222
25161
30657
24675
17357
14420
23130
8609
32565
23025
1601
18163
620
11271
23823
15006
8559
14896
25924
11566
15980
17004
30513
7878
32204
10518
12565
4789
31601
26903
30342
8521
25916
21593
32530
23528
7891
14463
14375
14172
21153
15315
32304
28783
5150
1663
28929
7864
30544
3073
26485
27060
16786
2265
18005
5145
6036
2180
15996
20838
19619
1966
13881
6591
14122
1700
25077
28664
11897
8200
20502
19952
5574
30664
27683
11040
6257
5712
15656
20851
31629
1023
25436
29784
10395
14552
6401
15894
21912
13435
14988
18273
28219
21075
6662
11562
8824
11792
8626
14523
15944
11352
2544
19970
11948
31673
9825
5165
22511
8675
3660
3192
8492
26900
9280
2883
22801
16851
16635
18280
22498
27873
1419
29643
705
365
6323
5939
5164
9095
21392
5720
19911
32471
8572
9277
30556
22927
5939
3263
20256
21406
1333
3438
20280
9767
2411
12445
27771
30513
25612
24245
12922
5536
5058
6607
24765
12644
32009
6017
27984
25584
8408
11511
4223
7405
9860
16710
15837
18224
15585
14846
11915
14826
5802
5630
24758
18975
1571
10893
12386
4186
31740
13990
28006
13982
28025
16530
4792
25247
26064
29117
747
4146
18131
25794
28150
28675
31950
6600
17463
7814
10675
1297
23224
18224
2932
27600
9392
2022
8625
827
9805
10422
22163
1506
1200
31685
12024
13119
22330
31112
17872
28046
7686
27959
5830
27103
438
17791
23588
9833
16499
23928
1008
6945
27695
20950
91
22667
24109
13923
30557
2256
964
16301
5529
1810
26720
13563
2182
252
8393
16006
25552
22173
31656
25574
30204
11382
6983
20171
20556
25553
23704
9709
1506
27989
12153
5190
26151
10712
17462
20606
13934
19828
12879
14503
11989
30941
31868
22058
15980
31985
5615
24065
23194
31889
19673
295
23996
24752
15919
8525
14606
21161
13998
15823
32207
12502
9501
11494
416
12638
466
29983
8750
10062
20343
23308
27664
7660
6414
30521
10483
15944
4403
26721
6388
13075
13985
30178
23373
32436
8696
13935
18996
30617
24766
3845
19968
24267
419
7712
27534
17606
13833
26414
4579
12423
11459
21060
27410
15590
2589
21520
13408
8230
8477
21007
24999
20939
21001
5887
4088
17067
12841
27544
2948
23368
24782
10103
27837
13405
11668
20059
4280
15799
29667
3475
28886
18246
20412
11703
7587
8308
4018
19607
24830
16821
2102
29553
19323
13408
11288
23911
12549
11453
3659
559
22728
2655
12521
14605
25678
12980
17782
2046
12775
31194
17001
29494
15951
3508
29160
24781
18827
5950
24020
25782
17172
1565
15621
2288
16695
14971
17879
26112
1980
273
2533
8094
25030
5509
16148
6575
21242
7927
6612
31091
25571
23255
7330
18176
3477
27129
209
17135
2193
29675
7307
17493
745
5254
27155
13045
421
18371
5196
29107
29028
18384
11391
19788
10823
4451
27993
17221
27402
591
12083
13601
3956
18005
29079
23511
1522
1596
7679
3971
18559
3363
26591
14172
23750
22551
28134
30182
8075
17377
129
25961
24391
19745
12706
30881
2578
5793
4543
21431
29382
10723
15901
12656
29026
9724
9294
10405
25260
20645
7929
26099
19227
15760
20441
11699
8435
32760
23304
14892
434
6780
26494
18952
22187
8493
2260
29445
11505
16870
30286
3309
17526
9948
13081
18632
6772
26485
3025
18512
29452
31582
3399
18853
9774
25560
22656
15170
13240
32594
30721
19504
25314
15165
6729
19577
28889
6172
21920
29152
4778
13274
22799
21711
20066
20065
11952
14737
28531
31848
29480
31169
6746
31884
9841
8707
17279
25251
31197
6130
3421
3405
16215
23641
20962
6603
24044
15781
23321
18965
28555
3738
3846
4390
27657
13638
4818
14747
1384
9779
10536
23164
6489
8161
20446
3674
23551
14963
24792
8346
8182
8105
14889
9488
24468
32526
12668
11728
27503
4723
22195
4928
25119
18075
18893
626
21829
23608
10253
17841
16332
5398
21592
31578
12654
16791
7904
12014
21370
16991
4095
2148
10965
21072
23141
1476
15167
11449
14454
29425
28632
25546
14574
5062
27875
31564
16071
13413
11977
7055
14428
5068
6753
28835
20942
23722
25198
2506
9895
8304
26218
19758
14013
2218
28290
21456
8794
12944
26849
16833
29081
26840
3121
28308
27411
12239
863
29203
15803
22440
1695
26929
519
2324
1457
1856
22097
19
18274
18276
6780
26889
8789
21064
3802
5140
13059
27663
23117
29341
13057
32398
15277
4909
21890
5048
27242
3970
19740
21593
27251
8419
24271
24328
22358
20144
9795
2902
27304
27453
28497
27980
16807
21216
18629
11541
9758
8521
13410
1783
24201
20754
6183
1928
18810
31127
21713
22558
18491
7944
9633
12167
15541
18621
11615
15098
7824
20937
21663
4942
27548
10193
23875
4714
30576
27679
20289
7421
24145
10994
8871
13423
8021
7448
19164
25879
8647
10175
1832
25774
10702
3721
7286
29955
74
3038
23641
24305
20991
17286
7502
6542
2549
17271
2113
29094
11038
1771
24402
17768
27962
12214
8664
10334
8440
27095
12710
931
8030
11597
23950
1616
18538
21036
29988
31287
21754
10991
18884
20692
32745
6416
16599
31872
19067
20438
23377
27112
24571
14703
22142
11710
23714
12862
18943
15022
31675
3702
26384
13204
28933
7656
15628
11756
29017
8729
10034
30857
11916
27288
18345
14987
19095
2958
13250
32395
1525
25239
13694
32280
11597
24016
18000
16743
2641
14642
10019
26438
23526
9758
14751
10578
6533
4408
32424
28778
1505
31353
24104
3427
21706
4992
7183
27133
26705
6185
7832
17942
26925
5473
27085
21790
15965
4665
29773
20427
10255
20281
14669
19982
449
4086
11229
32069
28582
8934
28524
1714
31563
7028
31119
14892
25466
29264
254
20756
9055
9
24031
23947
29929
1501
16200
14818
21107
14544
23039
3154
15268
763
29828
13038
16787
28455
29777
11221
7727
29338
20576
19884
23263
2353
3310
25676
19045
22447
9343
1463
23048
18517
546
13137
32242
21939
28918
6989
15575
30653
9453
3685
7895
26401
16592
32206
934
10968
32131
5483
9194
9211
22155
17985
16868
3033
24525
21803
19795
6214
10392
16846
32405
14902
20454
6608
11536
10890
11743
3141
25808
14633
13983
20842
32625
4691
31289
14998
17472
28210
26108
32365
21405
24242
10997
5463
24996
12179
28084
14897
1036
3261
9043
25410
5966
25299
16309
18288
32522
11786
6412
17331
17831
11068
9374
13515
24379
7992
28872
6446
5034
10333
67
3909
21521
20071
27302
983
32613
17544
26156
9414
23127
4539
7864
27641
15995
4949
32278
22169
17578
3548
18820
7296
28325
16413
14449
31726
5114
11385
26756
28030
5676
3200
21216
21593
8206
8897
9895
32426
29808
24287
11452
2642
4093
2024
6350
476
8804
24803
27538
17843
8886
31656
19023
5522
783
11765
28576
20029
18297
23741
6518
12143
1037
4547
6236
15891
1628
3944
25599
5814
11789
22209
22765
17469
14535
21485
925
28371
1361
9382
7344
30502
4599
11541
6774
20947
14896
28395
31668
14110
30591
22189
12196
31463
10647
29519
16190
8410
10690
19461
7094
229
11651
18518
13894
4079
15482
24178
17709
8391
15753
31685
23032
12634
24373
23500
11520
6186
24399
16680
16948
9723
30163
17649
19224
4047
26384
12364
27150
13589
265
5184
15061
5662
2076
5061
17487
3792
22241
5150
14215
10654
13653
18281
8178
7864
11064
17781
26869
21374
20915
9939
23720
28219
26686
22064
32730
21008
12481
3042
28501
5934
22265
10176
8802
21320
26398
23863
13968
17993
6083
26010
10418
16194
27389
11450
7975
19878
27335
11191
10590
4793
1189
26133
6296
18246
18568
15634
22000
18832
3826
3383
22937
18316
19034
18990
10088
22861
2002
3283
29842
8128
25319
18317
23222
15257
28873
5343
15390
12429
26284
21562
15682
2242
32621
2326
30605
19588
25721
12353
18788
8761
7659
32630
26469
10903
19956
17201
4844
27924
15232
20162
6620
26782
28694
12960
924
7309
27904
11521
3935
7638
15277
2215
26537
3201
23891
24061
12047
32093
24024
27234
19006
11250
3571
29125
2878
2231
10383
24178
8696
30597
26480
4907
30198
21068
19224
9083
19819
1029
6636
26183
25971
20455
23187
5798
24475
6366
19871
30451
10404
15673
10863
10784
15492
23202
9043
14156
27566
3668
29938
27544
1427
1416
1257
3639
3177
29232
21429
6853
22059
14312
17875
30170
16097
25898
2085
20446
20513
19649
5016
10783
470
21376
5124
12832
30784
17971
13908
26421
25404
19414
8678
15948
25286
18437
8501
14350
5308
16820
15797
7463
12260
8736
21246
21729
20529
24581
23853
2552
22594
27410
1671
4522
3116
27546
14432
18701
18809
10892
13116
23717
113
13733
29235
11830
21144
5092
23962
19671
31351
7743
4319
13128
24735
20628
14261
16517
492
9954
18033
7835
2823
23225
4532
3003
19758
5359
2379
14733
28728
26517
6739
14022
1491
9257
31905
5885
25105
25101
28513
19643
23843
18744
10492
27089
25188
29996
32320
14830
28825
1064
1211
27504
28534
9886
13415
14971
32357
17127
19597
21064
8324
310
32739
22720
27116
21451
11255
22602
4665
20329
8145
31713
4167
26633
13780
20841
9017
26064
17638
1603
27840
9791
11473
21023
154
32170
488
1041
3416
19691
7149
26088
613
8023
3122
27067
22340
25841
16127
21956
22553
7390
19508
25201
7019
1049
15151
32441
1320
7272
15856
11949
31465
8079
10107
14415
11640
12995
8574
4774
7056
28257
25908
19218
12771
3552
31625
21726
11361
23557
18559
30484
7352
12117
26064
19605
14871
2768
4309
2664
24120
14044
12198
83
21405
26240
12675
1960
22810
15570
20083
21602
32403
18099
27178
23664
16135
15545
7728
18769
31693
8557
12096
10209
15646
4023
29167
19059
23508
19862
25230
4383
30833
30484
29776
3166
25443
21882
23472
11732
23175
14016
22541
31596
16363
22855
16535
30890
11736
16331
22639
14909
3088
403
11786
22484
2644
27370
2519
12339
9257
467
12321
13190
4572
17145
31286
10229
19140
10981
2761
7288
31943
24435
8597
32237
7455
3463
21059
616
30302
20220
8846
24266
22448
11485
21413
31381
18785
4568
23248
5630
27295
16623
19799
5700
23680
9329
17312
27713
24135
2345
30615
18751
32483
6613
8786
5644
1976
11994
23798
24657
1186
17973
2260
12831
3383
14261
728
1995
13133
31079
9764
22524
15037
2130
25080
25090
32358
18789
26325
13929
9844
30382
12002
11726
5090
27853
25998
16882
9533
27815
29303
32013
14507
9567
11147
29541
3885
6786
29292
31518
29985
14977
16665
5716
21515
14693
27084
17255
4500
958
3614
10134
24531
24028
4465
18384
25292
834
2703
17350
20278
23128
30863
18245
26242
4192
16121
9667
29720
12715
11562
21560
12260
4621
5369
13615
10769
6542
13466
27420
9236
18786
30659
9456
31469
3356
21518
6379
1705
11294
17567
8625
4908
28500
10502
12705
22061
20258
2918
4194
1666
15770
4567
5822
30878
24819
7946
23732
25688
21046
26156
3528
14318
13371
30220
22430
7241
14036
32639
9927
3714
23112
23300
9691
12966
1795
4516
13000
17334
19851
27932
15977
17650
25270
21310
19035
22615
11291
28821
30988
24167
28870
30280
25620
17192
560
28480
11465
7279
29038
28813
31501
32094
9384
10502
24171
9004
24781
5168
17763
24356
7045
21602
32513
25073
10599
30758
31413
19480
7277
12001
14942
10182
26276
12471
10920
12236
5416
23977
21912
2024
14160
22528
9061
19014
17958
7663
7562
3654
8218
26228
26649
19584
27895
17791
25938
17414
32277
23382
14196
17640
32465
4920
5331
1022
2362
13632
8747
23521
29453
20365
18228
7995
26340
15008
12662
24641
7594
15621
31071
20861
19538
4662
7571
9169
6600
22716
18563
1465
12584
11159
5185
10192
17455
27360
16531
27286
4591
30637
3910
6512
17862
26421
15044
22256
17040
28981
15081
7767
11804
7570
19475
32344
20701
30015
27768
28959
7650
14945
17341
30098
30472
27569
10436
19927
367
5922
14789
1814
7722
16325
15008
11904
23355
23273
11633
22416
28862
10374
22885
22416
7780
27356
13261
23136
32035
16727
24433
13427
6444
10934
13863
5658
26654
29292
4260
1029
28537
3398
16529
14598
12117
10575
28898
21785
9556
29937
24675
32162
31701
24924
10899
21237
14698
25644
4790
24347
1165
31813
1318
25044
20366
32258
17130
7640
208
27280
27529
2914
27445
22164
22816
5103
10967
9236
691
15171
14841
5012
22721
22958
21053
28799
20507
19341
28183
23753
3830
14867
32385
32723
28734
24906
10480
7311
20781
30548
8583
21220
23837
6391
30091
4180
19354
24409
23064
29660
17596
775
21266
10523
24499
12348
18013
32439
28580
28769
20305
15357
4788
19664
26216
31175
14178
3805
12602
675
3097
16663
3756
32305
3333
21963
13156
27597
9255
5834
27264
12398
4004
17004
20103
15310
611
31189
3743
2252
13014
25719
5121
32014
19480
11480
7083
27626
30009
14998
6228
16519
25302
19880
28837
4927
9964
24294
28070
11848
13037
27084
28023
17812
16404
891
11840
26101
4598
25344
17770
24453
18267
16089
5904
12101
11595
9141
25008
11268
18540
10364
12839
31363
2187
9103
21468
3286
23160
17745
4411
12557
3095
15334
22629
29460
14004
17467
6181
21976
9111
19526
26919
10155
24280
2703
22372
30186
27765
12015
24545
25565
21410
4247
30361
26846
29792
32085
10423
14782
23377
3603
12041
24932
1995
9377
1202
19639
22571
30388
22047
19903
4204
18990
23612
23046
12024
18079
30695
2117
957
12
8613
4412
15748
7920
403
22498
24958
18817
17312
15550
24864
12852
31738
16533
16945
28547
12230
14917
3362
238
22036
9201
30109
9536
25874
17246
29024
26131
16255
12701
12620
31894
5731
1515
12473
29582
4862
10197
20237
10907
23806
3232
10125
7869
20725
25575
7027
7190
31497
30598
16960
15602
10734
17079
13395
23044
11793
1147
25531
20466
6422
20796
30538
15893
4485
26544
23530
8826
3776
19712
52
30508
4409
29738
28223
13493
10977
29860
14262
24034
27620
5186
26670
30919
1939
10329
29110
6403
17825
4645
18351
24389
5011
23144
7134
4623
19058
12372
29119
13242
31939
20395
31772
14779
24761
4645
30943
18724
10920
12306
32549
7278
27581
29760
29587
30325
18669
26399
5869
18116
7723
13603
25316
25363
25054
21610
10544
31246
23698
11679
10463
9048
2285
19486
3565
12496
12261
22872
3860
9491
5425
26489
7653
29506
18429
20297
23832
27653
27618
9552
20769
31695
3605
2622
32516
7780
23263
23178
28009
11161
18253
344
15347
24923
808
29344
17614
20211
18215
4237
31879
1416
21348
35
1057
12774
12813
12581
8549
894
4700
7478
4473
1197
20425
574
27060
18497
31102
7183
31409
4153
28171
8521
27042
20940
24411
1914
29671
15021
21222
21130
4320
7054
29225
29527
26111
23523
16211
31132
16673
23272
578
7447
3358
25061
429
25067
29854
2992
23715
23619
10031
17780
6196
22328
29845
19634
13678
25333
12897
20101
25483
3608
8134
3114
8808
20060
15271
10431
26937
23669
16628
1099
9596
1852
15671
18431
9771
16908
30058
1980
18230
29292
3340
7381
28976
16622
9076
7701
16712
29015
23396
6404
28028
1535
225
28774
14601
12923
16706
1029
3366
24954
10632
1456
2545
20973
24301
8068
9130
3947
17856
20330
8223
18899
2671
7137
2151
20531
16614
1534
25299
13032
3607
23728
18722
20743
4058
21833
12020
21756
30456
3386
27778
25713
1922
22814
24971
1906
29544
1275
17554
2766
17222
27076
29254
25024
16769
31778
20802
19150
7059
14451
7670
15346
11683
4116
13029
23032
11353
15323
8466
32551
8432
6120
11444
5411
27533
27806
561
17938
16335
18668
14154
18686
20391
20945
27795
19834
6250
11039
8999
19081
1572
23935
6809
13499
24880
23989
19246
24473
14853
6437
20553
3651
18259
11158
22310
30552
27215
8759
26059
16406
19786
28639
3644
12995
20617
30361
25071
13387
14673
19040
14719
15658
22337
4391
9380
22924
5093
9245
5731
29875
8327
22062
8578
29594
13896
973
22847
25304
7280
20465
10818
15302
26883
12893
16335
1252
12181
15141
18752
20857
4702
12142
13235
25722
27025
25461
11264
31405
29930
30163
31982
14
19334
20479
7590
13426
32248
4116
1127
874
7833
16340
4476
4970
9247
31981
9835
20523
23154
30332
15728
29773
21947
25552
5417
22081
7101
22640
17555
31846
30568
6495
19253
15474
10923
22430
29083
27156
29323
29683
3590
22744
4466
12265
354
13642
21449
28696
120
31070
17096
29606
32101
15
31117
9486
17739
31815
20588
26656
9798
22271
21127
2378
12706
14503
12702
12821
28235
16840
11304
1778
3972
14056
6562
21047
988
9134
4391
24677
28766
14662
24129
29100
27657
27655
14335
25777
3968
5203
28231
32398
11522
5823
366
29722
17563
22388
22534
6252
2204
31958
1783
21658
1610
17763
24530
19654
18131
29917
14689
22108
31878
7339
9859
9109
4162
17277
3894
18496
9007
12335
24566
31681
22701
23536
17222
15450
31882
20387
6540
14249
22904
28805
8993
7282
21438
16
4265
14751
7213
21280
28064
3717
3926
1109
6454
12393
5370
9656
16733
10563
5058
13729
5152
13249
19760
23256
6966
30863
13782
11258
30167
12502
7622
1566
25806
20995
15689
14009
23760
9929
31188
31935
4876
31081
30519
9483
14339
13105
18712
17921
21658
5442
22688
24178
32109
28311
21108
23487
20583
29507
12519
19266
28816
6394
13934
15081
29733
7379
27732
3364
30958
5708
31150
17410
21196
15247
26258
1943
2194
15092
8068
27552
4885
19910
19761
14442
4743
26698
21600
15087
28160
11005
4645
24642
4446
31006
10327
8238
15695
22636
28229
31514
7596
32305
22949
3888
6665
11647
29645
2239
5258
19130
12070
29149
2808
18518
12509
9552
19987
20706
25307
26799
17194
21062
25080
29124
25578
20041
7275
23349
28788
5206
13445
19555
1970
18559
31648
22675
6634
23490
6482
22860
27027
22923
13030
18431
3688
11899
9996
23278
11964
19560
12751
26950
25357
20389
3272
23182
30683
2435
24465
9541
442
5143
5245
8391
30631
21310
25990
11889
18328
1759
13703
32261
6487
21104
2476
29008
13199
23996
14118
25354
14119
29411
6435
21757
9424
15778
25341
18794
24794
4052
25265
19368
10572
20281
18324
27662
12851
28791
16705
13075
23610
9054
2774
20404
14715
5232
13920
1302
21653
26529
19603
7021
28159
20571
5311
22556
9116
27333
6399
16670
13967
14917
15028
12196
25424
28996
27441
30207
32767
26161
23736
7361
21753
22984
16294
31519
25514
29332
24554
11930
4002
4530
14011
13791
24042
25817
17547
13035
16024
22935
18230
6258
5281
21981
8320
18050
28655
22974
190
23140
11699
28276
10707
13763
29437
1700
24158
271
13706
13283
20786
11556
18140
21880
10503
14375
5520
9315
27759
14769
6381
16543
27147
31280
6841
9125
28926
6538
21328
7217
28066
2307
3063
14152
15994
23648
15213
14970
21864
13900
20675
4965
31008
21500
8302
24698
15069
31759
10139
30468
29779
21688
6594
2661
25060
25886
27774
22691
11542
17923
21916
36
31557
17828
28529
25270
21653
737
30577
14803
30507
17310
23294
16418
27293
2665
1662
5184
26534
12125
10928
14529
26655
70
27712
21874
29482
11270
12697
7649
31153
32055
762
288
22287
10257
12492
1733
18956
12174
13363
32053
31247
9677
32227
23843
23695
19380
10037
1619
3787
21466
14713
14756
30651
19620
32654
29773
17990
30126
5553
4199
8117
1132
11155
20140
4712
7185
11438
11646
8391
31919
17112
12587
30844
11680
26393
367
10720
10022
29882
58
29618
16206
29342
15796
30479
24090
1750
28030
26526
15582
18543
16699
3084
13547
25486
19536
8888
24939
17344
21735
32431
6284
14475
13882
28890
32737
18505
14350
20854
16389
9526
32637
15813
7041
30919
31993
24067
27887
31037
31630
18332
20576
32123
13671
20380
31740
788
4500
24935
3048
23209
28427
11690
17773
28274
8428
17809
5462
22298
9
30267
19865
13008
13733
30827
26170
29339
9084
18560
17773
4589
3332
15015
21243
27772
26099
8015
23270
9805
27137
3037
848
23057
25071
7073
22937
437
14792
15625
15048
19765
19559
24341
6956
23473
2105
4875
28995
2754
20804
30316
18394
20494
17512
31014
15222
20762
16357
21515
26355
11616
21790
17282
875
11938
1949
23165
16217
21373
32086
427
4350
26689
1072
30446
2052
8704
4289
24847
25186
28645
6745
19377
26751
30407
30787
8067
21658
27390
9287
27322
18793
15478
1651
3519
7168
18690
11804
8228
29941
2290
7199
8669
3266
27111
620
19629
1898
19430
7366
6622
13152
21676
1732
20533
12196
3393
13084
11813
15663
32208
26656
1091
16273
15286
25993
21498
12505
7641
6004
18048
3253
2875
31402
4104
30426
6095
5668
4922
8358
25483
11727
22752
12804
28606
4748
12258
14737
24228
13179
2420
26621
20791
21625
25998
6835
22345
3559
25500
31164
9680
31150
19320
11488
1921
12671
8853
27663
15264
608
8573
28416
14102
31076
7549
24
31684
11705
15006
13965
31255
27624
31192
7115
12508
9817
30595
16407
32598
20246
28174
626
23950
32464
20723
4032
28395
3367
5098
23849
8962
32294
29278
8640
22703
26893
19229
4962
14181
15444
25683
27361
12994
748
11193
29538
27751
3784
18186
10500
26630
11420
2231
10947
17852
17637
7387
923
30370
3625
625
3824
8095
13440
9413
31789
7808
6739
10536
13740
25930
5732
17640
11990
8142
21262
12159
23947
22399
13007
1291
25284
2433
24067
11518
9846
25346
24050
6423
27322
6093
26893
28817
6700
1820
17525
31642
21904
8878
24253
25350
1212
19482
2033
6213
28338
7267
27351
31122
7436
18892
11124
1646
3741
8174
20178
14413
32085
15879
20481
21391
15205
3989
1628
17585
27556
13092
16653
24005
6449
17252
15316
2079
29274
13950
20740
15954
10941
18344
3278
25179
18605
7928
1473
17435
25048
11125
7826
27659
2854
25460
5401
32299
32740
24354
669
18747
17441
349
12625
22062
18008
8904
27422
3036
17488
29470
9635
15095
30529
1222
12155
9792
19256
13992
17086
23290
9660
28736
8394
28063
32690
25584
6979
28371
22142
19355
11864
11414
14443
21359
4168
5053
28749
9986
23077
17827
5221
21665
11737
13852
31876
31461
32102
26026
25459
29830
22386
3060
14227
30324
23810
18035
24257
21540
17542
8047
29052
24104
3606
298
12618
3843
19707
26971
15959
31291
10865
28893
20576
12720
1451
31657
30415
5419
21784
9474
9256
16442
11493
15343
2211
2620
3779
25582
27
19640
26346
11751
5926
25587
23133
15711
27526
7617
19056
19950
27584
2715
12680
11507
14858
25842
15651
31622
13930
707
18712
19630
29725
1388
8223
29652
7734
15294
9619
6008
3975
27219
19575
23587
8644
28193
32696
15261
30694
27984
24497
23647
18382
2633
30964
32075
26411
19728
22600
18843
8093
14035
8174
10520
3611
13251
553
24716
4498
24354
17661
5753
3278
19869
13110
4107
32670
20957
7852
14924
15155
28505
22470
21399
13770
28526
15933
18767
16779
19633
20258
7632
10928
26756
21539
27302
233
16103
6154
21246
4095
3217
17542
31321
19384
6976
19758
21384
13052
10317
3011
23508
28213
6531
29109
5757
11516
29745
29417
23654
1777
19070
3514
21518
25578
4861
5182
9666
12113
7809
6858
16401
23239
8243
12216
16513
29709
31713
16487
21632
21029
20121
20356
9885
7604
25975
24712
11256
14507
5819
15490
26103
18726
12574
29719
27707
27541
30055
17095
21203
20505
20025
14194
16559
18225
14895
17946
19031
405
7211
9962
25821
1890
26090
9847
1295
10872
20700
19271
16114
30752
6451
29840
31084
28147
28474
22081
2625
30199
4841
30278
20033
28170
19894
3848
4543
16004
16045
31540
23876
17432
11459
3774
31365
4347
21352
293
17811
18760
23899
19704
7762
7844
450
10393
3628
12062
30586
31809
30214
19288
12972
31044
22643
26604
8353
13975
5160
15881
21975
30351
8881
24413
25172
31211
12130
16696
16442
1045
6799
750
4252
29861
15616
29565
6800
6695
32671
6767
16517
8734
7028
18434
24535
19017
5587
28807
20129
14116
19668
22280
27603
5042
10244
19245
30084
24186
16730
32352
6537
1999
6765
13360
29766
17749
12771
20979
29124
16065
3373
4528
17668
30688
2674
23612
27027
7131
3784
3746
25439
3513
25770
11976
12489
25125
24231
21328
8955
9842
4695
17085
4220
6364
16275
3543
5633
13841
14309
10576
22919
16368
23102
19111
926
8592
30439
3149
25352
21636
12218
7431
28290
11101
10386
32403
6370
9585
7168
6030
11106
12251
10304
7317
6716
30659
26731
5291
1911
12768
11757
31962
26624
31546
28218
20253
32508
14133
14525
28798
9053
3787
18705
19068
947
29977
2420
5039
23621
21789
6521
2991
21345
19646
11517
11825
28656
6412
22363
8563
24141
6090
5860
25563
30552
554
13449
31963
15814
17623
19419
13591
17851
6456
3894
6602
15002
17396
7224
20325
30492
7345
29816
30586
25503
17186
28277
11737
3777
9536
13005
24825
13358
15063
6576
2457
9654
6725
31891
1446
19107
19070
20521
6752
10569
