6361
26910
5302
30435
13035
25302
17405
14079
7944
22133
2435
11404
30278
2628
7606
19532
16440
30237
11614
4860
15728
29659
6200
22898
15169
21519
737
12008
21706
10997
16374
11672
17711
27046
21626
32137
12074
6030
7032
31144
32195
16417
19689
11034
16987
26826
27607
3793
13295
8996
24515
22877
13211
3949
15685
11525
31325
25400
498
30231
21532
18529
18306
24956
3049
10310
12851
8591
28036
14132
7784
30000
34
21536
20886
9491
24173
4248
12896
27486
20429
29945
19457
31092
1766
21729
8427
4107
10594
18407
4269
23941
1264
6794
21786
5757
5516
19304
23208
31904
16642
26801
30742
18366
27565
25050
18770
9504
19077
8598
12697
16669
5721
1026
18656
3816
1112
32031
14451
17068
10198
902
19164
12763
8525
4951
13062
3523
16034
23923
20130
11362
28842
30443
26570
21371
14829
7352
14820
14825
31402
24492
15818
13108
15899
19624
296
14690
27897
25872
3365
18703
2371
31612
8261
17344
22332
18608
16269
19573
6067
19663
25321
21117
14214
20683
16588
16014
6249
7200
32022
30229
22244
12994
16186
10443
12699
12115
29600
7305
30162
3482
15432
27485
5424
31025
21681
26589
18627
29821
27897
7099
25925
27619
16453
5274
17566
2361
27235
29472
26793
23419
16558
28749
15163
9920
12850
19723
3938
28780
29457
24582
18410
7078
30502
13757
18214
10765
32743
30426
3053
29862
16784
2238
8162
28953
25470
7265
15096
22302
24536
8025
16438
14898
1653
17208
30648
27534
9978
3867
10743
14425
9795
12160
74
22557
773
30808
20140
8056
3505
19806
10943
19220
22427
25766
29713
30424
7515
6009
12702
5472
12403
13664
26775
31659
9267
3455
20578
21780
16858
8740
2018
4996
2046
15008
12280
12261
14638
18262
3914
20186
15829
19473
9027
7597
23905
17563
16987
31625
4773
14219
13208
17129
32636
27486
24404
18256
17328
29129
32066
23355
15130
32078
25516
29267
26378
13582
23550
13288
1769
31454
8328
4507
9244
22428
26496
13914
5420
452
8006
24978
15396
12862
16364
671
1083
15226
22006
10376
25267
5823
10846
6633
24321
23488
11228
10544
26158
22129
32100
6412
28029
12056
19951
9507
10318
22695
23934
772
21826
14665
21340
28508
26272
16699
18852
7020
2552
25565
12804
3770
21254
9993
30656
20743
3544
15523
762
28802
31795
23153
304
14395
564
17453
5894
10970
1587
15321
24390
5521
2028
19539
23333
20303
13025
8745
14280
30775
28666
26286
3334
19792
14959
20814
31088
25726
15335
25374
16270
25777
29666
183
18540
3676
28244
24133
12117
10281
19858
29147
15071
9195
11122
24586
26408
4051
5550
5809
25950
10216
10634
2582
13445
7089
4791
18486
14196
23604
29046
22106
27681
1573
27649
3307
10271
15447
28454
25991
32357
1654
25141
28500
12881
2040
21020
23957
23533
9041
22481
25723
8560
23910
15856
22589
10760
5445
10662
17003
11734
25619
19149
24959
18234
14661
22360
18101
26962
1812
22002
1564
8125
4906
31714
11501
31653
16290
8754
29212
20988
24623
5648
21806
12037
28571
18548
8010
8983
14708
8451
31378
19614
19458
30772
5044
17250
18043
31921
31163
18700
22394
2048
12332
25318
32686
9826
10062
16610
27855
22011
3785
5598
215
16692
13938
17702
22894
30814
29030
2362
27558
28312
12118
30674
2024
15858
16417
1824
23087
30418
30120
30805
14963
32407
6110
19302
24937
16765
24350
8208
21865
15296
26818
10266
9135
7685
23025
3802
14791
4341
9400
31226
29507
23595
9052
1916
12207
29776
32239
27900
1223
13444
3618
7221
24807
18176
13658
4295
12738
250
22790
11064
25431
13769
31023
15672
19233
17738
5456
11049
21390
27010
21353
18142
31667
1925
7503
18339
32574
1942
10310
894
15020
30863
6865
19893
8124
644
17609
7824
20003
27811
7597
26720
9345
14942
32057
15808
23956
9165
16954
11547
3499
27981
23456
30063
5214
25198
26581
30800
22141
30732
24141
3375
21574
22971
30559
6620
28635
26217
18003
5194
30707
24638
14780
20883
19151
21447
30216
17979
9584
31316
15957
7097
29447
7070
24454
16179
12461
12973
20886
19850
14676
23033
813
150
3581
17104
881
435
28204
15351
32287
17788
21657
2964
15834
21718
11305
8267
10435
10033
20764
23976
27465
29194
12936
1981
17731
4532
10246
4620
11580
28505
20395
21927
15885
2108
2106
29333
8882
31296
23447
24696
29782
14766
28031
29293
16048
21555
17015
21044
7826
25896
29442
13969
11967
7958
7959
22769
14078
3706
13778
28241
20844
31173
25962
10076
31254
679
18275
31699
15559
27789
7429
17714
29983
11369
12300
27793
21733
9649
11169
12232
9374
14506
393
16854
29279
1510
12189
19076
8927
2827
31098
2373
6352
31959
27257
8033
26224
609
13282
17746
15707
13730
15196
28526
4259
3379
28072
9671
7458
4952
10639
4944
19471
3646
22297
4161
9168
32129
32512
11196
15119
4337
30308
30896
25104
31894
29376
8702
30274
19954
6685
2522
5140
9861
25478
30836
6921
32663
23483
7640
14351
23345
8746
27411
27149
1645
12826
1688
13499
20719
19498
24546
30134
23988
5114
9818
4052
28939
13864
10106
24756
24544
10878
22579
13466
1088
26217
3468
11386
23322
5037
10381
19027
12099
8024
14683
6079
30141
13556
23972
6855
16185
31233
24125
3323
25306
7587
20490
2243
17980
4247
15391
8432
26293
31083
4900
5782
2011
14575
28670
8478
11078
4839
28076
31895
13719
20226
5230
12877
25784
26128
8749
20381
31590
3951
12823
32519
17901
17094
1930
14213
23603
502
51
30235
17656
32590
29047
13744
24156
29695
29969
6428
12194
15055
26877
31618
2099
785
9877
23264
4070
12244
13563
20708
11390
14171
31414
3586
24693
5837
12960
2755
1784
11822
10239
25440
4402
6286
32242
4495
10445
21632
1551
30877
23478
20686
27210
30653
13601
12651
11800
30368
26574
24745
19157
8261
28042
16556
27491
16403
16376
4383
2837
29989
3729
23845
31691
12261
5610
1427
5982
11740
31797
15196
8254
26568
22283
32333
5465
9711
15977
29690
32063
11956
4344
11000
27780
17256
19857
7756
19302
24418
9728
3364
7856
27986
12040
31429
22495
26322
20904
27333
28802
4670
24989
11642
21735
21190
32040
20658
25075
16065
6673
2212
31314
28740
25580
9511
30417
17396
20379
26402
30215
31256
2068
19012
20283
28147
6245
5877
11394
22352
30453
20620
4136
19038
22028
21442
18769
27070
23957
14694
7136
32475
12835
20819
8088
27770
27955
18848
6785
12178
27313
22038
23182
25181
4029
27623
21116
30127
28334
26012
32253
5255
27735
9040
20758
26083
19082
31516
14022
8409
15323
3538
25320
9956
25766
21486
31578
6268
27988
30409
23647
6121
2521
18960
31810
11864
6785
31093
12861
1839
18925
16036
25752
30110
19544
13177
25109
30838
9248
5232
27276
12351
3969
1885
10963
31621
931
14941
12256
11634
22743
28428
5426
4770
3101
17912
29293
14386
14827
24150
19524
10522
13865
7668
3227
5565
25984
13679
17901
6591
15316
13478
17900
5143
1039
17262
15208
17765
21793
21128
29554
10373
22597
22736
29121
14692
17541
28854
26709
7698
13184
27122
21081
26137
13163
9076
13902
21518
14934
16794
21350
25957
24240
5286
15918
3209
30990
17263
12400
20781
4904
3671
4184
19164
18468
15996
29397
10712
31256
5427
7490
16929
202
20402
19014
19668
13754
4876
13817
21430
354
21603
13640
31505
19900
4440
23706
7615
517
27847
31156
28548
27585
946
25817
6561
14591
3706
27958
1445
26590
8789
25726
19079
20304
9980
3538
28658
9502
21668
29667
31712
9516
20016
27226
32362
15871
11173
15992
4062
26236
2270
23289
29971
242
27777
25407
24057
28507
6961
2476
29300
15583
11013
9552
8555
154
27449
19140
26140
23967
29732
27733
30642
17469
29546
17765
5913
22657
2163
5391
28433
8699
17692
27658
14977
26821
9900
4560
9486
25538
6921
17663
6637
7204
26156
23295
29941
10801
31698
741
18937
12102
8564
12183
13908
12572
27770
27953
28869
14922
28844
9640
2942
25611
13033
6318
7287
11586
13339
2773
16392
17083
10346
28662
10679
7348
11952
5332
14159
5532
7213
3069
14898
24090
12413
25073
27375
29265
17862
23686
15127
29795
20790
18827
31053
4147
18349
8364
31645
19568
15030
31893
17423
27855
16828
12123
21371
18839
891
30231
7838
16483
29620
4052
22894
8739
6437
15275
3243
16997
28600
25132
10679
3027
15099
28160
4263
15868
23760
6093
15514
14423
1126
10586
2633
30340
18791
31732
19680
8662
1907
13840
9485
23567
3534
3121
20054
10090
30549
2316
22191
4063
16055
8426
29772
31138
25313
5199
28084
14573
12218
26073
18455
22271
32529
26474
12257
10341
1491
8842
20367
6264
386
8198
2241
20007
23010
21213
17297
3574
2806
10845
18468
32071
27434
3978
22142
10968
8658
20927
28827
142
25043
18072
2747
625
15520
8462
5629
32503
8553
17380
6447
5253
23695
4931
19429
12339
11098
2465
26568
27088
14318
5095
9265
24870
4475
30930
4087
126
29877
20377
15749
18535
30852
18897
29999
2228
29436
21646
25030
10948
10895
21708
27497
28934
10113
781
13471
20411
14749
10819
28067
17150
1575
19951
29183
17922
12817
31627
25692
20380
31857
19238
15513
30721
23859
21326
31770
11216
31755
5170
31843
4179
5038
7688
3045
32002
5442
30381
19735
11848
8211
651
3017
5514
8583
29888
31926
27238
12628
2685
7000
24888
32240
5547
6656
10979
23882
6869
6181
8654
21943
1602
4860
18476
13103
15457
17482
31617
31929
2411
25463
353
24100
13379
31971
20859
23032
14497
21373
16599
22444
27759
145
29276
25113
5235
17889
12437
10799
11311
17912
5301
8679
25861
5819
7896
17272
8351
25153
9099
22734
27278
2532
12943
22328
13617
32664
23258
9057
24025
18812
28639
20865
15402
25519
13327
13780
16581
29797
3232
22860
26404
1594
8845
9859
32452
15558
5342
25331
3978
14193
8233
18537
23904
5768
24409
21175
20255
22161
2478
5545
15537
30172
20997
12091
26743
6235
19290
10761
10216
7603
30347
25607
32635
23955
23902
19826
13767
32325
24262
5127
8681
6531
4194
3698
14631
9099
22855
31753
8147
18550
10751
27834
16753
13253
30161
25922
13340
30269
20803
5024
27429
32245
23006
10186
31998
21677
19249
9374
86
6241
25881
15643
17542
25118
1855
4561
26924
3861
9697
25238
6421
8174
31702
2171
27745
8798
7628
19455
13793
22780
21205
27522
16324
5456
22050
26108
15219
30765
26125
24046
26809
3137
17501
10393
14375
28395
3014
23919
27831
31564
32432
31175
175
11169
13114
27860
20936
9424
16509
8152
22672
8256
20757
20117
28429
10222
16094
17412
27299
22718
7163
20298
3383
7951
19741
1256
4501
8593
6401
8242
22287
20059
20795
6402
28775
15928
30771
16813
6640
25154
2157
310
23279
12211
16653
32194
22087
15863
7066
19276
3670
2822
20226
29338
8218
23024
990
25712
14744
24505
7672
11523
20350
12904
16138
31664
22023
11867
26313
21230
287
17885
21538
29826
20424
28411
3012
24050
26300
9107
10206
26939
32339
10157
21802
26054
26536
2574
8490
15769
27895
4875
32178
31435
4426
5532
7590
16698
29525
22193
3845
4224
22430
32457
13862
25122
7649
18880
3650
30731
9650
26856
21299
28473
26212
19292
30843
27319
15914
16529
4488
27339
15484
10542
3895
9328
27580
10782
30358
27910
24090
5603
29934
3657
437
45
29953
5760
2
12203
6544
30966
11378
25121
16672
4782
17999
5819
30462
26451
4583
21153
30081
10862
3309
5067
7567
26844
16924
26135
1890
26238
29
20120
4236
1074
30635
305
2873
16898
1269
5219
29365
12700
10308
10084
18734
27906
29149
11889
698
25987
25897
22884
8604
7914
5907
18569
26563
10997
2994
942
16787
30985
5928
26489
19944
20003
17866
31999
10072
30994
3969
28561
21177
5860
23151
5337
30435
31646
4310
15143
16823
4912
20022
12805
7777
20135
26550
16657
8409
29093
21445
268
19120
21518
13569
19246
3337
27653
3160
12988
11238
13335
22125
15581
26277
16821
6205
19114
2506
8168
7938
27012
19966
16960
30552
32170
10328
9230
24478
31498
28636
26578
14751
8280
31809
2807
16241
26718
8696
446
32670
9619
12137
20345
25730
31726
20352
28409
19188
11516
30056
8009
27689
27185
13718
26781
7892
8572
12298
28037
13202
30749
28625
23654
28806
26555
25551
5419
28736
12721
21691
22328
26596
7338
31851
2975
6280
12397
8786
32663
28637
25594
24903
9002
7186
29141
31367
8237
5877
18082
23038
23925
27740
15858
12226
16968
16323
8541
17121
19986
21814
7633
24924
22617
8562
9001
4467
3315
9543
25089
26659
30839
6208
23497
10478
14577
9862
14617
4826
9946
17922
23108
32444
2631
26306
22064
12982
12384
670
23397
3839
29972
20507
10083
30690
5387
7311
2105
8458
23516
4486
7251
7676
641
26981
17556
23525
21000
22349
31909
26774
24202
9794
3468
10957
28257
21389
20096
28598
24982
10334
26619
29105
11673
5814
19730
15446
16693
23940
24322
4534
25794
14351
28427
13540
27293
7315
4737
15797
17365
20015
32032
22979
19751
17918
21920
7864
26669
14213
14473
20937
13522
13389
23881
18560
32521
13008
4483
18111
13503
31898
32427
32258
30733
18344
28112
4580
8627
32532
32184
17893
18370
32500
32562
14442
7320
18303
27560
20229
14865
27505
10740
14327
11516
15793
5492
9459
21708
561
31585
8997
27536
9750
604
13427
18982
17178
12362
3587
15531
29230
610
8189
31541
12643
19332
19090
6853
24842
19661
25661
2679
7194
15464
30024
28924
28627
11943
19603
32330
13985
5458
20881
1426
6723
18751
14227
29555
300
21026
30281
29805
27434
24743
11141
24472
325
11966
19011
14742
23786
14902
15079
25542
19017
3470
20677
19386
2555
2824
14566
12012
21992
28158
17929
18092
11624
30329
15849
28765
11432
29440
3006
9697
29520
7342
31750
23122
24162
31112
25989
3827
6501
14605
25483
13414
19140
16142
1397
11295
24433
20671
6006
32280
14797
6159
26776
5830
18380
28981
12797
8525
17492
13963
875
20976
10215
32416
22792
13515
3202
136
15969
21700
2245
4727
8881
20159
18003
30351
16993
9489
22396
27125
18891
26423
4122
10794
5443
457
26040
25753
12888
19113
6906
17516
1623
7552
14905
4772
15889
7275
9069
7273
27358
26865
12624
21406
28898
26937
14784
23993
10895
28025
28005
1234
25963
18866
23189
16121
7188
14235
6004
16333
4481
5338
22368
18507
12682
20858
28556
10467
23211
8858
3818
10705
29957
19810
11599
19882
31397
7740
30162
8757
21769
24640
12405
4989
13280
26863
28423
29988
16658
3109
328
13818
22016
3145
29775
29134
5645
23239
8489
21893
4701
15552
3779
2409
23261
10240
11017
5571
8323
27696
8016
30123
19671
31820
17393
19487
12978
27736
30519
28499
15429
30543
23420
15944
14942
8541
16526
29856
14567
19021
15448
28849
31919
17477
14014
8152
3694
17073
27848
1295
30467
13693
12035
3522
4351
25735
24356
10463
4967
24404
28911
21549
14774
5378
29271
5086
11554
10365
24295
2151
4896
21750
16992
5775
25898
30353
28324
21958
30144
2910
18642
14521
18093
16523
29107
9251
5259
24536
19797
26598
15241
12618
11765
20058
22892
9508
9762
13797
20692
23059
17952
26828
4545
21417
18571
10056
19285
29964
29244
6109
27356
5104
10609
4583
3081
14274
2087
30326
16002
22822
28107
2907
17568
13732
21522
3203
12143
2974
27430
26500
31741
21126
16642
21878
5585
17230
30751
18180
25273
17695
20816
22210
15305
4685
3306
13762
30624
10635
26409
18018
27117
24411
13263
22887
31794
9161
23822
16720
17352
20569
18856
12260
14628
4670
28245
4622
29784
17612
3685
24042
4828
20528
28582
1824
10895
24671
1416
3441
28153
2124
22399
22927
26067
9566
9897
23602
25545
5921
5809
9064
4734
7996
24051
23084
18129
32163
16609
26171
30303
7437
23717
6179
30536
25513
1288
8605
27959
31756
14738
17948
1948
10862
30194
31142
30012
535
24993
25059
12524
3860
8899
28020
2969
18478
22606
30085
6028
23837
32621
7590
22764
13560
18471
26070
24453
12528
7484
8929
11719
1854
25423
20717
4370
19034
13130
29775
20273
28782
5119
31907
19748
28426
30475
24091
4898
16153
32000
21783
20958
23828
17603
2038
19722
6517
18994
31532
20249
19823
6154
2965
2634
18396
20744
25354
2786
1655
21583
6961
7864
3915
266
665
22007
32363
23890
14342
288
7140
9298
4105
20558
3568
32681
30932
30654
31596
28687
20557
32142
12940
10556
24673
5317
10190
25862
30107
10644
24876
29129
17397
732
8598
11
3566
7407
26783
29536
16860
8603
6775
14988
388
8549
25625
29416
18408
29202
12229
23303
8544
22124
15793
22680
10732
21314
13564
5518
17865
21937
16611
30847
18498
3746
3639
31818
31945
10132
15630
11005
17990
13468
6842
16374
18607
1961
14327
13640
20697
18701
12136
16480
28302
31033
12357
488
29919
16328
8526
27883
21691
11200
28675
10554
1473
18708
24598
29967
29011
12141
28449
18929
5100
28201
8341
18647
18611
31140
17906
12688
29520
32183
5950
26978
31742
14719
12208
21746
20961
18528
17068
2403
26523
31817
7412
6338
24090
11577
17948
32162
20915
8706
22078
27139
32117
30285
21488
32121
10423
8670
11891
9866
4852
1305
10285
13143
20953
7877
17753
21887
21915
20241
4862
7488
1934
19412
23069
12255
14068
10777
4911
15690
18450
8411
11727
30973
22922
26893
179
6690
21476
24286
30176
9980
5998
18490
18206
3973
15430
25748
24234
23382
6325
10723
12332
28360
446
21226
7656
11097
31223
8893
15928
28497
17048
385
5434
14501
722
22131
5830
28443
31074
17196
1187
6575
27749
9251
31994
821
19310
31347
19722
4673
14294
8926
23582
22596
26451
32274
17084
7159
5324
28204
25120
25341
29548
19835
4073
16068
22518
17030
10769
24748
3160
5456
10018
14699
386
27098
30375
10160
21368
1002
17889
31238
21414
30731
31932
18427
3445
28117
1793
26242
31003
22382
15821
31639
20663
16977
1346
29985
15261
9550
29308
26396
17390
20434
3527
5367
19053
24169
1295
10811
27789
22657
25240
26222
4303
23409
7151
16439
3402
30394
3360
17347
7307
7564
13353
12390
5280
20876
16559
6534
5232
27348
19440
3765
6990
8507
19705
3869
16077
15063
7448
19489
29397
961
8341
32577
6134
29464
26525
22334
17405
8521
23423
16511
30917
29581
19483
3252
15696
8371
29078
15801
19734
29471
13907
30653
20893
27667
23839
24227
23114
11309
22444
25256
1655
17713
24897
16455
5574
22793
12719
14170
21172
10762
23687
15745
2929
121
12426
12231
3311
2382
11105
18307
21560
4663
21903
22141
27142
18144
6819
3666
7309
21362
29106
22298
2972
4186
27140
31047
15076
6987
28686
7888
7831
390
24224
28560
22070
24409
12384
19689
2468
6373
25975
28844
7294
4133
29066
29501
11183
31788
17900
31986
2366
17838
19474
9917
10859
3266
25671
19979
15355
15334
15520
24555
20688
19524
5171
24435
24252
7988
16004
11103
32151
4353
31552
18172
7311
10480
30254
10821
8640
2686
866
23883
10245
3050
27572
25306
20237
5619
23920
13913
20913
12515
21839
24818
22148
25292
5030
27123
11948
17170
29150
9844
30449
26409
11300
11323
20244
3232
29537
27612
7010
9311
23405
13860
1160
9005
31104
12472
10665
15221
18153
32250
14510
25673
7170
7212
24798
20903
22371
16344
21422
16891
1366
11631
18394
17638
7051
22064
12980
24382
7437
15435
11196
12374
14965
25159
11890
31871
16990
18849
11880
16590
30232
17590
12699
13344
5793
8162
25859
22876
15824
26090
24425
1784
22484
17303
1657
1983
20701
20132
18968
14545
19225
13275
10744
18667
28898
4218
14697
31976
14134
31451
5490
7560
9319
32340
288
29297
28435
3677
7198
28275
2391
13552
26502
28944
27712
54
3319
16700
14210
29535
7144
9569
31085
32465
12603
15526
13084
17286
15637
32113
27888
9647
23278
32042
28477
29342
28644
25923
29506
7650
853
14709
24671
22964
1452
21324
27010
3730
31099
14053
7907
30249
13003
9463
18417
23928
8368
3600
6539
21043
21792
19233
7284
16229
16132
16189
22529
15706
19088
18078
5397
6332
23504
5865
19791
21756
22404
29874
6786
11763
11822
25155
14950
23754
7529
11161
31373
9239
7036
29616
8344
26440
8495
9985
8874
20805
17886
30536
17437
20049
25035
17546
27252
23857
10936
5975
16017
31633
32438
4173
28201
12707
20792
28893
8564
265
28267
8530
31017
15093
2250
22542
10409
399
17645
17943
122
30871
14241
27859
31992
26955
2622
272
11591
23947
14645
32583
1676
30267
8425
21794
30557
233
19648
17467
20342
4271
15481
25127
20397
7771
5056
22963
30248
29646
26623
20845
23245
26274
8312
7015
12282
9744
7313
4663
15222
8208
5230
18242
23464
16833
26565
26171
27911
5900
20206
29158
9170
3460
8762
15906
11777
24209
11142
19238
12667
25806
13840
26123
31369
24751
20617
12939
28299
28775
30059
520
5866
16137
3468
7119
22605
12013
244
23199
10768
853
18923
17253
25074
19792
15959
31050
26637
8159
837
13039
26380
20311
24262
5367
19608
16390
23548
5575
11795
2073
30068
20105
25993
26813
14774
23927
31459
25221
7707
15702
11614
26892
29663
13888
12604
31195
13175
19367
30138
6797
4645
19351
1857
561
5577
25403
25056
29167
6906
23715
18426
239
341
27076
28988
24438
29205
8385
9682
21842
29925
3433
6619
32633
18162
31744
7450
4333
10307
24898
29422
6882
4941
933
26244
8227
4802
18911
28491
30642
10667
21160
31144
17070
438
14785
10220
31098
21457
11829
8067
21532
16119
15839
13933
4579
330
31276
5363
25677
18275
23074
8082
295
1510
32161
15676
8182
4441
13801
19904
26262
26678
30557
25734
2337
25406
6279
7039
8467
16401
603
4700
32683
14844
13760
28158
32660
9490
19020
27694
6596
16254
19023
24463
16805
11543
4116
10192
19570
20789
2147
31270
26596
31427
32330
3578
25615
5782
21534
479
21638
23549
19900
3270
19654
10138
20500
20341
15314
30832
14825
23093
11034
17212
14802
15051
25761
4105
17797
9898
17503
5631
5716
5479
14565
18812
20216
24429
14143
4198
11918
13554
9758
4287
29919
298
1079
19833
23524
3514
19942
1420
19082
31343
26135
2375
9394
23856
1638
31203
23676
7729
31365
10078
10437
25706
10974
135
1262
9800
14970
18773
24031
12962
15394
2940
4172
17902
17092
30018
7223
32693
20760
6799
12727
19524
27778
19524
31479
5797
22331
31182
18305
22221
13740
20731
31933
20503
8986
4108
28596
5105
31112
15883
3098
7381
20697
15711
27788
5500
31030
27805
18454
8270
29871
18849
22776
13084
13349
19166
8362
23313
7015
25330
11549
31974
4251
25213
17220
25942
6880
11316
4819
15826
21553
28465
22343
14709
12940
23437
2598
3642
27732
1329
2696
3693
31733
26857
24022
30303
1734
18363
28114
16990
11059
19574
26583
8420
31259
12173
8546
21775
8055
19750
9682
7505
32317
24943
20844
29289
17284
24369
7586
12946
13544
5287
661
3322
15920
4752
4568
16757
558
2435
11895
2163
29415
4483
1592
14128
13556
4051
12320
29738
21032
12043
5177
4056
32627
7532
147
21913
31238
1393
3977
26859
16312
29862
17221
733
9897
9405
31367
9159
6181
23263
8865
3384
29387
20800
19143
6192
22510
24310
31877
15247
26683
21003
32145
22222
13212
12241
24259
5357
24669
20341
31842
31660
19854
727
21409
31486
13480
16793
20841
4283
3699
2679
32345
21653
16166
28374
11276
77
19920
31903
1946
18471
11000
31309
13665
6043
19072
10565
23045
1613
5328
614
13493
6463
29488
8418
11952
9285
31604
20300
1032
24506
32479
27378
27046
1650
66
4460
21647
4079
21860
19573
18022
23256
30630
12282
17201
23462
18407
7793
21600
9121
18854
10092
15627
21515
6502
13422
17275
20891
8791
30717
13292
19501
22322
21240
145
28343
29285
9259
8921
19327
368
13857
8689
22667
16271
16185
25226
4185
921
10236
9180
2769
17704
2990
19946
8824
31994
10019
29960
31206
25751
10709
13979
30074
22836
7475
21281
32076
26072
22075
10609
7011
14525
9546
30531
18985
2041
14387
754
1819
10589
25231
4737
32197
24990
16469
21469
24302
11954
26283
6753
14352
4477
5883
5535
24331
6829
10312
25950
17945
16099
6851
11999
19461
13843
2457
5989
23704
27181
28432
18419
30037
14589
28370
24152
25190
3408
6792
28521
18389
4952
25771
32398
19199
3153
13719
3712
28742
1381
22242
12112
263
30157
10475
11692
3532
2106
22198
18270
24770
4979
31735
2325
29805
1599
29036
14696
17050
19077
13168
29976
32661
25522
5838
24725
5533
19547
16339
4804
29845
22308
4007
7424
2556
5856
31709
21599
29983
4601
1096
16438
19341
17682
15120
20959
460
14572
4870
18873
19530
12166
26677
28017
3222
11401
30393
29568
7888
23778
13269
18421
7007
8625
15679
3701
24801
16994
21182
1408
31336
2585
3575
12021
13795
21588
19588
25049
32474
19660
71
10580
20831
26268
23038
5372
22849
20132
535
24151
4482
23856
21445
1946
30731
19157
20051
22455
10655
11420
12473
22423
31246
31587
29549
13476
23723
10879
5243
11403
12543
4518
27096
26176
18367
11789
28147
23618
13308
32461
14990
15392
15514
139
9676
24380
515
3160
13707
16591
11292
7638
23795
5421
13433
17564
14415
26187
8397
17628
15132
22910
16804
11075
1120
645
18772
22561
19774
26570
20272
17866
9670
7141
4864
3644
29714
4194
5294
29698
27022
1476
21570
29272
25239
15561
19984
6287
25672
19696
1840
13491
11408
17465
15919
4460
2184
29740
5124
19234
25860
4124
16710
100
19817
173
11164
24971
19646
4244
28532
25498
25861
22174
12792
6761
4299
244
20285
32259
766
26013
14526
8012
6399
31812
6154
4071
13048
9532
2489
342
26224
25025
1188
24419
16156
24961
16726
27071
504
2395
13757
4330
9879
22374
31013
6738
31415
18485
9320
20415
9241
8537
606
15854
29840
17704
9371
18044
17495
29629
12378
2311
18087
7488
30644
26511
3209
10600
13078
10786
10730
22589
28401
1464
12525
8227
435
2652
30597
11540
7671
15500
23362
25901
21752
24035
30571
5740
7500
10485
334
12728
12751
1147
16084
14113
23773
29104
19288
14186
964
14842
7865
3780
1656
8141
2734
15581
18313
5836
8794
32281
28755
18226
16417
2591
17781
24689
7609
7064
8068
32537
12932
9523
23552
10746
19485
22509
23174
10893
5425
24207
23112
17552
32400
29304
19387
4337
16003
11676
27279
32749
23137
15821
13284
18041
28253
23866
3259
15073
10146
13365
11434
25775
9378
2105
8405
17358
12202
23595
31513
4847
1978
26080
394
2348
11157
31968
29216
24299
23316
26217
11949
6662
17087
8887
25874
25897
1438
8067
1971
30331
6477
29642
10792
18816
10319
2255
5686
12350
28324
21603
11517
32670
17566
2148
26738
23318
19440
23428
4368
25477
29448
20299
31691
19806
17055
5984
25670
8713
10638
1540
14149
12422
15075
8671
24933
29012
4660
18687
30219
24977
21043
1310
17050
6498
29059
29987
8681
8597
18890
28652
9204
19589
7432
17483
24017
5694
1319
14926
30182
20450
467
14788
16474
6732
6283
14844
32713
29682
15096
24272
7740
24080
26494
26338
29272
23811
14354
20262
25813
22514
21323
20385
2610
7092
29627
5488
1191
1262
31103
24075
16988
5500
14869
22475
27608
30995
622
27562
5820
15652
32580
21579
4273
16387
32686
9786
22175
6984
17906
11636
3104
3446
23194
17450
1844
9946
5578
1730
17462
15798
21200
2335
22030
28063
509
28962
9897
9764
3251
6768
7078
3248
16320
10102
29522
13746
12266
9131
28119
30970
19659
6933
5808
25958
5600
19215
16992
6079
9692
20553
5220
30942
2114
30224
8550
10003
3378
2768
435
3783
3971
24023
26607
30303
24851
19035
4104
356
20827
29631
6760
28385
583
5906
10095
5901
32580
5593
18208
27690
19098
7694
4378
685
21756
4968
30922
25759
4957
7645
12768
13379
9990
358
14591
25081
19430
8962
21689
31074
297
24317
8890
18885
8204
5234
1347
28082
21743
2575
1243
30181
11947
4120
31297
15212
14375
942
5284
7437
20518
5970
4118
11234
13155
1189
12351
2886
27872
2929
21326
2037
8315
25069
12597
10862
25538
31293
6934
18588
6408
16697
20216
23222
185
14959
13247
5988
29930
7531
4443
6947
820
22582
6463
7914
22723
6940
21269
526
13482
20914
16816
11107
21625
11544
21570
1444
3858
9084
30671
6932
4536
2271
23777
5222
29545
9500
17790
7898
4718
27430
28503
32170
28720
13713
28226
19108
32589
11348
2794
10776
6123
14285
31173
30196
1613
9477
32327
9262
26532
24374
20054
27746
18727
25226
18941
28861
15717
19494
23396
28185
23514
11111
4864
14185
24257
30827
21511
88
21290
21460
9511
15149
3916
29640
31095
3570
25372
25148
1454
8917
14111
28787
30099
22478
3452
961
5556
4482
6485
8085
17755
13672
24663
20663
17598
3882
6800
24013
13174
9550
17537
24868
21298
16661
6005
12205
25261
11683
23569
12614
9437
29281
19243
3643
26734
3232
28896
22029
9070
27775
17888
882
30538
14606
29453
412
12537
8115
29509
5822
6519
13005
1915
22477
10869
7064
12557
2436
31567
9041
9809
4778
31294
22426
30065
25495
17871
19999
18810
30453
14995
19322
1455
20420
2328
20820
11043
6304
26649
22477
15495
18503
14066
13854
5184
28502
9302
32381
24765
4947
11588
20802
15111
15088
2103
27463
2969
3982
20638
29588
12659
14337
1675
19516
8042
20627
13999
27266
25538
9291
24198
31296
19966
2927
24783
20618
9975
4935
7743
29070
12076
21284
1654
11710
22361
4769
13618
6706
26443
9513
28611
26695
1778
7865
5823
24717
23992
17895
24566
1248
15377
26404
27816
7636
851
27966
4086
14167
16329
25385
22935
20625
10498
17150
14540
17167
31855
13892
19350
9505
26158
11119
11814
11136
27680
25766
24213
20020
3905
25545
2261
13493
5945
22451
20200
11601
15406
28348
24911
13261
8925
12930
31686
19279
24297
20714
6702
12156
28530
30305
31179
8413
27114
7528
15023
20615
18212
30543
13686
12027
1710
21056
22836
8779
7265
8320
9644
26494
23606
1266
5571
9014
22620
2269
3636
26000
25991
24302
9348
9548
14730
22401
21049
30254
22568
27164
26695
32419
16935
30780
22219
28840
6823
11605
7419
2536
14002
8212
30045
24356
19220
6375
4664
30424
11373
8639
32329
30492
21892
17173
30134
27336
10206
4651
19272
25051
6800
29844
11732
28958
19281
15606
25082
21764
9683
1295
17426
15317
5460
26870
9828
31499
29808
1955
24471
13309
12089
27826
7533
11194
19337
18276
20397
23096
19351
4839
16224
29870
7881
5079
9791
30526
5321
20228
23149
29143
1755
23926
25186
7258
11118
16814
1319
30203
18416
8751
10953
29675
13543
3389
8456
820
26686
10725
6223
25060
31196
31293
27881
4973
22140
4845
4209
29772
5304
27630
10122
12521
8294
11922
12241
9150
12328
9413
16912
24252
14655
11666
17589
25578
21920
23273
8834
20816
20554
7327
22917
1043
19414
7350
30283
30433
14160
12511
20305
24463
1349
1341
5307
20481
22813
25708
2120
24139
7851
16578
29062
6165
16387
25300
8770
17732
28044
24892
8003
15831
11350
17818
16696
22286
7853
729
25070
11218
15086
8372
27078
17489
25753
16504
20839
24809
7080
24331
27568
27719
13855
30765
3056
22736
22501
28414
23642
27967
7378
24512
30899
17552
10505
16095
8526
1310
5000
26926
6714
4872
24317
2420
2746
16856
29915
30503
28917
18791
22190
29303
32239
507
31148
24975
28088
11187
140
29463
12260
17701
18331
18941
29754
13637
30476
5749
28593
19593
3983
16446
28056
24906
9510
1575
276
2926
15412
14035
27343
17220
31959
26297
1775
26543
12408
18286
22341
28551
15777
1063
32199
19004
5646
18298
15169
13244
19206
20068
17991
32663
15340
11408
3694
8033
4881
9686
16316
26713
1228
16643
6748
23623
1229
30680
29334
31147
26030
10325
27903
22291
5835
11063
19181
3533
29780
13247
23342
14270
23968
23733
25338
1170
1476
1709
4901
10774
12901
27529
23961
13281
23754
2879
16132
30266
26933
21980
20686
10294
26740
14025
14158
26913
6067
25933
16445
13599
4756
7764
17771
3347
27522
11119
10160
21952
7746
23323
30246
12847
4298
20038
5525
23888
5719
16143
31791
18147
10426
9422
21886
30617
19442
22868
8858
119
20480
9076
10911
31100
25847
19138
20318
21379
13651
6298
6739
363
31371
27236
5592
15476
16362
14615
18071
26604
18330
14844
22853
22540
17922
31925
22670
29
26450
10877
32587
19422
21339
19121
31483
10282
9125
12432
12913
32470
32699
30271
25802
10713
21450
10511
13474
8623
21866
2819
29576
27391
19132
3469
16814
1915
18357
27033
21989
28167
21945
30924
457
19998
14700
13326
17977
8818
19141
31558
3083
22227
4964
2660
21757
1362
10021
16293
30958
3750
27381
5906
17230
4559
15844
32587
1235
1785
14460
27522
28013
418
30289
18122
17021
24063
7642
11410
17730
23964
6783
2668
23955
30532
15603
3860
23764
24096
13764
2733
27939
1058
7729
9293
210
7077
827
2236
22042
23629
9983
30329
25357
3893
27714
19198
15821
9801
8270
30021
21756
25328
5885
29067
3187
20463
19731
12884
4663
4746
1232
6831
32680
22251
4294
28091
6908
23496
16617
22378
19692
24897
9701
29317
7853
32519
7860
28657
21538
9667
25711
17200
30288
20406
2148
30762
25106
9372
6250
5678
12046
5335
23921
13364
743
12233
26717
8805
9397
14722
24853
19677
25778
17307
19414
15279
11317
19809
14542
21545
18917
12087
4582
16218
20006
21813
31455
6610
3032
3349
30624
20649
4417
27472
19662
20419
11591
2948
20126
25937
21731
12313
4583
32411
31954
1316
13180
8702
15246
2699
10680
18992
18300
26987
21594
1740
9575
14518
16019
1546
6957
29985
18270
27597
15032
12349
9232
6628
6448
15075
28976
19849
1647
20182
17800
13870
22710
31652
31612
27002
8350
23245
9371
22670
22865
20263
23412
10892
26873
21377
26539
8282
1401
7303
26700
26019
20828
4582
30814
29471
17674
25264
444
26133
14402
14593
12832
28958
8132
20707
18049
18987
21326
30319
8351
14793
28618
12085
23260
12196
10694
4830
20045
74
9252
5904
16145
12338
7955
21138
8929
28669
4926
31665
13801
11771
3395
9698
20950
24817
23910
680
15153
28698
28551
10680
22763
23659
24401
11356
2617
3867
7349
30741
3746
29027
13462
19588
13397
12675
4550
18570
16577
22789
18994
21167
18272
6213
19545
24768
25299
27441
259
25276
1076
31566
13615
21746
19624
25340
24653
15715
9523
13818
6829
6253
2257
29484
22584
30891
13506
17308
15198
24087
13093
10944
5199
2161
29640
3067
24686
18661
26431
10597
24066
5864
20531
32719
2095
27747
16125
9218
3878
11539
27507
1352
8344
7471
24834
14638
5232
11084
12542
13447
20929
4479
7989
5556
32765
4545
31946
25635
22633
20887
9537
26902
11213
6386
20950
1446
28784
30803
14099
10759
27715
6708
8353
21005
20317
17316
32607
10991
21159
18481
7601
17996
11993
29962
28187
32363
32677
14181
10254
28615
26417
543
9985
11211
1483
13986
16324
2266
6617
5388
17
13202
23566
30606
3173
25938
27620
23825
4109
25593
24646
1824
29572
12017
20620
12034
19708
32109
27053
5670
16187
29166
25520
30149
15016
9996
27492
4546
21670
31091
21585
29397
10528
13100
9966
3048
31333
31774
24341
20161
823
13268
28339
29666
12062
6272
22724
31149
11523
24384
30847
7884
4089
8609
18637
23504
29278
17506
16384
8216
20259
15226
5058
22005
1384
20315
31051
29195
14924
18297
13784
4603
3331
7686
4952
28223
20777
8448
3432
9045
17237
9326
19073
5663
27634
10727
13680
30602
9290
8531
19207
11118
29156
9974
28691
5813
11280
25258
25486
6336
8128
27755
8469
13318
9625
23065
18332
10750
24138
23162
22624
3648
2333
383
25117
5351
10443
10696
27777
8249
27285
3945
14305
20874
912
2031
9516
8541
30785
31646
23069
17101
617
1021
30132
22059
2338
21397
26854
12009
24363
19189
18324
12470
15233
24313
9658
2027
8239
13388
21737
16678
9062
5164
5623
1076
20176
7789
4853
30261
2338
23745
13665
1786
15857
6966
11421
11698
14278
10752
14496
22726
24692
27769
3308
5377
23465
22886
24511
12276
12228
20604
31118
22937
28902
26915
22703
2358
8780
7801
15702
10628
16860
31898
12738
20497
12797
13087
25272
995
30124
12516
23601
22366
29389
11535
32336
22888
11966
16717
16022
8650
14642
31071
2393
31961
14653
31702
22386
31319
20651
12314
19511
25492
18838
1457
28585
23768
16952
16574
22766
13829
19197
28616
23809
11897
10972
28349
5544
12338
15848
6967
21670
17973
8738
7677
22322
21040
9874
28109
19881
17758
12438
28505
2944
24747
2937
22159
29564
16409
22087
11549
29733
13666
992
8757
10360
13791
8524
1933
28892
24488
22094
8107
6231
23037
21564
8543
23042
5348
9997
5265
23226
11284
7348
27708
27417
28946
13997
443
9636
24730
22997
21828
15686
1856
12414
14258
4094
6487
29379
16775
20948
16914
2329
15153
25617
28137
15655
23180
11439
5182
27864
31145
527
17473
29614
10958
32490
30993
15961
19901
21130
31012
15496
2617
24890
17640
9471
21447
18683
22698
16361
23218
7800
17848
11120
3665
30268
26306
20108
5260
3619
13190
28184
23197
11022
30637
6187
8980
32475
28911
22949
13598
10901
6270
29192
4358
12519
7074
31114
19964
27863
18336
11624
1302
24753
27873
22140
28052
28992
32080
32274
3688
24900
27140
25848
10486
8481
1055
28884
16664
18133
25846
954
26213
16940
8562
29182
8883
8503
19638
2631
12762
30970
3585
25573
26299
18021
19926
26469
24961
23430
15963
17762
31527
11516
17152
20382
2619
5039
31584
26705
25825
22206
30060
31680
17434
4537
19142
14354
27718
19217
11627
30559
16104
20172
10133
4107
6570
8573
4832
32594
9889
8052
2731
8739
465
7218
24001
28722
22516
5664
17209
27977
25207
21120
22170
17630
25798
30115
8003
17387
3785
27484
9994
9466
26798
13238
25636
25215
11242
26594
31301
875
11642
2931
5895
5630
15727
32206
28048
19677
8105
8155
5487
29284
483
513
20680
9789
4848
11858
32177
6450
8003
25346
14043
15167
22197
20766
26485
4076
8067
13178
22093
7386
6806
20972
27705
9883
15624
17591
14773
12230
8931
3146
32717
28235
32556
20779
16446
11013
19744
24622
6360
16270
9917
14058
28198
9815
25732
13421
10577
20728
27262
16943
3394
14532
18045
2373
26375
23969
932
2007
7544
10007
22313
6868
25626
23462
2650
20452
5443
8797
17886
5023
30591
17064
8766
4092
29235
5738
8612
20236
30080
25163
30434
30184
6506
2132
15797
11240
14394
18617
2123
533
2080
1269
26116
28385
30749
14620
18294
12822
21536
8045
25523
13581
29808
12839
718
15136
31817
32671
20891
30305
27594
1166
8887
21645
2319
175
16584
6203
25754
31114
13830
4697
31991
24458
11515
4057
17823
2390
20102
20392
5406
31070
16678
5344
15985
8628
11637
10558
22962
6686
27635
25558
32759
31849
16389
2053
32375
23296
17470
4264
17646
1469
27612
15243
4931
4350
15766
26917
10856
21244
11157
9346
1155
19288
11456
26496
22603
10487
31548
28478
27572
25104
7219
13522
31182
4739
5333
24122
12266
5229
28829
15253
1536
1785
31958
9364
30285
14201
23901
18987
22592
8373
24232
20620
25239
29826
10503
17749
6342
25495
14634
17928
10136
6045
16868
27325
29976
4997
23342
18707
26546
28190
8815
9068
10390
6887
12283
6234
25949
13602
1497
26196
21743
297
23497
6062
932
6149
27781
10952
10921
28989
10312
2693
5798
16108
28813
27390
24989
20502
16665
24184
1046
27964
27195
13972
377
25390
16467
1478
13243
12321
25745
21768
31292
1793
2815
25040
20464
7433
25026
30783
3262
30096
32157
15771
22053
8230
28598
32511
805
7391
26781
22609
30557
23279
3210
18293
14705
1399
23782
32704
18606
4767
23309
4528
30193
18661
18515
15066
17348
11957
10053
29219
4555
6201
25137
1075
5983
18290
15080
21543
29048
21128
26562
5254
18384
17502
483
3191
19781
11114
10429
15665
8063
2756
32470
31666
18900
24956
25547
21172
28520
15409
3990
16605
24729
1247
29452
10038
8090
1273
425
31710
6237
19896
18576
5376
4023
31410
30414
8194
3519
686
15071
6399
18295
2743
6515
22136
19374
28527
8562
32070
30500
30886
8509
28883
29680
27435
16695
5002
18463
27874
10116
27532
14238
28439
2320
32677
32090
4882
19411
126
8101
15596
7764
4628
25564
18593
10348
18792
9542
5477
14669
12921
4928
23356
5826
29295
6807
32453
20921
23065
32310
22358
17406
31897
25345
6990
6985
7774
21248
26279
5499
4179
31680
4043
21029
19286
11254
16041
23882
24556
21606
31239
22374
3635
4099
7962
24238
6680
30552
30548
7578
12233
17190
24701
8865
27758
591
15109
25923
24340
26354
4761
7245
5609
28376
13556
18777
2991
27407
11000
7572
2411
10964
18429
7108
20573
19895
17257
7049
8245
249
4224
4578
28036
11321
26750
17140
23665
20815
15075
16647
21421
9081
30735
23762
15273
6581
27150
27384
15878
109
4021
722
6477
20057
11758
6767
23776
16546
2896
9177
8496
579
2547
3994
4145
25269
4994
22655
21003
24523
2961
31900
12819
1755
15409
1936
4089
28958
28866
4619
28994
24409
13065
23181
18169
14525
24195
23408
15266
28940
32248
552
7536
6654
10066
27594
14520
9187
18864
19147
13988
4489
8631
23050
21548
9056
18472
273
1346
15836
3768
3480
22605
3867
7964
9803
11737
14280
4195
23246
6285
31551
26248
29949
31069
15090
12360
28536
11265
16651
14129
13663
22437
7763
30204
3930
14306
8018
18716
25053
29165
7352
3479
8362
18958
11003
8725
7063
19796
27970
32310
2193
17288
3970
21545
28385
32095
11238
28795
22446
21235
8053
19500
26563
26228
4591
1288
18067
32539
13559
12340
30330
4192
32375
15112
582
16749
25153
19996
9206
2258
20210
26278
18626
12410
29212
6659
5723
21982
1956
14227
21875
14968
14440
15562
25984
30843
19493
20356
7613
28609
12953
12953
16242
32517
10212
26802
23926
23890
30772
31067
23794
10171
9889
3161
29543
30541
31574
20285
17907
4930
15602
22841
3536
4983
6446
307
26141
1825
191
23064
9953
29627
31358
18803
29005
16451
12742
27710
20801
24741
17437
15863
6162
21880
4631
13815
21643
21480
6008
20224
3121
10739
3737
11541
6603
13017
25357
21902
21794
28621
14211
11627
26630
6385
750
12777
29841
14977
2276
8019
28848
12878
12612
31259
23262
8559
796
11817
11315
9779
18122
14451
11166
29274
4961
3790
1647
4484
19278
14851
21016
29673
19515
22054
23348
4427
22067
27939
26056
14377
28167
24474
17097
23862
16113
20461
24287
32521
16248
17303
11881
29206
7571
28351
6849
10461
13841
24076
21697
19553
6968
29372
12422
14556
28333
25840
28275
12977
4756
16458
5497
26530
30199
3770
17046
4163
108
9621
4508
17838
24818
18664
820
24441
17437
6411
1058
28133
13683
32377
31179
9304
12309
2014
30708
18446
8866
28274
972
30475
27224
13446
2093
23380
2428
4700
24351
7774
7420
9532
5278
12487
21844
5316
18077
14916
30382
8832
17994
17883
9293
22459
24212
32338
31531
17812
25578
3815
16353
2900
28998
31809
9160
5886
30315
2471
25950
21544
31595
32368
20459
15626
15723
24506
24164
469
2218
29279
1423
14918
29632
6437
26984
21882
24612
25397
452
15364
25585
24271
29236
22589
234
1083
6444
30939
19643
19715
6756
16837
28290
19295
26751
7974
5517
22001
4587
28352
19813
7090
21768
21380
21260
13357
16268
26463
20356
32747
23846
16214
7056
27950
14689
30165
28863
29922
14540
12100
11173
25552
3416
19676
876
17429
18945
16825
23180
31442
22960
15920
3286
28198
23904
9570
24247
18265
13696
273
29115
9562
15001
26547
25168
21356
26929
2245
29389
22556
1263
21346
26546
28790
30464
27412
31025
19320
27576
24298
32238
6599
29565
22219
13060
17825
10977
11017
17736
26387
11790
6713
32721
18540
23399
4419
17336
3825
10604
14773
11548
23506
5086
16989
2409
31069
25636
5654
730
26738
22766
29922
9533
25143
28952
9017
8183
8716
24017
9121
26951
3010
24572
11903
9935
519
5334
23597
32592
293
30170
13644
14773
20973
4066
7516
19795
26861
13710
19338
18287
17898
12521
17864
10752
26506
14410
4643
10167
10064
10873
4689
24893
4557
22035
15754
1980
3861
20528
11418
2208
28529
7746
11315
9887
12371
14145
18823
9206
3471
8197
3350
25078
12999
9971
22469
6592
8487
731
5681
4685
7507
22817
15938
30641
14750
28443
19203
14240
20605
2747
10929
1841
827
18030
21266
30178
4334
23619
28679
12764
6569
11344
24677
24953
8691
594
29953
13828
27256
24211
9738
7104
28671
17937
12956
11051
10140
24028
24209
16259
19239
21952
17051
22154
18924
26148
25232
7559
12708
25906
32260
20365
9125
14136
20253
18687
10837
7758
11171
29780
740
11578
15447
29720
12091
24976
16006
11827
25647
10526
989
7278
10235
22150
9343
1587
13549
18733
5973
1940
29791
19540
9381
2448
9705
29061
26343
3985
1749
27185
19924
32312
3539
9367
22463
16221
3822
12263
29992
26450
23487
11176
19087
16232
13281
18007
17542
22965
6565
3921
12810
4628
24326
8179
22803
8300
32479
24575
14698
8246
5723
26945
29115
12601
4781
20083
31467
5528
26370
18783
11691
28943
24244
5187
17998
3450
24513
29305
23255
18583
12667
11351
30551
3852
7041
597
21622
2220
28909
23405
23631
23030
23503
13000
29057
7902
31963
2198
11394
721
13150
23102
823
6643
8567
26039
3778
24491
16515
15413
25500
32353
6617
26633
12259
17542
30648
10690
5109
27349
8829
4249
26941
4057
32281
29196
27469
3248
7107
1224
30509
1806
5098
8908
21747
25733
15470
30412
16276
771
3855
6355
7930
23196
21542
24109
10327
27785
26003
24708
22712
9073
7670
73
32221
2280
18466
26198
16712
29750
8910
18641
27028
5721
19598
30547
17928
1869
11266
29257
30828
14474
10317
4507
4379
28879
17865
32396
12634
13598
31482
1250
10216
17159
20928
32582
15319
42
10448
25325
6553
760
10596
11896
5726
6329
17714
16409
15774
27859
20635
22264
23793
13641
3366
17365
551
2178
14380
3310
8085
16460
29141
2339
19117
3616
4163
13912
18642
9384
13068
20251
24170
6782
10990
25478
5172
27191
2494
31079
26331
13216
28322
30623
5324
8775
25216
24776
32325
7485
22710
8475
19375
9243
10252
29584
20014
32067
4070
8774
20086
6504
7615
9766
15840
20561
1746
27076
32189
23257
18970
13189
12522
11835
11901
31495
19365
7308
28997
11709
21918
24201
14543
9946
4689
27283
8071
24177
916
15608
27412
5082
31340
30068
17359
30551
10789
28152
122
5879
29090
11945
23087
4795
20209
25388
7318
23544
12578
13601
9819
1020
7258
12269
19935
24052
21539
4541
32302
30734
6
11720
8242
12250
32348
17364
9254
26102
22881
28923
16204
5354
4746
7599
12771
20305
14361
3324
10580
26938
30958
28941
4780
20685
10912
10482
29006
23090
30156
2976
3562
686
7341
25657
4521
28431
4077
910
25002
10571
17851
2787
20146
24932
1822
21490
27935
13710
10121
6706
10526
17812
23215
18776
27422
5496
7320
5406
24709
858
24565
15940
15521
21658
30385
10453
1505
7745
26824
10156
17221
3229
11612
8502
7699
20012
31238
29050
19404
9660
7274
11606
21598
26575
4622
11019
2203
26436
21100
29692
15594
5428
32581
946
7228
22555
28473
30756
10050
24120
18069
5941
13278
28470
4716
19839
215
267
6633
2639
12752
5153
23011
7408
18299
6835
24242
30509
26634
28539
28737
30993
3046
8074
17509
10737
25252
2935
11117
685
1077
9147
27387
11570
16988
17500
15122
23875
11877
29641
6511
9850
10005
2309
26397
29577
733
32008
1092
710
10834
27491
24130
3047
14050
1570
9212
29449
27071
246
5238
11512
3872
14228
7074
14506
8617
4952
12662
21004
16935
29742
12097
16898
22401
8370
3903
28584
27372
406
19051
5855
5213
11332
18580
18437
2884
197
5811
5379
12151
24290
22396
3981
7788
13961
8755
31909
10412
30578
17345
24929
15236
9217
5639
19695
4862
2927
24946
982
18448
28453
31952
28798
3858
5992
8034
31987
14965
6971
6450
14822
21939
24449
26022
30453
27778
4451
19542
12332
21069
8177
1051
29899
32228
30988
3176
11081
19827
3459
12510
22170
18097
24700
27418
16558
10073
9750
5842
11834
23006
13644
11296
32698
8795
20765
29725
25527
6088
3305
27570
32325
15732
20511
18603
10705
20655
15637
21773
13593
7879
32567
5290
17020
30519
17508
26866
11380
3610
26005
9996
4961
25318
704
21542
30856
32598
5628
31753
2651
8872
16869
22000
1531
11529
24386
11162
20987
24398
3557
13982
13927
17124
19667
26623
22020
19978
23973
19968
19674
6205
30510
3129
6128
13044
2910
6635
10839
31374
9318
14993
21353
29577
7453
25783
23123
2036
14499
2831
29393
14631
23876
31682
28473
6577
30367
18948
21435
9106
17159
30187
12007
16043
4137
18049
23407
2930
10991
2584
3887
17898
1701
12509
23402
21715
24411
30128
599
22813
23434
2355
17884
20899
28922
29473
5017
10006
4322
7650
12840
13367
24402
16476
21411
7754
31182
6667
12647
4551
4411
13652
5400
14162
23296
9238
29414
29933
7525
27267
30990
20333
23358
3118
14499
42
25294
28516
19342
4859
17382
2752
7124
8290
29005
4346
12311
30723
4452
3840
8544
20315
16906
12360
7707
18606
21438
7524
7779
26177
16387
10455
11648
15818
24329
15911
27822
37
8329
18227
13088
10568
19441
31687
28485
27769
3009
20334
11594
12479
18485
29063
26336
12694
5412
5019
63
6118
14120
27118
5739
7990
1023
6740
694
6941
8753
3398
14214
28922
27635
21813
23128
23013
31052
8222
16133
230
5494
26463
10308
20836
9095
20937
29041
2528
13905
31734
1421
26339
24454
6877
18309
31284
31264
11427
20407
591
29695
11189
8882
22035
23252
30739
17725
14523
12351
27375
20892
10767
18740
18550
29198
1755
15523
1006
25754
3489
9560
2561
27659
7051
15136
1368
21050
13731
1837
20844
24459
12870
14267
3993
27578
5846
22260
4725
27608
32176
26897
4959
8592
6238
13763
26203
20399
8717
16593
8221
6116
22081
13826
25187
26051
16327
19517
17032
2832
29676
25583
32342
28987
3564
25773
29469
1063
32429
7707
2817
14895
1197
12300
5272
23915
24633
15850
14517
31279
6113
29017
638
5845
24872
4119
11717
6333
384
10534
12181
31377
15221
7470
11530
14286
7208
1565
21606
4480
15615
16912
19554
4173
19867
9590
11714
26548
31242
6258
15148
7831
318
9090
19258
8439
4030
12127
6350
7936
12956
31780
28070
23877
30375
5041
23344
23116
2017
15186
30111
27981
25908
10396
17726
16951
31840
32152
25092
22260
16952
20516
28009
24046
6926
16533
24185
10706
10092
25505
21543
1684
18693
893
25059
9139
29674
31810
2671
29630
8193
14229
23790
9495
28340
2951
26686
6135
22758
186
30855
30130
31019
17350
21268
19772
17976
17882
25698
22764
20888
20647
5239
20865
24225
4473
13685
29283
26023
24487
16495
4907
22383
16942
21627
31332
13542
30873
11273
19859
20243
2852
31859
17014
17227
9760
29653
30090
1956
17561
18718
2511
7084
28215
4711
30159
12634
3170
21892
8669
25156
6825
1753
15259
17683
13925
27247
25279
30516
20889
2888
4886
28369
3357
15599
28617
10496
32252
23378
21471
2106
25114
15572
19459
30478
2074
2719
23943
8982
28286
29495
16042
25643
24080
27477
25622
9173
897
28914
1965
22789
19537
1186
3205
27655
2798
19747
25649
5810
9760
6454
22851
5346
22436
13229
25358
14632
15896
15814
26289
14783
17943
951
2385
18882
11940
32650
30629
21149
11468
32299
18104
25026
29319
6848
20970
7837
7392
1080
14904
23753
19797
16679
27326
7812
29313
26065
18042
7008
1016
28804
25427
7996
13683
16428
30298
21875
25901
22817
21839
21587
18828
27715
12647
31953
8708
21577
28492
634
28473
32086
16486
12205
30307
27341
24921
14856
5111
20327
8655
15136
8580
27523
6519
8565
29402
9661
11854
11685
11890
4545
20509
20447
1290
22882
3394
31131
3216
15334
25780
14216
16961
6052
31042
10182
30738
12754
2587
8278
12623
12440
21651
6607
12930
31592
17188
12882
18582
30098
3507
23743
2876
18195
12053
4137
7822
10158
21458
2952
14322
24639
9769
430
27202
30283
6996
16765
32042
13787
9741
11862
21457
3467
29264
7380
9915
28894
3683
26555
5358
13524
9492
20779
20563
6847
11586
1050
26976
32082
12958
18945
32244
21499
7091
18644
20354
115
4388
23864
1138
6803
27189
25841
6340
11881
17037
3481
16887
8331
7483
31640
18985
11435
14582
23888
9855
12908
31145
16024
19655
17524
2863
12396
3164
11714
8538
6370
28234
24898
31035
16224
24755
1951
32669
26893
12658
8025
16595
6533
7165
25367
1460
19409
28304
27198
16867
14230
2696
14274
14164
30348
17421
11069
29451
7730
25843
2110
1831
8641
22242
2019
9760
4190
14517
10410
845
915
25377
12420
7337
20992
8343
5419
20950
23118
7275
16054
27746
31333
19765
22635
32074
1759
24184
9172
13244
22204
23937
533
4385
14167
11666
10108
7771
23704
1856
11610
1611
8556
1818
30225
14743
11378
3979
5999
32682
19704
514
16186
6396
9253
4943
17932
22163
28279
16209
25697
19146
369
8142
15855
30545
20877
10914
14134
7285
5240
6940
18775
3489
21374
2725
18473
12069
579
31906
20106
311
28085
24988
17651
23607
5950
21918
13904
16952
20542
7647
26382
27067
10680
10657
25205
26045
3148
6745
29240
3829
3173
5904
13386
4695
20147
28425
17140
18652
4316
20388
8997
15493
10862
4482
27913
32414
6681
24810
25308
13120
29467
17772
27137
30233
16123
19652
6734
31855
10106
23809
22443
6243
31943
29158
10715
371
27634
18832
18073
1603
31139
17497
487
2973
5388
31741
6307
31926
22300
22011
2395
4275
16885
5438
28514
2411
5281
12029
5155
20335
1792
26336
10934
3912
517
30308
27057
15359
10274
17280
30529
6883
16897
27273
23417
15494
25461
8019
27881
1801
23728
10649
27507
13721
19382
158
15706
28986
25106
18965
668
26307
12999
16446
29314
32298
7305
17235
14197
5890
9261
6690
15635
28226
21343
9723
9346
4424
28563
3532
21252
542
7486
9355
20172
28923
17221
3796
24081
12045
17077
27604
7264
15989
22198
1381
31286
9108
12474
19322
23246
23429
9466
7870
17464
7146
31523
11896
21931
16364
14156
28082
30748
1661
28460
25498
32015
1504
32650
23336
8110
30828
13812
13825
7192
18061
17076
26268
20731
29195
1792
21923
8037
18063
4977
13980
31959
29539
27319
4040
27548
29305
23690
31051
19800
24751
3299
22414
17380
11089
31597
5346
5209
14047
7990
7782
16491
25361
27307
10282
18937
4121
19395
31892
21729
2344
31866
23299
6937
30771
14209
10675
26364
18167
9524
32481
2017
4411
5324
17711
29938
3157
21974
32585
4668
2031
17892
28361
19458
27659
26242
8792
31831
22597
3947
12054
20204
18520
4349
6461
5926
25060
23275
12289
19571
20335
31538
24762
8415
19625
2382
17732
26082
18420
20909
29094
13180
15651
21860
17651
1412
11650
29217
16750
17214
22807
18016
12273
25899
7464
9698
4752
11557
7166
12891
10873
9387
4584
27756
5406
21881
31618
20688
17559
28763
28982
21978
22337
22084
23556
23839
4780
14234
26495
28016
1460
15829
21784
18699
5613
29512
5279
13329
31813
23870
17927
32571
29924
31817
2154
10953
9815
9943
14924
13756
1006
29190
3876
27973
12130
7354
7705
20605
7611
12524
19977
23638
881
20293
17103
21458
19410
22763
12230
22643
8099
27547
13193
26354
16138
25592
8445
3124
12972
23074
22930
26233
6162
19595
7365
18135
3409
27910
28906
1767
32746
17441
2344
26302
25327
7861
19653
1822
4199
31163
25507
21486
23028
24673
27659
29416
3251
28766
15786
2706
27748
30850
24025
30063
27083
26001
2338
13686
6229
29009
30207
15299
9983
18402
13540
22669
24692
5966
20864
26456
30325
15713
6465
2923
7294
1979
11030
4229
13735
14883
13432
17356
6600
20254
32683
22790
13792
9920
14145
12299
3000
6083
737
3706
21699
5846
24902
8620
19529
26679
25482
23782
25796
3972
11685
2003
27787
29135
24625
4401
26029
24048
20336
31178
5408
28447
11151
27558
3355
32194
32300
20863
14016
4739
8471
629
7934
4006
4693
22019
2742
1177
18795
13362
5660
24525
29145
30220
25441
29381
12004
10836
7311
31853
19608
4724
19636
11692
526
27575
21570
23612
10475
22712
31926
22458
3625
32539
28536
5369
16410
11642
5122
9116
32169
7586
6469
8676
10980
9984
11848
8902
28343
30038
11795
14913
24058
6066
17099
9198
22447
31649
17438
14297
30340
10400
21730
8591
15264
20435
1016
3448
22171
1018
29815
16487
11982
11680
20742
19824
4558
3989
3722
24058
11059
28575
16898
16404
10654
14189
3502
12045
13562
8652
26999
2622
6657
18462
19083
28203
20226
9223
28232
25547
13794
22889
19547
6691
16226
23699
29737
24090
21407
18613
22894
17544
9183
31383
21539
14992
18826
17291
22438
28720
22135
18593
9493
20758
14953
25113
31994
32693
8666
3870
5166
1689
12791
20913
20471
13303
17899
1763
3444
21385
4448
3911
30779
15000
19523
23463
13376
23131
19400
12790
24313
19583
11439
16006
11199
3591
29381
17787
8056
23638
16813
2176
12147
26762
4832
13496
18323
21772
3315
27895
31664
12645
24601
17459
26682
26708
19432
15413
1567
21533
12896
7316
30191
27939
23593
13796
1599
18105
21020
25899
31051
20022
28677
27540
19935
71
5287
28264
3959
2186
4865
13113
29093
32600
18640
27745
15027
14818
32341
10667
16777
24703
29528
16719
722
16196
15725
17700
4443
1238
23414
22545
26043
25468
8809
30660
20793
18552
26452
3751
6122
7576
2718
25104
30234
18696
18575
12473
5357
24426
29458
5487
12870
15400
30906
526
32744
29705
23812
26284
32220
22019
1500
22805
21522
28241
610
20600
28491
16325
12013
18783
25909
10078
23120
26084
25560
7709
20573
24098
12338
19733
28072
21739
30750
10178
8334
25785
31611
155
31605
30950
20617
19434
15444
18207
18326
1244
28023
32022
12763
26836
892
30327
4001
32005
7330
3870
27048
4672
17731
25991
22984
15114
26014
8581
1753
26610
15578
4919
6097
7714
3400
15928
25132
31795
24041
9495
22417
326
30000
26887
30386
19024
28936
4567
17268
14773
8217
4644
2640
15641
71
23501
29432
9586
1660
6311
9790
17762
5032
23410
2866
18885
15110
23820
24459
134
15776
6629
12105
438
24341
25523
28568
28383
30618
15207
16630
15509
26431
1887
7320
14927
20084
31197
28938
19573
12235
15288
29207
3258
24319
12113
8168
17580
24886
24521
18800
30345
8835
28785
3591
26709
9391
8322
8788
25897
2873
14095
23665
10446
10395
27447
19274
10635
28879
7327
23878
13370
29970
28704
23082
3745
19688
9404
13370
5120
4192
13527
29857
32743
18329
6051
18194
23370
29573
14045
26800
16343
5101
27831
32299
25991
20149
7701
5420
11892
7266
17659
21748
9450
7641
32582
8768
8128
32617
30107
14959
233
3340
11934
2534
16966
23530
8804
16820
17598
11551
8746
28786
5521
28094
26695
8813
7657
30742
25695
19720
28851
31284
6106
2395
10924
9641
5780
25120
6335
3213
32726
14544
6286
20419
902
1545
26447
639
18330
31027
21209
26374
16850
15203
254
26805
22951
22911
16668
30533
26239
6564
7151
10061
24098
16324
5545
15368
18289
1428
22085
32345
17750
18853
11288
1292
19959
14800
7337
21087
25135
31960
30658
27329
22846
8011
8391
18649
5311
18345
583
21194
12507
30152
24529
13494
1213
20855
31241
17537
1861
19554
14586
21207
27649
6966
20654
3440
3161
18949
5116
22162
28937
28651
27042
13784
4053
17906
6036
17971
4471
9523
22675
17710
13277
12350
28672
10102
7313
11196
12275
22169
12153
19027
9608
31758
15808
28618
24441
32118
8468
12142
754
3617
5906
2484
8864
31188
28926
11551
3084
3273
27576
15972
32551
15608
17387
27597
1061
30869
23176
20443
21391
15834
32115
26415
1172
24582
10364
7594
30113
7590
21136
14036
9009
27667
6960
5498
24805
7228
27683
9884
10455
15525
25448
29574
29996
23728
6511
7996
22504
5404
6025
21275
17670
31179
4764
24254
17097
22728
15899
3871
29773
27272
19253
254
12897
22384
26701
29319
9881
13976
21675
22575
7326
27087
23665
14559
32201
31455
20688
5460
10992
24082
20603
24262
10368
15860
29788
16583
20684
13403
13447
17007
165
5285
6508
694
29227
11073
3408
5153
14818
5745
25086
15265
6665
7245
24249
5816
8231
8716
27254
27869
16614
10367
9800
12322
26148
29150
3100
28948
9032
13511
26022
18914
978
132
12187
1218
10295
13965
15649
401
9451
15693
12164
7865
22463
20521
5674
10584
10093
4287
19145
6303
24945
15723
24023
6264
10779
12560
10050
10091
13027
4117
20322
19394
11004
18093
25644
9195
7724
15452
20136
22047
13786
24759
15525
9025
4201
30059
21163
8457
8900
14720
14897
24417
22586
23007
24592
32015
25741
19218
30520
28565
31813
28748
5025
597
26442
13225
29061
20729
8626
29622
15565
16658
32472
27188
27849
16127
686
28697
2083
16913
25940
17112
25878
23533
29929
12002
14811
22321
18849
17261
4452
10586
23
29556
30797
15333
28133
18431
30224
20660
1139
1956
9848
1460
22028
30542
1880
15293
28983
6205
20092
25785
1604
1870
23520
32009
2853
24957
7200
13348
20863
20904
28464
2177
17153
11158
26445
23224
14325
14391
29747
15332
7188
5933
20113
31563
21919
22924
14266
14145
8875
14814
24989
30025
24765
5483
4855
1406
29334
2743
23495
13617
14416
24907
28163
5332
19882
7864
28297
21782
673
27866
21080
32592
16960
13658
7168
3360
23480
5750
3415
9043
25011
5381
8558
29705
5094
12213
25283
3091
1765
14232
29112
4000
32316
4575
20292
10777
11451
18149
16361
13641
20241
623
23270
23489
21661
26930
6573
14971
2688
26517
31639
17853
31991
23993
4567
30016
744
19638
1965
31634
10170
26920
31452
3257
26474
14059
14429
30745
28891
4642
12629
6552
25198
18814
15429
26111
13523
11709
30336
5795
18463
14960
23011
14406
18206
15362
23232
8504
21738
5878
8731
4801
14524
5232
14361
2500
31747
22519
12981
668
11955
25209
15541
13386
17888
18063
2268
1746
18571
29187
1378
18658
16060
12432
25505
26805
5841
19432
18449
13367
29973
27900
13942
25706
8596
8823
3672
30728
2094
12427
11188
8554
32491
3569
32753
19368
18062
12843
14101
31490
31085
6413
15673
3198
23679
8059
14395
6355
18103
7540
18866
32390
4752
24912
11559
22355
19946
28741
1666
23758
7188
12336
29890
74
32298
24210
15601
14842
30113
30937
8535
21334
13600
31202
14575
12480
21393
4283
23319
24168
13689
13485
29579
25709
8324
