18111
2267
6959
3182
26990
997
5384
8507
23101
278
5853
30400
29404
27883
11913
10623
19352
29966
12123
27289
4061
6860
19132
17891
31737
18889
7186
3643
26658
18162
11236
25629
1211
2996
11838
2673
11219
24939
87
32167
27631
20766
10609
262
12297
15209
25345
5697
10456
11450
27664
4940
23378
16833
11233
19053
30832
12321
26580
30870
25137
18284
4234
28146
481
32334
27210
9406
21403
24584
5283
14938
19213
28192
13651
32416
30075
19031
19048
3444
32006
15580
26533
9884
28975
27327
25383
14291
30871
20648
13641
19736
20488
21961
4036
23372
15033
2833
28699
6396
18382
27299
12598
22908
4383
11142
24652
7733
22330
32158
22791
21055
7851
16859
27875
25651
12923
4784
6616
12858
12278
12487
5176
31850
32689
10227
10202
20819
24524
16486
13432
10452
25461
4132
18774
8500
2989
16567
9252
4717
23887
23844
5926
27595
6222
15391
6802
4022
29758
23163
3386
8652
1558
14820
26730
31540
13108
6096
27412
14638
21921
4275
42
6638
30103
882
25676
7082
15424
18715
20131
4594
961
5331
8461
9536
10359
4112
25466
28880
32640
1800
3734
12977
5758
14697
27048
16925
8343
9034
32697
16390
13505
21089
28666
13809
16700
7031
7520
5895
22623
17434
401
22377
15000
29842
9987
3525
16815
1558
3682
21287
4426
319
819
21777
12470
24764
9144
19917
29156
27720
8211
22274
18866
16345
29869
19078
32108
21274
9177
9587
18835
5404
12981
8573
26077
28744
27985
30850
2684
19097
13844
1635
23203
22024
25691
15635
22599
17735
30306
7917
17699
14513
6760
13131
5374
30594
21262
10580
21808
18755
15105
7445
11619
905
11224
13012
23959
8159
19520
31904
23913
28161
18774
24109
148
13899
16212
25311
17592
24688
5488
14885
11354
29295
20737
19976
19244
31683
9188
10244
26511
16602
14878
6166
21847
15049
2754
21014
28110
16190
12310
30023
18683
25782
2801
12845
7204
30448
13671
670
24977
4001
2216
10268
11667
10089
14886
25698
21701
13062
21494
8253
18322
8392
3193
29853
18167
19012
16699
18924
22154
11853
6427
414
4028
1824
4525
24074
14939
4319
31708
7288
20059
5185
11220
30075
17109
2439
24607
30593
20048
26546
9229
28584
31808
29683
12634
21715
15308
9571
5387
26878
19412
28916
7065
1230
10291
4519
18513
16748
23617
8448
23547
29844
24220
5048
11962
13033
23081
28337
24883
19596
2133
18479
10481
30700
161
26948
15368
7904
8541
9100
8185
499
30131
12059
24534
9726
15592
9396
28071
16381
30431
26683
13067
4891
6623
5997
5411
29967
21909
20687
28587
27819
1885
26340
19306
7858
17341
21411
21453
31979
6450
40
20431
27507
28720
13482
8731
20567
11364
17581
5237
16738
29500
19321
29270
17460
15273
3274
14038
21652
2852
19913
20943
9480
1007
14907
18496
19874
10397
10745
13295
23836
30932
23200
26195
40
19282
29065
12976
13057
2350
23036
9092
12614
11872
21408
7970
6152
13188
17718
16285
28194
17627
10119
25063
1736
27283
7323
12346
29283
1608
1836
11191
29084
18890
13914
31054
7863
2849
31137
30173
16675
6606
12551
21916
32591
31060
11674
21176
25279
9463
30233
12094
25182
16580
17394
3643
26390
23505
19564
26658
32414
10182
10790
7789
12435
18844
31424
29319
10699
10149
1240
25578
12774
22733
31288
14724
7973
6431
10829
14944
15488
26507
14556
22914
22002
12518
11504
22803
24344
11314
27671
10430
26618
19488
30157
857
21545
27091
29497
4040
2058
3303
28439
2334
113
29874
18934
12806
2161
18121
16035
5986
371
1734
2789
26161
29062
15177
4202
22710
19446
25661
514
32471
10272
9821
28939
26051
23172
20470
20268
25303
9244
6894
14407
1475
27629
20485
6312
30184
14043
12123
899
16133
20929
16947
19869
20755
25025
31222
16457
14189
20185
16507
30870
19252
15543
23941
18119
25842
1487
21901
8707
20861
27818
9666
1102
3615
30593
335
17080
4083
10762
29660
13780
6802
4498
3415
18028
27119
22348
31476
12915
13184
19689
12658
7739
17055
10088
3233
17897
13359
23600
2081
25381
5506
21596
30060
6934
27258
27222
21270
2189
24303
26023
10580
13952
10065
26893
4028
7867
21647
1742
16459
210
7991
28493
23468
9562
28126
28123
17079
24920
6850
10191
10553
28154
15534
20953
17907
26757
30494
20371
17381
3727
5540
29017
22732
2670
30346
17499
9449
25584
2233
10480
16388
26957
24793
9006
6065
9305
10682
6583
722
12286
29683
30421
11869
490
10441
24522
18271
31877
9298
30305
1601
23846
15066
22729
32586
23174
11653
21411
23654
1909
21046
31322
25638
19915
29360
6579
29191
5538
9979
14501
17399
27842
12042
7018
16661
16989
3994
31958
7609
2813
30301
29160
180
24762
10584
11167
3545
29616
1417
2830
31164
24240
20686
15283
2745
13366
25346
18437
11064
22427
27241
23628
28976
30348
20302
11189
16106
14011
31466
11174
24840
27604
1416
6479
19909
27059
4071
32130
27006
18132
19424
8900
29810
8971
30792
12708
1478
18037
21528
26443
14284
11438
19659
6741
27012
20548
27656
479
14691
19052
18561
29409
7508
6900
32283
1983
15357
11385
29007
26138
27459
26842
25040
5868
30736
29164
4206
9428
6995
21104
31802
29870
16457
15170
31467
3175
32764
8403
12416
15375
30217
19672
10791
23856
21157
14404
8286
7263
19938
16756
9304
272
24623
4778
15522
10159
25630
19645
13574
25068
1387
18959
9648
12630
8505
3518
30095
20523
31646
13087
23550
15470
28258
29032
9636
31035
29956
1964
16536
31320
14846
9485
21449
28172
2378
8493
26014
22836
19493
6373
21977
14739
29203
17210
11969
8810
27427
4748
4480
1864
6004
30225
16842
10532
20472
20354
5311
22953
27768
28948
18195
2257
27353
14250
32364
20661
7069
5449
31243
29604
30637
8140
13999
114
853
30681
2486
4370
25232
7187
30598
22375
646
31889
18731
27736
31827
25232
9537
5411
5386
100
12309
29427
32505
15797
30471
20660
16431
5095
11059
806
25148
3802
28496
3888
20280
17876
15575
2680
7
24763
9320
27184
24538
32136
28011
13363
2297
2552
22771
18000
16065
25988
3047
10213
18664
24468
25699
6576
5129
26096
15964
22499
15196
30583
27523
17014
24516
12051
25196
24513
28688
31468
26864
27978
18042
21468
15824
29404
16244
2340
1434
3033
11685
29789
32465
23248
20270
10673
16712
23378
10289
30794
3279
1538
26260
20235
27409
31468
13058
22910
10429
9752
4915
26894
27108
4702
16750
32375
23971
24187
7500
1914
21761
2149
6590
9429
16666
732
19537
3186
23678
18754
433
23519
980
26028
31596
28414
451
7481
15097
3838
21010
13987
32249
3465
8205
3859
20412
8255
1067
28986
21511
4196
17647
25245
12053
4821
7948
23344
11995
23617
22732
6951
6545
17813
9394
4873
17773
5304
5983
4614
23986
15737
13490
11914
30953
11974
22579
7442
25710
30
31922
26943
18735
4936
10027
17704
3505
32326
30957
25333
6484
20869
11515
3242
23767
3670
1203
28224
17438
24994
26541
17914
30003
30424
15078
28406
140
30507
13086
31235
26252
2299
9854
18610
5707
25488
8574
24240
18842
19214
17158
23890
25154
2213
9171
23922
11405
13065
19741
7034
11016
23330
631
10686
20358
28932
25334
7439
17768
29985
9621
26508
12572
18877
29912
21948
2276
14499
11696
25050
27353
279
1439
20848
5167
523
23580
20776
23994
21654
15161
734
25009
27297
19331
12793
11955
1508
16170
8700
11271
6929
30818
11096
4904
30030
28424
6789
8833
11753
6537
1360
28021
19527
23808
2679
28066
8734
18590
12147
14695
14308
8271
20629
931
23944
31386
22356
18624
13151
30153
10982
19697
16225
18507
3853
20407
25237
12374
25908
6314
17098
1745
954
16758
31880
31088
6030
24868
12614
12321
17404
31899
17885
24999
29894
24678
25917
7044
5751
18359
7007
16669
10484
29868
7291
1561
24660
7634
3194
26634
18417
21736
23214
27471
7103
19173
1473
7993
19421
5436
23531
11628
24170
22622
2920
30856
9114
31616
5930
3593
28681
18847
971
28524
20815
9154
20677
30356
28884
10368
4581
22891
6374
29889
15613
4300
4104
25033
32730
9889
16013
25714
12917
12104
21094
29112
14701
29244
21817
3195
27829
1521
26803
24705
22154
25343
7454
3771
24233
12931
5686
3785
13758
23490
29240
18879
5407
5392
10045
21034
9914
31729
19142
23886
10573
30845
30616
25010
9429
28681
17866
32479
17224
2819
2332
4708
8582
4638
18826
7709
11405
9903
10785
25525
24301
23127
12818
22890
29309
27107
11269
23568
23115
8048
4015
16985
6361
8147
10663
13651
18054
10040
30069
29234
23626
30984
24044
22864
5798
1809
22459
28274
1243
5089
2622
11853
6235
21618
31386
23881
18557
21773
27912
13188
7796
9576
28785
2586
15746
4114
18492
28068
15209
24848
10340
14846
23843
32713
30669
9038
3026
24607
3288
20545
5626
3807
6197
27032
4334
23899
12792
17124
28296
28757
15599
141
6941
13855
5171
24345
14256
2049
14078
32683
17510
31451
26300
24010
20282
8971
27493
21092
31474
20369
29193
18451
29266
113
14765
1182
7055
7257
597
11203
8199
10628
29282
24372
7214
3550
26142
8159
3020
6761
23958
21618
18022
26079
31912
6431
8185
15001
20828
15517
495
7087
21624
3695
4171
9569
22606
25192
12071
19638
23001
28015
31840
16994
26632
24448
4496
31981
5466
24307
8764
11794
10155
18689
19023
10086
31310
23428
8391
29242
18011
11262
25263
7873
17738
4061
19021
3702
25025
23037
26268
15800
27307
4463
1789
20663
31882
1401
3881
26516
5390
25309
18282
32196
1254
11870
32011
22710
13270
18561
1804
18869
27402
24209
795
18191
6570
27877
24256
8311
18350
13926
216
21160
10996
21835
10052
15947
4751
18727
19682
17947
7267
9766
11196
6215
26863
18835
12160
10007
16745
14238
27697
5331
25616
1629
27931
5857
27326
31248
28684
5165
32700
13993
24769
718
21723
10892
10399
18662
4288
5779
9892
9417
9856
22357
25500
24674
19309
21416
22168
21459
32559
13412
19868
31580
23062
18794
20120
9342
5550
16357
1177
30304
916
3536
3393
22897
26249
14009
14965
591
25029
19908
7253
9192
29325
22770
26481
3295
10248
31139
2873
13361
3407
32346
3254
31000
31171
16833
31096
6703
15267
31469
1744
10199
20702
25314
12607
30170
8741
21338
28717
20559
29765
17090
20958
30654
948
16774
5027
10372
32361
23694
2637
12664
20465
2313
28391
24014
29632
32105
25509
13884
16837
7086
17687
23900
26945
20712
7074
2898
3544
3575
16689
27822
15081
15766
3880
26772
8475
23448
10394
4634
21048
4464
13499
18673
28479
31735
7576
19784
31924
32362
9989
19181
20795
18098
29143
8117
21093
26345
16212
24863
29642
10265
2280
25908
11352
31303
16410
21169
21994
9648
19133
31848
11036
8530
3947
3044
22366
12974
9775
16204
19784
15053
386
16009
22318
21633
9081
19371
5619
10221
13116
21129
25122
5959
1722
7080
17210
10461
29851
9823
29002
21078
630
28216
5310
2363
17221
8088
14457
15542
31254
32675
8740
7321
21763
2906
1221
20897
21603
4614
16787
2813
12866
20186
11017
1290
24079
17876
32313
28001
24725
26596
1635
18451
15405
16976
7878
14899
7473
15703
1718
23957
28339
11797
15343
470
10095
16294
20265
32412
25343
30606
26348
31519
6990
22872
25766
20201
5711
28030
24571
24538
23535
12169
27740
8558
18504
10105
23771
6467
3607
12903
31293
3285
15728
15977
24401
15500
8880
32182
28545
20474
4532
21771
7079
22365
29000
2381
26914
1644
6882
28783
28456
3152
25233
10646
15965
11504
23344
8315
26277
32625
10975
24593
3895
30205
948
30825
21748
4804
5293
31698
25334
28225
1769
22340
31083
29375
23320
2559
22180
28955
15153
111
13929
29387
5219
5715
23440
27935
3405
1054
22478
14791
11377
15261
1484
30870
17126
30683
27005
16006
28494
1090
27312
13819
19720
32514
7649
5196
9127
6839
3925
2175
10914
9030
17510
1876
13644
18951
26395
6278
23303
32042
20475
2381
28597
20051
25123
10279
24688
11400
28055
28120
18555
30029
3030
14255
21112
8461
10929
30476
14811
3772
14684
31263
158
12987
11206
12786
11575
11516
18470
6570
9415
2662
29398
8970
30100
13691
27749
19512
9657
23096
13800
17092
23068
16700
3984
14310
27041
26157
17794
18951
12445
19800
16098
10115
14478
23703
817
20142
2057
15224
10714
3861
12019
32411
26631
12294
25332
8796
12473
24658
16425
6322
6936
21329
537
28247
776
12071
18667
19242
6140
12358
16086
20945
19983
9780
12760
8866
25937
11663
30123
1476
31582
19278
8693
145
23350
19785
191
23103
32584
5116
16680
21440
31184
10631
16986
5862
14179
18938
2750
8395
20424
16592
16236
11120
22794
16313
12262
23204
28875
4765
18949
12328
28635
21725
2611
2832
31754
3036
15323
13932
27706
19134
7710
19240
12984
17263
16584
26929
16844
26855
11650
3033
7822
1709
12617
32125
5628
29082
23070
11877
18506
13792
31999
29419
32377
26187
22551
27872
32299
28870
9522
9259
20406
7200
12403
4787
10871
4880
18249
10112
31593
8311
5023
1309
14837
230
14163
32576
32524
28000
15338
7084
4724
17249
10882
6743
25183
28190
24583
18632
6466
29967
29098
9412
17892
21419
13711
4649
18870
32371
17350
10266
354
14641
893
22876
23462
8834
6260
31744
21091
6290
17585
29763
31217
23335
4724
1714
6838
3809
23149
5522
2295
1472
31277
19838
12013
28902
20187
1362
32028
24478
18472
21832
13536
12190
10116
10593
16713
21129
16275
21255
4648
3256
18394
24048
11626
4410
6335
11333
27301
7961
25520
7684
3313
991
15266
18339
12025
10073
445
31734
13650
1179
2645
11602
15115
13380
3613
27123
11397
27652
15255
30619
1156
5979
31951
21116
24455
28067
17737
4952
22869
10576
31800
231
26841
17527
22256
20601
11823
24205
14238
23004
26367
12146
25655
17024
32010
11181
10670
25561
25346
15866
16234
28933
13215
14850
32503
8111
18159
27753
17404
22579
12782
27661
2157
12546
25686
4237
4353
14665
22712
12809
15847
22221
2764
5673
21429
15129
10246
11873
20641
13276
11881
2931
8691
23181
28064
10805
19898
26448
7755
32148
25790
11037
919
23001
20663
29983
19217
9515
21180
26458
7868
29013
17918
32401
7520
25290
31414
20839
11558
2278
15708
19140
23650
2935
24090
25466
17584
20860
19584
7977
9282
1325
7033
20576
8568
6459
382
26628
27825
13144
10505
21494
13410
8186
25933
12528
8037
13148
7972
21424
16787
15302
3657
27993
16020
26895
4807
20246
3830
19808
17073
4352
7037
23354
20
8258
8890
1211
11050
30842
7391
24605
17616
3171
4562
30079
5434
8626
5504
6632
10982
9277
24180
31625
17870
13410
10920
17218
738
29863
26267
28520
23477
23198
19107
19398
20087
1804
25221
10977
16931
26953
13123
17537
31481
12778
29493
23916
13103
22686
2139
7285
11236
14678
16626
12469
19029
3241
31301
11545
5459
16246
10694
15645
9973
28107
31837
5846
26250
1285
0
20022
7889
20793
2948
28044
17517
31187
22707
30538
147
12669
1182
13579
21510
7491
27189
30676
26181
14068
2836
11674
21762
11979
31392
28677
6103
4174
32595
28788
19509
11895
24148
25921
32157
6930
1355
23622
15890
11622
1651
5792
8910
23575
6897
20914
31028
28235
8036
8557
18438
18444
16061
16335
28888
21998
16209
30122
1476
23537
9772
167
10080
11176
9384
6794
32493
1435
1087
1464
10449
10731
1182
17142
9032
23604
24570
21619
5462
24247
27047
12809
512
10425
31463
21184
15291
23590
8704
28564
11301
15994
18321
25464
17395
14561
15909
19610
10026
9117
28681
21225
27027
24745
8027
14293
28520
2460
27748
4949
18004
13519
5672
25135
2715
5570
10554
18804
11412
31932
4309
13129
10848
31154
15913
10477
4566
9834
23027
3576
24253
23521
13392
8417
2366
22249
26323
25795
22680
4118
23765
22625
19990
19163
13836
7783
15423
8177
14176
31475
24140
1784
15865
19027
991
9057
26781
21777
9457
22667
27449
9516
29196
26924
16573
16553
13499
9715
12077
27978
5184
28524
20981
24990
4740
3875
7806
1850
21844
11276
5886
12869
4041
24098
8084
29242
8200
9551
10644
24553
13612
18316
10528
3263
4481
23113
2296
30536
15603
31503
4242
10482
15302
31588
28782
24852
7559
1007
26788
28974
30786
29404
15807
11891
9205
31106
28621
7300
19013
15683
26551
13695
7792
32692
3791
29496
20867
4606
1192
32198
5837
6021
26410
9026
19603
23495
24805
31947
7429
16262
29094
25805
11121
297
9544
8835
8631
25696
11469
28347
12797
32007
3502
13786
24739
8525
23406
15135
10873
18197
12149
300
23344
20636
21276
7106
10255
3164
20485
20172
25319
27697
23213
7839
22857
14267
19268
13696
13302
15875
6332
16998
27287
19041
2592
13570
8111
24733
4647
31485
30925
1108
2313
8833
18182
3997
14481
1530
5026
23789
28275
25886
25878
18488
2273
3883
20531
19289
12633
623
10652
14772
14785
9486
27517
24346
20405
31488
9082
1517
31264
32089
31974
10372
5385
30413
15158
20944
16304
2419
14517
28992
28890
16841
15737
9699
9577
23289
17045
17613
23855
6234
30096
7867
23044
22586
4118
18682
21782
17371
22510
28036
7809
16571
23340
26221
23328
1816
15528
10365
21666
436
9390
16671
4064
23254
10743
27513
7533
23185
18136
221
22639
31304
11962
18528
1966
20850
6090
27080
5355
16283
19698
1964
20083
30635
7175
17622
26356
20587
29764
14572
10126
32325
18679
6224
2093
6732
3194
4932
8727
6780
22373
12370
12481
8002
4098
9707
5351
14911
9729
30542
3547
4681
13933
22699
7454
2226
11231
7816
18477
17357
12018
15461
11421
17071
31478
5787
6762
24115
27369
11146
10381
23361
21155
22515
30668
29263
30800
15011
6102
28711
16931
31570
17039
21483
27721
30922
25001
3671
23324
8780
4724
17991
23962
47
7159
18041
29717
12234
2879
30867
28459
22164
27127
4456
31481
20618
17209
21111
27276
7633
27300
1204
22424
21405
14767
4236
27245
5201
14140
22307
24102
21224
23921
12512
5412
26003
29123
13611
20923
11171
9043
12149
26410
19114
25470
25977
30417
18141
11439
4802
3486
31421
11128
15726
13769
12791
32226
18481
20673
27528
32001
26013
19814
1828
17611
20640
3704
25049
28202
28238
5455
9712
12111
15584
17613
21012
22090
13309
20626
15286
20951
31289
11374
4271
15483
5084
4124
7207
7632
28388
25389
21174
22045
28749
9538
27082
26666
26255
9854
32329
5459
1385
9275
3703
32730
20189
7676
19225
18306
3452
30371
987
21593
17379
13797
13039
17365
13702
32250
27639
11298
27820
2457
12837
10683
25019
17955
31136
27448
10166
24095
22570
12134
16900
18406
10497
27037
1907
11423
10242
78
13948
15214
18452
23004
7881
15593
18628
11181
1012
31436
20269
16256
7570
20461
1563
8961
22640
29810
2416
30106
15644
23105
8390
18573
8103
11704
3413
17728
31914
20127
28439
3543
10119
21850
1323
3080
11761
30819
19832
8747
5295
26104
18322
29329
20892
26129
24289
12567
9971
22677
16384
13051
17353
25549
7523
12526
19931
26393
10045
28522
14474
1506
15008
16709
3364
24271
3046
6279
2149
17212
20561
6521
12606
744
10990
25598
19668
8173
24767
1830
21452
32502
6168
21249
19654
26540
10058
31921
12327
26993
13951
18627
14620
30801
14565
12224
18396
22069
271
12542
14637
7258
29848
18364
22313
30978
8969
13934
18242
30058
17404
7254
6532
22523
24706
2388
23834
30404
11203
1023
24084
3624
20196
13812
28775
28628
11310
12911
27701
7669
23916
2840
16207
9895
29076
10015
14329
21424
11690
4234
27885
622
21730
11214
26274
14350
15365
3485
28109
17919
11285
25344
9001
4774
22580
8101
17523
23124
27330
26234
17081
31861
28102
24699
3541
10506
4751
30151
14645
601
7323
7418
24029
1762
29623
13495
23982
22422
8552
7044
27624
11844
15754
31195
32494
6228
3639
29309
3913
18871
24298
11530
18416
7198
21220
28367
3014
3690
14031
13791
29797
22628
5538
2661
11802
26287
5316
31288
21808
21243
23412
29360
14450
11386
2408
27833
9451
9368
180
7973
7920
29671
1774
11079
11361
2904
400
30653
5163
26033
20893
11661
14097
3387
4744
2932
26029
10683
16465
890
22449
10916
2289
22218
10355
24971
19704
9153
31913
8411
4981
6725
13680
13002
29974
19032
21652
15500
17040
16620
30219
25030
27201
26361
706
15429
24852
22222
157
31728
4774
7077
9145
17147
7335
3961
1268
4702
22914
19228
8623
23174
32320
23684
2258
1098
20393
14181
22801
1568
12973
5126
29806
22929
7171
12365
3327
25834
8976
10011
28402
11573
15370
20960
11214
25703
23901
26726
2811
10203
5198
21233
25477
767
19678
25226
17181
2638
20721
25496
1633
8830
17071
16048
18013
18426
5675
7086
16209
27282
20034
15109
5300
12657
199
31059
5754
15184
26077
12601
27539
12010
30371
28521
17844
12208
24343
11520
601
2749
18228
1047
23819
12300
14174
4756
5854
19433
7168
32582
14143
5285
11380
21810
18924
8334
14627
10535
15940
22558
9453
15769
19393
22643
3531
6316
32707
23039
26802
16526
22671
28545
5307
4618
4503
12596
10626
25946
1276
10310
1227
30013
18001
3723
23404
15434
23202
13939
20839
15492
12724
12090
23894
25902
17551
31070
31500
2785
32058
24406
29049
9691
19398
18049
12238
19098
3213
3165
1506
4266
9148
17401
15316
23483
29199
26541
19699
15094
1756
21256
18906
21137
13139
6410
9695
929
25348
2707
29615
17968
23970
284
21810
27024
22022
16805
8885
12014
27254
3054
3399
29226
31272
10730
16483
21735
29698
4977
18128
8158
676
31285
14022
20087
14760
20983
26962
30874
10280
10491
16635
3778
29825
25785
17318
7252
25943
14037
2999
1072
31706
24145
21625
27525
839
2306
9664
18153
14769
26944
25293
15785
30209
21474
16497
22365
28476
31338
26230
10176
2308
5500
16442
27839
18786
5013
16541
21200
23490
8185
7453
21381
17727
5613
17472
25185
11809
13351
4915
23530
25764
9347
3760
27391
31996
11255
8996
22636
12949
5833
12306
30908
28319
13567
25266
11343
6090
31512
9183
9644
3918
6905
7472
27159
32559
10538
6500
16487
23999
8770
17411
530
19044
25760
3138
650
10139
29276
12071
204
5693
3965
11503
22325
13826
4205
11693
23960
20291
27818
6451
12687
18948
27069
26165
22798
5681
29296
25772
29502
26920
28220
1913
27528
29816
11521
29003
25327
31208
15098
18626
17316
24764
12527
6101
13012
12339
21676
14961
21701
4948
7603
8290
5921
18922
29230
26231
30098
10958
12327
2785
27790
7012
22267
16605
3701
8296
25868
10131
28377
27627
15799
26685
22556
3224
11142
32651
32577
8764
21158
13894
10748
15238
10139
3381
31499
16651
15922
8253
22729
4492
1207
17611
8705
13180
16233
26487
9472
16317
22571
27873
3310
27051
22140
6623
14686
18523
5033
18139
13347
17700
32577
25206
14693
21343
1994
1905
1525
21868
31666
10702
24542
21238
30345
7986
3389
25719
11885
1678
11602
30718
13765
21246
10198
21296
1330
32242
9871
30348
25026
9355
19747
17908
29543
5192
9002
6761
8104
2785
25734
8471
31895
11635
11255
11153
28675
31454
11242
21853
20206
15723
27026
8883
4417
16307
11834
31874
28095
18620
8922
11700
29240
9060
18920
17843
27647
13571
19312
1068
13470
26444
18279
12819
14023
26996
8765
3047
16270
3223
32689
8503
28630
16215
24553
19813
25097
27846
4802
11690
22541
17030
30053
14426
1395
8750
11803
22889
18929
16880
23138
14383
28690
16505
25408
2664
17452
12313
27607
6271
6035
23844
3642
22284
1036
21400
23167
14747
900
26623
19477
8879
12290
18327
10584
5382
16347
21425
355
2591
4645
19543
15397
4602
24429
3633
28856
8223
25261
26538
30189
10721
3704
18766
24876
31204
8824
21878
26491
23773
13594
4904
21724
2969
1416
18489
3548
30273
10712
16052
20329
21724
28034
31104
8420
8469
29720
7228
11383
23870
29745
2670
29097
19606
7847
477
1583
199
1538
13371
22789
24755
6707
9223
11198
3184
3206
18610
13849
17041
12242
15873
10196
10920
10482
690
31941
10505
889
2658
22310
8144
32418
9902
21553
16677
9862
2969
3821
22206
3474
29485
17735
8870
14903
9318
21348
15677
7395
24907
31030
5249
8753
94
7757
28811
13661
13622
2032
8540
18170
19563
13677
14810
11239
24242
22189
31766
26751
16201
4363
23248
15376
10646
1638
13373
142
29195
21109
10760
12937
15948
29275
14998
13661
2196
19068
32654
10153
29269
16014
13721
23554
10782
4083
29030
18920
26818
30278
9714
2808
18871
9780
24582
14436
700
14989
23297
15521
16062
13210
21207
27999
8189
178
14170
446
11627
18440
9400
14527
12116
24775
17733
17400
16196
13153
123
19085
3878
29731
6975
6235
11177
27662
11622
19830
15848
17378
4216
8662
4169
1403
11188
4429
23205
18272
16724
956
6570
13978
8466
17799
30078
29378
25578
25670
31653
28766
5410
17342
12325
21870
27784
32527
14824
1089
32251
27182
11873
18573
556
18326
16499
23231
7334
1595
22158
11664
17164
7104
19483
14809
10658
20201
25114
15528
22799
1619
8969
7059
20834
28515
15880
25420
24146
4476
7484
5238
202
8565
15217
12983
4517
10570
32003
18959
438
22545
4094
24168
23307
3632
6020
31086
26482
31182
9839
19104
8253
22407
19768
3495
19267
11108
16152
10983
26919
1546
21100
18005
22749
10801
24670
12424
21609
9816
18370
28178
10986
14007
5950
18704
23512
886
8878
8448
30602
3868
1990
27859
26875
26954
26105
9027
3277
31145
19866
32103
14734
30497
10818
18309
7483
24396
11377
13351
5122
554
30328
25969
23628
30230
4246
8369
19451
2040
26721
24632
27376
31677
24423
14185
5841
12548
11542
15631
5129
26
6105
28660
12304
25385
18820
18863
22764
16300
17138
29629
19960
25638
13036
21203
19940
3604
13389
23667
26109
3104
14180
27326
18094
20631
6810
649
16711
2077
13909
16306
21246
2208
24604
23476
24884
11402
10491
634
2809
28219
23337
26993
13265
22454
31464
23777
11192
6810
20141
14205
6245
25685
12929
30777
972
17044
15015
27227
13286
11261
27007
5077
12212
289
31914
24018
5506
6572
5487
11151
9833
12767
16477
21356
11031
19521
8242
11843
5587
23441
16380
12536
1467
18686
20606
17489
3920
10907
21717
20232
28213
15885
604
9759
1076
31622
22476
22388
18818
21752
12200
661
4676
30082
20952
13269
19793
5423
18579
30112
8250
13535
31875
3083
1160
22149
23588
3759
19012
1427
4718
21688
9149
17331
4275
26425
7813
11704
28618
28099
11709
27860
27757
18741
10642
18443
736
20693
26632
27111
28115
26016
21239
11886
3210
20447
8018
3409
29755
6907
2479
29798
12472
25490
15364
9816
30797
19402
16559
29086
22252
2534
9914
21417
5255
17687
15196
23650
23230
13460
31939
26067
23994
13548
10768
29732
3161
18331
5284
20938
2955
12508
5786
15355
252
10175
21140
13157
28915
19579
8379
17695
13178
22789
19713
24544
17599
16354
2730
2415
29882
11577
16650
2138
14864
7724
5520
21995
11319
616
22275
27736
26843
7163
11788
17722
26753
4455
14069
7232
1643
26100
26800
18981
16315
19530
27931
19423
28123
1854
20098
18970
27
19693
7781
13540
30876
24583
31100
18346
12398
21358
3321
2403
9973
11264
269
7435
24721
21680
27821
30291
6269
6364
13974
18071
18936
6363
1935
13840
21667
27861
12782
15691
16427
27095
12893
13017
25383
15654
11742
24905
28996
20948
4365
14675
13471
13458
13477
29782
30322
27077
11078
15109
23283
27100
7286
9308
13433
14304
20709
8410
4577
17996
21493
9706
3120
7712
20089
11682
6009
31793
32445
24239
23298
22723
29128
28816
21666
3417
25053
8195
19309
3276
24136
18365
21908
24987
8279
29022
30086
26242
12710
29348
4699
27982
18335
27359
20339
18415
30786
13477
1882
26575
11298
8134
28143
1890
29104
1922
7622
4607
5564
6394
5322
15854
9529
24037
25639
3266
15425
24452
5991
9704
18009
30168
5850
16257
5109
5906
2364
2413
26943
15179
30866
20136
27156
10357
15957
16602
1871
14994
31442
8745
20811
31780
7121
16722
21411
8932
13941
31736
24124
17590
14435
15164
24454
22749
13350
7821
13310
22891
19667
18625
3832
6396
1256
869
24731
8356
29818
11346
23853
10790
10896
8577
2449
2663
15818
7969
28941
8226
20550
17382
26705
6876
2755
12195
437
11803
21255
28699
5827
1235
16767
12309
2805
2337
6694
23726
11199
21563
19623
13555
20944
23208
16326
30639
10134
10412
27644
9090
14592
17159
2401
32051
12423
32735
21712
20551
25967
27642
12357
7635
8010
4144
8841
11662
12991
11040
31250
13610
23433
13091
5924
2533
30658
13438
8509
4187
2146
24540
11184
24222
6915
23803
3472
17544
231
13733
28879
11856
30523
27874
23719
5468
9373
5740
16185
29526
4061
611
14965
27522
29696
20802
14393
7759
5515
1042
2493
23340
31998
23773
5678
9372
15006
9062
23705
14989
6007
8727
19723
7910
22434
28475
15607
18527
29124
22125
31447
30613
24535
30288
17686
25182
27949
26241
10286
10585
9649
31178
2062
19402
19057
28825
22718
3493
28505
12208
19013
1001
9793
20253
27595
15151
23339
5485
2555
11395
17861
13085
19627
29810
5174
21073
22463
100
13078
20168
29514
9773
22206
10768
32503
23006
10691
4086
13480
30177
17597
32577
32348
18757
21325
27296
25430
24662
2654
26080
20604
15217
21418
13154
16381
26646
21120
17869
1078
12351
9669
2560
14807
21488
2874
3403
9537
272
18428
21470
32563
32119
31313
29569
29862
14152
14497
18054
24053
12161
8643
19196
28993
29392
17019
550
29716
5289
29760
25644
12356
24725
6466
15375
12315
13773
22955
32738
1460
16647
17957
31032
8616
2192
925
20953
31979
32411
25671
22713
6640
3545
4579
4906
8468
21577
11582
28240
7225
82
1787
9429
5553
1039
21907
11487
7775
4842
3227
16959
32536
7532
14662
24812
6479
16211
2090
17327
15090
21477
22599
15135
27023
9349
32581
28880
26811
25988
8957
27336
32692
30009
19515
25394
16965
4436
5826
18519
24810
30319
8849
30921
17461
7654
10853
4065
30576
3561
25471
22124
9860
28623
2727
11170
13082
24749
17009
31320
9471
12328
9919
3702
31181
391
14727
24234
6088
781
3287
7774
26630
12165
19990
11240
23507
19998
5772
12033
24915
9337
9509
31609
2921
3841
25969
3113
28888
29563
26608
10792
1704
16861
12173
5186
31180
30564
30824
15013
19457
22497
23512
25310
14329
20820
30129
18436
8377
15803
28354
2867
4160
30508
4258
2108
2409
29218
18093
25243
12562
21013
12361
24234
4734
11341
10350
23316
760
27895
26213
32395
26809
4729
7119
28094
26892
13059
13290
7557
16816
102
6160
5471
20862
15914
7552
13855
5195
24026
97
22754
5648
13731
4100
23108
8521
1310
28778
26068
11418
15465
5382
5573
19384
14716
22723
15078
10119
28602
22345
24788
16768
11719
27516
25197
1622
30106
30534
8841
29657
6867
22679
15589
22042
6990
12202
17248
24528
26104
23177
23402
8698
993
18899
20409
9926
22419
4797
27197
13234
26275
25175
10839
30449
24965
13841
11078
9232
23972
32125
20194
17369
30130
2390
140
15224
17469
27586
9317
20188
27780
11732
1726
8800
9608
32341
24528
32683
31590
15812
16301
25044
15075
2971
30327
3274
15177
14548
19664
13300
31346
17324
8337
29716
16162
16551
14783
9329
13722
21716
27579
17205
14953
9554
22200
276
18310
24595
23922
12334
14236
16864
8990
6711
21413
15773
9628
469
24250
10447
18420
21321
5161
4443
24832
18514
19401
8336
8806
846
14474
12136
27594
26019
30032
28683
24129
9565
21506
20629
17416
26137
8925
31513
8310
22817
23567
5862
31791
10456
29569
12041
16795
13145
14068
25107
15766
22619
29775
16156
6249
24152
23095
29703
23289
13038
18145
12552
21567
2693
31012
25956
29432
9010
22483
14712
26526
11995
17225
27133
8854
10396
9541
26762
683
6506
13049
25946
18363
4086
5469
9808
7600
20436
27593
20280
21426
31709
23747
32592
5020
16338
10518
26631
11692
15682
29988
16644
19582
16301
15484
15722
9531
31721
9135
26203
30734
24261
7264
32443
29911
12013
3995
21558
22564
1549
616
8580
21597
25913
26783
26091
6974
26765
6653
22022
7050
24080
7544
18886
18174
17374
16080
19382
29828
29063
8807
11651
12970
28850
19282
17851
7762
18694
18352
15061
4523
17226
30522
32626
16224
26570
8220
25570
3599
15357
17924
24810
18428
870
30584
32708
29447
1976
1388
872
25819
11325
22804
14090
26473
20600
23543
1508
405
17930
9797
16437
14382
24018
26474
12682
23332
20568
15587
27708
13045
1388
27472
28218
8809
32522
11723
776
4223
27521
3961
1800
11943
8916
862
28665
28465
4961
11894
16061
16390
25024
6145
15967
23958
16366
13342
13396
21009
16299
31899
26113
29914
9248
3084
6014
32313
30405
28442
26522
848
25474
8222
11551
28240
8213
24815
14679
18156
25267
26359
9166
24334
11250
3469
858
14281
26598
639
14425
12944
10890
8429
11322
25253
2914
28254
10815
4819
25695
28173
13696
21344
30723
16004
52
9278
17093
13676
26668
3969
31671
28068
7328
18454
2150
31632
20782
8369
26626
15284
8736
28423
22975
28545
3566
12094
17018
7278
10243
31649
5536
24907
26820
11417
17740
13778
16079
13528
32175
18560
17792
3544
12213
28323
17594
18564
12005
23219
24036
5685
26250
3301
2609
24031
27152
12798
20005
12685
25776
25701
18005
14346
11344
893
29038
24289
31652
5425
23416
26760
6042
26065
3676
10969
25589
23068
27556
4545
11063
10142
21379
14908
7621
26428
15637
14721
19526
13837
9191
25721
8524
22635
28346
11126
7734
4938
13188
24098
24405
12233
31928
27574
11085
23815
29639
29548
4542
25656
5351
14646
23844
25336
20499
21168
23548
32734
15187
8275
17705
19797
14909
26348
15253
20135
16060
7501
13595
21339
1808
16963
18597
7361
32022
20168
10129
459
6858
6265
18010
1310
30730
14410
30836
4457
26013
18808
887
20470
14707
5311
28032
19839
12334
31694
2772
24898
2018
14584
3783
2647
14361
18220
9181
14146
27419
1575
20270
11205
7276
28392
8975
30968
149
27748
1262
15259
6695
11388
2686
5290
8190
32044
12821
4146
6339
2565
31314
28260
20404
3549
7426
743
1704
19653
28996
7795
2381
27195
14572
13980
1461
28577
23846
16363
19985
5870
24156
28211
26556
11684
31577
20258
2939
9218
21422
29463
31491
7290
2388
6195
20411
3941
9620
2995
9924
22262
17700
13693
20023
14188
20371
504
22445
14220
15846
7713
13317
23887
13444
14812
15457
8920
29775
17543
19570
14248
26388
22485
20982
25109
19237
17626
30078
5368
16964
30562
16501
3495
18371
9095
25694
3619
20970
29059
1885
1938
8857
7106
14841
18671
2862
13116
31264
1536
10153
32257
26475
19080
21775
9237
3236
11711
26380
7807
25222
23039
24795
7325
28611
15552
13675
21434
10828
29382
21178
27874
32204
17561
31877
1269
7029
18230
14884
29435
30464
29956
23472
18615
5359
21257
23142
16767
3606
30302
6224
4939
27737
32224
17186
22027
17591
21545
24162
30014
12936
19903
14539
24512
6146
30602
20724
27107
18434
10636
27949
5570
32010
12748
27305
13778
16773
11155
2019
7610
11603
22235
11834
21861
7297
1029
32478
597
17240
26570
9968
31546
17306
27508
16101
14787
9992
19790
14636
7860
25383
9561
9232
15417
19012
8768
17119
6777
3510
4750
16972
10863
13667
3615
3090
23285
12422
21460
32218
1058
25519
12171
1887
7382
22539
31823
29648
28307
28645
5835
25206
15247
17517
21509
12950
2823
4280
20553
26265
4053
19977
10850
17002
23877
25935
32529
10528
24101
6638
14519
32221
16923
4546
1877
3061
21820
7777
5302
14931
30169
11169
18667
3609
7324
30555
13048
16519
10964
30318
27085
27678
29454
2822
31096
5381
12261
28702
12440
4267
23835
32323
25109
4270
9960
11675
28430
21756
25489
31015
11539
18744
19261
1861
31893
4447
25093
15225
9114
18859
18506
5484
16565
32183
25931
309
27190
6885
8182
31960
19870
25085
6655
14092
25430
7190
8496
2882
2720
5818
19200
32482
8653
11077
28262
9176
28337
21902
28655
1103
27476
7625
5135
31676
19178
22956
19380
8479
19205
2257
12065
9862
9482
20572
6906
20946
13281
23005
9115
29373
8689
6520
21166
31260
13132
16195
25341
5730
38
22511
28292
31078
13196
24747
17099
11110
8787
21061
20339
3915
20046
26514
25358
31790
10692
8977
10804
4124
12064
22475
9427
8214
8427
14717
1478
26972
1528
14329
12457
26604
13790
10698
18924
30277
2475
2583
3367
6768
1239
19914
23981
9281
2679
5104
17764
219
29363
13667
21972
26482
5242
30631
8061
17237
6005
26387
13166
32555
8761
7217
25363
5500
14528
28775
12879
2676
24346
26070
12234
13028
21600
18050
10125
27786
31210
16051
25548
11154
15041
30364
28674
348
1879
28475
4676
128
14710
9856
28366
8720
29815
18097
2531
4125
21940
25869
7124
31100
2368
5040
27486
21193
5845
19126
8760
10413
31501
27811
20461
26461
24789
27139
3816
15203
3871
18509
32717
28577
24280
4109
3856
27795
19738
26178
14528
15572
32162
21765
16035
15076
16772
1900
1160
19496
30237
31918
1753
19762
20554
30344
8048
4931
26583
9951
3243
9998
5947
24742
28355
7359
898
20482
12121
11580
24714
32172
1874
29867
17778
8600
5861
31284
9552
2260
17394
25864
16418
4786
21142
674
8200
2345
27644
589
30384
22649
1910
2534
28433
27150
27084
2019
18268
9895
11988
26260
18223
25527
4418
1193
26124
16395
25794
5877
13835
13230
30276
22385
26315
22282
18071
9604
29870
9551
21306
31617
22598
15897
24943
23922
18954
27213
32656
9492
28238
26691
12454
20258
32114
17195
30264
11734
15449
14761
11361
9390
22812
30659
27685
20844
0
10237
26629
18016
15526
8130
30417
14825
31618
11014
16574
20282
16270
15146
17081
23642
24640
32032
7162
20846
25529
6863
23003
9531
18751
11193
13803
27367
22509
6363
31294
29951
17833
30676
8
10687
19031
8522
31850
27789
29516
1674
3980
16582
19206
2670
18924
2493
10522
24964
7158
3073
15981
15724
25556
5087
12711
18306
3463
25896
24549
11966
31031
22581
5551
19672
7111
18471
21545
9903
3501
13939
30349
19435
31745
18335
19416
23009
12243
32070
30916
9656
8130
20834
13815
20938
16330
5835
15994
21069
862
17146
620
9523
17847
1299
29176
16718
3179
20003
29828
184
22593
11941
24619
2674
30788
11596
1390
32587
4886
31484
8998
28164
23175
10265
22205
21169
7526
16133
23710
9570
11160
26596
13546
15363
16486
31139
109
897
26395
7224
10704
21551
3535
24619
12048
25959
14974
28501
7983
9332
5725
15080
8233
29359
17261
19119
4393
3817
12368
4503
7421
11785
24156
27503
20679
1782
19950
10220
2806
21944
1280
18160
22133
6618
25598
18955
1570
5138
15574
16195
9346
18212
24655
26896
2995
3
5531
10155
14754
10553
12335
1928
13438
28042
14290
6433
4972
28116
22260
30198
32636
3642
834
5842
16603
7809
5239
24399
11339
25018
15733
668
1233
14626
7060
9598
9645
30278
20538
24981
2191
6251
22700
3553
31752
31020
6179
28805
7743
11365
18467
15818
28645
5968
17160
2150
4971
750
23778
1791
3186
11689
16002
21227
4995
8247
30421
1082
20992
18881
13937
20214
6746
10053
26990
1449
28805
31289
9079
9504
30377
21105
4640
19823
4635
28482
27002
19509
23691
15336
32486
7201
13695
27429
1574
32181
2048
30251
9402
3402
6290
700
20329
31317
28522
29840
9758
17384
13020
11767
16885
7804
1555
17343
10646
26349
16388
10328
24514
18118
3748
4662
16427
28095
23129
8567
7817
1156
32175
2246
23530
15544
9549
15743
26185
8762
27687
29459
22115
4519
2037
26031
8134
30752
6627
14360
1835
16461
30602
26842
21253
4257
31
8865
27226
16096
20970
27623
21970
7391
29690
31183
22286
652
18456
10833
2618
14637
22777
27032
17894
11245
22712
1704
11537
404
25475
15172
10119
918
23188
27407
13422
30287
27490
24049
19227
18061
5913
31164
15914
12367
20040
16144
21709
17100
29914
3452
3684
26039
25160
29413
17486
17346
12813
2604
7679
15969
30809
11531
2899
20176
12041
32064
14626
30807
28375
2286
13333
12237
18638
3648
11704
23643
21506
8783
6096
21890
17277
16198
2542
607
6268
32196
9540
32302
17628
32129
27320
26126
20943
16693
14135
13315
24275
437
23116
19265
3301
15455
31473
6568
10737
185
16037
29323
12430
16725
26302
1717
28648
11256
22529
7598
28669
19706
16496
29754
26125
496
20323
25635
19787
32649
13274
14648
30681
28342
21778
22422
11251
25870
31062
5926
8555
15472
20248
30823
29525
3562
3136
5742
23043
21465
6084
31275
16692
30546
29049
13037
3720
19649
19497
22568
11319
17360
3557
22647
11267
20107
10908
14813
5739
17345
3309
12112
14882
16557
314
10104
4031
19925
22270
14516
1462
19251
11360
3678
18567
26515
6152
15184
23349
10044
9521
5542
5114
15826
22015
32710
20793
16251
8211
17054
31412
27969
5982
23853
8959
8376
15154
27973
23861
6880
6559
5519
6889
14924
15612
1231
9823
23684
6084
617
3324
28329
25252
9253
3580
29015
8401
4399
24931
29647
16031
30306
27446
19030
32336
4037
12010
984
10025
27478
5917
25297
10956
18695
25988
23918
13505
15367
24357
26863
22614
28994
2246
5199
20649
16171
1957
13863
1795
25273
31337
12752
21351
3503
24153
6087
11115
10785
21708
9558
13127
30516
23776
26481
25900
25381
21871
1247
17111
18061
23359
29594
17765
25827
22393
7543
32617
22082
21085
14345
9532
15980
24115
21443
28564
29968
11909
26206
3160
840
12171
21626
4531
6758
12775
16008
10088
26608
32403
5351
23141
27369
26391
14157
20122
11858
9727
9065
17163
3313
9100
30407
7204
25169
29354
18419
26701
19722
6690
6881
4799
26178
32273
29836
14486
4724
32153
20958
21543
20337
6358
1488
12947
9124
13075
17106
26525
4761
17726
21357
13240
15041
5274
17959
4196
111
16820
4263
22203
27175
17304
28185
13383
4632
9028
31956
25111
20711
2909
24378
21010
1454
33
25568
18059
8005
21405
30960
2069
19136
10784
28363
11672
27448
8943
19954
10916
16079
31034
17446
6150
21742
12623
27854
27289
14801
9742
30874
3167
31558
2717
30822
3024
27313
13405
20321
21874
16468
16668
4206
11178
973
28044
19146
20690
24032
12275
2543
6027
14199
27429
3257
19797
18919
19888
30664
13149
1141
12630
1829
31125
27417
3776
808
28682
21122
22896
31897
25203
7513
22520
5141
20997
24266
19561
20659
399
1601
271
18920
1986
30833
3419
10408
23504
14747
26401
17358
4154
3341
5124
23486
12258
11753
3886
14665
29032
1319
14148
13265
13491
221
22680
25261
32462
28862
10145
32206
26614
3041
16297
12707
12273
965
31174
27195
27809
18577
12299
22954
1752
25248
16639
15789
31086
1340
26446
10385
1681
16042
14783
20816
22365
26984
26470
12030
14764
17074
1051
25443
28720
19018
31019
14570
18623
20345
28237
14266
27885
20305
16087
5666
8416
2102
20273
2106
25696
26269
22154
12999
10798
12050
28875
17760
6551
2432
3273
32719
3656
20909
2751
9914
19044
20740
7931
11139
3796
17815
19671
2924
3551
23140
3563
10751
27642
29911
31105
10925
17121
31633
73
3509
23270
31336
4175
5191
3721
18351
13609
12265
3146
3767
2165
283
27323
25493
1667
10550
17113
17446
6990
29594
17564
10833
31665
6664
31181
5004
7895
10317
11032
8610
27636
17185
7010
14515
28722
22094
3421
15996
12527
28181
18265
24280
28197
16333
2397
31111
26921
9677
10614
7471
921
4748
19023
13216
19087
16135
24578
17244
16923
6243
30510
27223
1265
12500
29258
30203
3166
14269
12600
15471
13441
15641
22301
6937
20663
17433
8817
15970
25687
26894
2898
5817
21408
7818
7198
7898
8431
17858
14400
22352
2613
9783
17738
6968
6825
2198
27205
12873
1210
30940
22852
17425
22600
29629
22336
4225
26899
839
30239
4524
31092
3779
13590
27340
32075
25052
31537
18566
2360
12035
8240
5743
16910
4369
30613
11726
24708
20526
4603
24996
7470
28146
10409
3049
6316
15563
26471
25
5154
1695
2193
1775
3560
1714
30569
18288
5762
15049
27825
16684
29138
20368
14714
15297
22668
11321
13367
20384
28139
24934
31765
27668
15778
32585
1679
32384
22038
5897
11068
7912
21194
27496
8684
26034
27418
5284
9972
20142
22829
7066
14790
19797
11557
20529
10693
30286
24728
24310
25943
25143
15940
27140
16187
11681
29182
10535
7709
14940
21740
21825
19047
5622
18932
25324
20059
10622
15988
20576
7263
5773
9012
2712
28567
25992
29081
11696
6841
26911
4379
9362
14621
31513
12536
27601
30228
30292
27178
31701
24187
4615
15767
7737
28816
587
17033
12913
24068
474
6493
9648
13393
10518
30335
8712
24397
13901
22934
14548
14847
11067
17659
3155
8626
25552
2416
15509
16201
2612
31247
7067
31442
3081
7296
27834
19806
29936
10607
13120
25871
21070
28989
21594
20338
1104
30966
4149
7695
8236
25476
5732
14655
18346
31522
14722
21822
6628
28435
1560
15745
8521
6547
16576
27210
25320
25102
3979
5241
29420
3984
21153
15269
12898
8061
28711
21099
6723
29826
5990
1286
14254
29131
16169
20000
15733
22134
25446
19944
20187
27976
17953
5989
26524
25759
14222
26634
1326
25256
10614
32138
30023
10706
4571
32238
28063
24963
24799
9700
20727
22281
3554
12634
17754
19155
32747
12875
32675
7649
21833
18905
26687
29561
20090
30621
32052
6940
24651
29499
5474
22200
12609
17465
26889
20767
1592
3089
908
22712
25162
13956
629
12916
24050
1074
17848
6404
31089
9064
30012
15434
28273
19257
32663
21773
17641
3280
30234
8432
12096
20228
27149
23205
29109
10285
12091
606
22782
2614
10162
2692
1071
29940
31940
15532
1502
8886
26961
27335
8325
25374
31049
16536
8743
6191
25196
18796
9015
2470
23124
32261
11445
654
3510
28375
2458
27919
7397
24183
18294
24711
16791
24656
10840
21980
492
20376
6126
30224
5292
12930
15853
14101
23248
23989
30643
15075
4677
27646
14124
9417
9708
24129
29938
22784
16101
30646
27576
23174
31501
10833
8936
15145
27845
10114
3211
20962
18422
26911
14954
11109
24658
18079
28274
26870
23772
27272
2653
382
17578
15402
8847
6366
18665
4494
14398
24963
28707
15786
24278
15419
1725
20182
20636
2631
30916
4484
13969
26033
30953
11051
10137
13280
6345
24964
8924
18025
13938
25081
2413
32296
25379
7515
23338
9360
10068
3027
15075
28479
18422
27931
32190
25045
28924
22765
18905
519
26906
13244
2098
4591
13005
23459
11716
17574
16027
8603
8179
8469
4764
25328
14378
1800
2873
22262
10947
2692
6452
25848
21799
6491
8425
5745
14134
7933
24275
31102
7145
6801
30033
1940
13621
23365
1962
25710
12083
22242
1615
2378
32383
20131
4193
12373
28126
13895
3699
5220
12067
4453
27281
22756
29523
15104
2433
11796
19975
19291
26952
1394
26642
4110
2289
27250
17764
19034
32137
21366
8750
10170
22638
32507
11079
10426
17098
12560
5583
27148
29274
25869
23058
985
23412
18305
5550
29525
17480
3180
22777
17046
7526
30127
25501
25254
17280
7616
5253
27607
3697
23202
4349
14422
20863
19733
26388
3331
12509
28682
12101
17536
28788
15449
29015
12424
8164
13494
20610
9603
18373
28130
17107
25687
31794
26398
22482
22144
30856
18149
21089
20579
10347
20442
6631
19935
16906
8704
18094
23846
21924
7209
19850
11211
30284
29105
3772
27164
24553
18539
19477
30897
16000
29404
19039
5189
31414
6823
8696
29637
12176
28489
704
3239
11646
11526
28469
29053
11928
4131
13021
32458
8231
2134
6117
18964
9575
16507
8199
1850
14219
20104
17585
22536
1794
8131
611
14857
505
30003
13144
1692
9249
1108
32106
14666
29618
4111
22320
28759
20400
3560
26729
23447
29549
11130
18845
3459
21327
18464
26369
25228
14035
14070
2716
29360
13266
23808
20904
16714
28419
32680
4411
7982
17858
22382
28198
29429
17679
15067
11293
23446
4570
30134
30745
24887
9854
8315
12795
10306
2443
3081
31090
23226
25032
5531
542
15312
2936
30457
29430
6577
4829
26352
21735
4515
14331
7679
21693
23120
24478
4947
23623
2145
5534
1526
18102
335
1122
9795
13383
4214
1443
29597
16674
21100
12402
8800
9089
27280
2173
7704
29972
14054
12942
31729
11173
30242
21076
29039
1272
5122
30054
9055
27125
4065
12165
24846
3336
12682
19489
8120
18377
74
14623
19011
31704
12361
3802
14637
31499
31257
22888
26308
15052
4240
1822
13205
22204
10451
8278
20262
9885
18612
11375
6376
27502
20286
26646
3431
22487
27533
12484
5060
30664
30180
18824
16229
15198
24313
23815
23019
10502
10643
24769
18788
31460
8791
15766
9922
11126
18911
24968
6285
13684
9485
7874
17876
2811
26527
31706
30057
2027
11523
22867
11598
25486
13164
4198
26218
25978
19749
28417
10368
25016
31782
13585
8802
16421
27621
30461
4706
4889
15726
2418
4874
327
22966
23142
8205
1764
15916
23383
26492
21004
30610
24788
15165
15969
16139
6975
14010
13301
28021
3281
27862
28010
14584
8414
12837
26967
28895
18523
22364
2798
11175
16285
26630
11740
6998
24931
16761
12657
31759
11031
5641
16129
20706
22097
12411
20362
25320
11165
3005
13462
13968
29310
4820
10339
27444
8883
7445
10562
14576
15032
31384
9277
179
24464
9450
13052
8854
10690
26626
28906
3693
17314
6006
11155
17052
15569
9199
29264
11565
14087
9435
18727
8991
20496
10849
749
25088
27925
27546
1709
20414
19229
9470
1102
27834
30931
15132
23663
11294
7562
30095
16278
9841
12670
26157
18570
23144
2909
20609
5629
28671
26374
9596
10094
12745
18832
26471
334
12420
26254
2588
23650
17649
27281
9078
25704
25571
20207
6
18941
30869
6851
28679
11198
14656
13621
24724
6830
10733
11516
5401
15832
16776
6433
5384
22837
25911
30469
8653
15311
11754
10661
18691
22823
11314
32285
26344
4564
7766
22891
11534
28526
19620
29558
340
22442
5
17231
18709
31430
18132
182
29855
296
31728
24288
24295
15426
17424
25719
21883
24248
30039
1251
23735
32709
7465
24264
1084
28123
6204
17359
24478
5257
28914
28074
30557
31138
30694
1106
17943
5532
19140
22931
5627
2870
15711
32203
21121
605
22781
4591
8792
10833
26101
31438
23968
9988
13181
22938
13402
28099
4541
28068
6429
21783
12840
17255
17418
23534
25099
21704
25090
27638
21350
32412
17430
6986
26620
28523
9022
12624
12966
29555
19534
29409
8940
16880
18471
31147
3798
12187
21546
6868
3840
27249
16115
8416
24813
8885
32067
23765
17309
17720
2877
21149
610
10968
28118
1195
8687
24903
26759
8930
25522
28942
15172
8370
4964
17617
31922
30340
21214
5588
25749
4696
22574
446
6791
15276
20970
11677
23792
28320
26052
6699
5170
29273
32095
3408
9764
11939
21857
13543
7618
1242
714
26309
31523
12298
25220
8695
16299
28757
10042
13644
2689
1429
31086
12052
22851
15683
24006
31270
16633
6040
21927
19496
13128
18417
28165
18698
9193
5240
12410
32724
8793
22785
10901
9378
15313
12594
32628
11244
14712
3559
14229
11019
3800
14804
17129
8697
3214
4461
24874
4697
11078
29186
25711
1975
743
9263
510
29968
16907
17779
9569
2965
14770
29983
31164
28332
20791
18546
7517
26936
30339
18946
13205
2074
24192
2141
18630
15864
10704
30705
15550
29756
16832
11305
10051
11616
375
11225
27375
7274
32628
25820
27199
21938
2871
764
4838
31979
13117
11793
13159
5217
26418
29549
20194
20864
2659
24184
25390
6806
2674
1176
21801
4570
20045
2132
30540
20908
4448
22456
24195
15902
32522
10747
31035
4020
8782
95
7356
31592
32204
11865
31929
7153
24559
11506
16677
69
18279
15725
11849
861
27610
7978
4884
20792
16086
23754
29106
15650
30987
29844
5728
19766
1975
24599
4222
7970
28257
16145
16869
2602
28874
10640
30844
8816
6433
27991
17926
370
28278
14979
2622
30676
28529
879
25382
3168
9540
5076
30620
27723
25310
9013
20526
12473
1121
26234
12847
7556
17111
25819
12554
15673
28705
5119
27095
32356
12079
32613
7468
13838
31863
32516
6966
11139
6815
16686
13832
4441
14205
11194
11826
4013
23874
22626
19862
17328
1010
12394
9335
22627
22296
27523
7379
7326
951
30190
22515
14935
8835
484
2624
29473
4689
18486
18776
1523
22221
15409
97
8747
20331
14020
32414
3026
23200
23781
21567
21794
14673
17712
29054
20805
18060
8401
15335
9312
22390
27557
3575
5328
22404
26524
21737
436
29934
26466
16589
8875
29025
11326
15066
29919
27381
23354
5637
31042
12638
19844
11731
10263
31590
16404
26475
15797
4251
9871
18671
17543
15172
9579
6924
88
5786
30549
18640
7885
3381
16847
29116
20787
7109
7454
25115
13179
11266
21347
26002
9347
7142
6920
10231
29592
17689
20573
6246
1848
6317
29315
658
24860
8971
26506
21082
9078
3117
19414
13725
31607
26638
20679
4174
5396
27487
28313
30411
31754
22652
28040
8810
3615
14494
2616
5205
25259
13650
14677
23193
19288
9770
20086
11129
21030
9906
2632
19208
22706
18597
21480
28407
15543
13921
8592
5291
9685
22937
21622
32146
24721
23114
3057
17848
27294
2544
13278
18581
5211
3833
21058
18474
23452
25722
22577
2636
25517
545
31214
24639
11924
16491
21075
19590
31639
19734
21875
15098
28414
17370
22143
32538
26394
16212
9446
3234
8838
30275
1216
7775
7085
14582
1645
16193
15756
25349
377
27058
21946
5440
14019
12582
26533
19429
24031
10739
17694
9494
8632
868
4120
27529
20602
2056
2476
14722
17071
30800
21089
18430
15784
29529
32683
15921
21790
25095
10929
5427
4121
6227
23635
25591
21777
8422
31340
10108
24915
26342
6740
23367
20391
12816
23722
30224
29232
10503
13904
7868
915
19947
19126
11659
29532
10542
15196
19859
20893
5795
4242
21101
7639
26840
8067
5678
32030
22182
4465
29592
7033
26374
28738
12434
15496
20262
23612
27862
16233
30397
20237
26858
6619
5787
4110
14673
3748
9604
15816
14850
9009
1854
4280
22041
6269
12777
15183
30669
27444
15759
2877
13474
7959
4604
12271
2527
22946
9936
19030
15683
4076
2514
10731
13812
19408
8071
23280
25016
19530
20996
27128
31335
1315
8704
169
16289
16849
20013
16321
30908
28569
1225
31319
21248
21238
21359
13924
28695
11326
18740
5761
14527
3971
32495
4338
18370
29623
31192
6116
296
15636
7253
5875
10667
18107
6416
27119
4715
12188
7245
12512
11491
28309
8059
9543
6940
29150
6920
21671
4128
19876
2682
25668
5298
15860
30396
16939
1084
32731
31413
26482
22025
17868
30239
4033
1716
19265
25239
2578
13793
19365
32496
1716
19498
24690
17613
1686
15709
2711
23663
20418
15076
27420
715
2856
27268
28424
5600
28573
30027
29315
15175
7715
707
7992
21772
4971
29804
2557
14524
21144
30057
21430
23743
11590
12922
20854
28648
19659
20010
32744
3915
24764
25930
17902
3663
5812
14237
19079
1284
16208
18645
25078
6326
17534
3518
22049
12994
21752
31162
3639
6568
26891
109
22933
8290
1181
24505
25067
24564
23150
17901
2202
12101
13470
10297
13153
19757
18032
23910
19513
28879
19277
20675
30845
13353
5900
24931
19278
3305
31600
16773
30518
18306
9970
27220
17163
14464
24769
30673
17943
6168
17928
269
12149
15364
27759
16539
7358
9102
3556
8517
17382
2538
8603
766
29792
29384
1619
19480
13193
25898
8668
6839
30787
18547
6614
10886
18912
6081
2491
17064
17987
24445
23072
16370
21313
14641
7479
3927
32589
14745
5273
11427
21845
1276
17474
31085
10215
32188
14045
70
6040
16685
22339
30775
22694
26275
830
7275
31708
13519
15250
11304
16054
16715
5438
9988
9926
11891
20479
6485
27734
31607
13846
3305
30799
6830
10571
29175
31066
16941
306
5206
21572
10905
7853
28909
29607
12345
22706
32619
15047
2639
9806
17464
8122
3241
10730
16043
12492
10099
462
1917
2337
6479
483
13181
30876
1960
15037
20102
25344
28994
29144
686
6741
12054
28450
16321
14478
30558
17338
30446
15464
5868
28152
16063
28053
21695
32429
29519
19482
13272
9132
9911
3830
1866
15241
30153
30212
3217
22176
5377
29474
36
18777
10680
28307
24654
13227
17307
10914
21049
8671
2652
2696
23884
10903
29607
16528
28854
11790
5464
10105
26443
6817
26603
19228
32144
23183
3379
25679
28177
20221
28495
19464
10235
31805
19419
10694
21478
19279
32611
24876
6899
1192
9501
751
25623
26675
24279
17651
31670
1686
22830
17841
22900
16310
24577
7900
30792
2685
5925
2884
29906
27099
11098
9210
26094
13066
3966
30901
9097
2327
6657
1908
28595
12702
5785
22373
13814
9941
8247
15110
21734
2763
22329
32138
9722
24562
18401
32638
14234
10972
5382
1708
28025
24898
15113
17728
31525
19018
32523
23593
27869
13321
24157
23746
12962
8775
4664
3506
24976
23171
31663
30481
8047
28983
3041
31180
27782
15454
31859
30282
16303
20274
27710
17999
10417
25402
13380
3617
27849
21124
2281
10474
20874
1840
15200
13406
2536
1070
12131
32669
31119
27463
22823
24923
17017
9314
22415
14654
20671
2560
32416
8327
22703
16138
26165
3573
31520
4556
20723
28902
1026
4161
32640
1984
30521
12689
17392
30095
24492
14552
27008
23280
5272
13609
17543
30253
26923
17107
32425
3753
31310
29154
29518
12159
3778
30185
12370
30054
15726
767
28415
29656
19959
31752
6456
30067
1938
22070
12022
7071
25110
21967
8185
8561
19798
2096
28087
17871
685
7954
10649
8405
5338
4364
9062
26744
12814
9049
23551
26729
19524
16604
4174
12604
7121
16993
28793
17098
12348
3110
22363
13780
847
9370
5684
10473
17006
10340
10399
29833
16936
16295
25797
27274
20492
30852
31697
9403
22206
10977
24228
9928
2122
18793
23241
22365
695
17364
939
5262
8928
24169
15365
26487
31103
8897
29595
6943
5771
19917
27944
15011
7876
24347
8343
14992
24460
11604
3445
20880
21752
9226
4519
17481
22055
3760
6232
10370
23506
5354
13622
25479
5413
19464
32734
26575
16077
460
17300
30173
28755
9332
22328
25700
21416
27636
12661
13230
31489
10372
3388
28734
18660
23130
12913
10421
7811
30393
14052
31474
17482
32298
19330
31869
16564
18442
27085
550
4450
10052
30089
2793
31342
19552
9912
21013
24573
2237
20425
19630
24083
22298
21517
5647
4780
19803
25194
4051
19976
23434
18515
14582
7494
31773
28919
56
25396
14711
25785
5570
29542
11441
23777
12
25477
22937
16273
30718
1770
3067
6138
20566
18539
6688
24271
27721
22133
12437
9978
2413
21852
2861
655
24790
3054
16201
13310
25471
15950
31575
32652
5612
11008
24473
12548
20238
24128
21544
10665
24167
20376
56
2672
23919
32177
18077
20076
12341
31850
27535
27018
31049
10535
18346
16254
1242
31083
11320
1789
28444
6058
23731
27949
2540
16984
16774
3418
17847
8518
14356
4330
8600
1326
9211
2963
26304
17805
9626
26571
13083
12464
6609
30592
5937
16914
18183
32010
19274
4837
23410
16478
16341
14575
8338
1156
3338
1943
2047
29003
1487
26432
30053
17723
29144
14037
27085
25547
13075
27557
29726
5076
23107
25458
2787
582
28394
7364
13134
23834
28269
18819
6525
6791
18035
28613
32253
16505
20110
3301
7309
16447
1309
28373
28708
14979
4977
14261
30773
16256
23854
16292
25393
24431
7924
18646
16974
8002
24639
14822
10887
9621
15500
21102
26339
13282
18366
3542
8187
16372
4543
10345
7350
16798
3434
31406
88
2220
24233
7925
10683
12058
21466
5424
6107
31620
3704
22788
30617
18398
7927
7712
16056
16485
6127
9934
30764
3797
23677
26823
9620
17885
11751
29772
23045
8400
15486
20850
29193
27549
16329
18366
3303
9985
23007
17393
11045
15611
18965
20517
5708
22913
13017
21017
30187
15217
30430
970
13790
4554
29050
23107
8656
14620
3660
20149
23039
27965
1057
15818
1343
17214
14104
20791
25666
32669
1541
10129
10774
7356
1812
11873
15855
5522
30639
25210
18983
18593
25505
27274
15491
1832
18299
16368
7096
9369
12854
22989
22062
6733
10779
3678
28163
4983
22752
7817
9811
30039
17172
8117
5559
14256
3773
14303
16907
8571
7487
24554
10613
15837
31871
8247
23714
7511
29513
31606
3667
14141
11503
31676
15385
32617
18483
5589
21596
1072
19815
22235
32162
10389
20435
4103
25358
20157
15959
29896
10791
1699
10066
24338
30172
5389
29634
11769
6852
26303
23980
29310
26794
17390
9662
24233
11592
22519
19507
10968
21587
24913
20727
25942
18616
7616
16139
24623
31526
18124
1836
12611
12748
12914
28079
30874
1380
27673
4016
24823
12144
22984
17259
3760
3523
16789
22506
28860
32580
17249
30689
10254
32239
6850
13270
31009
6684
15681
30596
31701
15108
10438
28290
32121
18561
30288
7200
18729
8725
1257
10898
19034
1838
20698
13648
15795
21672
19227
4796
25631
15252
17677
24837
27680
21816
17515
23116
1382
14422
21374
13318
21152
29618
8593
3490
11666
4558
1957
12907
29031
2552
17766
12975
16201
17030
2653
6177
28976
2145
8038
14716
12023
8128
17509
29033
22965
21046
5685
15523
16714
7663
4321
857
22584
27191
535
4564
22965
25915
32729
1113
5630
28436
14198
10833
22765
13825
10425
9383
7886
26612
8544
17266
2927
7505
3279
26324
22390
24818
27654
26401
10231
31086
2513
18500
1094
22427
16190
15455
24074
20049
23636
14770
24467
30577
2306
10174
29806
27174
12886
26538
16438
9835
22512
15333
30636
22990
19893
21261
20490
24947
17864
31248
30869
11611
14006
14737
21106
26854
29168
25229
23226
3223
32383
20030
31441
15640
3059
21823
13043
7038
4508
16882
21263
27341
28157
16927
13785
11967
6782
7133
12827
10177
18273
10678
13899
20543
29687
25094
16995
16161
22292
28068
13293
5014
11200
4548
6237
19984
13871
28956
31140
14992
5364
26694
22786
20515
12913
2406
19484
10668
27282
31500
28750
31717
14523
15964
10306
11425
510
8300
22466
28500
20370
23277
4554
2772
3456
10254
27874
11361
8608
19869
29098
27620
28356
25455
22455
25972
6195
22787
1181
3102
6489
32354
333
6630
1468
5193
22946
16649
1330
10122
6710
645
24658
15280
24698
19931
12584
2274
12550
19988
3117
20746
2093
2050
13685
4150
22741
11720
13867
3134
28037
19357
26171
1959
24512
12748
15950
7111
6546
16383
1531
32298
5480
30142
12859
13621
20517
27699
2078
9
8561
7472
22461
30122
28244
7027
25456
8033
27141
8232
18241
4702
22780
4527
29856
19618
2638
26528
5720
22812
31546
4108
28865
32530
22783
14854
4663
195
21745
10594
26572
11595
32460
30653
2618
18886
6472
26302
22300
5560
7406
10138
10845
28333
23849
15326
19440
22300
928
21353
26049
25745
21955
