4787
2647
692
15855
6335
13947
6066
13820
446
9545
30239
8555
5518
10428
27488
3611
2150
19130
9744
19273
7007
31628
31398
11174
9779
1170
23377
11692
28228
4917
1831
32305
28384
28700
13439
2365
30403
13987
15003
3353
16093
8329
32395
25512
24150
14824
10061
30202
16336
4459
23865
3615
31724
14523
6301
31545
15631
10554
17316
15317
4198
24820
13180
8828
18471
19411
15543
10372
21274
19730
26354
25388
11609
31987
949
20201
20052
28341
11419
25850
14359
4800
27827
12098
3024
2340
6437
20055
18315
30785
7449
9687
4417
15303
15572
8955
13073
32738
5156
20846
11469
7342
21503
12895
32440
17905
871
2517
4494
25353
18320
5698
24517
8995
30533
26204
17427
8622
32136
16680
4400
12048
20345
21591
22237
4503
31097
7382
30757
21170
1934
15777
30435
27745
19721
14552
6276
27370
20327
16148
18446
22222
22646
2299
22881
31483
29625
28434
4542
23363
23308
13267
6533
28429
5771
13312
15171
29770
21425
28982
5099
28331
14269
10949
6244
10001
12634
30911
5188
16198
3454
7503
1500
11754
21395
76
31604
14000
11477
2318
21975
13002
23291
19073
5139
15777
537
13687
3194
6602
18885
17731
14060
25141
6521
23171
27737
23464
29752
14397
16257
31340
14196
22318
21246
28743
16688
862
20613
22186
16738
30712
25961
18730
15003
27993
26720
1076
30185
19815
3210
23549
28157
548
17839
8121
30089
4739
16841
15629
7404
378
7106
14278
6929
9048
11134
18891
15764
23897
5916
16208
9255
887
2425
25421
19253
18564
12790
4143
10693
29814
29052
14541
26272
21762
22717
32157
26806
7276
23484
8744
18110
8861
24207
30395
23069
15478
32611
2656
30985
7524
16834
14604
7150
30516
32529
27162
29200
19497
16477
4856
10611
10060
25943
21025
28152
12036
15516
13899
25544
17894
28986
1505
8437
11726
29040
6835
27231
24879
12982
9709
14293
5799
30461
28741
17277
8919
30520
27257
10358
11377
5915
8697
21691
26258
1571
28128
21067
17747
29142
26665
11143
24731
11596
1824
28379
31031
29166
27414
5536
21548
7550
13401
21057
24651
4440
30052
2461
23047
5879
5458
31661
24964
28090
13977
24423
14064
26088
30196
30178
4374
11507
5537
22714
16944
12025
26829
1974
7933
12688
4941
31144
23572
3011
29070
13461
21880
8024
15567
12566
29804
30549
16269
3326
10121
12226
11839
20797
8461
2735
30788
20229
20342
22137
9498
22571
17488
2378
4560
22223
32075
13791
8894
2111
17296
15758
15731
24345
5461
25479
7919
20656
19887
9562
25107
4529
32424
31929
19029
1543
12690
28287
9912
26619
411
2802
24828
27296
17569
17221
3345
23406
13895
14434
3282
1837
22856
26342
7152
26133
779
21612
22572
21299
17784
8718
6602
21262
11019
10281
12354
11659
31014
32609
22328
24334
27820
6885
30638
9442
9419
22516
2425
10459
12313
9889
10481
4153
28643
12243
13549
29136
17857
7311
2287
30566
16238
25210
10139
11869
13527
14745
26990
19346
3186
8028
940
26244
6609
2779
31642
28601
19063
13919
23022
26205
5354
8740
12932
4397
24074
13405
21586
16019
18592
6777
13726
20498
9018
20389
28782
5349
26679
27794
25409
14307
1054
9336
18940
17574
22068
4955
25383
2028
8013
16781
30041
20285
21218
116
18673
19407
32356
1165
27143
7334
15056
24753
18083
17407
23684
18071
32044
3055
21841
12443
28451
7752
31953
22717
27665
21436
13050
8429
2237
32325
4340
20614
30371
12996
7208
19224
28578
21992
12186
9322
2549
28753
3960
13759
2148
3573
23283
6233
31419
11459
20557
10556
17020
32391
5939
31284
20433
526
1358
21529
10948
14218
4373
11858
7346
29751
26341
16280
3581
6463
21587
3068
27650
12764
32193
5164
11083
15548
4655
2546
14853
9385
29012
11773
30388
11369
30701
15076
32549
20963
26198
360
27556
27780
5463
6650
19056
2785
27968
20349
28524
21406
21304
10060
27671
28046
210
10879
17342
13083
31201
21610
12273
13545
5262
19047
2355
20406
18343
16598
10229
22917
13114
12641
20934
10747
5987
18053
1732
521
11618
8269
17238
5835
5872
22113
2589
17328
22484
23360
18983
10204
3505
9418
30054
13002
23074
15873
23393
25654
13064
9744
7210
17210
3363
8333
18320
20663
5344
23291
31893
30966
26994
2963
7459
18575
3620
27972
27130
26762
1518
15608
6893
9669
19782
7193
18254
1941
9784
31827
12967
14768
27321
30876
20906
19787
22841
16242
7019
5503
3959
29284
31437
8945
10137
7892
29754
8882
11132
13307
21400
9316
21065
6702
30328
2975
15433
20319
1680
12435
8442
11494
14443
29678
9058
14978
25183
18944
16547
12954
32704
284
3280
7113
29779
18242
12799
7066
9221
13052
26015
26256
13021
21382
18444
29034
304
3121
25185
18340
14356
16137
13966
11073
31254
2742
5546
25032
3120
8096
12426
21133
2805
28759
5778
23089
15
16689
5835
30572
27627
23349
14134
13578
6067
26167
13920
30004
17277
11845
19255
497
1218
22594
5916
1773
26897
18897
32313
22648
12548
18549
23061
11217
14196
5110
14949
9381
22761
6
10278
23507
28500
20772
7912
17266
13825
24769
12397
3093
10695
19617
1650
28493
14722
13701
14029
880
23235
20743
7608
31897
22213
21189
12909
32496
25507
28865
2547
26156
24009
1800
31799
9814
13736
7826
8030
10703
26031
23402
3418
20628
1142
5646
10171
29889
18236
9241
19912
6228
2195
5151
14543
8244
10074
24793
29369
16498
20972
24450
6881
32206
4503
28032
27943
26749
10832
8519
16192
29737
8868
635
26704
4410
2034
3412
18106
27476
17112
1351
22582
28960
4075
23267
6181
2384
28843
10489
6178
6365
10422
3327
1754
16019
6971
24246
6429
26576
7346
2827
2357
8841
3274
5691
8310
20621
19619
2363
32534
8206
25918
20055
5695
27997
29234
16665
2147
29173
9376
30060
25552
25787
29288
31233
27524
28548
17821
6642
25154
7640
16439
24998
3045
10486
26632
27380
22773
17687
20210
13451
28792
21495
2902
2193
3082
8338
5327
13962
23088
2091
22817
9340
23274
13459
7532
31568
27271
19368
32678
29308
28349
14364
11335
32479
23033
28536
7238
26860
30964
22880
28485
3595
16007
15384
13833
20796
448
21063
16684
32510
25141
28155
18454
10351
18072
19694
31785
14772
10636
520
23612
20379
10423
6180
23627
4223
2585
21015
13676
3181
11164
11246
29189
26756
4332
376
2621
22946
904
32261
9392
12861
31002
14700
20327
1934
13316
9811
17671
12789
21051
13738
4680
11417
15960
21369
12201
6223
14060
8412
25443
26045
24596
3915
32667
27327
4942
16671
20699
26377
24971
21330
20675
15374
31622
29831
28924
23585
29779
27978
4718
13530
4667
32152
31923
6332
8647
13218
27083
27668
32539
8142
31249
6436
18821
2559
9325
3969
30038
3094
30412
21178
12273
13753
15053
23610
18977
7507
21181
21616
7344
603
25286
26413
6965
25818
6755
14157
2349
13863
12823
13721
1357
1781
29023
24300
24343
22160
20709
9621
27308
26468
3318
2557
18145
15551
15414
9866
18836
9688
16019
12994
1601
31247
6263
16820
8912
27254
3650
16275
28337
3217
5111
29349
28715
602
25909
859
23537
25480
22890
20418
10999
19473
18499
3610
17027
13294
4711
707
25223
29726
8804
19809
20014
7405
31209
4408
25269
374
7991
31960
4220
7271
32466
29951
27229
12804
5500
26299
16188
21359
30307
1231
29151
10022
410
29784
768
6861
24262
11440
417
25134
4122
3731
21920
26494
12677
30336
6283
4321
14377
20066
28853
32561
17936
25200
8842
10747
26138
32082
19487
31947
17466
3973
32526
22954
13794
26112
11392
9444
9916
13336
6027
15887
15771
29857
16831
2632
19889
26198
1531
29632
26626
10107
21893
632
8472
13504
19290
29256
24313
20329
2499
27174
17238
3756
5673
14501
1541
8282
10026
14780
21426
31938
6381
18889
1233
4563
31666
27093
16598
10624
28845
31002
25001
3945
18708
10178
11092
14775
7031
1778
11263
31047
17232
23047
22559
29964
32475
3360
14058
29870
7975
29916
13070
15991
32365
15205
25506
3184
12450
7853
24925
23751
8776
25591
31750
8564
6537
9370
25643
4892
19846
22529
7446
11062
2029
16119
19197
2412
1225
5153
12665
18500
1183
9676
30265
1279
17590
15594
31736
7874
20918
30038
27052
28915
26741
27488
12801
3302
22797
25221
12037
14009
8242
18814
9765
10620
10946
16253
18520
26261
30622
32435
666
5219
3001
20501
12956
12322
27758
27744
5050
5903
5143
28250
30765
10956
5339
14939
8834
5381
24007
32525
21322
28244
22048
13168
24340
19554
17144
13857
24728
31568
11008
29147
23349
26197
11421
11070
24990
29608
31294
23503
5328
22432
28908
15937
3911
8985
32035
28659
4209
4379
16864
19385
31843
22454
13819
25055
971
48
11191
12651
2085
2659
30360
1699
4146
24416
9076
8911
24742
22360
30413
4416
3361
22205
9566
19857
5473
18084
31476
7981
25270
27758
25471
19985
14774
25767
2665
5332
29745
17710
1062
29668
5992
10902
13837
18962
6777
13517
28774
22097
28958
14075
28356
1722
11927
7853
12949
14548
21733
22067
27639
20243
9273
9798
25805
16286
32428
23279
8722
85
13360
12196
12142
29715
19143
18099
18695
15664
5875
12260
22426
6475
14445
16985
29386
10822
20249
19898
23992
20625
31802
26255
12755
31404
995
20973
11250
3559
8878
21589
20384
19565
27567
26585
21686
23680
17067
7552
4912
21766
18054
11756
24889
29509
16379
32058
6024
24043
26768
5674
12271
6481
7624
24704
12849
4352
21658
5802
25365
23157
24866
16034
27064
5409
26263
10774
24359
2996
893
16839
31789
31387
3611
8239
22890
8135
30000
16230
30117
30641
6370
15942
30308
19355
12279
206
22201
29976
3399
12228
30814
31438
22897
23454
19204
27259
5326
18083
32233
5174
30115
6734
28585
2808
30363
3059
20566
3674
10612
13476
10698
16800
8696
8278
16956
21495
3375
22592
3346
32251
18643
27780
7670
30844
3844
16657
21036
20610
2621
8648
9251
15502
25991
25054
23882
22307
11500
2689
6692
25221
4655
23742
21663
31169
27066
10914
26786
21229
29656
19359
18149
30385
17956
12338
18949
4359
26946
22723
25048
16190
32460
13261
2302
32581
911
10046
14520
9254
504
18721
20221
29649
18633
2938
6859
21019
31248
24433
700
7430
1626
5043
31193
7747
26660
29206
14002
13813
13202
24700
24751
8888
20068
2297
10145
2786
25637
19768
31132
11017
27301
2330
19209
19909
19114
26785
9463
28854
227
21773
28082
15049
19229
15684
8087
10168
13753
15735
25126
3280
7518
27139
14681
23287
30955
16789
16180
16877
32688
2706
7070
6354
32733
8118
11887
12265
31034
28667
8138
28571
20505
13756
19117
26815
11402
10522
13766
14872
22989
12703
3721
28447
14861
23329
23167
15363
8779
4585
21217
15087
12952
27157
7781
3723
32391
30267
23896
3525
6626
29007
15341
23761
23964
16327
32469
5998
30983
3068
15887
28780
9031
468
16898
27243
263
28062
14025
3557
4714
16957
10702
16495
15684
19081
1434
8507
18315
2546
32747
3810
22024
4199
11783
14944
17234
17782
13137
27488
25341
28340
15898
22971
1295
30047
18105
16443
19891
12098
17630
3236
13618
11993
20259
20725
17438
24246
22756
23019
24529
27683
593
3783
15126
17673
11969
32337
16165
11536
21834
15645
213
11784
16270
30989
5645
26504
10967
26135
24443
468
32615
26696
6793
18436
4617
7945
20365
11619
9196
13730
28736
16918
5297
7420
14962
23294
31427
4779
13052
28895
5607
6443
19701
31425
20500
17770
4393
18326
16516
1415
22982
6942
25867
17626
30297
4616
1448
4404
19449
4442
30298
9576
17858
17682
11060
32010
10630
29197
21172
21878
9406
7977
27217
16404
9671
22951
339
10715
21835
6355
7655
31764
17405
1254
30835
14945
8329
9515
295
16893
2506
14689
25557
3653
20798
16993
32258
9848
16824
32256
31549
6331
15957
23095
2991
9824
19889
9089
26868
1383
25947
29317
7465
23365
2438
7413
16454
21733
5377
11702
8110
32749
15721
10305
1029
18754
10141
6985
2370
17614
8306
18078
15621
8833
19880
22609
30506
29845
27421
1305
8350
11031
26689
32757
23665
26787
31178
5395
18221
5231
29609
27633
16487
19850
32572
13506
29331
9062
453
17683
3357
14229
18203
26542
25781
11472
17567
25534
28138
1853
2162
32565
17914
25074
10469
107
15848
7605
18481
29447
7120
27909
105
13347
1656
24927
19372
2475
20263
23994
15519
18694
3514
4692
6938
20729
17140
26032
14626
23240
29974
28383
5144
26270
31407
25856
5679
18222
26550
10243
3108
4251
20694
18098
9001
28309
22793
9713
802
9670
15720
11588
22803
17516
21314
7315
26073
17991
11371
28458
25881
12213
21974
28676
24695
25628
25702
25417
17160
15240
17410
26901
16649
7061
31976
32123
26577
6032
25411
14794
27140
23513
25855
15118
31754
26763
27100
20954
21695
24415
31169
24389
9836
26830
7508
819
9207
29814
11463
32726
26198
22719
244
30324
17993
5566
15021
24938
32329
16218
5197
28529
10427
21165
29075
9248
28266
31405
8625
25010
31028
2059
1951
16394
32516
8283
7349
21748
30976
26742
377
20910
23299
11804
4278
6567
24397
21726
10446
13958
14969
2619
8016
19822
19376
1290
4813
31104
7453
21528
3816
12194
18592
17
13997
3967
5319
1188
26916
17871
24058
25826
5157
25561
8181
24295
10605
20534
13180
701
27122
13527
5193
12413
31604
3658
17226
16823
31829
16440
6409
25108
2474
21299
7276
23354
27538
16302
12702
22512
23495
27213
13645
25219
6770
13664
22550
8808
17732
19370
20029
7458
9410
2150
10146
32359
25568
8332
25584
11134
26066
29008
5912
9707
11807
6123
12798
334
3831
13983
17265
28809
4550
2805
17761
11809
19977
14666
19020
17383
8801
29065
7930
30167
997
20794
13418
21568
22461
9916
26124
14629
2797
31182
28721
13539
23662
32085
10943
11797
3459
20057
23593
14517
27722
9296
14494
26756
27793
22175
24961
8875
17132
23390
31002
12962
13828
9051
7819
9809
6706
30562
26117
13685
11085
15036
8507
14406
14528
14070
3095
29015
22495
21732
12716
11965
4219
26340
7533
1651
14259
26727
11420
12797
27918
22190
5125
19788
28103
1746
28139
31970
12904
7431
25667
16182
2714
2337
19232
27994
11068
11352
16239
11995
25266
3144
7652
25833
26496
14140
26164
20663
29975
15787
24197
31013
10990
25859
2850
5021
25045
30630
20084
29754
27527
22066
17710
18736
28798
11782
12999
9576
24587
30978
4653
7786
9893
10893
7864
384
7810
11741
26972
25624
28260
6515
20004
4971
19126
15332
24027
10076
19671
26079
4108
15523
21686
5484
20782
6698
10399
26226
16664
17847
18260
27772
13755
19404
8288
22972
22031
16076
9896
5969
24910
12638
28995
12997
30305
12310
24203
17626
28567
32339
28020
13702
9885
6755
16669
316
13483
19694
677
25453
763
18321
5440
2639
16255
5833
20618
14301
2515
27411
13595
29727
27761
32081
20315
13483
30244
4720
15511
7532
1983
25160
1621
16034
10766
26051
18405
29738
13
20546
21049
18944
10584
14396
16887
2562
10467
13096
15307
22262
9195
26782
17154
30927
3372
24761
24149
15916
4181
4543
32514
5922
20921
28932
24098
19771
22087
2827
17462
31934
10172
26351
28419
13105
2327
14593
2464
22301
20301
10419
27341
15633
12863
11701
3462
3561
10729
18525
30680
25168
11228
6476
1012
14212
23790
7247
16258
8538
2864
2691
21815
23937
1056
10173
13482
11274
6944
32552
27747
4392
29735
21296
27189
25653
26295
17567
5583
20470
3343
29958
31117
10272
21409
10335
28052
14363
7366
10736
31005
28421
19633
30835
24081
3322
20897
32115
727
13715
31835
21497
11881
2988
15576
25192
19118
14955
5947
19366
8452
3966
25862
31612
17691
2723
13964
21056
8714
1646
26794
13233
23964
24135
17074
32034
1515
13746
12456
9947
15665
17619
28081
5308
22490
20017
13000
23075
8414
8634
15795
29968
14413
20743
17461
17543
16428
30946
10118
15926
19327
17413
31744
10072
17319
2853
14619
21721
14318
13871
9627
14011
19297
17106
21512
12984
13534
5181
17247
4649
1389
28714
30727
1830
10451
19739
8454
3311
21605
21987
7541
10122
22555
18025
30257
18094
1509
1449
8148
20448
9026
8443
6372
5084
6414
3224
14410
13110
21915
19802
16389
13889
5380
28611
2079
23600
958
28737
21984
25979
28528
30896
13123
23941
31237
5921
23206
10107
767
20954
2757
21119
15118
15518
22249
30982
5601
29486
18269
12158
3644
7439
24098
17973
28747
24206
21475
25206
7734
23298
8491
13045
757
11345
10198
17260
10086
29621
4294
13191
7580
26560
12759
21758
13946
926
4116
29952
13697
15259
21035
21720
30439
23268
14110
5579
15337
28306
25916
7231
4450
25060
9552
11811
1179
12236
24088
20618
6757
19886
25592
10393
15461
13156
28912
25508
4272
9349
22732
27284
28568
7911
19866
25740
27589
4706
18529
19660
8327
17879
27152
8149
14954
3441
26805
25549
28171
13867
23791
4134
20779
19091
934
6267
18946
5325
18425
7866
2261
474
10616
4232
16331
18971
21140
13281
3325
784
29523
26367
19148
32358
13385
6014
14967
6705
21955
13501
15597
26230
20293
8583
3551
17388
823
26867
13594
24579
23259
14984
8724
12838
24194
29093
9668
24125
7680
11296
16055
8311
32093
13358
27489
9798
14797
16771
30385
30891
15074
21946
29416
23475
1025
14326
22186
18242
23059
21450
28757
23823
29052
32598
9107
32752
14417
27827
9515
28760
4293
19090
10525
4637
4069
22559
14061
16255
5254
28716
6207
19815
19067
20363
5540
9452
28171
6843
30132
5659
25506
26312
29277
18424
30662
18796
6266
27072
23373
13434
17831
2417
12237
8316
14420
13196
14421
19099
26137
16410
602
2496
3145
28909
6900
32505
11978
17704
9291
9502
31012
9730
24395
948
13783
20678
32160
2321
20466
8734
20446
20417
4833
9874
9215
21289
7303
5196
26643
22378
13709
4638
25907
2185
1017
28614
9911
5324
19458
13168
25001
18023
13090
8316
28793
24663
14702
7042
14065
17039
23843
3987
620
6482
7297
14530
14915
7136
18908
30691
29833
7764
26096
5011
17144
31437
29813
2681
19498
5580
32499
23243
1293
477
14808
25363
7825
1658
32712
16435
31651
3628
5940
19622
17247
16371
30254
9482
25473
18408
30843
21979
5917
4897
15338
5762
17809
725
5861
13710
19895
23232
23878
6721
4447
28361
26476
32590
21756
21475
3981
19169
18333
6193
6477
10208
18207
18029
14224
17520
13473
14474
9357
22972
27961
32152
37
24818
15077
22249
26738
6541
20933
4210
162
17626
11655
14451
23046
15029
25378
31323
29542
15252
15047
8422
17048
9160
9748
904
31824
25599
26252
25358
3642
25356
30788
31107
32582
11499
5342
16720
10820
4863
25275
14248
1712
8607
9325
7715
29647
3793
31851
32681
14843
1621
6409
31890
13882
30438
23719
8715
25622
17596
22056
20668
14761
1365
7590
30376
2552
10357
26979
8276
24962
12908
28419
9515
4376
27543
25849
29473
23278
10537
14400
15767
30195
4907
19019
4990
23390
3010
19262
8384
4745
7089
1118
7899
28419
2078
9926
14543
29921
30105
29277
26171
22356
15450
18692
451
17793
20938
532
7860
31116
27462
4615
25067
15862
15903
23157
25075
23850
229
13891
21101
12114
4581
5655
32437
14959
26352
16654
22466
6313
10846
3506
6478
6371
10579
10022
18999
19859
30529
12964
7206
32209
27310
26922
28270
11438
22328
31087
30775
10950
10454
17948
24027
26137
17504
21561
13712
27670
20818
32229
16200
20985
20685
15691
21461
30551
9694
9169
20305
22263
29443
20882
31421
23012
28907
271
14568
24768
8830
31521
31378
30555
2589
1843
15826
26245
17451
11181
7349
6176
10956
21171
12072
377
26348
10000
17432
2008
4740
15725
13783
4949
20504
24007
24002
17390
31621
288
27425
31959
22521
22388
8526
14865
24387
27118
16666
25662
5709
11612
8556
5812
2790
6369
15147
3024
24261
5353
11358
9100
971
22114
30354
14420
3465
31274
31868
13846
15362
29891
736
10137
9138
10830
14514
11791
5839
17079
2682
5869
13262
3629
17661
1018
15657
3541
19225
22950
7776
29887
25329
26526
16958
13593
24138
32669
7773
28066
8757
28293
6124
19298
20975
2990
9648
13209
8453
21118
21321
18933
4283
14906
2487
9991
7343
16411
16668
21240
6842
22437
32707
22648
21015
13620
19042
1016
3527
9944
27036
8985
11827
28514
10442
22628
32276
22463
29179
22331
20112
27269
27449
7183
7845
3532
30991
29908
20939
28479
19016
28082
14805
30323
20728
30206
30745
12663
19649
20840
31184
28588
19023
10614
5056
32470
15397
21297
280
15988
4252
7454
18843
32077
26920
14703
21248
21836
22238
6267
8601
31117
16435
18284
3124
10936
21511
10039
26431
17806
11746
4050
27439
8129
3965
13217
23074
9993
21380
22321
10434
30324
32154
12584
11885
22014
2974
1660
8340
22625
27692
22244
23905
2862
15975
11660
18845
27933
16118
27149
17872
7841
1613
5532
32426
192
31790
6273
7329
13858
9327
25548
5852
14952
10493
25411
11600
959
17697
19358
20009
25268
30210
6391
27243
5194
5228
20860
32217
14921
15311
24679
19990
11738
8843
7472
9482
24657
18282
21248
2695
15946
6254
23658
16684
18679
30414
10070
2698
22968
15419
13629
30342
17388
9575
27548
16894
18696
17864
18594
2224
4838
26778
20524
20055
10335
803
17652
8982
4123
7226
517
26394
5544
19722
2163
29052
25802
16148
5448
7780
28434
19315
21441
2164
20402
8036
32699
29028
8592
2565
3176
7657
31641
22365
9030
10460
1880
23709
3922
4504
26055
6565
26745
2468
22117
5066
4943
17810
21640
19927
26883
21798
7925
337
7059
18107
23982
32000
10812
6627
23051
19626
31285
17742
32012
3618
26524
21485
2030
6018
25265
23894
15100
21172
27970
23915
24232
29239
3174
12086
25306
25375
622
12056
2184
8286
25881
18467
18823
19267
25607
28868
29345
11584
21360
23205
9191
1776
20246
22993
11080
20568
2424
18202
28003
20078
6985
25016
20634
8663
26400
29746
24168
13045
25969
16514
3828
7969
27836
30580
29414
2869
18948
16207
12153
32590
15747
3511
209
12240
12188
22738
13968
22442
12817
25514
24228
2011
8566
10706
4706
4149
31462
11853
6617
25952
14836
12715
22880
10275
21220
4981
15730
12767
7452
25291
6332
19036
16853
25164
10355
27336
790
822
13035
12797
28387
7118
29798
28163
21170
23811
20010
24278
798
19278
27606
5737
19423
16092
21237
6634
7162
12015
4308
10312
16949
19586
31377
18931
19918
12332
13173
3555
26476
8006
28035
6107
13910
11344
6225
25583
9699
13969
29207
25412
7986
3326
12038
22039
2842
14429
10971
1792
12388
12458
22707
19320
16952
442
25889
28058
13014
8990
15998
25382
7815
1866
30592
30155
25298
9719
14350
16550
13810
1477
12371
9990
21128
2341
16914
10354
2958
630
21561
13805
23692
21358
1208
27768
18958
7100
11411
22745
9813
15083
27190
10395
3661
10634
9738
27734
12991
28042
17733
20272
16840
11751
32518
26532
1162
10635
1953
1410
1313
5487
1591
8503
20696
9731
2187
20559
10909
18384
26896
25400
16819
19291
23367
4169
16551
2125
4679
20482
18565
15314
13725
20118
11339
9791
6231
5798
158
11255
26204
22864
21436
32143
15359
30568
8626
2864
23507
12293
22735
18237
30400
6208
600
31798
14934
16440
25469
14813
6498
10586
10892
7575
703
29151
31845
31252
31343
22933
30254
8754
18666
995
30536
23327
13494
6919
18305
14782
31288
14499
28043
28493
30154
14200
18861
18756
13326
21105
18616
26752
23681
13539
17213
29600
10835
24595
23805
18608
26486
2553
30881
29189
7669
22851
5035
25191
29575
8861
7853
15478
25444
2864
9656
10566
19031
13416
23832
589
30996
21755
26174
21119
16589
25383
24830
29367
11776
13371
7419
17753
26003
13656
32607
21813
22562
8569
28879
23471
16280
22705
26526
29213
6908
15540
25152
29297
7310
13977
26114
19224
15891
18910
22009
18978
28525
22701
13880
9122
4974
32093
12102
14168
16110
7484
26064
22925
28187
6284
31386
9023
9233
15307
18107
3454
10411
22072
10250
23574
22680
6546
29140
7022
15281
10019
21968
13744
21897
28157
22868
25386
25670
16004
10952
31221
432
14124
27484
24788
23176
28292
16630
10590
28699
32372
17518
5472
6167
21698
8190
2941
11932
27867
29172
16151
11926
22225
18346
3955
9291
12192
17592
25111
11824
28341
19048
31863
1
11441
13163
8401
7184
18282
30666
29270
14046
1842
19743
25738
30952
10589
5892
14829
4803
29693
15308
21979
22379
14064
12657
26033
20697
24093
22222
9521
723
30970
27918
16936
20488
23378
17765
9037
13660
15173
30462
5741
20353
28816
12596
10693
24263
14606
32260
13488
15669
9855
2242
21378
31448
6537
15628
23219
5211
28156
20989
1344
30680
15450
5538
25166
19438
21655
3250
17936
11540
22045
14969
16876
21804
2323
9494
26585
24924
23775
27110
23820
10777
12265
30272
32723
24964
17570
14435
9409
27642
1990
23724
12043
9958
3038
27405
2098
4570
24072
22714
15074
3551
6138
25125
13595
9993
21317
16685
30094
7246
25047
5010
10314
6551
28612
1453
30359
22552
29254
5470
3618
6365
2050
325
9051
11686
11916
14389
29468
1013
28974
23781
1931
26213
29925
12777
17473
26685
1453
481
32172
12101
2302
22513
8113
4057
31127
7281
10134
12091
20602
27109
29984
8238
32568
11823
14072
11712
24430
27651
30291
18535
15248
12444
1490
18767
21733
4525
22439
32755
2771
18331
32506
15851
1885
14313
24715
21764
5354
1012
22168
15254
328
28640
19457
19218
12784
13778
4778
19675
19852
6495
31009
18775
7862
20293
25473
19781
5123
3417
27542
6481
320
22209
19521
28645
1531
22627
7198
30019
15686
27037
7013
21969
6839
1335
6414
9907
6323
20118
13113
13471
7148
30514
30412
13549
12329
6218
8798
3310
582
21718
4180
9087
15227
22461
3145
28894
8673
584
6068
16572
8753
24278
25028
23187
9935
11218
30351
1081
24584
4835
26988
4790
24984
24674
32413
32083
14704
20241
6194
9971
25526
15370
27177
20902
16396
22261
14810
28796
27669
8830
11411
19351
10037
22791
27007
10884
9113
2457
4812
30924
26744
289
23052
6341
10648
21465
13276
22702
14355
6916
28356
15867
28763
15070
12639
6894
18812
17619
9148
8807
27041
18927
18435
28157
25562
12694
18012
10829
796
26741
12300
23954
18058
31672
32225
31863
29426
29821
19921
16681
23963
1929
9182
30895
21566
27962
12861
14974
18002
30141
27830
15944
5004
11649
27470
17430
9127
9708
24612
17046
11105
13900
9369
20406
17094
18704
8627
30577
12464
2360
6084
29929
3983
1034
2374
439
12134
4871
19722
12159
22806
8733
2962
32711
22239
9758
11195
11785
26148
22385
29342
24582
30318
1288
23225
12382
22964
5009
26186
18270
18906
31985
28924
30233
26487
25582
17605
1978
5595
4139
30223
15640
22609
26202
19222
9867
5281
12461
12945
20479
24281
19341
3476
29510
12877
2703
20661
9395
15325
27044
16494
11748
6518
24208
19650
2783
13020
24221
20515
15713
4006
27792
13716
27250
20106
17116
18955
30269
8666
28182
15641
4639
30031
27561
5324
28926
8454
8395
6357
5596
19912
15791
30950
28843
28302
24828
12894
15715
29508
3967
31016
22867
6350
21532
10208
692
31305
7179
31544
13956
18323
9025
7323
8338
17677
1323
16400
20949
30879
17826
22880
12545
10237
26140
11387
22876
3113
23327
15640
23502
24122
30204
24988
5688
8539
5817
32061
5383
19990
14927
9575
13065
17107
14614
13918
27519
7579
18813
6950
4723
25378
6910
19616
26444
5893
7505
19445
13727
10576
18400
7223
30792
23875
30076
32582
12986
3414
10318
31217
29843
28794
18960
25438
15220
17570
15485
940
9999
642
19973
1494
13185
32406
26310
16603
28131
7015
440
7196
22299
28938
17959
4869
26872
3561
21863
7151
29055
13510
8387
30277
14463
15356
23478
9190
9068
29192
24158
4555
19305
11081
3117
13290
14759
23812
4834
6234
15854
27051
5559
13751
4985
607
6364
30920
18439
16819
16677
21855
6447
25523
15360
24193
15348
16165
25513
10695
17049
25614
29601
516
5303
888
24924
11560
11660
1139
11577
18789
5270
27226
16312
1424
17504
28759
9960
14537
29597
32297
18462
7518
29811
23077
23020
13037
7705
15483
14929
3017
29860
10171
29998
2463
798
10904
3833
19802
7129
28395
26549
24131
29442
14843
18978
19565
18297
16891
31537
21072
3552
31956
23994
14772
20979
19493
32369
2001
16919
10888
7191
13492
6453
15896
32749
29156
23240
29744
14958
17478
5429
2677
6205
30014
7772
10518
25437
7959
32364
29266
17568
22693
31995
11067
22882
17448
1110
25018
20854
1396
20245
13268
10593
25423
5107
7211
21702
6171
9181
26568
27938
5557
11849
14615
14522
16540
8137
15411
7633
26198
20192
28772
22045
29455
27412
10983
30332
10884
25156
14061
7908
26655
12348
14053
26264
10851
19591
11006
22690
28043
10884
16616
5245
6510
32701
20699
26386
1702
17523
11227
28646
24305
8830
7994
9873
23767
18004
20830
21618
11918
18023
23493
22177
26
5300
17989
15397
28856
11928
18329
5223
30589
32486
28441
487
31547
9784
7113
25902
8612
7554
25749
13316
6578
26349
21979
20706
25926
16610
10282
30378
26127
3940
21578
3222
12717
28580
10364
30318
28950
10703
17154
13567
20281
29995
5602
27336
15074
16994
22504
6390
32734
30
1770
10387
31583
3541
24399
5114
28578
20711
27858
17550
15054
8166
6276
30891
29984
30772
22544
17885
14917
12756
25155
2896
8711
9594
3276
26760
11308
30948
14144
3154
9115
1389
26465
28667
15553
3296
31391
21183
29491
12426
4319
2436
27285
24211
5244
30409
22202
10638
907
16089
12044
15950
24164
3140
12591
27643
24414
30863
30433
29286
24537
27947
8997
2714
3714
4260
27296
23988
23250
5147
31555
24052
14808
29942
1834
13843
10297
1750
30404
17111
3445
22985
1589
19174
25707
20674
20984
26840
19744
31814
5833
23439
27580
3431
10434
12491
14549
29942
26052
32249
9968
757
10008
6988
16709
6731
30294
5391
10179
19643
2438
18234
3156
29463
19078
22339
5474
5553
28076
54
18842
14611
23467
25864
26864
25328
29371
23849
22243
27482
25332
28504
31234
28212
10747
28347
13487
28907
29153
28207
23331
4193
22344
32221
19122
19242
23240
26382
1616
15355
401
23104
31829
22623
26961
17272
22909
1964
21336
14555
3379
9782
27386
14200
25359
18626
19252
8809
21917
21566
1939
14362
32352
15791
15442
29160
18198
1642
27074
494
16446
18567
7919
25371
16600
26515
14209
12168
13164
14725
12512
12553
13389
15347
23196
24579
25887
10630
26123
17533
6551
940
6452
28025
16770
25740
10475
29316
13321
11583
32318
13196
16435
25661
27408
19186
9899
22549
4612
26080
24772
23138
1437
30429
22714
9978
25251
30366
30523
19304
27080
10015
10789
8861
23691
3315
18578
14562
8541
4825
30738
11281
29442
2959
30519
23557
7995
1515
29015
32591
6306
10023
16269
28714
24533
32637
15105
17842
2006
3315
1129
3408
22962
24697
25808
14457
23393
6449
11158
4760
15854
10766
11705
21320
30424
7584
19026
8391
2231
19502
6243
5799
16162
14342
8655
9415
25041
1041
20394
23170
8959
14506
27571
29222
19730
19120
23327
12456
29566
6362
30361
28054
10983
21323
9094
22348
3206
359
4749
18283
2253
6628
18263
15239
19790
24868
19859
17952
16857
450
16190
3028
24804
4971
33
8402
28464
1007
21147
23186
22186
5783
10656
27076
10384
28090
23554
20614
2772
21131
7407
2265
5317
12085
23996
28502
24300
28458
31968
17949
18996
14775
26180
25615
16975
15069
2234
25661
32596
28252
17610
27039
2733
8464
14517
19210
2864
7296
3508
15196
7308
12469
10881
16890
13799
4168
28440
6012
25541
12991
23999
15014
22828
12570
21828
20890
7174
20648
16518
11085
20678
12319
24374
30008
26958
19180
3039
31056
15120
18120
8996
30775
16500
16268
28746
29620
2426
1350
17142
32097
8097
140
4663
23971
24839
12560
20678
9951
5841
31349
22157
2283
19149
13153
871
30915
8278
10964
32551
126
13433
6072
15067
19328
18774
9913
5970
17136
16584
6742
21723
20077
10824
12600
12368
3324
26638
18115
20819
6725
12154
25068
28120
13312
26803
9802
18148
21418
12686
23407
25235
4220
1969
32376
10080
23965
24056
4579
15521
30871
8471
8097
21585
7176
28545
8556
16914
19098
2185
17243
882
17972
14023
13492
7534
1906
14782
31489
29493
18771
29371
31590
31278
32050
22784
11825
28475
15096
31010
12467
28992
399
944
10575
9439
23450
12053
12752
17798
15459
28864
15359
18348
10516
20866
9334
28759
555
24887
26543
1506
296
3496
11616
32253
16008
24752
7691
19701
21495
27038
14032
14902
28354
21979
3975
24078
26251
31949
18187
11443
11328
25338
2520
12936
9550
30833
26329
26012
18193
5734
26235
12403
1679
28
6150
6666
28775
27400
2349
12053
32004
21043
23524
4235
29974
6368
28273
19300
31299
16495
18886
23970
2073
13697
18958
3214
328
30813
13702
28740
7438
9362
13710
22641
18674
7134
26112
28252
21173
22607
28352
14371
28294
10664
23444
24903
28021
25094
9782
27755
14378
13763
9896
12889
25047
21147
24008
21062
26475
29197
20004
30551
28425
27396
22287
5988
7096
1719
17909
3835
18780
7374
4587
16040
17637
15046
30090
3443
21702
23190
23294
29867
9640
27795
20058
30946
28512
14481
27182
13369
26143
23115
29276
21982
19433
23813
4391
15058
13897
14959
27277
1008
23618
16589
31191
19755
136
9301
28014
27159
19441
16344
29936
19371
11302
18597
13699
29509
2718
31147
22634
5870
28621
31197
26582
23263
26264
475
28158
17477
13325
1230
2673
18754
14161
24723
29099
8756
1497
22813
2791
16441
6109
25364
8245
3315
6410
450
21708
22408
12664
15408
21921
4845
23259
28044
30777
18789
5629
29902
15291
26948
5228
1948
24649
20217
10863
11370
2192
12363
7487
8165
6558
19683
8564
10642
19700
2059
7614
9138
10461
20405
1493
14954
21246
29887
25011
9760
28973
22645
21760
25896
3207
4952
15054
14496
10940
31006
10630
26776
4526
7673
29474
4983
26939
16668
30109
3225
12118
16508
20392
3645
12893
31187
19871
17055
1446
15595
8891
26721
9308
13081
17033
5679
13961
24583
28315
24995
11379
8119
19581
28006
9260
17861
6122
8857
19813
16877
17728
6515
16259
28108
10290
29995
30197
26603
29373
14104
26308
8185
8285
19735
26475
30808
8576
24365
21482
8412
23355
8301
11286
3791
20284
10012
6963
13880
0
4116
7620
26716
25926
29030
14754
31622
1219
24643
31820
8196
791
3613
13182
1650
16640
16649
5125
15163
22733
11112
17105
23388
4118
26310
29772
1643
4523
5634
5610
12760
970
29359
13825
16756
20117
18875
7644
2351
9922
11086
21003
7206
12437
20981
27900
3293
20235
1280
2000
712
29529
31273
9575
18705
148
31350
21437
14997
6066
20064
30586
12080
24497
13620
30148
20026
7702
27578
12376
27217
13209
1557
2009
19033
20767
8426
22631
962
30952
11716
9332
18953
8202
24247
25043
22402
1054
30020
7442
21332
2361
30845
26378
22725
13342
5737
16564
952
5297
13482
31039
9843
13487
29789
12895
3238
24221
11586
32487
28585
20734
9245
20378
6
12745
92
8766
10295
22042
17657
9971
27825
12840
20642
20419
3361
1399
10520
32378
19189
5967
5589
17592
31006
5996
19953
27204
14612
30455
15686
11683
2331
19893
9427
29418
1990
8063
6750
21712
4281
5618
11101
19463
5810
615
10007
24781
24267
15397
21511
6846
249
11990
5249
8940
20953
11576
16024
19505
6572
23573
11070
30148
15519
18805
16557
31755
14417
1042
31750
11184
6799
18188
15928
27383
21858
3550
24612
3407
5195
9361
20991
1319
30413
2096
18935
26626
21548
11131
17945
30926
27765
29663
25970
11377
10942
678
23668
23718
23727
7788
2204
7431
833
20690
26450
26218
8390
3190
29713
3185
10282
28450
12743
12637
29048
29763
25471
11299
22431
11165
14397
5314
25463
18494
28201
27347
10239
7088
12528
2658
13289
20851
14184
25340
15448
32426
25715
9481
25832
23061
28453
22877
18671
12351
22057
5897
10754
26617
8800
19319
26555
11014
15564
18614
9402
1816
23469
3602
15594
6908
19177
32488
28933
9233
5041
31672
27483
32766
18274
4476
463
30372
29097
13112
22818
24658
30187
12755
19828
31800
23524
26149
17415
2847
20366
16721
19015
599
22596
14165
9735
27376
2855
14303
15118
16685
15553
10595
27090
26677
30184
6762
19331
1548
12261
7469
28491
23490
7126
354
31957
28138
31057
24662
24588
4430
16458
12092
25125
12257
8759
19396
21471
23029
9841
14064
11529
30638
26078
29220
17733
11959
10701
12924
2573
20531
29217
24161
22003
25335
9906
2399
19757
7670
30704
25137
25424
26364
13002
18206
28252
10656
3022
29833
27385
6772
9617
451
22016
14974
22097
8227
16189
12012
28889
20569
31092
16643
5285
511
2977
6745
18759
20849
18308
4420
26889
22495
10589
6546
7892
16800
25845
11642
31568
7881
17373
17107
25933
8703
14586
8324
26978
16777
19778
10300
11475
28329
18880
26723
1976
22317
17118
2640
2652
25921
26851
28860
29156
29063
16827
6774
20529
23402
12279
7513
27399
31663
27412
19836
5742
9548
19712
25768
3672
10366
6362
15887
4997
3094
7929
31290
20388
28947
25137
8004
17595
21622
8785
2374
19400
9042
28656
16146
26281
21795
11626
32548
26937
96
8485
6357
15804
7508
32025
26066
18557
27433
32655
30669
11957
11078
4392
20082
1199
9947
1058
10653
10026
12985
22743
19402
17407
9576
11142
16589
22019
29555
12118
31939
6191
26119
23192
26440
13310
8124
10317
9962
12055
25523
4840
16606
23596
21217
11349
24818
21282
5034
30521
24003
13426
6066
25980
19760
15311
29680
8197
15630
26121
32516
31684
25629
11825
10698
16374
24379
9726
17967
8612
20184
28015
12355
6253
26794
19890
3472
28806
20898
31557
5803
15871
21534
17243
7944
5448
18016
10369
20242
11507
13631
12929
17531
19643
10012
30086
3281
11718
2840
5250
11859
12327
10372
17101
13058
2471
8858
2319
27131
20933
25706
20831
21251
3835
2326
32428
26724
10563
5186
4956
15096
26074
3783
11060
5251
20548
23463
19576
5189
13456
22854
21587
31184
3805
8919
632
4632
5149
1556
26634
31433
14361
306
15802
12253
21686
23828
25903
5997
22134
14271
6570
32711
4673
4878
5098
17346
10342
15270
9549
2382
6365
7213
3641
20047
27855
20663
5050
14252
6487
3713
6252
22178
32651
13282
15516
22623
11702
5246
18858
21452
17896
21949
27825
10666
11697
28540
1130
10976
27433
9474
1614
30995
21299
2613
16123
21880
27907
26893
29145
20966
11998
6986
7165
6192
30753
11362
24142
15281
27781
22462
21222
18728
5281
14117
20923
2247
26545
13689
26750
9862
8853
6561
2499
13501
4125
15814
14179
15602
9859
18114
11294
21231
7737
28629
18565
24088
26085
16026
18200
3324
6059
13114
31659
10026
21418
18656
8718
12614
9161
23149
32748
5980
19635
16236
24052
20851
12320
13640
7223
13926
9303
26812
26065
28911
25840
13196
18380
19205
223
25203
12097
17256
27054
5980
4800
8570
2058
7125
19186
31568
31105
14272
24189
25097
23434
24651
17704
10334
18374
21283
26176
30587
25989
29157
22074
9741
13452
29142
6041
1437
29974
13267
25363
6684
20760
22667
15087
28607
10953
25835
19889
781
13410
2778
27641
28470
13602
27175
5545
22182
8086
23999
25158
14810
23831
10532
18593
12402
29332
6682
2486
14472
25234
29348
17108
4161
28784
12078
27390
19873
10480
32012
16274
10404
21491
29987
25640
11146
13188
28390
14781
15730
13336
32645
12561
15146
29204
31072
7245
4678
14480
32706
17385
4719
23899
716
17101
26878
7743
14255
28086
31434
25478
24863
18908
4157
3004
31748
22226
1966
9399
9330
12205
490
13781
18139
18280
15636
32645
29059
17543
4528
21513
23093
16379
17914
28026
27701
27462
11132
25868
29301
25055
15071
12179
12811
10712
8706
17222
2275
10174
30793
19139
25777
2497
3384
2388
9770
28180
1344
21617
17524
18583
14552
18054
17627
19380
2512
3830
23237
22662
8930
863
17384
14913
21899
22048
13498
12494
2585
5656
26921
3765
30212
23473
11661
28224
3201
18205
29659
16862
23893
13280
18715
17349
21991
17807
16156
2267
6298
12759
7782
15063
24153
27584
29808
15779
5748
5171
21011
17413
14506
21435
20031
6015
32135
392
8429
6004
28912
15289
27220
13195
4860
21723
31328
25945
31493
15020
11360
27962
12543
14885
11007
22143
12553
17592
12405
1743
19778
6871
5886
23751
25054
32693
19851
8676
3961
23120
1208
21411
28586
26543
10239
2022
30684
25192
30507
28826
32345
17254
21519
17047
5544
32745
6263
967
12825
26830
2143
1163
19870
3857
13411
2138
32220
20880
24695
25004
12418
30738
17112
1302
474
32647
12099
22454
24990
31634
612
15569
31244
12612
24977
9915
3388
20267
8888
12023
15538
26251
28822
31136
28464
2539
32554
26631
18637
13523
25706
24222
26955
24789
26932
8725
25766
27594
26247
4034
10729
13150
755
13638
19525
2511
25678
2926
25188
26609
10665
22615
28667
118
16770
31958
3487
6252
28732
12566
17113
18695
6860
29827
18044
3745
10676
13543
6454
18687
6197
28883
11878
4310
960
22849
5933
1677
20399
13943
25544
32325
12594
5167
12061
11543
14220
30964
2195
15260
9343
11471
12327
25011
10500
21283
22717
28542
23104
23510
25779
26542
29364
4017
20668
3841
13236
15370
16620
5384
31514
16800
25615
14894
24891
2758
8511
5878
29466
11460
17334
26756
23772
14458
6368
1631
6268
32326
13492
25973
29888
18728
20549
19552
2156
21796
30356
7399
26037
1256
29609
22216
8696
6831
14818
14261
1452
30821
12682
7324
30870
11020
9901
2091
32315
17758
18731
29332
22171
19892
29452
18061
5916
17190
10515
12187
20421
32244
2454
7569
4268
28453
7565
8531
25522
877
16360
1760
3693
11604
3878
20624
12390
23189
7459
30618
4485
22724
20785
5592
13513
27956
12395
23759
828
9240
70
32234
8999
6888
30569
26630
20354
18951
28863
32307
17326
4514
21706
11193
3943
3547
11578
31066
26356
30247
5822
2007
17312
3060
1306
5046
26734
23696
3450
26177
7945
23110
11013
22482
16634
4298
12726
18254
24861
30935
25447
10992
10582
12054
23343
7752
16512
4674
17134
4483
19622
3210
1830
32236
25974
3126
32013
17331
2802
28558
12000
5357
29801
26615
17017
4573
19366
6240
11812
31346
10343
29404
12207
6416
24593
6544
14784
19092
32161
18128
19307
18322
30182
133
26116
4832
27630
6866
5426
12633
6590
19959
15685
3803
12613
25461
9162
13458
18835
15987
26204
13433
11335
17248
21437
28189
5958
25306
23333
4261
18099
19406
1497
32271
23323
2273
12032
29628
28655
3343
28082
7215
30264
29586
25939
28178
10118
30470
28703
31865
9513
25546
22533
7275
6052
2473
4537
927
25183
28858
11781
17539
16284
21892
30048
19330
22700
12390
25025
16775
11875
19511
27317
30653
26057
12329
22448
16538
19730
24819
3232
23067
11473
15663
1224
19793
14696
30976
28620
26396
14531
31993
9480
11831
12358
11322
24870
31348
12035
21980
496
4425
2097
21904
13410
27532
4569
10114
18692
2171
15315
29572
8823
29183
4849
21352
29261
22066
1146
22701
14366
23070
30170
5471
14039
2504
1175
11320
21590
2413
647
11275
5940
27659
577
14947
14050
21283
2001
20839
29176
15293
12720
5376
7881
7342
28147
830
10811
14870
4034
1016
30934
21036
22796
7091
24090
1854
19577
17861
7702
10995
23456
14779
11574
20180
17787
8183
8797
15882
14615
31134
3891
17513
4240
16305
12993
26286
14397
32121
14907
28677
5672
27177
1052
30927
1473
17855
6520
19105
15315
32043
20878
17808
9910
22963
21406
10924
7879
16278
27386
28618
31509
16367
24926
135
24157
477
21380
4233
20537
18145
13300
25352
30356
3719
28698
11149
865
7497
27546
27642
10892
27312
17896
29643
13361
15036
7699
25755
32525
26246
18657
24554
1842
6180
11553
16925
17662
32205
14909
3782
30797
14397
11535
29222
13294
2139
5877
31729
15700
26
23336
30544
5262
15005
5705
1068
14458
24478
9277
21930
31541
30224
14395
14834
31445
18947
15139
20277
4699
27081
25618
2542
22243
32343
16179
28776
29982
749
5848
12160
770
8186
29385
27820
6592
11578
8667
31036
19447
7969
453
19168
19495
25468
31024
23915
22376
29014
22541
25046
14428
4120
4651
24200
30306
6645
2057
9428
1292
15749
20969
16324
2004
688
16677
16405
32266
5838
3014
2434
27409
9228
22099
1350
20171
14354
4071
24028
594
32227
21638
10249
19689
20228
18865
7452
17714
24544
10552
19061
21153
2923
28240
23108
25392
518
22757
22931
10580
24483
15154
8071
30256
27945
17806
14818
1033
4378
17545
717
17659
13171
1335
17365
2538
6355
21452
2611
5563
30944
18537
4176
28867
21478
22070
24712
4223
19394
20657
5422
10118
1023
23366
22993
12733
19774
30495
4542
4298
8155
9021
18374
19659
10701
17096
19266
19783
29646
15779
7764
7780
25021
3908
6511
5723
4672
14275
26649
28458
25005
17200
17135
10377
5163
23338
2794
17950
27412
5805
10722
15860
10654
31788
23632
11050
19643
27104
18520
6376
31293
22623
1543
31127
27454
11120
31961
7762
21951
1310
14974
17047
6543
20235
9949
67
13423
28167
14682
16317
16755
21473
4948
30833
1963
25469
9202
21888
23555
23335
14624
4789
23144
14631
8660
9660
14892
20118
17814
1934
16812
29808
21823
12848
7472
5866
30977
9885
7442
2821
8103
3841
7971
25187
21278
20775
10058
12633
13877
9525
27502
31559
4001
1175
22166
14628
1604
1337
18255
11869
29359
29945
3407
32736
27109
18780
27223
16755
25953
14207
6750
27979
11355
2129
9963
31194
25160
32000
2499
488
24224
22449
25284
13029
12771
23668
17681
30078
31710
24183
24431
1134
30507
11642
1007
26007
24055
30594
21198
31057
3079
29394
3225
5122
509
25623
20372
21999
11736
21731
17501
13649
7355
3676
32205
28332
31215
11318
4127
20316
32554
23518
9044
3696
14866
7160
1237
10172
19197
4108
31835
27946
251
15484
26636
16977
30486
16058
25575
13897
5848
21943
97
28605
9230
20127
19536
8001
13772
10691
13833
27622
16561
3031
1989
3596
5740
20317
842
3192
32383
19041
24775
20391
19523
7271
13567
32609
5677
6306
681
24209
29263
8294
31511
6483
23586
480
12823
14671
10114
12037
18711
13382
9466
24776
21900
18666
23362
31376
1684
7667
31238
16873
19929
22383
27113
15993
4025
5721
7626
22071
7845
5742
2374
31191
1479
24124
24702
30088
26344
13692
1306
14818
28560
21921
17550
12570
10607
2225
19355
29817
10747
10836
29465
30220
25947
16171
18933
29340
10372
5730
118
16352
32418
10633
6340
19186
1465
11935
170
23296
30348
4208
30875
27716
25534
16674
27635
14134
29751
6922
7808
14336
7369
17348
21313
18994
7443
17794
20589
11447
17318
21156
25783
520
15719
26505
20945
8351
29749
16037
16431
18351
16587
19156
8205
3090
29671
11246
7091
4482
31404
20892
32504
25613
8772
16490
14341
1475
16075
11549
21851
1202
14696
25158
9496
11540
18877
9239
22901
11206
24194
1654
22164
13564
31084
26960
3449
820
596
3888
2134
17000
21909
528
3083
15240
4534
14959
29421
21543
26697
15523
9414
13941
30226
8305
20510
13677
26220
14043
18617
16719
26089
16953
12129
81
10297
29835
18150
24465
1357
10254
6754
12367
29115
1549
22721
9561
22117
4090
2433
17606
2902
16061
32439
8679
31212
11340
10323
29563
10812
31612
11428
23074
16306
29207
27167
27413
10488
31022
18012
21267
1817
30640
28257
9631
4071
15164
27683
11368
28570
25396
13642
19209
28089
531
5941
19186
22846
26880
9278
9126
32757
20899
1599
4904
13605
23095
23125
6831
11122
2016
31203
13217
9730
17215
21722
20671
17631
836
16696
32669
28828
6724
25551
15958
10556
22860
5704
22909
15439
32180
28263
26199
9822
7415
19089
11591
9097
706
1931
6281
13167
13642
17284
31523
5198
5091
21078
17433
31083
17359
18185
29153
181
24403
13976
23062
11173
6928
6136
6513
24424
21905
25943
16372
12352
17697
25250
3432
31784
14303
11593
21002
6327
6676
31046
18306
6214
14019
8028
30228
27221
26242
24732
31258
23339
8329
814
15794
14013
8713
11342
31412
4817
8127
7061
6375
1123
13768
11130
15476
17480
2487
15128
6298
1809
21221
25906
23204
3122
15624
10356
16664
10340
22791
25851
13106
20295
4109
21272
27792
24652
19677
22353
4399
15058
20325
22441
15766
23951
24213
30242
26449
5426
19569
21631
8609
32326
101
17742
6770
24154
31705
3622
25485
6239
3334
7982
23567
16465
9224
25566
19994
4634
32308
4362
5322
20403
7083
5148
24171
19084
13103
1953
24297
7214
6198
20743
1671
21023
18237
19364
4308
4357
3167
9467
32732
29455
30758
20027
22427
9617
5793
9993
11703
2542
7351
17791
24942
23995
32698
32629
4044
11809
11072
6399
6178
6787
18734
15414
17589
10849
20501
7740
27571
14973
19394
30074
7275
17724
5136
9516
11452
2638
26113
16928
15054
22929
4877
21690
30465
1331
15034
31804
18979
16152
17005
22340
11238
25979
32640
21911
15761
727
18324
22300
31989
1288
23337
15404
9123
28589
24172
19209
1628
3538
21583
3755
2249
26316
20447
4803
31084
31331
20435
8442
27095
2103
30816
25465
22300
26204
8021
4271
13956
11080
24163
1102
14980
12015
8124
27031
25580
10028
22753
23256
13154
25443
26548
6707
3855
27493
17877
18336
12440
1427
1579
14389
12112
26695
20673
21158
31404
6767
20692
5384
22775
18299
18730
10202
15942
2682
17061
8773
4015
29823
2327
25507
9910
21066
27224
9791
10504
29988
27542
12123
2156
779
26861
16504
16118
4623
21303
11729
7037
4860
38
15913
12880
20281
16528
14278
17957
32240
12553
16062
15698
13423
30903
26737
30528
13775
27234
10327
5660
26067
15307
31228
4303
25362
18239
27720
8497
3161
2923
29188
25209
30027
23922
7066
13305
3658
317
7708
13320
923
7187
19336
26431
6084
13673
24651
24552
32057
14843
18947
31155
29496
13595
19337
32171
10738
13385
8751
17001
12779
2309
4166
7303
31395
23777
28900
13144
9334
19418
14564
3542
10689
30952
2349
27612
9030
20692
13880
16278
11218
28490
26828
23349
10013
23087
15372
9959
28657
1844
31924
29446
12686
24492
28064
14991
28750
13979
13710
27095
1413
25871
23076
32121
4779
179
27701
3475
12221
24737
18752
6450
22752
25720
5689
9738
24392
12718
22412
2155
24920
23336
19040
26480
3594
9992
25368
20858
14226
26311
5408
29916
31038
5507
18406
20696
29857
12442
7462
29387
27120
32375
27755
5028
12204
14252
6099
10650
19841
17985
7698
16927
15983
3916
3513
14351
7719
31426
15801
6702
17848
11661
28450
21969
7018
10719
15409
31195
6634
18885
30858
9707
21160
18431
26306
31188
28542
19215
26400
6478
30610
9872
933
6123
23421
18121
32073
24908
3245
31362
16008
29076
9223
3862
22301
29213
23505
29386
25870
3690
24784
20829
3816
5469
16045
24289
29516
15018
27550
17609
12714
3212
14146
25922
28749
29111
8396
26823
920
17293
22627
18927
6799
22676
28617
21386
5273
4904
32315
17645
25731
18541
15257
4234
9417
5000
22215
26820
16657
26895
2899
3841
22777
32445
14936
6400
16402
23403
2722
8301
16172
9019
21522
4274
31445
29719
23108
1809
8988
26202
6768
30959
20635
1484
12430
5235
12980
22228
6078
3920
29466
15337
18918
22495
29331
20298
669
23665
17149
1263
10568
23779
655
10431
9858
31347
31842
3331
10434
31185
12848
32027
7223
27514
13147
18543
23031
11841
25905
31145
21081
46
8302
3618
13983
4492
18434
16793
26073
20030
15637
16939
8454
20818
21577
24703
19067
14041
12351
4162
13449
16373
9564
19667
17242
32051
2765
13887
26140
29467
7368
31343
11105
27910
21525
24224
29894
29232
22222
32020
3539
4366
26211
2823
10787
29922
28384
15077
3781
31116
7027
3770
27361
12707
5161
12010
9119
4804
18680
6434
5956
15402
28162
15246
7071
2943
3352
20557
15267
29682
20605
3362
30805
19338
27373
31596
4329
698
16606
3160
5671
31285
14086
15701
19732
27395
18973
24776
9423
5333
21476
24321
17337
9878
8550
878
28632
5442
15998
10767
22142
21755
6809
24874
30501
10330
27325
21312
13726
31235
27851
3391
22379
29820
28673
29945
28777
19519
18114
981
690
28685
1434
6597
21953
4998
13181
31864
18647
18423
20303
22224
9374
6003
20138
19606
12300
22053
31195
30317
3211
7652
18733
23044
7511
10248
10091
12944
32295
31100
15776
7546
19727
5397
11297
32596
19365
10274
21709
13586
7011
25925
6804
25975
6476
385
14902
1741
7378
1939
8269
27865
7672
30086
24718
29454
1716
22658
12876
5889
13207
23269
5693
5917
26543
30868
2433
27032
14253
19860
27104
8101
12355
13012
28500
2284
15312
7501
24263
11063
2879
29517
23069
25198
1580
19472
29045
15557
1609
19857
22956
26420
25089
7327
27683
15912
2651
4915
21443
22136
16416
12545
2878
4762
9280
31309
4247
6167
10098
14592
29156
14652
7451
21499
5971
10002
30065
12459
28267
32657
25312
21214
23188
3089
28333
11989
3802
17409
16601
24986
13550
26587
8008
17300
1389
18519
26658
2392
13669
3552
2938
26306
23830
5188
18477
26693
15349
11951
12301
30335
32247
26586
14143
14352
26123
4736
21218
17837
488
15890
27377
25712
19210
25515
9067
14962
22775
24390
16561
12700
2247
2351
11055
31930
15843
951
22078
29393
8205
4396
3657
13491
31393
1544
29231
20688
8474
11113
7145
22863
31959
9665
15469
8286
10272
13263
11986
3782
14948
22990
18100
18626
10692
19692
24026
5393
26070
13053
25878
14922
4002
2673
31853
18032
29425
20099
22136
29894
9416
11188
27402
9700
27439
22648
15636
7691
21046
26159
14277
32182
4666
7766
26357
10353
11109
16383
3779
3566
23156
12670
26237
2390
19133
31334
31425
19165
10608
6580
31458
32665
32285
3145
30093
11156
27766
6046
18605
27168
17239
11443
18571
2154
32003
30536
25146
11858
5297
27984
15666
2426
21831
29347
8251
11933
1381
25843
7565
9507
5285
9217
18997
20722
11809
27152
1210
11910
21558
2202
3841
5444
27016
23875
32622
29707
19270
4875
19788
15373
24752
967
31855
28125
17366
19922
11287
31944
26530
29184
3352
31849
24344
3539
824
19576
10717
1522
30169
14051
10742
13526
5080
13344
9939
29127
3764
18881
396
1031
4339
14153
32362
22093
29633
25918
18345
32372
30683
19071
3452
28021
1451
15320
26450
23443
14516
22996
23128
17621
14897
4306
10559
2489
12025
24411
20799
2087
15526
22195
22620
16548
27126
2478
20712
23496
24178
24005
13897
9202
17741
29289
1788
18234
22414
4760
16346
30119
20850
25773
7322
12195
22283
19580
16792
22699
3118
13214
13012
25163
25484
11274
15422
9034
26911
8421
12081
12066
3016
2460
6461
16818
10806
21295
22569
4919
26377
29648
12088
10361
2103
23724
16812
29506
26031
15881
5769
22292
11069
20881
2459
26139
29102
7917
19898
27233
29492
28310
25677
3905
24332
24296
11789
16158
4189
20345
30988
2389
11364
5800
12277
9327
27598
13689
3733
24732
4965
32160
32666
7773
24559
24027
1947
7552
26963
18565
24921
14417
16638
26729
12101
24335
20357
6100
26178
26525
13708
19950
21931
1402
13286
30281
28824
32243
24318
26299
15453
27799
8565
26473
2132
11244
21004
293
21213
13920
24773
1530
32674
4994
24389
2052
17184
9586
26749
12933
26467
27286
11145
14646
19984
1935
7640
20955
21417
11628
6286
27674
30733
12317
25894
7053
28734
24874
32092
26646
1383
677
586
30835
25886
26205
11985
19218
18150
3412
18746
28966
2808
23411
22557
32762
13891
13181
7810
11397
28593
3906
9031
17728
25260
26645
18370
32308
10977
895
12710
17239
11587
30773
3115
1304
595
32584
25705
13113
21919
26012
9477
23005
24201
12699
29968
5346
22090
20778
32300
19824
3895
25564
24049
30162
4418
30054
18063
14213
24515
15444
4788
18319
19577
12538
20656
21778
31691
4268
2263
17953
32340
8498
17190
14034
9119
18550
4138
28309
27183
19584
6430
16324
12483
20388
31572
1403
3288
23802
29398
13225
27246
6415
6220
11623
22799
27354
13856
21897
10766
12530
30945
3443
17421
22270
32485
5679
20417
24428
2867
1980
8698
13670
24479
21160
1757
23297
567
32737
21108
18360
29150
8904
23146
2842
3639
12679
15631
1983
14021
14244
6562
23168
25936
5847
7632
16871
18314
18969
3192
6629
7154
24318
8625
16323
22009
6468
30734
29275
19811
29868
21281
648
31985
30984
29501
26587
5181
5270
22144
3472
24805
28812
2833
27584
21227
29684
30375
16600
8284
26810
14155
32585
19504
30468
350
17281
5234
27329
7901
26139
2977
30597
29668
32338
24917
28308
11377
26812
7717
6973
30571
9781
22217
14697
29411
10008
6780
14963
11673
22198
8356
19514
25026
31488
31157
22133
19720
15495
18259
25159
18899
27303
16311
8212
3527
20478
83
32658
12686
11043
29625
3619
26071
8085
20153
3938
31134
13042
26825
1019
5550
10858
29611
4801
20837
23666
22089
2042
1208
19133
12004
24317
31606
6248
16493
2560
28113
12405
20275
27691
25114
12410
12479
14833
23500
27546
4860
13215
31692
6581
16028
28213
30191
1756
22710
7798
32701
22280
26548
6715
7285
12811
8044
1036
27217
27590
14477
21745
21770
31901
22333
14470
20895
24104
17664
28494
1875
8235
476
11081
2548
18889
28859
6857
2403
23284
8976
5505
6737
552
1981
8159
31815
23129
309
14492
233
17706
9949
9361
30843
13663
13753
11468
18340
32149
29764
739
2674
30512
3487
16264
26783
5526
10222
12126
32531
14747
14848
25099
681
22843
25646
12175
54
20367
20613
10196
24008
26874
24103
8325
299
32676
7150
21796
16306
15401
22099
19799
31539
20114
15502
32131
4180
13188
24831
21916
31237
22967
6349
12860
20046
15274
32461
25586
30795
16789
7589
16604
21365
32672
1329
29816
3106
9298
20261
439
26960
11084
22260
11091
25502
10295
10481
13923
11675
15867
27828
15149
4419
5681
20160
30779
18119
27868
11619
23473
10381
1107
3293
14045
26744
5506
5828
20496
10857
4178
10406
18092
10246
16486
13809
32127
16826
10760
272
32591
8444
13155
28631
4534
20437
28146
32545
27185
27036
5176
6583
14707
18693
4018
22132
255
22362
6922
24999
26357
24839
21645
5561
31788
4956
21727
1808
10370
1935
7661
1842
12656
32512
30244
25390
3810
13505
993
24888
581
26710
15656
16787
9185
1465
32664
18100
23145
3746
25758
2212
28880
10500
9706
6054
15967
30427
9759
12826
5381
6949
29135
4513
27118
4142
19622
4994
27734
13073
7909
16460
32416
10364
22290
30397
17826
32435
5102
15843
16964
12504
10920
641
10569
28521
23888
17332
28012
21002
21902
29398
12207
22149
14228
2723
2544
20751
24913
8602
26557
12749
10728
31654
24937
17302
13664
24318
19807
18427
12445
12362
31671
5252
2447
6663
20487
5437
30633
17196
11644
22641
26773
22798
26921
1974
9510
28801
13982
29225
17038
576
17085
3067
13265
1679
28873
1837
3961
29726
28096
27031
23948
9777
3563
17455
443
28158
10419
28552
5596
21334
26294
29081
18586
18568
13850
28864
5227
21891
22817
22535
25283
32314
17150
4261
28552
26701
14056
29896
197
997
23916
24465
18082
15327
17415
32352
30612
28974
31476
18259
31953
17786
17731
14601
17159
30989
3883
18348
845
24560
7841
6958
6234
12881
12841
722
13300
15400
493
16879
2220
12315
22284
6641
15305
8606
11572
13728
13186
27230
4723
22949
5488
32480
14666
32329
2370
30309
28932
13953
5043
18962
30789
2088
7609
3917
24038
6539
31743
12650
25600
22570
2710
28295
6471
31933
12520
7092
7322
4214
25069
29784
16088
22406
27809
30928
30452
17634
12469
8280
23628
23367
2948
25135
6966
8059
4426
23030
6108
32727
26256
2905
13131
21762
19947
2290
26310
24575
15846
618
10592
26986
4925
32226
21450
26110
13132
16529
30313
17499
12998
10926
21931
18438
21674
2704
156
5554
30067
11028
13748
21694
13968
8511
2547
2558
32275
7460
1585
4030
7853
16904
11951
20228
15322
18885
10481
7702
15961
30572
29648
26684
27871
7470
26059
711
32012
14717
26014
21330
12446
28526
4374
11080
21221
24162
17955
31911
10871
7397
16943
19459
13092
23254
19374
973
13356
28361
6646
3285
1712
21161
28497
20494
8295
21410
6481
1425
13970
31037
19300
29925
3378
26573
1960
2686
18040
16907
2561
26243
18045
19965
26984
18645
32563
24860
25478
32332
14492
22453
1665
13124
10553
7056
11542
20312
29382
32208
232
15981
22308
26650
30487
19187
14743
10489
31509
28007
16433
24449
15285
13596
10638
18995
20101
11836
10946
32033
7518
26889
27024
17235
21049
1641
26333
12136
13636
28066
28003
8064
12598
3938
22698
14426
29151
23042
18484
7098
20739
17163
4856
24078
1384
2554
3859
32592
18478
6208
441
27438
25695
8845
19313
17513
25799
28494
9346
32635
21510
26229
32168
4220
17123
20088
22796
12358
2275
23196
12147
31960
29467
28275
13750
30968
21826
15011
5746
12061
12554
5866
29696
31627
26544
15711
18088
16832
10706
19195
27409
4367
6530
10583
29948
31883
21144
17847
6706
10790
19788
14664
18875
23834
20228
18086
17233
32648
23914
20641
17173
28511
26562
11841
5504
4736
6779
8
10139
30240
4355
27254
26483
32109
23008
22995
2247
25460
253
13096
517
5186
5185
5775
21877
8521
22118
5804
31411
21766
5129
2428
31842
10721
20221
22093
7711
10325
13285
25870
7860
28752
3586
4809
27278
29149
11593
20334
21106
6400
29369
18642
6763
28897
30443
18167
29959
557
32491
7566
16066
28858
13126
22202
3523
7274
19812
31511
27078
18769
12056
6907
16474
4890
6262
31996
26956
12198
28645
5554
20323
17655
20597
11454
4429
22093
21106
21258
11994
3214
16953
3667
5736
24043
14666
24037
9887
22721
19871
31910
30814
5565
19260
1110
1268
5444
11272
22037
31892
3090
16859
27686
24835
25377
18136
30962
14484
28364
18429
30544
27990
8500
7672
4099
11404
15331
26684
30852
23133
17583
15957
12035
28109
16865
2936
14248
18668
407
18527
16158
24909
28775
1876
18002
19642
17221
1675
15224
1574
30887
15540
9296
32483
29927
5073
15783
20502
15848
17989
13344
8295
6652
4654
23092
4605
5637
14069
32632
19625
14043
28964
19742
30817
23022
26743
19391
15345
2349
17461
30296
5101
17958
22976
32402
5610
4206
10603
9798
29677
11075
7565
21056
21540
26224
16340
14915
20692
28273
22747
23118
13459
26584
11774
2334
18103
23023
20845
22516
15374
11423
14463
8088
8144
15760
3145
24222
18641
20626
26736
19688
12027
24380
31803
18540
13564
3026
16876
32567
14908
15212
16465
