26280
10764
10453
13265
5703
22616
15031
11026
8202
2492
25286
1405
839
18887
8605
5960
302
23417
23186
29064
30031
16306
4178
15431
5981
32747
21701
30423
2609
4388
28728
4709
23569
25373
954
6865
23603
28617
10950
25022
27005
24320
24611
24549
7823
4724
10761
16558
32515
11750
20869
19457
2547
28570
10526
8793
21948
27912
9913
32539
6402
2004
21690
29991
17653
12032
24172
22956
5330
16481
15267
20800
13996
7759
16288
13104
29036
19873
3892
14100
27671
12249
16937
8359
31311
11675
13277
24022
4637
25956
18224
19223
20205
12920
8608
4604
9690
8220
8627
22024
12076
7430
5270
9153
10527
786
28419
22022
6119
18230
3431
26019
9968
26040
16197
22307
12138
24222
8661
15078
2053
22119
3570
29555
505
12024
7475
13838
14154
11481
2647
31118
3658
31905
28902
18281
5727
11439
12309
8977
8710
28443
29930
31619
16920
14316
12194
23324
1613
2956
30800
18863
9982
4473
9926
5334
31791
16188
8632
29317
26060
12191
10527
12773
2355
31259
8156
28255
2035
7824
6302
30966
5075
22841
10757
27611
1047
29406
19976
7227
20478
24907
20628
24156
4751
19458
4469
20456
31637
18733
7546
7305
20969
26326
25300
28853
27375
21594
1216
3788
15203
16411
4710
14944
25942
15734
9472
28115
26483
18165
10558
3624
20871
12485
22505
4371
8769
8042
8648
18770
12854
22193
4800
19776
20519
29926
28734
11176
29319
28232
5850
25303
8760
23738
23348
19957
662
30651
29218
31893
6838
18584
9230
10378
17391
28384
20377
15868
24986
2329
32644
10684
17943
5553
6097
25045
26897
24632
24101
23652
21250
20172
24945
26793
25081
9172
1233
7773
19355
2033
12725
22342
103
28721
30014
26378
21567
13446
3307
1345
4132
27255
9844
7629
20802
22550
22262
31598
22828
4914
3409
145
13160
8397
974
25193
21550
10448
29958
6721
5229
4606
6143
273
12047
6695
10135
18767
9086
16030
31014
19207
8551
2285
26207
22062
25022
5062
3703
32564
4354
23613
12938
6616
11970
13109
12602
22080
1632
25368
26009
13385
9493
24012
27977
16668
28981
1762
6625
21250
18100
28176
4499
14201
15594
3553
25356
1927
31123
25259
4252
5710
13594
28098
22167
11745
21527
30955
12539
3670
14870
11795
25682
25372
14746
22337
3546
8847
17761
23242
32484
3018
18154
18372
26490
14012
15925
1724
5188
27263
3786
684
17325
11748
7676
24103
22081
18003
9839
2263
24153
6354
25816
18729
21243
8547
516
3655
27132
29843
24092
7751
23911
32592
8487
29857
8227
30971
13520
25831
17871
15294
2921
21936
8689
30496
22577
10198
25168
28886
7378
7649
10398
18396
12334
22466
26458
28101
8795
14021
1525
19024
8684
15809
4148
15675
18035
16785
29909
29276
25668
32200
6005
15341
19835
24993
14769
26408
9280
10549
32652
16148
8777
5873
4880
12702
31137
24902
11065
19179
12968
10402
31246
31469
11100
2464
17937
22836
7126
8060
13017
23303
17431
2761
31998
12212
9989
20582
11573
14116
30385
9390
1724
18098
5595
30447
13561
12349
21176
20765
31838
16252
16115
24520
29327
8594
18673
13900
455
27363
31321
9032
15224
12069
32724
10577
15921
24506
24081
28647
12997
25661
30733
16551
9386
8539
19089
25795
14751
25060
252
30384
3217
22049
18242
31774
12224
7529
32053
23597
6686
3567
12035
1502
1015
11998
30464
23239
30423
6312
11430
12812
5289
12186
1242
1930
23068
27829
1905
11093
24651
10425
32243
1381
24988
7554
16287
16780
1512
4503
32431
30635
14813
25089
31453
9254
5537
24153
15653
1173
5816
11045
16589
11453
12584
7781
11683
26558
31707
19048
1926
14733
31812
10980
30503
5285
21830
10310
4113
6138
23889
25927
14311
26927
24526
2752
4845
32520
3517
1471
6602
28706
24988
27610
15501
6626
31371
31171
14061
13227
12975
24605
31189
8788
29908
21134
20000
8153
5462
3350
5281
2896
12865
17311
18278
29983
24247
12245
8253
15213
7570
12599
2168
19158
28491
13166
13806
22371
30491
20190
6466
8633
31583
22396
360
7312
17729
19935
6244
1639
9109
26265
7509
19318
5377
7111
32691
17381
23905
31975
16341
8763
2665
12522
14518
9753
11148
24202
14072
26408
16669
28382
297
19536
9909
24108
13638
811
31956
3838
8061
3001
21963
21368
28215
11349
10713
8424
26454
25063
22164
8607
699
8284
11658
6400
3596
30547
22057
19926
15796
28441
1756
28395
20267
12760
22903
9686
8311
21771
16085
19476
24819
22325
21951
30298
16207
9683
10512
18986
14552
16271
6423
20901
28153
18102
29757
16800
8194
6124
744
26105
15401
14623
2719
10283
6095
13497
3182
25633
16900
13594
17036
32584
3660
29765
8507
30184
15523
21465
24304
21172
25280
12612
18356
17568
31383
18995
24522
18162
14881
17740
6546
3996
6239
13088
8877
14281
9117
7003
3170
21174
3316
27198
21312
26307
3346
21072
2565
31946
1598
30288
11199
14767
1942
28525
22833
13880
5531
954
1400
2335
23536
8412
21999
14182
11359
28421
14671
32491
28445
4135
31259
12092
26703
24417
20539
1196
30412
17598
13798
14759
12325
28958
966
16962
32227
5748
6231
26134
8207
28722
3729
11343
14584
12290
18374
19968
17968
8887
19661
8890
10968
8579
19040
15196
12061
9066
11459
7980
6403
758
7846
24359
16994
19501
28493
29590
20525
9920
9198
6114
28410
12421
14427
6313
14527
23591
21216
18449
10202
10269
28527
3165
15189
16856
17914
15550
12391
26945
28705
16491
30014
10338
4621
9203
14587
13155
2716
6354
15615
1209
28350
4931
19301
2458
21535
31318
30415
29364
12038
7746
1894
32030
18301
26876
14620
18319
2482
32009
12085
1998
13725
13968
16645
13417
12771
17075
1019
30378
1530
16671
14046
30919
16270
9186
29271
25689
18212
16766
17072
9487
26622
19771
3803
17316
3902
10689
28854
27918
1614
18917
25229
31225
11390
5060
26080
2675
29679
31246
1895
2537
9649
16293
25684
12114
12584
6503
5336
19882
2740
8775
8168
2210
23952
21923
23617
16790
5371
978
25258
20671
150
29948
30073
24234
6158
11822
344
29160
8698
3245
6985
1288
16903
11147
8168
14530
12882
18297
22512
30325
11285
5340
17921
5844
17286
15395
417
24795
15100
28759
17280
29961
4436
21491
1792
30921
20371
8183
25844
5681
22988
16696
2984
9198
18245
24570
30755
2431
1493
1472
21672
13218
19600
21859
8323
11532
8615
2402
1282
12125
30601
11385
31681
16467
9550
16501
10794
12094
15958
18246
5693
1716
3373
25174
6285
18053
13746
31769
12171
31217
17017
12262
6151
32281
8557
25605
20212
3252
21434
18953
24684
24323
21738
14687
10228
32007
32077
6184
26112
3313
25503
17988
20154
14042
485
16047
30207
28852
8600
25361
15530
18049
21253
9616
8982
29379
29684
1257
9438
23347
2440
3775
487
17845
29030
23603
6305
22924
11801
15540
13705
16586
21174
792
31731
32267
20923
10476
19462
19043
13117
15369
18952
3989
30275
19048
27356
21126
8557
16440
10696
8689
18137
27693
19324
23899
32582
7706
21072
26698
8314
5058
1998
7602
13026
10220
16240
6064
27257
30645
13994
8058
9962
29226
13867
22935
16121
1558
22625
587
6943
25113
6459
20054
25460
31482
4914
17374
17619
19518
3466
8105
4408
1786
16341
6799
16236
8933
28346
9007
3557
1457
17908
24546
19687
13468
5021
3309
5104
17474
18605
2811
26195
31413
25278
12746
2851
22479
8978
15140
7250
30663
14038
23057
4378
1027
13480
21067
18332
9773
4952
9202
20936
12681
32235
8065
2428
30342
10470
30209
12272
29843
3273
6524
7249
24115
10713
437
15788
9044
14626
10518
29710
30173
28349
21994
1258
31878
12623
972
11962
10220
27346
351
8169
24037
22168
5696
21745
28432
28812
17721
8641
2737
27068
32440
27233
9404
17940
22399
20184
560
1900
6044
20046
24486
2502
13724
9582
26154
29904
4604
27662
25161
26289
1760
13842
29035
15361
8199
15245
6500
6425
3839
19498
32325
6286
12181
4555
10872
17144
12432
26223
7436
13304
13471
16729
4685
4217
32655
32623
15000
12853
961
2784
21357
11387
25564
9737
22214
3632
15551
23962
13479
1301
19386
26100
19191
17991
17661
26582
3982
24588
28240
57
8335
22732
20997
30584
12024
16222
7723
29620
30583
4230
1029
10871
15744
5563
11195
21911
31900
8493
4174
28510
17412
19206
22481
31207
28782
5104
31703
21963
14375
4312
22056
27646
15714
1010
26040
12019
6864
1790
24537
14087
7792
10953
25007
32284
9897
12278
21988
32388
21910
15614
25246
14626
3745
13686
29614
26315
29267
5777
13579
22770
19562
31973
4478
19845
10284
14194
2462
14866
32508
3040
30463
21038
13611
4104
4007
19735
22800
15542
15809
11928
22619
7597
8086
5933
8102
17132
17336
24424
22605
22320
30080
659
14464
32698
11707
7319
6550
26962
31649
32541
18596
9868
31239
8690
17743
17226
9429
29360
25310
12674
8889
18331
32660
29506
22301
31177
17980
9713
20567
27270
11781
21207
26144
30710
11408
10464
7240
9468
20040
924
7592
30811
10482
25483
25431
22299
23684
15256
23585
24111
5691
14307
10292
32596
18920
25027
15645
25916
5515
17676
1523
25324
802
31373
21458
29283
7363
15325
12939
1660
1769
25688
30106
13333
5388
868
4441
30321
3188
25593
5235
4827
2382
11616
21914
24460
14848
314
10621
29135
25786
15045
13556
30563
27469
13147
12158
16161
16705
12347
10734
13534
2081
23948
11617
21651
17946
31391
18035
22716
27333
7029
20659
10237
5696
9089
5716
17931
22147
23982
6181
19402
20209
21924
4547
10931
32302
22087
3596
16249
5681
12673
8152
30700
6810
13634
4836
4125
14661
29125
10511
10947
4383
13588
14281
18653
23352
24526
14792
25753
10778
30504
10492
13173
13146
6194
13510
21412
22380
12380
10341
26803
23483
7992
5553
27500
2809
9601
6155
12539
12212
17757
17300
27983
7467
30687
5277
13507
14943
23504
29535
16638
17261
16815
8172
32023
13594
14582
6758
7421
5808
671
23407
17431
5641
3303
28896
32551
10729
23634
21182
5492
11921
1519
1130
29992
12432
7901
22039
16119
23005
17678
23169
13569
13603
9547
25821
4346
15196
8824
8971
1416
24481
538
10259
28396
3392
16918
31439
30437
19472
31675
31973
12241
32513
30723
15865
27414
28919
22806
3872
20160
9177
32016
27287
28268
5604
32260
949
27492
28998
29505
4894
24587
23016
22484
13114
6780
19851
14926
24805
27246
18966
6599
29800
1627
11822
5154
9896
19425
2056
18835
30366
24424
18043
6495
775
28421
90
7139
11357
7326
17920
32216
4869
21327
12588
8405
17866
3085
10000
9493
13450
17801
164
16507
15151
13143
3392
1747
22753
26704
9066
1883
26491
53
13293
25474
26427
3221
4907
17135
12989
18672
27827
18629
12074
23068
5398
28198
19629
7400
11767
26102
27430
18432
20578
28129
30499
25872
12639
12447
21260
25900
29894
7542
24733
21616
8788
22785
16025
28899
28927
11057
3773
10401
23687
3729
22515
17210
14670
17614
22729
14933
14953
5238
24097
1433
7671
5120
29226
24013
29617
9741
30607
15165
12739
2797
1262
4960
3035
11109
5259
6585
16511
175
23622
2043
20643
15811
25034
12656
21883
7637
7944
26011
26766
31775
19172
26141
21004
6368
6701
29653
29025
12197
3283
14155
5130
17095
6996
2127
11943
16437
22648
22749
11346
25459
23358
18244
18480
30947
1302
7047
9541
26180
30800
13316
6285
7288
21205
9555
22856
22154
277
4465
2965
18927
15680
31262
22850
11276
3769
4739
3299
12537
24008
21528
25377
26501
28559
23237
1621
5754
24127
19528
26710
32546
24971
20182
28302
10505
31581
21253
9300
6917
23752
13545
26486
9588
5951
30845
17172
8645
28164
9541
27829
19258
23522
1330
6036
5355
8479
19142
4667
8463
28077
25208
25171
15735
31648
29530
21179
2395
11749
21241
10199
10329
1840
28805
28203
9915
3382
31538
5928
29433
27677
18397
22597
4222
28208
14835
82
26543
7128
13199
14089
22314
6087
20706
23271
27211
2935
29400
28986
22773
14291
23800
23674
13455
32308
27277
19676
26188
30094
7939
7973
25264
24556
5523
7612
13904
5145
5155
22532
20441
12192
17767
1000
11091
9463
24141
7608
17063
31224
12952
14899
26463
19088
31946
16101
27054
25531
23880
29875
12464
2736
21689
10420
10226
17496
15791
20290
9781
12549
2441
23889
12655
20577
17560
19456
17427
16805
9600
31342
30610
21515
11233
25039
14370
31621
4663
20415
26046
32175
5887
6869
1646
27394
24860
1404
28104
14411
888
17150
32183
3164
25582
21218
25723
5634
2408
9848
31729
32311
5444
17586
11797
19096
27645
24629
709
17433
20743
5040
15048
13815
31226
14445
7182
6382
23795
2854
21305
32429
15927
4889
3677
20871
16666
32606
13572
15467
32
28281
24950
20246
28769
21548
32567
12935
5170
29071
13008
435
16641
4962
28370
6779
31873
2721
23065
31451
13576
4953
27470
32356
22837
7611
23983
4076
4821
11630
25363
9092
10503
17194
14120
3242
19871
1155
30720
1216
22985
5634
26572
30141
15855
23418
31719
23843
10460
4761
23830
23345
10785
31678
15630
16985
21431
1290
9526
15092
7911
11194
8879
20277
6247
1972
29586
29531
6086
13663
6520
24107
1545
4536
30016
17822
30615
31907
20492
21463
7506
5502
30093
26711
20743
9724
17281
31092
16648
12081
21113
10759
32535
19689
7136
26470
30342
25406
16697
9106
3485
19050
22696
32689
30268
27865
25268
31422
29121
2947
19787
30847
3116
7288
10246
13495
4738
30652
28079
30366
18543
18006
1793
6286
8494
26532
27310
14335
32686
16625
32423
8629
16877
11081
7831
20024
7080
29580
27568
645
1079
8386
18859
26883
15283
29870
11530
14008
11097
23206
7841
12477
9523
14498
6228
9711
18165
22162
7970
12520
1061
20469
15971
22062
7038
17319
18509
21161
31639
13818
32701
11867
23232
22793
3893
26443
1580
12105
28960
18626
11350
15457
11614
17082
9885
14396
4092
21908
1585
30812
15683
26121
26675
881
18165
3427
21784
810
9939
14829
12111
2123
16994
13224
29987
21760
23535
22847
23010
8560
5329
10557
31295
3734
25838
27518
12277
15180
11137
3811
18605
12201
15642
3914
9250
4749
4838
30654
32131
23930
32560
21738
25625
678
2856
11220
10025
14670
25059
18632
14620
25676
27812
31377
19933
18156
1114
3568
14467
31740
23657
7494
19504
25378
2733
2196
17464
30835
20668
10661
30598
19008
2668
6282
23356
307
26006
5191
6298
11931
18201
25548
14881
21765
289
17191
13304
24332
16041
12535
19342
30834
18494
12324
8833
32111
1542
20941
26815
29768
25346
7042
31211
17700
30096
7604
27138
9244
4404
20073
17726
24977
9623
31796
1850
5314
3792
28005
3416
21661
15075
32637
2144
29398
18567
23269
12649
27959
813
3807
17917
2359
24637
10684
3960
19917
24995
8528
31153
20358
394
8099
31964
726
2919
2025
24239
2219
1594
18356
3780
10568
5137
18537
8767
29009
27341
5360
12976
9506
18984
1968
9275
32357
4855
5307
5878
26596
25517
1093
1938
11163
24097
12635
25406
18194
31377
8402
4808
23018
3046
1149
16645
25269
22841
32419
24692
15883
28823
14767
13342
7130
5889
10282
24512
24317
31159
231
17196
6928
1207
19325
9453
9347
640
4346
28714
26350
26907
1238
2509
30116
30812
14886
227
2699
3430
14610
7750
26411
20333
2185
6010
19460
6592
52
26838
31269
18182
30376
6884
29434
16839
8159
30474
27238
32303
12265
28521
7953
16655
5599
15877
3332
22565
25369
32550
11891
10141
12960
19199
16089
12503
9446
4750
13387
30315
17333
17347
25349
24939
25190
30948
32586
3048
20051
14128
29035
5303
25487
195
12325
24692
22996
15801
5423
27592
23996
16534
24596
4840
18996
27110
23359
29278
5678
12064
22356
17676
19095
2256
28871
25454
5257
3061
21415
18463
18369
12968
29114
15775
25939
6143
24271
6483
31388
11057
18256
10189
27769
7675
13591
11854
694
4674
5762
9609
18378
19193
15306
4522
4289
25669
16016
7063
16761
22239
1977
20342
8465
19131
26492
9327
21151
31975
29625
12723
17953
15541
8333
13501
13751
17436
18211
19672
783
28508
3789
4065
2336
6113
27731
23630
13851
5738
11147
3183
414
12394
14121
28404
4907
29870
4825
10416
11482
19265
15243
25500
11850
15501
25102
28447
17373
13250
13281
13708
5669
16508
9798
10989
3481
7072
30615
6399
32397
29574
23261
27773
20833
17246
415
26529
31480
14796
30712
24041
22891
29398
1772
23831
18687
2304
4348
26491
1365
16821
7416
9076
10977
22761
789
9269
27805
12285
28736
12229
20991
25571
13233
9801
4392
3714
2754
28294
22878
14172
24322
2978
8636
14190
10885
16426
20520
5207
30335
25178
19590
5821
10257
17816
21547
8173
3939
23873
8597
705
27891
31912
15449
25543
24877
22620
1372
25759
31291
11434
21318
7845
21534
11619
13108
12497
32510
8928
8622
25819
8126
22594
20440
12194
32468
16126
18668
4302
31064
27546
3047
5556
2138
20401
28035
891
21113
21821
22118
27773
31665
16150
12697
13552
10101
29365
7995
19142
24830
3902
16247
5329
24034
30142
10675
23851
20200
9904
25610
15061
13083
6343
28413
16030
24861
27879
14693
26439
15038
9076
4268
8420
16077
14032
24893
21381
27951
16159
23353
17686
12589
846
20332
21124
17938
6995
22655
17442
18934
1974
9327
16714
29397
25168
29246
10055
6628
3155
6120
18290
4388
32138
9368
20636
30519
6370
29468
26540
32115
10794
16534
13193
21557
28951
7029
24635
12663
23947
16036
23885
9637
24854
11521
23413
12973
31166
8465
19831
22870
23035
9458
28742
4306
20998
26257
7788
23702
24147
7197
29357
29801
32604
3259
32231
12987
16033
4475
5181
15673
1261
8842
30068
7070
9690
17578
21661
12492
17559
27360
757
18971
30185
8300
16905
14577
17264
3838
286
10899
29740
13607
2511
12858
15936
24846
24568
14698
17909
17252
22739
19071
3585
11930
11617
27017
15626
22097
3084
28505
23654
8978
28042
6876
29733
28223
12548
19624
10321
14921
17272
8405
15220
15140
22108
23310
6747
17144
27012
22759
21786
26394
11333
32369
10576
28986
31195
20749
428
28894
29960
13437
3760
271
1790
32321
23733
5713
17791
21280
2864
26841
1091
773
2355
20219
5530
22284
31543
7138
32338
1501
11800
22147
8411
16953
15201
23763
9129
6098
17098
18232
5850
2656
23807
8254
7449
10993
11171
17548
7106
6016
10901
32534
13894
6346
9842
13716
6354
21085
31835
14642
22059
14578
1784
3977
23773
17148
23740
18382
18324
1921
17259
12361
3274
16169
31962
9
20898
23445
20727
18647
25620
10481
30984
17768
8267
11725
20536
22487
17739
15656
27983
19538
31959
28366
2497
13331
6802
29157
23018
27793
22116
28098
15000
9976
1567
25857
22474
983
6755
20180
12471
5913
25279
23195
7442
26679
23832
4533
14221
17068
5199
19350
20892
27304
21022
10266
21627
2568
10307
1049
13170
27014
5345
7228
21336
18989
17955
21007
2902
29457
16674
18263
8941
18236
28681
17317
28986
30699
23415
6187
377
9979
4900
30159
24777
3486
2504
27006
31022
31570
26680
29379
7644
16660
7122
26776
11443
23760
9244
8316
26886
31005
25512
3013
29600
5415
30779
16184
1033
26860
24109
6359
18181
22956
25363
30714
1630
4762
11164
15265
32227
5592
20665
31497
433
22946
22529
11389
22961
17866
2899
11887
30306
9572
29629
26311
25305
24770
31644
27771
6150
5027
31749
28512
5432
21415
14692
21056
25059
15110
4963
11052
23714
2946
27662
7699
31608
32154
2612
17812
24923
4097
31504
7697
27891
27470
14120
9989
9375
11765
3702
11927
9145
13430
8134
31599
27931
12756
24415
18632
18145
11337
28901
18630
881
12856
22654
8458
23481
23395
18228
5509
16056
27230
1691
21897
14912
8772
18355
7974
24826
9384
22799
11443
20906
27598
2103
8363
17332
13595
12876
25531
15584
28619
18410
10520
21594
994
18514
3350
9981
1381
30665
503
24784
10185
21819
32512
32721
1452
4900
9683
13298
4291
6065
20984
98
15892
18466
18109
525
16997
9074
28480
32614
29428
28730
25802
9572
7784
467
12126
5578
29192
22714
29842
10924
16171
8761
2206
4911
13551
23364
5555
11664
25134
6818
19854
17000
5038
17997
22860
1326
25240
14362
31616
32253
1836
5532
6275
16535
17330
24390
6411
5291
31668
31441
23295
29523
19306
15581
9354
32225
13174
13787
19823
20955
11474
17962
4764
24132
14598
15744
18433
7709
17054
2444
23714
23596
25051
14298
25835
25596
22953
20214
8004
17445
24785
17108
9958
1485
2928
2159
18669
32111
26792
3249
12206
6364
10389
4755
22602
20095
24194
15493
1668
4580
13149
17680
10959
29052
7273
10938
28331
16794
27187
21290
23346
30914
17351
27020
19950
8483
25123
31799
12270
866
8172
7565
8985
28313
12640
3107
6594
16800
6284
9763
3196
6539
10687
11246
16943
18803
13374
5637
24171
32634
9017
553
10749
15113
11006
31681
18880
30812
22125
9085
22454
13633
2220
31289
4695
13084
18204
21284
5673
6703
24459
12577
21905
25112
16043
4973
17129
9115
2754
30082
24786
14242
22180
1596
11468
18306
223
23099
6148
12928
4917
7560
620
27796
13903
2171
27665
14957
3503
7132
20650
28340
4071
26696
24940
3221
12040
25814
4390
29564
25950
6395
9865
30748
31322
7595
18631
3766
5072
14785
14945
27288
26467
7585
13881
14052
8253
540
8943
19602
19715
11924
4202
2488
27143
10848
13237
11785
23488
7537
21773
24732
28024
9270
25656
17136
10309
6846
10008
13612
5690
8989
13951
12203
17886
27408
15685
21943
8669
29924
11672
9621
28926
26515
24724
27075
4693
10801
21523
20349
18874
20102
31431
18053
12410
3837
21126
3620
7756
25533
13540
4972
7814
29461
5639
1217
17808
24861
9655
16024
31385
17050
1717
30077
2442
14115
4174
16731
4408
28290
20015
28152
8670
7517
12923
13503
8138
9494
11803
17346
15958
29423
9046
13823
10010
23154
26273
24802
8544
28432
16824
6924
19928
8456
11501
24659
19086
8586
12992
30474
21272
21020
12721
31362
12564
17214
28754
28368
4306
1609
14240
16849
3661
22173
26515
23916
3680
24059
14836
12055
14390
6192
10095
18589
8963
6644
8937
32286
3057
16145
7956
9559
10334
968
4672
23075
26692
3440
27764
27714
15608
9824
13245
23130
14360
12559
15046
32315
5822
22138
9641
20071
3322
29638
12549
22738
25984
2855
28497
23270
18845
15360
28783
6858
17776
1612
1924
26084
23638
23868
8968
22685
16806
19745
27417
21348
2463
14477
6677
16629
26270
28853
17255
4571
18068
11546
31905
4403
25784
9833
7372
30388
9081
22687
1531
23020
17079
12400
11559
27340
17970
10218
21558
4967
8259
5718
10845
26359
29898
14175
18088
545
2151
11638
12503
16506
12269
884
27756
27465
21523
29057
14850
17807
23917
26933
736
6468
7323
11518
8910
10724
705
30402
1064
12330
15927
29125
16944
17179
3969
3020
17832
21063
27265
24963
4001
5452
14315
18972
9870
5275
19194
17977
22940
12159
24417
22028
20038
17243
13189
31420
3107
22579
4841
26379
31491
30317
25833
9015
1851
2521
5036
10269
24637
30192
24404
13732
1388
16217
29047
26713
5422
28338
17619
21079
4674
4236
13629
7018
4948
30391
19419
27764
4302
7873
7059
10767
17650
25017
16835
17011
21030
20792
24371
4763
9102
26019
7496
9891
15328
25002
4986
22901
26228
3860
8455
6052
32411
14527
3817
18840
16690
1506
3590
10476
23671
6806
26024
1300
12827
8597
26156
15171
32664
9025
29694
25995
24772
19944
16069
1351
24742
4934
30938
11446
3209
16203
8959
27624
15696
27679
16462
1246
2825
30564
1647
10989
7877
23739
24078
20835
22182
6537
18316
19821
28729
32251
30709
20280
11526
3911
16947
30295
9574
24373
8321
1381
15765
31967
29218
30955
28936
25268
16722
1411
26625
1475
9597
16702
2912
27191
5551
31812
2748
24861
16204
3258
2226
21358
13569
4585
24957
15945
2554
29340
16327
17536
11605
6857
29631
31062
6615
15476
16492
18567
11742
6097
4929
8073
16279
3753
23025
15378
16753
1790
27269
17370
2770
24818
12715
2466
6408
997
6993
9077
23682
18142
26994
13870
26176
14380
27952
6714
2440
2125
22052
15775
17883
7182
3058
26429
3367
2548
17952
16212
14910
1755
22056
16711
19335
1501
22475
31392
13811
3957
15273
15187
25651
5092
24591
6983
13865
15572
11280
30994
5276
572
24791
22021
27951
1667
5435
13160
10900
32232
3988
21766
31997
9505
29133
3309
1747
2882
27579
29807
16811
13025
26541
13932
12150
20088
25925
20180
11255
7178
30342
25447
29307
9226
4909
6591
11204
24440
13893
3729
6214
2381
31222
21040
10902
7961
9630
3666
9759
21739
25123
14615
5655
113
2183
31047
12465
16224
16060
8155
31380
23830
22202
23232
16013
15231
9168
1239
11648
17205
14903
14144
15013
7915
19693
32728
2032
17931
7616
24832
30417
6814
13225
32417
12574
7789
19292
7277
15950
869
13853
20839
30951
6976
6869
5285
30777
27234
19813
1876
16973
25089
12346
8190
23065
1417
21538
6920
32245
32575
19038
21631
10835
26660
23800
28436
13482
18204
8535
27748
4787
2895
6416
6781
8664
1488
21759
31390
746
9853
20119
1343
24082
38
27510
28497
8970
22513
24380
21703
6540
17404
24478
27733
22027
7493
24246
10360
26274
18631
16285
27062
19530
7142
14652
9767
5199
24589
23391
10804
9733
14742
27147
22175
6327
30186
786
32708
9696
1257
16868
21022
2973
8588
21928
24588
29539
28104
15756
15573
12525
1462
8025
18666
28025
19954
27722
4972
4916
321
18462
29934
3315
16758
26220
18300
11811
12182
21047
24540
22275
20282
21442
11283
10513
14645
26789
6956
24513
24951
545
12852
8565
29745
32177
29321
23722
3642
3041
30037
1391
21682
31075
24661
18204
12261
3680
6111
32320
11633
30732
21027
3803
19884
28797
28593
27342
16448
6333
15675
23695
21528
14622
668
27169
7808
23501
794
25668
7559
30122
21224
30185
22952
4439
9711
18408
19114
12431
31695
3317
965
22458
19744
2513
27398
30654
7677
28093
32757
10775
6595
3892
30068
29482
7190
24793
8938
32470
19237
12975
4257
2893
10031
5000
9069
30242
13127
26304
11151
8099
6996
554
23256
6248
31579
26699
26130
19756
11265
29382
21915
9436
14411
280
18771
17646
24745
32645
13240
28660
20275
23122
20560
12913
24882
12597
22856
20971
10722
24330
16474
12865
4726
10695
28404
9535
15197
11954
20886
22640
708
24274
12923
21811
21596
8099
10109
18193
9821
25614
5939
31822
18379
20887
6492
21694
25592
17881
13952
4826
24394
20527
19156
17171
28990
29621
4191
11623
8109
17775
5211
1329
32590
15047
7134
19269
23933
15421
15289
5692
14138
20570
10144
13581
8565
29413
31884
24542
1673
27738
2654
27417
23814
15768
24773
12481
15283
29658
9057
9223
28371
30952
26921
17176
29352
13199
11018
23354
30518
3150
1488
21271
20809
10834
21322
28504
31929
31909
24233
17782
5101
25506
14378
20685
24734
3756
27637
24051
27101
25119
8260
16455
9048
31111
24263
1485
8665
6672
3400
7481
30991
10558
22923
8777
9873
31710
7288
17496
11808
4413
30843
31537
19244
3735
14124
32289
23450
3794
10795
12624
26565
6764
4942
32080
27587
23475
22527
17655
17897
25396
991
28010
28305
4213
24240
11387
23834
29415
6513
4405
15921
14102
22218
31412
24399
29731
4779
28987
29571
28020
11569
5504
5490
7338
7369
6730
10908
6099
2967
31806
3041
10209
25625
27638
5955
9052
4359
7764
3821
24915
29822
30486
26997
22680
23134
16810
30558
16173
27121
27715
481
15865
23245
31020
18156
3263
28923
6749
30316
2641
1112
11084
5320
9473
5948
32005
26285
10073
16474
10365
18961
15628
27623
23331
8306
17451
14335
20921
11871
16028
28740
30050
5178
30665
27848
20220
17468
12949
22573
17583
6585
29588
8458
21958
30118
15227
6801
18622
1112
17877
4207
32669
4238
8184
20980
26246
1970
11320
30836
12425
4956
25946
27885
22207
27672
30284
28905
3479
18793
31251
11942
9323
4878
30724
5237
855
14211
28727
32608
15178
19403
3129
30991
23645
22637
18433
3309
1636
30653
10021
30854
26563
10588
19022
15155
7812
32514
30954
18682
12198
1659
29472
25776
2231
5360
8201
25952
16293
22376
27677
27377
1233
19598
27627
17922
31589
2997
5902
5913
27624
32025
12124
26877
1295
26472
10336
19040
7894
30337
8971
10945
13264
8059
20902
32401
1211
1513
22539
28309
6744
18012
31765
5771
6522
18986
14933
5904
7516
2158
4870
32449
3127
22608
9027
20129
6676
14471
24184
7611
28127
12316
31767
8200
7358
11376
28044
5266
28577
128
28786
24282
10009
26984
4359
20343
12653
15398
12509
24577
1771
8353
26067
26157
8316
32234
17732
569
15483
31681
28542
19595
26055
15707
28534
1685
28951
14690
17082
21243
25742
21310
7590
14584
32144
6547
16347
30462
18643
19978
27885
26780
185
6741
23900
933
9693
5741
15302
12431
1515
1054
602
537
9398
25542
19600
4144
15236
18010
28951
31252
17068
169
30735
21431
14692
9189
16761
614
8148
24415
28652
19626
22383
12178
27529
8561
23938
32355
4401
23145
5133
6311
25077
32173
3283
7398
18125
17059
2733
18270
15501
24100
11555
16203
31766
23006
31293
18790
29385
31479
14999
940
8002
31731
23476
3680
9794
7640
19604
18003
13292
21648
2185
29795
32053
4750
17478
5698
30102
30645
28985
9337
3331
26485
2843
31148
2593
18999
25541
16159
21684
32251
24901
633
17494
14911
25137
22728
18287
27427
15419
12998
30305
18380
2310
18011
26371
10246
13624
12642
21585
23853
1489
14768
28258
4685
1979
20050
26266
30600
7585
11799
3104
15544
8197
22351
3218
8022
17293
9425
11512
3995
14750
15427
3831
12516
16172
12693
22088
14683
3537
975
17000
29908
25372
22285
4240
28405
4651
4039
14823
2202
21372
13142
25079
31863
18176
12724
2397
5888
23665
31876
22725
9605
5606
3922
6166
24738
22693
19739
9706
21974
16440
22288
833
5234
10179
16535
18294
8629
23956
17555
4210
30773
13564
24549
17183
5760
27229
30003
12319
24836
3461
24039
28863
23340
26170
3195
4134
31692
1814
9205
21715
8383
662
10413
15942
26063
30317
11862
2812
25300
24862
10044
23201
5408
30153
14539
16514
30747
25157
14673
23105
4395
15216
15109
16076
29399
963
18503
22927
31531
42
13609
1513
20830
20242
10799
32477
26290
30147
19539
30475
32412
22512
9804
27870
549
19852
14096
3846
8848
19168
18840
17705
3901
20187
31203
12501
17101
2985
2877
15034
11143
32135
29633
22
13050
25557
16669
13424
26852
20588
14997
19337
21843
16691
25675
32656
13834
30701
18365
1941
11046
1109
9615
4672
5890
13421
29835
22723
13655
24339
20966
24077
11688
15573
18116
11840
9437
17158
1791
12902
4654
13585
3364
27744
23362
24590
14271
12062
31640
13459
19417
10006
15143
13005
190
18158
14401
23759
30980
27772
18621
9001
19656
20977
30293
32701
2363
8017
6733
13006
18782
12327
23638
22106
19465
24950
6321
15274
11058
31730
29079
18215
6252
3696
4057
15983
17070
19612
22212
15528
18774
17898
3911
16661
24685
2255
20056
3046
2605
1584
6803
15701
2496
18715
5412
27374
29515
22197
10728
7982
32043
19059
2767
30544
30335
653
31365
21348
1766
28848
10833
19617
7050
25332
12093
26108
9565
22797
21111
11002
3234
14789
16631
12482
32176
31914
24162
11638
29426
7171
16174
6595
8243
25353
3592
4279
8984
27732
24690
25043
7406
25748
16049
2402
6566
25985
25318
777
26654
32021
29563
10910
18339
13560
15552
7997
3763
11836
11734
23705
12039
9546
7373
32401
15057
29212
5641
25348
20290
22701
15082
7653
2127
15790
29612
29586
25013
4987
30859
19809
10554
4941
30251
23676
26166
5809
20792
24304
23123
9529
19785
15104
32657
2673
6923
25791
10125
2068
4507
16862
8194
30848
5939
32706
144
30056
32009
4057
1468
22217
21108
15919
7481
7711
29521
5692
1894
8664
21925
2561
12823
3337
23172
3923
12440
1888
9777
10102
29935
6490
17286
1261
11874
8373
5782
17297
28985
26921
25234
26337
3013
15699
26345
4761
11425
1010
22451
12678
15928
15701
13648
32408
7047
29972
18252
9273
549
31743
16006
26077
25984
32340
17042
2010
1897
18997
28251
27003
31187
23128
13
1359
28119
30977
16434
19399
29692
3885
25627
3072
4534
29712
28545
24286
20524
20674
22892
18522
10302
27702
30804
797
28615
29547
31110
10829
11295
4582
26570
13735
28133
28255
1347
31694
6651
24507
31894
12002
17361
28218
11599
1877
31975
29938
6016
4346
15757
30588
10922
20063
19182
32749
31713
9821
15948
6407
10028
20461
4493
14513
24619
12349
21751
11941
30204
24324
29240
27497
20062
17682
8361
13184
7191
2347
28371
4833
21652
16149
1331
9384
10448
3312
1594
780
1399
15046
12184
29585
24138
24675
8378
9086
18629
9575
27281
2194
10751
18329
19606
14835
31699
23422
17163
21863
27965
31531
19075
17606
25094
22359
31908
30640
5540
24244
27180
25979
25948
28544
22066
27503
1449
18262
13999
23350
9953
9547
7740
19854
19734
21046
29469
3393
24378
847
6015
11863
12679
19196
26366
9610
3870
3047
11626
29690
1775
8788
31435
15138
32728
14258
30882
19723
22545
29807
9330
3263
5063
1041
4991
13057
24327
8067
9174
19259
26334
4524
16013
31928
19903
27206
3916
29715
16164
21230
21773
240
26232
14967
12319
15337
19765
19076
4465
18636
25674
23382
12045
2307
15551
23010
8675
21075
13211
21543
4296
32202
5382
8126
3262
25330
31403
20147
630
4939
26976
26259
25875
27128
29193
3526
30257
17337
22969
8991
20262
29465
3355
29618
3975
17641
25361
742
21743
10476
29338
6347
24571
21204
32761
2733
2713
26477
17684
29161
29571
2585
6426
17663
774
24188
15208
1769
11528
21112
17838
171
5193
17500
2381
14636
29417
22872
23556
8004
27691
6197
6092
6678
11128
7234
20992
29600
29863
29842
3521
20880
2427
868
28057
12377
2157
29155
10334
5255
10412
3088
17754
26191
30563
6396
25512
11115
31290
826
4321
4901
23327
26004
29433
2225
326
20477
18787
16319
15214
22727
2428
28497
24423
19990
6694
11978
721
7061
29363
10568
12582
14439
8454
6964
17147
12641
31476
19992
14978
9078
32496
1712
18772
14962
10216
6467
25453
2028
14442
6195
888
18037
16651
20692
1102
23830
26121
2682
13241
14074
10287
15318
637
17255
13561
10882
30105
12787
505
10458
15562
16116
14201
26126
4689
9272
11874
1141
18422
502
1373
27172
9549
21509
4407
32704
31544
18252
11402
20880
4269
890
10906
18134
19641
15607
29053
25440
16837
8986
32639
18266
32281
32412
24516
24934
17822
5196
21039
1775
6376
8197
10883
26297
11635
31709
10952
2493
15149
18336
23793
22069
17205
9341
12219
18675
13283
22782
23256
22774
3592
28990
20045
14655
28535
12118
12569
27873
9924
24600
13079
24920
13387
26624
13861
795
23668
7271
4742
117
12086
15610
31365
11920
10458
8555
16731
17619
20482
28518
2387
25197
29929
27847
7468
4658
30188
16906
30911
16551
11594
16642
17634
22616
27688
974
19083
30834
9944
30730
8505
31117
13914
10818
7311
13514
21283
26028
15682
16670
11550
31766
10550
6893
17649
18973
28388
27099
27265
19360
6143
22751
1208
21620
20311
13465
1670
16729
7677
17381
13605
13613
936
3760
9122
13920
28247
1802
1945
16552
21816
18557
19264
7926
31433
24989
166
8616
6717
23521
6717
1280
1057
30129
3223
7125
28223
17088
15725
4744
31427
9884
25573
24122
15004
23940
15892
11324
12069
1913
16322
26055
3845
27031
7790
7150
21076
22950
24210
28624
18943
2029
17961
19218
18029
6982
22637
31885
4450
21368
16101
3395
16164
9664
17311
24984
6877
1969
16571
31423
12865
23615
10537
27762
17520
14102
3762
23270
6174
27184
18749
5374
31985
4518
9035
7871
31786
4550
12229
16388
31880
15207
11511
27506
23913
2681
6364
4527
19763
13024
23196
13519
24306
28547
9555
20495
9027
18335
30740
26566
18544
15970
24366
21912
1500
8373
23213
9453
22178
25945
3620
5025
18297
21301
7594
2814
23515
25070
23587
9447
20070
2233
11969
4437
12418
28525
18890
28680
11588
13789
10907
29302
29586
17764
29421
23048
2952
24769
2391
9861
6939
26149
8980
2254
24060
30603
6919
28109
21695
32072
14844
13736
28477
14051
21553
27450
13879
20006
24597
4035
14396
8309
27215
20190
15820
12895
2818
11956
2237
371
16463
4208
8926
10325
21020
5363
32731
2321
8980
14792
30304
29102
4847
16986
21633
28423
22004
16740
4954
16854
26044
22186
28146
10770
28472
29927
24422
31867
25078
17414
19523
13939
1183
29588
23347
1039
12997
4470
16604
27758
10203
14551
773
6217
31621
11621
30458
26316
13075
14013
32562
17572
3143
20515
19504
31066
25951
119
9383
24287
26191
28260
30945
14184
20303
1243
17761
5499
4245
15296
2248
2634
3940
22755
20725
3649
15429
15665
9072
22491
24213
4652
17673
5305
14655
27544
9404
14581
27851
12663
28120
22708
15000
26168
1377
16378
3429
7468
30386
15555
27414
13625
4966
20303
13237
11218
19065
13501
20920
7206
31403
32731
16258
16024
17445
13373
1580
31856
7519
6028
6532
27600
12097
11553
13654
18409
15497
4050
8171
14702
6252
7692
30160
841
28800
11299
25304
26510
28121
12517
27748
22701
29042
8309
12514
19179
28623
26967
16532
14867
12257
18375
29587
14184
28970
25423
24851
5087
15650
27288
23528
31371
26584
8577
6218
3929
988
5486
24277
26109
19805
27618
28883
25900
20623
32593
446
27148
20303
15919
27137
16361
10762
77
30463
16425
20443
18021
31830
11906
31219
6132
2661
9578
13886
29511
28172
9935
1348
985
23986
9481
3917
4828
30605
6157
13512
26134
29981
29411
32237
238
14330
3418
11682
31687
5072
22010
31643
25996
31144
24634
14790
25484
26729
8947
26854
905
18078
31509
125
29707
2425
18073
28144
5882
19736
11190
3814
8812
16904
24664
10993
17340
5128
1486
12400
30940
11791
27842
14516
5100
32656
21871
5985
7435
9980
14
30999
1645
9609
8593
21842
26285
50
4244
14223
11621
29182
16017
9137
1533
4998
20819
6562
23744
7089
28845
31805
14901
7619
7275
24428
26796
26774
7817
397
6167
27430
28067
29723
29723
16980
5037
14218
24679
21475
27876
20082
20293
6855
21252
3056
26222
2207
2236
8522
26147
8320
31071
11985
1657
12020
8412
23564
16117
17218
12272
15122
11352
19952
16538
31544
2236
2183
11984
12012
27104
2710
26992
10465
14785
12281
20345
13421
7530
13403
28027
11567
15884
10234
12108
14836
10321
8618
23037
11995
13806
21021
25100
23224
13688
23649
29147
17335
17528
6058
13409
5954
4033
7762
14368
20772
28161
19998
32343
24046
2199
7619
2680
15513
1700
27561
1500
25454
28261
10734
19382
27683
12480
2990
28998
19271
4892
6018
7759
5856
27510
17222
18890
8274
25265
32032
11996
25986
12590
17853
3590
7484
2461
16350
3740
25298
9747
22804
21624
17670
11100
28615
7663
15402
22162
6781
32260
19334
10478
29785
1756
20986
1503
4834
30834
19941
30553
2311
18316
6213
3184
7007
4334
23327
1573
2485
19661
18209
18048
4547
22150
19590
13791
3902
7312
23354
4749
23827
3247
28222
24214
23537
4203
26191
24538
16903
11713
30658
26209
6159
8216
12211
19694
1931
32119
21598
26583
24142
15348
9421
22035
27455
11120
15284
26773
6234
14209
6553
5080
26103
1456
6711
8124
11087
17381
22821
2448
16444
15135
18867
19568
29760
31336
1557
977
30409
11785
6595
7258
5299
30458
19231
1782
28431
22172
10328
8743
3875
682
23439
19869
31665
13677
2617
23559
13181
20016
17349
22313
12553
22004
17278
18990
23459
15461
2482
1600
2465
24844
4116
5463
30700
15557
7519
20302
23227
16244
31804
17724
27553
13812
6502
30465
6346
19536
19724
1823
14722
54
21367
24780
27638
6056
14572
1093
63
28661
15572
28004
5276
14568
28698
18549
18175
28735
4821
26950
8140
12638
29991
14461
6621
11589
24420
2862
27593
24256
17783
6317
30310
20189
18818
673
31884
32163
20933
9050
2076
17153
13761
5733
8257
15365
18077
12125
13558
6223
14024
21251
25545
23492
9440
26257
31198
26759
19923
18764
22326
25893
10820
3161
5937
21263
31536
23761
8786
26958
2513
21528
3395
1906
7874
8810
26905
21707
29797
18358
26840
24540
10370
20144
58
21005
28976
15906
24492
2976
6393
13442
29082
15334
1593
25034
15596
18867
20935
21380
20689
8207
12503
18212
7611
13102
13855
30363
24491
20899
11833
4905
32174
5584
6985
25203
679
2977
5087
12757
4944
24186
2335
5113
1404
9069
14367
7337
31903
5041
19088
3809
12175
19279
27297
12585
15244
24607
20000
15393
10367
25843
31970
5982
639
11538
22118
22644
11417
25576
6837
14420
20689
19707
31372
29401
4452
16417
29373
17565
24400
13809
30419
31505
6678
30839
12021
19149
23743
19500
19725
24612
7197
9508
15657
24060
31315
15498
13601
16092
29592
6730
26490
19527
18487
26381
23946
8265
18394
6762
15581
25935
25097
22874
31704
18492
8174
6381
18844
20664
27483
22844
11565
5067
18190
3231
8148
29868
23603
32544
9921
26579
298
21039
12277
27733
7563
24727
13919
12145
3943
7856
28997
3686
30161
19158
4838
27272
1181
539
23134
915
17768
3385
31945
19519
27097
31179
10667
27925
4901
21436
11920
27008
13017
4863
32239
6951
26836
4480
7508
30586
658
7515
16062
21387
32689
31565
2374
6688
16301
28007
21762
10246
15599
4618
24105
17064
30982
12047
13176
23776
32308
15686
25556
7692
6700
18466
12080
24421
13850
30130
16049
5004
28644
19155
10256
19558
22703
32677
16449
21290
31910
30779
338
1720
6134
13719
1941
29741
7453
21205
27137
23988
28773
25254
29142
9119
31915
16640
30080
17334
1381
11540
23230
25294
23012
16257
1027
5278
19926
4295
11549
21967
6926
9214
31508
27730
4232
27080
17237
8694
12967
28548
19983
3386
12482
3780
6110
23647
21471
12545
22183
22210
19134
31630
17859
2153
30490
30667
32095
19420
8235
2971
22818
9782
11887
22040
12817
10619
21674
17541
28592
20780
18988
29571
13418
3353
31314
12424
10547
28279
19791
12174
11372
11058
28204
18696
26631
27525
12814
21530
4843
5575
1208
28937
24986
3208
32336
22513
27153
4828
1638
32694
32496
19191
10290
12604
17882
762
31773
23259
3359
17421
19076
14349
9368
22446
19384
8554
15827
14152
10569
6359
6000
6664
9348
26106
30667
5356
1594
22257
15068
285
15299
31043
30555
7294
17731
24342
32551
6277
22828
17571
16104
2890
24836
10728
16627
30429
13161
13468
22383
23261
12114
28264
12726
1094
7319
13140
24830
3979
30132
25728
4153
20709
32458
13076
29498
5866
19942
6009
12568
31585
10374
18634
19927
13909
23129
18565
22341
10088
26951
22151
22819
2410
19121
24887
23685
1066
32250
17921
30332
4236
12358
30214
10737
25308
19841
21265
8404
20322
8868
22733
119
23863
30003
26166
23860
31575
13322
15182
4438
3062
9562
32529
31543
14872
13807
25002
26277
19804
19892
12007
9610
28696
19832
25835
7116
7083
6642
8995
17011
7951
22531
1403
26122
29614
15932
16337
9287
21623
8096
3497
27886
19248
5035
18979
2546
10254
24467
17451
29405
6019
1229
8944
28531
19031
6355
28311
19858
25594
18981
4400
11869
8985
13965
25577
11930
30831
30376
7297
28247
32734
674
12032
15316
4030
21569
30630
26013
21109
27173
16673
30711
7751
4174
31491
27005
32624
4574
13426
31499
10352
14368
12065
20187
15527
15050
7808
31470
10529
1407
26416
6830
32691
30360
29370
9169
2119
31524
27520
640
31860
11309
29940
16569
8530
20798
13319
15602
13196
27681
15333
13311
22966
12781
13023
8757
4321
5441
17320
16336
18285
17866
11973
7314
6687
18699
4159
7853
26483
4189
11675
26851
11572
12340
24587
27628
25673
7333
28390
10008
20178
3877
28246
23605
27764
31124
30289
15027
2288
10874
17866
17926
6395
1680
9768
31564
22858
31618
8951
31280
25580
4083
27101
13582
12252
13505
26320
27736
11991
15243
28807
31032
32107
5745
6446
11126
22865
17691
30558
16029
20988
4861
31564
10841
26482
2777
9281
21028
2907
17285
10826
22561
14423
27118
28720
5960
5013
11357
20906
2244
19618
27385
8658
6297
12158
20878
28118
11658
7413
16012
22512
26682
23852
6995
7832
23953
123
2477
9208
20577
17018
2716
2464
11850
9055
599
13435
21467
11143
15759
19713
23545
3410
23542
4015
32389
6452
17410
436
16953
14345
1006
24046
1491
24489
17411
19988
9334
13757
11797
17461
14669
21713
28240
2145
18033
26538
12597
20134
17165
3801
17119
26942
21696
17552
13195
27398
14402
12981
9559
20018
7499
12085
10058
29503
31152
21147
16789
3114
6095
23777
5912
18400
25646
23685
16424
20981
15967
19424
17040
31384
20775
6324
19157
6855
13791
18948
2751
2239
26393
14376
24852
12471
18055
2848
11943
9677
14873
29481
31889
16193
9318
20366
22463
5601
15437
14273
1453
30148
2012
6826
30320
6203
32368
26687
6138
14853
5662
31061
28314
25026
16466
10677
5826
27306
6582
22643
5133
10111
20822
17019
4480
12736
2817
27501
30481
14624
16626
2219
30821
26423
26800
8880
222
11126
24370
24739
8405
864
24647
12843
24612
4855
3381
19334
6632
8565
18080
10197
17797
20029
23982
1466
20714
4625
24681
4645
28694
24709
1381
13675
1498
32180
31394
13977
2529
23601
7091
10503
4079
5953
21280
22576
21606
23879
11018
9664
29198
24191
20749
3567
9493
5103
4459
17934
16213
29339
3430
10591
12758
24313
12525
26666
20372
29860
11131
11533
11650
30292
28733
11412
17358
31246
371
21258
13415
9624
2840
1166
23229
3888
4293
9065
2248
5757
13011
20638
5451
18886
20160
6851
8026
11106
32467
3856
11034
27504
15619
24758
31688
27080
11542
6769
20220
5169
20998
3681
23855
29908
12968
30742
17275
1264
12687
1258
15011
6096
7215
13971
16211
29178
13630
21496
4009
24746
15968
23620
8691
25982
17666
12345
30907
19059
13958
26056
30721
12816
32673
31198
8135
30689
15106
21632
20435
29991
13109
21274
30896
32206
15302
19732
24054
10655
9641
18087
19915
15799
21209
17903
29098
19000
11584
32321
7267
20542
1239
17854
14691
1045
6414
2344
16694
32681
20846
12789
22346
31037
27005
12962
29942
21088
5090
11594
17850
4893
22729
26743
6345
9587
13193
1592
3012
25861
13188
12660
21193
22289
9295
13693
16812
7846
276
13288
31364
274
14132
27805
25962
3738
31792
19498
21885
17263
15049
13405
32554
13533
23398
13073
9130
7876
27575
6984
5579
25932
27032
13434
31732
24277
13624
29741
29539
31277
28282
30150
30906
5382
16795
9375
14778
5799
26390
19545
13390
8929
23236
884
18123
31045
3656
9244
5494
21652
6826
18246
26951
24183
13634
30204
27628
2928
27608
1269
25873
29457
27657
20073
23775
30828
23020
15907
18370
22218
31222
25560
8048
26272
12827
32695
3367
11966
9782
15681
2357
5578
29611
4187
5054
18413
20555
26786
27322
9420
4216
12030
24893
18874
22665
16762
15355
3115
32112
24915
14091
30828
22681
18254
6379
10386
4886
21071
30405
1969
11258
1064
3568
21838
15874
16559
22202
32022
18555
787
13413
5840
32607
32112
26223
8848
26306
22176
7959
21805
15724
31317
25372
2294
31432
12132
5832
9889
25597
26724
23597
6788
31834
632
9903
10760
21751
26217
10178
15706
32665
16376
30965
29027
10455
16242
10032
1531
7547
6532
825
31833
16171
14673
23421
31182
11337
22722
782
17076
7959
29469
18920
24993
18463
17882
19064
20192
10194
21426
12383
11297
11119
7672
23667
26735
4390
2092
2566
24675
22398
6606
22892
20119
15348
4720
25527
8286
3300
1039
15301
690
21165
26531
125
15214
5137
24565
25685
8894
14810
7857
19991
20691
21955
8124
30438
21467
20629
11975
10620
560
17297
27429
1717
15567
270
15833
29521
13837
4195
30196
4853
4229
8455
32542
29812
27221
14583
26226
21325
10378
8792
8591
4725
5848
23646
19435
21590
12175
4972
20075
21527
8138
25725
9521
25630
23529
28610
14262
13779
22594
32396
30488
20135
14868
16493
14005
20054
5308
25498
29432
27240
1836
3220
31347
17150
19864
28936
11566
29899
7026
6643
17983
3169
20889
4361
25499
16046
25806
32088
16428
2758
2151
29481
21540
10467
28999
31527
20368
27305
17677
5315
9008
28847
2444
14294
2950
22844
10364
6536
21037
19534
23406
14450
14700
2273
5126
29695
17931
22381
13412
13080
23397
1457
11235
24064
23999
20399
19462
12156
20184
23032
27055
8504
6337
8489
7826
30566
31471
694
16106
12200
19855
17126
22378
22320
3865
13343
18295
3109
28712
25444
19348
11849
20873
28188
3102
730
26770
25877
1081
20406
32181
24776
21770
12738
31061
10975
22823
12939
13015
8436
3147
24878
13821
13468
6991
29302
29295
11428
12373
11333
2459
2970
20295
8245
11967
16271
22144
31102
19780
32540
30664
25115
26958
30627
15750
17192
28305
12503
28721
25743
24934
18815
28680
12259
9758
29047
22275
6796
21142
17655
30473
31525
15883
27927
2147
20002
17200
10643
7281
11702
26750
10188
10395
244
25292
19216
15755
9780
9759
18971
16025
7352
30915
17886
11655
29071
15515
15743
24175
29626
25269
928
10233
29582
15649
6372
25553
4441
8964
4015
21337
24392
6888
23854
15515
23176
32598
15256
21377
32684
20903
435
17224
32335
12055
5017
27698
20474
7195
20668
10619
13896
6645
9000
13199
25671
14981
5128
29306
22306
9826
2412
21664
8701
18729
4425
32174
12577
6165
24001
25040
18521
9936
22181
8485
16539
32393
25657
14192
18667
27463
22327
21520
11901
13181
4630
28210
28698
28126
22411
26949
8388
26994
25169
23982
23965
23530
10790
22973
23301
18993
31254
12000
19715
24387
15355
7959
12006
9538
7493
32424
11820
21703
28919
7700
15522
11894
29426
4169
3533
4821
20598
8473
905
19550
6630
4075
19952
16338
459
25265
17021
30417
3356
25882
11889
14504
6333
10248
10358
9578
22597
5444
9603
1858
12804
27505
21759
19975
7237
13886
2089
26897
24528
5856
10423
29515
25523
28864
701
25994
26178
20080
26065
17181
18269
4836
24941
29862
18417
19167
8341
17704
25281
12971
10425
13664
8807
17421
32732
6489
6293
24696
32246
13371
23201
27521
19863
18019
10049
27027
24526
16825
6547
30436
22345
6206
3424
10919
11965
22757
6305
14980
7817
3748
15938
29253
1430
5578
15911
21458
22913
23443
9837
29535
25084
15354
2546
25572
17265
29134
23
18381
7401
19720
20932
23027
15661
9052
30637
716
13098
12046
19924
19934
15770
20487
8271
21370
24033
25384
30028
27302
4661
9182
14418
14171
31490
19447
10954
26865
28557
26036
15805
15575
17879
1055
14559
6535
20932
21918
21197
21945
24444
17609
7827
32727
11538
7033
29297
14770
10084
23585
11231
31859
28226
17762
29902
22740
25554
13273
28209
1936
19250
22076
25532
24087
14944
26533
27883
31623
25431
25645
8007
16856
30843
27581
13797
28502
12343
18209
21039
27733
11237
17246
14822
8480
17902
22342
13928
26674
2866
18249
31023
28841
25514
15246
10651
9463
11851
31811
32753
27099
21550
18481
4515
18832
5871
31123
13010
24388
7763
27944
4369
5835
2349
24455
27500
5269
1410
13491
2985
23005
13291
24047
25805
31012
23099
20947
31458
28382
10594
19104
30712
29291
6801
16081
4714
21320
10143
18418
10338
13959
25260
27573
13471
18556
12548
31555
118
14010
11589
31952
14103
1598
29893
21362
15890
6633
25646
6451
30490
32052
1899
24421
20232
18207
16584
18741
15907
10602
27476
13443
7582
8
31882
25841
30306
29905
26929
25914
11534
2935
20865
4806
12092
10683
14471
1915
1543
28640
19147
21973
29130
30048
30767
19257
29481
15839
25882
11398
25942
31325
30422
8430
3469
27311
32567
16132
17377
29488
19326
28693
6459
15028
6780
7612
7840
25789
15867
23985
12722
15346
27481
4066
29306
24780
32630
8901
18020
20627
14801
29164
3211
22665
13037
29402
26423
18789
4602
9237
16036
32514
17841
29308
24838
4185
17536
2267
25545
15277
6119
15805
10781
25349
14114
4993
13490
11487
29960
32432
7872
7459
1331
26254
27723
14934
23649
5103
3493
4880
28698
588
15412
14256
6547
18198
5237
31822
8147
842
4417
5873
11540
4934
19536
28162
13164
28891
10235
11009
1196
31651
17990
25975
8585
7061
28957
31276
1017
29142
22494
25241
26848
3026
17944
8352
23788
19596
14227
4731
4285
50
28048
17139
14410
19957
26961
2514
31104
31768
28636
4250
11820
14918
31485
3959
32026
26152
15242
22131
3710
32311
4330
30441
24468
14031
6616
8508
31108
25989
16997
2760
3976
14011
29500
28697
18512
24946
17962
1883
13990
19807
25566
30482
17742
24384
28397
9484
6704
24432
8217
29075
13497
11961
30674
13031
19326
15722
10493
1259
11554
30890
8437
16670
10362
8716
20687
13005
16368
17764
7139
23431
11301
16600
3975
23506
29147
4922
18462
21532
3857
25749
10066
20980
879
32005
16285
7546
14309
7628
6414
31508
2448
28835
13130
13667
31709
334
26833
886
22000
30067
6018
7997
12103
30380
12898
8256
12186
731
8345
28304
1542
5822
3517
25086
23403
26307
3923
24972
17427
6685
17299
5921
29844
15383
19820
2945
15863
22440
20936
15995
5401
29000
23057
3941
10578
21251
16372
2501
20053
24268
1637
27217
15703
23315
17379
28698
29044
28058
509
19972
9038
14468
13845
20601
10231
19887
14180
2910
14097
27715
22078
9286
23603
15499
30871
3302
6031
32260
24519
16842
29138
23476
31626
24902
1868
23229
28235
11950
20049
5938
9890
21961
7391
17193
12827
644
12672
7186
11577
8420
17266
19015
29882
22846
24070
24292
31773
7338
2886
25560
28002
21941
4570
12860
30225
4438
18989
740
25981
13348
20171
27956
74
4037
3086
18485
11565
27818
29433
8680
24307
23545
21348
16603
24517
26059
8537
25593
25002
26520
10687
13478
30797
14063
31285
7948
24577
23659
65
1199
13826
31458
9130
32072
1533
14047
24610
6608
20691
12883
8744
24027
28827
28807
27437
25383
32230
13909
246
23413
6726
15000
11329
25751
17425
15073
19115
25291
5986
18540
14289
21831
8289
24914
20918
22805
8900
10751
7269
20001
31382
23271
18647
21137
31287
13941
8982
2132
27045
6980
11171
22782
2809
1682
24597
11219
18485
6898
30468
16929
28220
32576
4901
11732
6434
10714
12726
5700
13734
27661
22557
16209
15357
20942
17612
1714
2002
10667
10087
19338
29066
18689
9257
29756
3276
24686
9860
1665
12353
29833
18183
1464
10904
20177
18565
2941
18638
31460
28788
20092
4524
9202
16019
2951
23185
26224
18384
1255
6513
27153
14440
3056
6174
22514
16720
18649
27846
276
29908
13514
23485
18704
22142
31285
1661
10502
8761
12138
3052
24279
3766
8038
32221
7316
3855
5356
20440
19510
22442
23512
8990
15247
10849
27823
5096
17536
11743
30330
27632
17773
21581
15061
24114
32238
5423
28739
12276
9159
32392
7876
29444
17435
24901
10922
13633
17628
7384
424
18780
6790
20004
7724
3296
1549
26009
21742
20336
28435
26784
8393
16208
11871
25145
24779
32552
23691
18146
15496
18692
30972
20412
8883
17054
32024
4329
5615
26336
12210
20280
15330
10405
19657
22788
25227
12992
21875
26201
28630
26943
7188
17497
28526
4081
24787
20446
13011
14885
4687
865
14252
26549
1677
7195
18526
29507
16438
6761
2781
13763
5119
8565
29123
825
17000
31251
17311
25796
22953
15593
11407
13276
29673
26579
3601
31448
9650
25222
278
16051
12450
13939
15960
5647
20067
32238
24814
12666
10205
20111
14109
14577
19625
8920
5490
8866
16073
1817
24589
26358
26263
3473
15936
13775
764
19926
11353
4367
27106
29559
24507
28761
11500
8159
12596
21019
30308
9084
394
24012
12917
21025
19543
31602
22682
30377
23831
1128
26966
10718
23168
29022
29734
4249
7186
10657
14772
17706
32238
22429
15949
28665
9963
26272
24725
21358
29927
3552
18553
20239
859
3264
16998
7656
50
31823
23224
21552
17116
23057
19830
24617
22942
12291
7740
4680
300
32217
27768
28822
14969
18314
22489
22870
29390
27918
2309
14568
29210
12134
12939
22253
905
1758
7704
32428
3159
11919
6637
1717
1255
2343
23184
31683
2063
17133
9410
29415
27830
21759
21426
18147
7586
19934
3952
17620
9099
813
18340
3093
5492
4278
18048
9567
25403
18606
28659
5429
11886
31034
288
28031
9568
11058
25614
8821
5244
15908
27553
9918
8666
1436
3017
4825
26384
19362
25081
23485
23883
23685
8667
23740
20382
32727
14914
14509
18329
697
18016
22090
10270
14169
7993
31703
27248
3512
8535
19973
12685
10673
31423
13845
10174
6711
5413
29504
23148
5598
28764
23383
2101
24732
272
3751
5439
16081
26551
8991
6604
6534
5061
2741
16143
14322
10015
14597
24127
12867
11731
19515
5609
411
32262
15668
18826
20824
21550
23264
16221
30104
32641
5355
20594
11004
12972
22940
24320
941
19657
2813
1788
9629
11915
20284
15594
15888
28604
16465
20212
20058
2282
16097
31801
13802
17757
27746
5735
7559
4428
4225
24972
10202
30800
28096
9769
2861
26648
18788
10633
30834
2911
10894
80
29575
20763
5288
28503
184
29687
16642
20151
19334
5636
7101
8996
10918
17579
2025
24957
9549
30951
12010
4256
23979
26545
24352
15747
1205
14011
15815
30081
15144
26976
20507
15089
971
6619
8128
10237
10996
21176
32354
13234
18253
7305
11417
19795
14296
5082
26639
16883
17201
7015
9444
8258
15380
32396
30289
3752
20254
6140
27276
18320
24024
20662
24044
12295
2801
2869
2382
15493
23499
20199
20407
6154
4922
18401
3899
16749
10632
28369
31005
4849
1468
27956
13623
26650
23579
4553
21660
21951
22000
26949
22397
10335
26249
20296
19017
7353
29058
2960
15896
1686
9798
20333
8266
23018
13522
10100
13675
18971
16316
13688
15194
29601
12148
18102
30379
17359
19147
6736
12105
4848
14513
27645
24672
9366
20291
5886
8058
559
21509
25940
32488
25561
4459
24368
28515
7032
26015
11947
25843
13829
11902
27575
17168
18217
14051
25685
21511
4874
2345
13577
20384
2661
19179
17803
13566
19677
1550
32192
31686
9618
770
18152
24708
13814
6212
11545
20554
17116
4904
13548
14234
22482
7637
14710
14469
13489
18065
26234
3093
14706
3135
8924
4841
17475
5157
32601
22815
13786
27891
32118
4471
4106
769
17078
19380
25236
10713
3088
27206
31295
24309
30112
6951
1579
10698
27293
22531
10082
15621
20875
12699
7856
15636
18610
27243
3253
20456
1742
9354
30776
23033
13320
9939
3774
3211
20261
32066
21339
10544
29438
30880
12233
7823
4144
20835
7095
25187
28436
29136
20067
11463
3570
11106
11883
30896
12145
23407
29665
28091
11602
17161
12445
5929
25438
5667
13015
3111
18077
1524
30197
27987
31945
19105
5537
23421
2050
28694
30495
19370
23235
27188
7389
23647
26645
13362
22604
4124
1027
32573
19951
4390
10317
13410
32690
25225
29025
19886
20860
8798
26502
19092
15367
16714
26715
17294
8688
21319
17536
24839
31498
23975
26003
14713
18936
18006
4190
23251
4091
18527
5966
797
13064
4529
4391
19550
2590
28196
26615
20414
982
9143
21577
1000
6972
25627
6298
23218
3805
30582
4369
25088
3617
1121
27498
27621
20699
6450
6964
524
19743
23169
24124
10327
32596
31461
25929
12997
30857
24575
29961
12953
9997
6330
4940
16057
3385
2256
5232
6996
23185
28049
7452
1223
6924
8160
27698
8642
28847
14206
254
24742
2912
29579
29108
17458
21242
3145
1561
25439
30621
21028
27264
8328
23624
15855
3832
23502
4009
22129
1732
9403
18227
3872
31755
12070
4210
1068
3025
3926
11419
14271
7718
362
19048
13444
3741
16375
4642
14694
14592
11764
14335
21146
15938
22483
2223
991
5557
4081
9266
26628
15997
10800
23276
27051
9541
6882
24827
31054
4657
31978
19400
25727
13075
17181
3548
12916
5601
6383
25846
10690
10087
13899
28250
25449
2617
10946
21867
3857
23020
25576
20604
19603
11909
29435
24548
16059
29746
21958
848
15181
27448
18117
22878
15429
25645
22666
23911
30307
3175
24671
14235
14567
24244
29741
21332
31386
3147
32669
12196
14349
29187
13436
7728
1829
28099
23140
25666
983
10298
16793
29209
31281
9936
23857
9348
29082
14812
18552
17583
32090
6935
15250
14908
30301
20561
13154
9109
563
9826
20651
18561
2908
22628
12917
6902
3779
14111
20403
14895
25224
25797
5154
11261
23042
30944
17524
16482
27397
8328
28078
21340
14432
3801
25551
24831
9642
20900
5042
8134
22591
24165
11317
5419
18821
27509
25243
22645
20084
27009
22063
30674
14421
12603
22314
13221
29385
14671
5335
1057
17166
26777
30453
7447
3198
22677
9821
25612
15960
7191
2277
3215
20163
24124
13443
20170
26384
28064
7606
27734
9536
2001
1313
30548
5830
30980
26745
4025
20622
25607
31394
2793
18493
18039
26389
14728
21179
3379
25733
16268
27631
19728
23234
12951
11209
29647
8157
29317
3206
1356
4237
28736
26159
14583
2001
22236
17251
2952
31191
19168
29527
6383
13853
13281
32027
21130
5334
17494
22559
26011
5007
13223
3573
26105
9490
24199
10584
4358
14475
16772
5742
15584
15337
476
22602
18396
7559
30867
14261
7216
4364
29634
20270
7151
7056
8754
6191
2363
11008
23849
23986
16054
15555
17540
14324
19513
22429
24838
30073
19401
23764
16624
5456
710
29842
17106
13976
9062
6539
672
8515
16994
2015
7432
19482
21743
4930
15619
1025
19184
10330
10155
6269
6506
32104
14924
12659
18744
13867
3773
12851
24064
32514
14833
19892
10597
25424
22729
12321
24190
25380
24364
24981
31111
3098
23898
17956
20439
6524
12157
24346
23570
24493
19330
12679
6816
1736
8486
30203
2654
22660
16468
30094
9619
9563
14766
14371
26405
1259
28010
26606
12301
30108
15455
3636
8456
8067
20319
3410
15503
16006
26824
31745
25866
30657
29782
17880
2881
7721
18747
13587
8467
10863
21106
18834
9322
27176
4432
293
22126
10794
11868
29958
29433
24633
3168
28839
31819
6115
4544
26030
28416
9896
7179
24894
29247
27486
20944
26233
22579
7380
18099
21059
703
27574
9663
11336
109
31664
22014
2368
30120
30678
19783
25202
9772
17988
1368
1654
12986
7937
18213
1856
24336
2602
16495
18778
29720
2380
6039
6257
4704
28689
29109
25875
2250
12319
7909
4023
901
7229
24801
25854
10043
26295
32725
12088
27788
24324
8558
298
20412
12967
5684
7695
10408
13651
4379
8924
16127
29778
32084
21704
28334
6440
26217
14604
28828
24435
9865
23015
7064
8725
20257
23782
12688
17301
32684
20066
3331
30147
7883
17994
17080
9371
10648
18979
2993
2156
3383
