25553
16511
12212
25736
18467
15042
24452
15504
16351
12620
19183
21622
5117
25282
10583
27681
4755
31606
29203
26780
27476
4063
15636
16932
13655
6983
5833
6271
539
22212
19265
24975
8647
31849
27792
26150
31926
19133
6259
284
9778
23660
16695
21663
3200
10301
32214
27083
27166
15684
9572
28282
23624
3929
14761
1374
17088
26569
25872
23629
19663
20043
4032
31963
22407
32309
20488
2862
332
15343
14848
26382
5779
7848
21101
25404
15336
8777
10470
1797
31030
5543
23861
3606
2627
14589
5120
6802
6266
8345
7849
19810
16877
12245
23154
14541
4506
16457
2789
24904
19693
18751
13171
16527
14983
7015
13403
32500
17982
1229
11981
22263
9829
28935
29775
22296
26189
22963
1377
30185
31243
6945
25436
11367
16252
332
14752
2698
4231
8463
8686
31259
19106
20885
2067
9158
28568
23058
28871
10864
17289
10160
10196
12491
3122
8141
6523
23847
21870
25187
23315
20363
24317
4295
9971
15876
6021
27799
20370
11069
18646
25325
28141
27472
22898
22489
20265
27356
18253
17935
25978
27736
16337
1756
16451
12198
31013
22111
20351
14315
12463
26613
30303
9119
29400
7925
12596
19168
4111
16286
21136
6156
25360
11341
7080
20110
19558
755
13309
13304
1838
11975
17468
20307
15135
16952
14434
12978
28615
11558
27939
782
17687
9041
19597
12877
5410
18194
7657
8100
25378
27721
3298
4639
15292
1942
11241
16766
27269
7628
30167
24899
10436
18338
4820
25097
10618
7596
25720
23831
9887
8330
7473
24117
21423
29024
26341
32703
22885
28294
23768
3319
16070
2176
23759
7839
25442
25392
29558
26056
28375
5962
26623
6373
22934
10249
11020
14115
29418
288
11471
5629
2102
4340
24175
27914
4478
21256
25262
21530
1832
24248
12746
26498
17668
20011
13472
1716
7819
4483
6935
24851
2148
598
29116
17669
31533
19298
15018
25929
29559
30844
3501
2187
13074
17098
935
22325
10124
27954
28978
15241
6644
17682
13446
2029
3043
6962
6814
22405
26046
18679
8086
23815
23093
5593
3672
5067
8975
4374
17271
1826
31530
13224
5979
9193
31165
24181
13215
18526
13025
2247
22455
1586
16720
13051
20694
19167
7532
29053
10510
25147
25987
9204
20922
1869
31569
11449
19737
30560
6854
15502
6971
15191
19978
1677
28193
6976
25279
28766
26912
28716
17542
4781
28550
18493
24772
7643
18048
4352
30630
30452
3643
15357
32354
8418
22090
4493
30400
17888
20808
9708
24538
30001
27582
9359
9247
26897
19014
26040
10398
26860
29425
583
24962
7118
9703
22995
4056
24347
10573
16121
3225
30080
3180
15860
17636
8745
9743
12654
19339
1076
21036
6550
9169
18022
12999
26995
10610
30493
30740
15992
14820
7302
29660
13912
733
22800
31777
22300
6677
13345
24837
15730
16973
23303
31208
1352
400
28209
3537
8345
27833
11935
6927
4231
19509
8087
16928
13483
32266
28826
22481
9385
14616
17302
25255
18439
5535
9053
1918
8255
32514
15958
10608
30994
29387
14706
16632
29472
12526
12130
11863
7350
16722
12296
2871
3303
29325
21547
16271
13534
13808
14702
24006
23410
31939
31363
2587
30459
31441
30620
28996
22884
29224
802
4693
25218
27674
18090
24548
11428
903
29733
31851
26476
9311
5974
5613
21725
25698
7050
9437
7348
22826
22915
4667
27132
3948
16821
2304
1757
1915
30389
30396
27317
23309
27630
32638
28266
28738
23702
26868
6910
24034
12000
16595
18019
25830
6003
17017
29329
9019
4380
16338
8919
25538
31935
4472
7022
12187
32148
21022
16212
1187
25999
26926
87
21819
17952
10417
5488
13644
31005
624
27475
22664
13821
6232
836
17906
1862
11299
13356
25760
13384
12853
492
17855
29452
3012
32497
20441
30344
11324
27657
12115
11540
11746
2677
12346
17186
6583
21567
25919
15913
26271
3790
16383
17378
29634
27575
32392
25015
563
11222
4633
26745
29136
30878
25386
12369
17769
26541
5804
22777
12836
23715
14482
23083
15903
15669
28560
30810
12888
11133
7715
29089
25546
14996
5329
30457
6105
20835
14770
17838
2032
12214
18735
29972
18537
18834
5130
19574
5805
27849
24223
13647
21148
25803
17769
7612
10031
4287
19143
24370
9819
8147
29184
32108
23609
26576
2949
20904
7525
2545
5751
30227
5284
23029
23401
1410
21449
15219
9319
866
27609
26990
13879
32754
20589
23593
28382
19632
2648
16700
11623
21776
32138
14824
26335
28532
17972
21416
3236
14937
28973
28424
10208
22990
5013
2234
20048
10539
1464
6375
21578
13567
17716
31939
24574
4426
16991
7780
16892
24557
7395
20180
14070
7006
5035
1637
30407
31136
11267
32580
13493
31603
21498
24145
29939
31688
1035
24110
23402
21367
9213
12438
22458
25908
14088
2545
21115
9664
4921
2853
16328
29788
10264
32174
15102
22403
6279
5617
4033
29144
11245
12237
21568
17246
23188
14708
30906
2791
31056
16505
28738
23503
18530
21802
22207
15337
27035
14367
14390
23994
453
1555
23884
19173
2366
22003
16646
4839
4070
32053
5076
20996
30779
28267
28622
9345
28099
26136
8765
23060
6827
22978
11869
32153
24749
23880
28001
1286
6455
29302
28600
15777
8393
30423
911
18545
12702
9162
1175
15090
20880
21720
22792
14349
22326
2117
16358
5446
19023
19941
21635
24632
9059
6193
27461
22590
11943
9114
11177
12404
5666
26654
2952
11742
22286
18712
3993
30182
9857
30556
30008
8460
2380
14723
10597
26073
8995
3716
12560
28692
255
24197
26260
14393
25281
11760
12417
28455
18456
1736
5534
21017
17572
3134
21038
31447
24412
27775
21107
46
301
9425
13937
31389
14051
19422
17140
16721
19021
22095
25556
29524
30364
2461
9080
8449
15373
4388
15257
10683
5832
27002
9032
8670
7431
5630
15923
21750
18554
21684
4388
14383
28395
17488
8138
24845
11806
12432
22460
21597
20219
30927
11451
16748
25582
17624
18999
32118
9871
31736
32277
21345
22654
12887
16560
31659
11153
135
32286
20642
30002
31070
1204
4819
12546
12801
15564
20932
5827
4162
3525
19686
18292
21292
5196
24773
21949
2523
3546
21634
11662
27794
7550
7043
7940
19463
19933
24425
4236
2817
29815
26178
7242
22053
23084
10496
7356
3597
19710
11819
27802
6043
32536
31954
24065
1677
22288
15303
11473
22097
5481
20748
28756
9498
29532
5512
20512
9523
7895
28926
62
14484
14279
29248
18571
27315
12947
14240
7007
15516
17384
15272
32621
30532
14780
23051
20714
30746
25997
8410
7666
11232
31722
16891
8743
11193
3381
14552
9627
12419
31655
30804
17136
20582
4756
13571
22717
15021
8945
8090
10804
26069
18707
9124
29442
25572
16313
32375
29303
20733
25677
16999
12775
4144
20583
6713
2640
19094
11411
24795
11580
25758
8276
24914
13545
23970
873
21235
32680
19902
13390
26070
23171
30177
14342
29576
16162
5668
1816
10240
10480
32347
11224
14036
17785
3306
5607
28845
1046
4059
18173
19705
18637
15405
15590
15327
18035
12142
15563
21624
17427
12172
25523
13116
20884
7400
8265
7354
12181
19116
31200
14477
28316
12639
18612
30859
2416
12214
17267
63
32451
19885
1532
8346
11796
13783
30054
15333
31700
22770
9540
9722
200
28607
8743
21684
18606
20241
17765
29860
25635
16931
30233
13829
20932
24366
31595
26098
660
2619
17426
10199
32158
6710
18199
25382
26331
21573
25051
14667
27989
12632
22363
6113
25741
8704
21683
15142
3354
17540
7905
13484
20628
16690
19916
19026
29872
16627
14469
16755
2476
12834
30412
27229
6126
20382
7126
5
20712
7710
3661
12281
18238
21445
8601
24213
29227
24055
21598
31610
33
31082
22597
31292
15535
4224
18176
17243
3496
21460
10376
12661
19330
16658
11945
28345
30972
3085
18881
18079
7683
7691
31429
16342
18903
8035
1668
4734
106
16203
28208
20120
5897
11755
20762
18107
17469
31926
7101
4872
26356
22777
10238
16480
18652
21684
12978
32724
24592
12714
19041
27228
21494
25268
6985
11468
18791
14170
15526
12293
14865
26020
25393
4456
23322
26158
7399
32657
22278
22139
31243
20289
24283
21899
18286
23707
22147
3760
15854
3220
8305
26269
19261
677
19592
32448
22500
24258
11832
722
11911
6032
7658
29868
26730
17619
27038
27228
820
28197
14546
29304
1011
12782
26534
4786
19297
22672
7487
5293
32614
10210
8553
5391
11741
2784
13696
2264
3227
24993
29840
11506
31405
3465
32443
5128
9954
3519
29659
18076
32650
16353
361
10580
20348
6391
1950
7573
11358
27302
6615
4179
6688
2215
24126
27432
1994
25207
4263
7075
2424
25935
11448
9442
29602
14934
845
28515
15265
13590
16154
19223
16751
1580
7315
22456
26287
1604
22792
18269
5869
11589
7445
12108
9510
2505
26169
23311
8843
19664
13253
21962
4738
15797
31480
7627
8174
10849
9832
13923
14256
10174
9379
3060
11374
13934
18967
24140
18322
8126
2607
9521
27542
7893
19391
9021
11136
10802
23714
6893
31656
29013
18594
23028
24513
25275
6039
3797
14871
19984
14035
7344
8214
30369
4542
24924
22540
10768
7614
8631
25648
12107
23898
4154
16098
8638
7838
8657
11316
3272
30913
9449
17578
23404
19717
20170
7486
28746
20191
13095
12455
31181
22360
23027
28123
22181
1971
26487
4051
7800
32592
2722
8846
8916
10448
9632
22872
31849
25210
25774
6732
30837
1501
14124
25368
31359
4791
24307
27392
9800
278
2538
9766
26111
32445
10708
3592
8372
7113
32364
21322
13583
10901
1460
23734
3138
22234
18058
14209
22844
14363
10620
23759
22559
25408
21469
28794
8693
16257
14616
23823
26783
8837
22085
28954
12045
30667
19450
24996
20917
30538
19044
22009
29501
12116
918
24751
8571
26048
6176
2531
18080
5192
12772
20166
15024
1072
16677
14937
2358
19753
4065
31604
16181
15220
8033
7181
21857
24906
1038
15799
2703
22396
13190
32617
17003
29015
30959
28801
15465
26570
908
13576
14078
16331
17293
16184
21263
28662
2348
16955
19370
2423
6645
16950
22004
26667
12389
25990
15714
11778
6583
27466
4140
3496
26107
27425
28671
10340
24168
16949
23283
832
13811
20856
188
22378
10273
28973
30756
16858
31257
15787
26809
5685
4605
8541
31938
22769
6266
16398
12152
9403
22686
10083
19315
32533
20970
26793
11619
24644
12457
32721
7936
29289
8320
11193
24132
19438
11589
7086
9431
10531
9748
5678
17355
26921
13984
31986
10121
21008
10952
21036
22539
24636
4203
8973
18764
9485
11132
31626
4093
30911
28761
18272
20090
910
30808
17493
28156
25118
9379
27073
30736
26907
25415
26958
9288
19484
19079
11516
28208
11214
32374
30312
18307
20302
5317
845
15007
3286
27353
23371
4407
9628
8736
10983
21320
6391
13990
20436
12878
12996
25571
31345
13495
22792
19416
2194
13720
23767
5210
32131
3231
21108
28333
15178
29257
13497
15700
24877
29780
22457
19496
29556
3704
28325
20136
12400
15186
10476
6288
14012
4513
10918
17581
24771
16820
25651
15855
31106
1827
3359
24256
11920
25278
17993
6804
25435
12483
10053
26049
18868
28500
15102
20370
25486
18727
12192
662
20994
14464
15797
7998
5527
22108
2702
9383
9153
10735
2532
23477
30119
3153
8895
30817
29737
29813
7063
25940
25890
16218
4537
28084
15850
18565
32749
14654
32544
26286
6230
20117
32166
8378
30105
4057
15596
12009
26434
25980
15986
7249
23907
2897
27272
7307
14205
13286
30297
27052
31396
30228
27431
15990
13023
14548
13016
16592
974
4436
19890
28788
11407
18251
5475
28136
737
29577
12612
11695
10634
27858
8158
27584
1527
30444
31150
29495
14627
26615
20773
3659
8122
14333
21491
12928
7549
11978
4485
15645
14312
9214
2764
21473
17426
1376
28481
15858
11222
6005
11046
18710
3632
9298
11022
3877
16105
3246
30879
12223
26999
28475
5271
21050
23327
23095
12813
990
14428
15165
14074
18005
8580
354
9719
25181
2729
9597
21832
21184
19133
3270
5914
23430
9722
31139
14089
8553
22401
32446
28901
21897
24130
10331
17590
18785
4379
20457
19453
32506
15940
19926
29757
2398
23018
32168
17082
20816
26
18506
1409
4666
19937
10403
5544
9063
21938
24173
3799
24946
13063
17221
8200
19455
331
30206
22922
11176
14840
20539
7244
21563
15869
23101
3672
22306
3682
12537
14494
14882
30766
4718
12787
1609
14217
1077
31577
17185
22046
18522
29057
12842
18627
5226
30606
24199
4188
16077
16156
21752
25084
22102
20865
6152
6734
22553
15954
9352
52
30589
4906
6715
6829
11410
166
23763
7676
31908
20660
16668
13319
12560
4622
6776
9213
28758
7425
15499
7483
28016
21875
17719
10609
8546
20004
17099
2560
17171
12596
2679
1191
29019
4582
21252
25439
17245
2979
26561
11139
13079
21058
1985
20532
5687
6022
17731
25596
6448
27112
31090
3505
28814
28823
8271
17565
13446
10430
12523
6107
6866
2053
17881
1284
700
10330
10723
8716
1912
24817
7420
7782
3254
28809
25974
24431
31096
7410
373
15369
5409
27596
3236
7046
15055
22673
11814
31689
22251
11222
8912
8871
25343
22477
14229
32403
21447
32271
18497
31355
11658
664
5739
18669
12970
20499
3236
27262
24699
12633
16885
29548
11857
25652
20873
21634
17117
18792
23206
11068
5049
22004
15586
23852
9025
10645
25747
668
20645
28300
15239
25717
28220
26273
4597
4448
4635
18792
5044
20010
21735
22467
7595
25965
29415
18600
1929
6765
861
29476
13750
17216
14871
22944
1929
20018
26433
31332
30139
13927
10621
2393
29979
11202
1590
30483
29060
29190
23600
26894
29964
15163
25700
1848
20351
340
13580
17072
21004
8974
31482
31182
29501
18459
23853
7523
28461
20608
16038
15170
14325
21308
21112
4607
19047
28714
13855
4598
15103
31016
1554
28559
3862
13945
8348
10945
13913
19048
2791
12245
14458
30766
11354
30061
27429
21014
21540
15300
17462
4831
15641
20791
7209
9826
958
5
29905
9589
17055
2387
6221
18702
18665
20851
9273
6316
7988
8549
21793
22514
20129
8606
9787
30613
7717
29193
6485
3449
14884
844
15116
6167
31298
5452
14143
4386
14710
32499
4547
4970
29792
9009
22360
6144
8668
14144
23260
3739
31191
15917
21183
21818
7777
23956
27319
21259
23300
28587
7605
14988
28244
30337
27671
14064
4552
21640
16927
2244
13256
28242
8868
21970
6151
6552
27143
12358
21011
32128
15721
6415
20011
18463
31259
392
23632
23869
14678
4184
29086
25177
15405
11671
5085
19437
21439
6706
9044
20468
6577
5776
30429
25000
3292
23669
32319
6800
26178
28711
24247
13498
14919
3280
15832
31302
14878
12324
11926
20004
10625
2371
29853
12829
23717
20193
4583
28184
21101
16548
21133
15510
16094
22477
19165
8320
6611
27419
31662
18466
1521
18924
4336
8567
9182
4774
28295
935
9646
18517
32602
4558
13982
27542
31398
15103
2821
6835
5017
31625
11399
32015
18204
17272
22156
32197
15344
9823
30448
6540
26876
14421
9981
17374
30181
15422
12438
10073
2528
1868
29620
17765
31940
15813
16407
14615
7780
19718
30517
8533
2075
18120
2679
30267
11432
418
10660
19902
6716
8911
13725
21391
8914
30002
19276
30786
24255
12695
31447
7088
15754
7228
32537
13978
6397
7056
2386
18319
32380
11322
29981
1807
8854
22109
30883
9968
13018
2074
9487
8449
31212
31063
19266
22766
2520
31935
6343
5475
24741
25098
265
5236
15150
19839
18115
16189
2605
10423
14777
16581
15769
4259
31910
1065
23090
25809
26485
24054
3418
23530
22963
25814
13094
16768
4421
15727
693
16646
22870
23944
21696
25120
9620
2669
14451
6686
28060
5781
19067
5826
23730
8835
609
9802
10678
25834
27158
24746
11091
15892
29647
30234
31866
6788
25106
18128
17679
26843
30225
10255
31458
9976
22584
31328
12000
19043
28418
29984
14987
2028
6160
19258
24999
16015
30588
3382
15414
2459
20843
27763
31911
15892
8673
17328
26187
22357
26330
2257
2056
5881
20630
3040
3921
23548
19508
10067
18261
29982
7298
17805
6263
29320
29972
24487
7167
15026
19347
22895
6159
26244
21336
24241
30680
10428
22329
9654
5133
17551
26019
15115
24472
22419
746
14979
19597
31452
21980
6527
32092
32613
668
26221
5706
18866
10158
8591
17186
4276
12622
4862
17703
1005
30470
16878
7502
7381
22399
28979
9898
8059
18072
17669
13608
3695
437
30208
3196
5600
24153
13678
17243
12802
26360
9929
26347
5298
14854
4732
29304
3677
24404
13802
28520
32286
1948
21681
20849
3366
27227
28464
25353
14689
13790
16967
22046
29527
17824
29789
19720
21328
4819
5032
28604
10683
4925
18856
24898
28368
31301
26613
10601
21877
4174
12859
26297
1374
5187
2435
23721
16505
23411
23732
12818
30601
9120
601
29668
4624
19282
24484
12312
28019
25713
179
15589
22361
21779
1555
55
1876
31379
2947
19293
23491
739
27642
7937
24055
28707
1771
27486
20884
31346
27335
8365
21306
17412
2244
9184
19045
4980
21981
31635
12946
2140
32025
18752
32676
32292
1809
25266
8581
4375
6828
8124
27408
31164
15150
12330
24623
12899
10097
3576
12096
6910
15985
24514
22974
3890
3343
24444
20509
8878
26894
6499
1269
30652
15714
5939
15203
25621
27562
19355
5293
22522
26363
20974
8484
15232
27615
22043
30799
13868
31133
14559
7237
5311
28859
17465
11355
16723
31426
1055
11007
423
8001
5999
23268
28600
10772
3368
30560
24721
18150
8666
19474
11619
30197
29019
28615
4824
15893
28860
9886
6821
16376
17531
12139
17247
3756
18170
90
23183
29029
21296
14037
15624
29309
10143
16039
29048
24505
30086
29793
20798
8142
28759
18172
13179
292
29035
7361
20076
26073
1013
32614
17143
28937
27957
21370
1667
6477
1262
7939
7949
17537
29209
9061
25976
20683
8155
20101
16933
11992
32437
18223
6084
29033
26107
6325
20586
30223
10631
16857
16611
2866
14254
10989
22089
14168
21363
18233
16853
1444
16123
26013
5878
31645
27201
29816
4000
7218
31243
15560
27367
7162
15133
22674
6604
10944
21932
26756
11863
30270
21781
19673
16614
18985
22479
25981
16324
29038
31646
7537
23805
15548
23050
17778
3697
21058
10512
469
21544
10938
21527
20406
14565
24486
8486
25937
16638
11993
13907
29104
15210
22330
4991
32647
10524
12997
21568
32604
11919
12754
19999
15594
17315
7066
24324
17352
5543
14327
32750
30534
20407
18027
28647
24984
15688
26212
2872
32310
31489
21694
8921
898
10701
8842
26667
28587
22574
18702
16617
23762
5588
16140
5980
24684
25966
29512
31439
31208
192
20548
9283
21649
8949
11598
13156
24757
19767
20668
14267
2055
14718
26487
23076
322
28581
5558
14979
1807
12483
1292
21939
30249
11448
5029
1983
5823
13830
2253
32341
5402
26595
29361
12151
28031
29324
4458
10356
20311
475
29495
18711
15245
29212
9738
16158
25144
18205
8775
21997
890
6532
21192
28292
22439
28261
24100
13231
17066
11540
5425
24188
22181
10040
10951
7922
27096
26401
6343
32000
17348
14428
22108
17844
9616
7812
17281
22702
12715
11866
28100
27091
30387
32024
4681
2886
8598
6659
273
5012
6903
17984
17788
13358
5075
24296
14349
21533
17764
11615
23918
753
26693
4577
14004
6138
9944
15453
26339
20923
3813
26503
20917
2460
18051
18985
6039
20447
2108
12985
4853
981
10860
305
15031
15442
13802
29467
3596
5214
20458
30187
28006
12333
31522
29586
1222
3666
29740
19792
11065
31023
11564
30922
23458
11440
11442
29532
10939
1081
21474
32688
24151
17628
20434
24976
2538
22480
14899
3064
21578
2334
11572
30064
19127
7838
20131
1688
25882
23330
5717
22277
8074
16881
21449
11339
19732
11895
14088
28507
1980
5178
24783
3088
25023
31504
15856
28420
15387
2960
12790
5544
26193
16326
21768
25748
27498
3115
18704
14363
12344
5331
27164
25379
18142
17129
24068
4147
7059
20057
18253
14542
24226
4044
8013
9984
20405
11993
31632
13622
20052
121
17019
16467
21417
10684
4911
32767
14726
23227
25776
14658
29353
13774
8263
32595
6206
14079
15140
30378
28837
12222
4936
20060
21366
10966
5026
25512
3778
19615
25464
17357
12700
885
9481
31
24536
7274
1905
2138
4883
4152
12236
32566
27892
7290
15774
15676
32432
32027
28275
30167
10708
23054
9410
12974
32319
15679
22039
6449
14701
9418
9329
11890
19196
1388
9961
3383
616
20790
9621
16973
18970
22153
19628
17183
5025
2878
6891
12935
22847
6181
3895
26595
22695
14513
22915
27756
27397
17137
4852
25283
7743
27586
16707
3277
29562
6980
10596
25537
26337
25994
13669
30335
9377
31638
29080
548
3896
10372
25844
30939
31472
12037
18617
27382
17062
6927
25427
1597
6608
23507
2689
8069
16319
14832
4278
31365
30753
32230
8640
17382
27849
23245
21159
29081
23731
28999
26840
32109
15426
32435
7298
11745
10957
3235
23105
24886
24922
13456
18426
3785
32425
19405
4358
29344
21621
3002
15762
5955
6646
2618
6469
12749
10154
5735
27940
1090
8277
19844
4275
14883
11079
31794
5725
29504
9181
8167
5910
28878
25162
7325
24895
6329
407
31431
3786
17212
18153
16777
18078
1710
3587
16680
11581
30111
24331
25024
18596
803
4497
18997
23411
366
8397
29547
31565
28321
5416
31674
26242
996
9983
20124
23787
15029
32419
29865
22
15487
13732
8134
32419
28783
32079
18329
3822
7043
3701
27200
31983
18148
18030
17730
20318
24693
5470
6853
18458
18860
8631
22274
17355
18593
17663
10743
15558
3940
17876
26971
30002
19860
29485
20183
3177
45
1250
26227
929
29602
25967
16719
30156
11308
18677
16531
1725
10337
13697
3240
19851
12808
24721
3241
15930
12588
1492
29204
22168
13679
6962
11462
4710
10657
1548
23334
27320
26001
13765
2720
25759
4643
18305
23637
29444
5027
5932
25104
12247
28249
25023
18300
12394
22878
23742
7061
30999
29614
26373
20061
21545
20349
14021
14032
4090
18383
10442
13593
26712
21571
5375
17670
7981
20271
19507
5306
2143
25074
8989
29602
3318
2950
11934
11690
27005
30037
5447
9904
11178
2638
6683
19000
13121
1079
17558
9058
14901
25413
18926
12570
10256
1002
7064
19087
13462
18158
16142
10214
7589
32705
21200
25391
29792
7440
25768
1432
17805
16278
32051
29920
8506
13109
1181
21775
17831
32325
25772
12901
29024
31532
3072
1936
8362
12334
13977
29730
14880
22919
8089
14145
28318
22967
75
17056
20574
1054
101
31151
25953
30152
31626
28943
14609
28810
16403
16969
12580
27726
11023
18367
10691
21163
17800
21731
7404
6329
18185
16038
22805
11043
8540
18484
2834
24701
31128
18398
7992
26072
12892
6231
15811
22932
27477
10788
26229
2166
6662
18766
28544
250
8136
27482
27558
28907
271
6522
15263
304
8688
19205
20155
9193
11232
17445
22216
2235
191
19664
29494
11111
24341
21497
6009
12450
7067
21255
12463
1313
5117
1414
20099
29427
16094
18716
21329
8467
32028
14783
28555
12606
4182
24102
27739
28674
23212
30845
2441
19224
19398
20317
29344
499
7960
763
3916
17561
20324
17056
13063
13490
25472
30297
28660
31966
30809
12527
4363
29260
11320
32281
32631
29833
20292
24817
5948
32661
32073
5797
12061
9276
1207
29039
22461
23203
16110
24519
5636
25378
15800
29655
7364
10577
29207
32559
18845
23910
12354
5818
26910
14270
13546
4848
1580
6841
4033
24654
18600
1739
5949
13315
10060
5328
18841
30957
28886
27296
16158
2243
28777
24036
4512
1428
12592
14632
23883
26480
9540
22321
16032
4709
13264
2192
29114
2221
29299
30583
30422
3365
3557
32204
24594
18945
9694
8572
11381
20414
8243
11026
21552
89
14146
2696
27171
15039
18321
32348
30371
23172
8370
12519
28539
24535
23914
16363
28976
21430
1810
25195
7562
15454
2108
8383
17231
13830
12954
21223
13138
972
23580
22816
26284
11504
22361
17077
23114
31296
19248
22296
17320
26579
11695
13617
731
24314
26163
31990
30165
19572
23249
14140
4325
26337
27893
28620
24701
14713
10569
13754
22584
18174
11993
30194
4891
22767
4468
25620
26908
20223
15189
25986
32224
710
4611
12983
11465
5045
25205
8922
30256
12111
22650
21906
20975
10646
1368
12061
2851
31172
14771
23196
2352
28476
14001
18097
10757
12992
31324
20556
4513
26596
11080
4034
4821
707
26485
31776
5452
9712
31350
22718
7370
7344
16083
8471
21937
17766
11949
26327
19145
78
26528
22070
10304
30318
9710
21637
12272
19658
31449
27910
17121
6104
16976
1
9231
9011
7118
26644
22637
24979
27264
2507
18473
6397
8358
369
1330
7991
23099
25381
23288
14975
2776
16688
2931
31356
17110
27797
23910
7541
20403
9194
24549
21953
15286
9319
1813
895
28886
20797
1587
13959
729
25896
2775
3232
25785
25160
15738
16371
3403
13357
11062
31167
20258
14385
31950
15695
26546
8202
7918
32553
2481
25247
16308
15497
26307
12059
17774
9997
31829
5696
8870
14514
10185
24063
11100
17407
17876
13125
20370
21632
24869
11799
24334
29558
13384
23521
14939
9421
713
17419
5393
12366
3484
6862
11606
2838
9916
5702
7333
30023
10259
6600
9678
8189
20890
11125
9278
28548
21185
26639
129
11720
785
26892
19973
16652
3600
20713
30241
15071
5733
29121
5205
21324
5180
16926
26580
9298
29420
5135
32319
14740
12759
17019
31668
18512
3218
18612
9223
9109
28231
30799
2383
16561
13399
16692
933
24553
1091
16369
22056
11630
14540
1620
9541
28300
10841
21048
8757
3875
22170
9887
4038
9051
11115
31489
1119
12692
30971
29924
3390
22684
20269
24493
5893
9765
19006
22198
16245
12662
4777
21920
29817
20064
5191
8939
1126
27764
12475
18627
897
30323
28941
4125
10946
17926
31381
12803
5079
32687
19227
13100
30316
27392
60
7632
19114
6923
11791
3514
29949
31513
2313
17055
24347
5023
26398
11438
8770
7021
23593
10088
9920
10537
30094
22194
23737
6396
22814
23081
29221
31371
19259
19125
10776
6953
24636
13921
14662
74
23827
3690
19398
26171
2860
15253
6166
5905
921
19654
9056
11744
13677
29647
6907
6701
11109
17542
26421
30629
21710
27162
23376
3599
21922
18087
9930
3455
8693
12551
27618
23244
26767
17644
8023
69
4315
31019
5491
5792
20480
28763
24648
14899
6477
14239
25402
24679
28122
26560
16317
8553
20332
23679
32608
18978
23194
30249
7947
19050
19502
6507
24452
21368
30158
24936
32568
15005
26076
14345
16697
29747
18074
18580
25987
15056
14482
129
30339
14015
11317
4745
4058
14768
32450
12287
606
25262
24169
27747
31073
15954
14769
32565
1335
14134
15895
22535
12018
27309
10743
14550
31088
13745
30128
19098
29592
3613
6148
24604
16352
31773
27069
23304
13586
18402
27798
26435
31825
12186
31064
126
20567
14751
6468
30220
16896
30446
3761
24816
9740
18908
20726
16443
4128
1284
32650
12181
32527
30340
4202
27673
7768
13161
15803
7014
16624
14183
30385
2290
31041
11470
22447
19874
29298
28857
28080
5528
28393
10120
18661
30797
4110
30097
8863
5855
19282
12307
6768
29868
12401
6763
20109
15903
25843
907
21367
29130
30969
22439
20187
8117
31030
31281
14774
13046
25148
31752
3516
31106
22777
493
25083
24131
19585
28470
15036
2411
25870
10438
4266
23303
25668
1084
21302
29655
23226
14187
27193
16477
22199
23563
31451
14900
28729
23469
29621
21411
22076
22517
9266
16754
16696
25347
25403
5884
28396
7218
2323
26758
2906
1285
16511
26575
11027
8798
29483
12008
15028
15857
21833
11590
1969
23545
21627
27414
18001
14633
28147
5840
14586
25830
12248
4367
23727
19379
27116
27296
16087
17901
20845
2265
24640
32440
7225
25644
18787
18233
22325
5372
13290
10758
31726
8878
28015
21210
2433
18692
22407
7822
9401
10150
10495
26436
888
4098
21605
24806
10072
25942
14282
6607
11153
17163
31175
29639
10782
23877
14270
10549
31771
20408
26978
12944
22898
20157
7546
8215
7094
28325
29666
15298
10319
30029
30930
1912
17880
27122
17762
27522
24773
22343
2382
10560
841
29637
25079
26138
1143
9283
8875
25274
12967
3270
29222
12920
32027
9114
24921
1814
24802
31394
24426
25774
7421
13036
12027
20968
29121
20104
16559
22640
28540
21659
5866
27048
6235
31663
5849
31642
22923
20045
27315
29232
8095
32206
22846
10407
2610
22382
13972
12097
717
4002
21031
4410
15115
22444
1539
14078
22010
29036
19283
14489
16581
13689
30759
13423
32400
16240
2676
32301
27556
13452
9308
14847
15308
22647
7600
14340
14334
25696
20148
9215
32574
21582
30754
23887
20160
7860
27761
2849
5453
2629
24150
16612
21991
5641
30860
18173
7600
10161
8913
23484
4360
29736
6193
143
21494
22122
12934
10102
20937
2201
3904
21687
10239
29518
29026
2259
14437
1837
1229
1720
9856
21692
26305
19000
17452
22133
6049
17082
12675
8473
14838
9776
13312
28232
17079
28745
2276
13647
32456
25063
14041
17985
4544
5331
8918
6985
20975
30640
27714
21566
9632
17965
21596
4216
17819
20863
13530
6882
2286
11535
18896
7249
7661
4975
21204
18452
21624
6035
20320
14029
23932
30270
23160
25471
9148
7098
27020
32487
8658
12748
29343
3344
22896
18919
15785
290
20460
30624
25914
19322
13308
28514
19041
3584
4286
32099
32716
27317
12795
26838
28720
8332
7596
5987
17388
27259
18109
1236
18921
21713
23826
25361
26564
31946
24264
30286
21807
28257
20157
387
9876
5221
13394
22300
27388
28367
18543
25074
24880
851
29640
14971
2077
15413
607
7229
3709
10590
12362
20361
26036
22447
29623
23397
31736
12949
10285
5066
25013
9182
32533
22544
24112
26059
22904
5542
14186
15206
28426
25350
12615
789
26216
18152
2031
22384
17054
32694
26997
12880
18924
24385
12983
17960
18890
3762
29573
409
23593
20163
32261
28992
4604
2095
1365
29651
9975
16486
3955
29804
8854
18054
15962
7972
2658
11399
13422
17380
2416
24757
6170
23416
12586
31588
31416
25317
14161
5343
9905
253
21827
14241
6373
10800
11386
17096
10573
13989
21590
20678
9950
7818
29980
30298
27313
20648
5182
28095
9826
22330
30173
547
29110
16127
14220
20314
23424
29838
2135
10708
453
3050
8708
17100
29982
9814
26520
23747
27486
27242
19741
9261
1397
16999
27811
106
11412
21704
27781
28919
19090
27417
6893
19174
24975
15116
25242
27275
18135
17866
31969
11641
1288
16775
1266
18605
10616
16729
20573
20232
209
3914
12501
31747
1790
27820
819
5790
3659
11436
12222
153
25031
23850
32681
17895
26349
29128
27613
16480
644
9537
18681
9142
17604
1277
29847
1450
8378
23266
26578
13951
13038
26988
21253
32175
23362
11776
9940
3806
11805
7549
11889
19212
201
3861
7960
8718
5402
18779
16604
10303
10321
26012
5286
13427
26943
32115
7035
6700
6574
22168
8957
21521
24316
249
15157
12955
1545
6924
14735
25362
15956
12387
27942
25272
4192
26241
26690
12868
4957
27628
799
23953
9732
23939
31729
11160
11971
5650
22564
2716
10010
7204
27368
3236
30277
8728
9453
2094
24347
19575
4459
12578
1334
12933
9318
15877
19796
19734
15920
28015
7421
18339
2095
32703
15718
26525
3808
30989
26006
32257
15644
16224
12231
5933
7323
26913
32271
23794
32694
20432
4671
24298
30833
15094
23820
13580
16568
14171
18540
12413
30697
28280
323
3753
22931
4655
1087
25235
20862
12474
29184
10345
4331
1250
28285
14172
2332
5745
4003
1455
28439
16105
7999
29453
11432
26230
13341
3359
25253
3362
26225
606
24693
29768
9079
14118
13523
31819
25687
12556
15312
2695
19531
19570
19991
2952
29187
28761
30069
25978
22601
13430
19097
28385
23009
11655
24600
15755
3251
21479
24244
25026
24620
14432
14045
25030
31457
31553
2936
2426
7029
14769
14816
25181
189
25923
9002
26556
7459
14795
6830
19238
6472
17775
7618
23841
27118
14081
14537
28187
32020
26252
15725
15267
16994
19500
11816
15833
4808
22819
777
26915
15203
26410
11189
14370
12192
12805
29356
4581
9891
3930
9677
24668
10218
22723
10269
27407
19245
15394
20676
18959
12169
26165
15192
1325
28126
15210
27998
13163
2678
4852
29966
11952
10727
10270
25943
12224
3386
13791
21283
26218
6476
28847
14300
25092
28021
21146
23855
24084
19816
28051
13840
18256
25178
14346
18686
3273
5991
1985
3976
4451
5425
11995
28432
20872
8394
28470
11983
4381
25044
14330
3865
9653
21478
24946
26082
12549
26418
23323
25730
24473
5221
32763
27317
32709
26575
1332
2790
1245
18372
14041
9133
19112
31298
30464
12950
11539
11731
13081
17444
18467
2485
17278
9493
29741
2361
26955
14568
21065
9833
24175
6557
32004
6125
11267
25788
12629
9776
15067
22936
979
23486
21083
11477
30244
5361
31116
13608
185
13004
28271
21854
25784
29991
10130
18336
23098
16396
5088
11765
28343
20578
3261
3080
10174
9160
11859
3628
15850
6084
2598
16797
1041
1053
26607
8712
20158
21637
2215
8270
28642
25979
8162
1670
6854
10352
30558
23873
17476
21289
28892
13841
21303
7780
23086
32588
13616
22462
18322
17677
11115
19156
26686
892
25601
17833
2364
28239
13150
15432
14968
20881
502
20394
18968
28578
16948
15321
2571
128
691
29014
5093
13892
28849
23992
32490
27376
24257
10135
15464
23399
9151
25000
3659
5053
26121
31017
19435
28849
9964
25472
26920
23160
8797
20255
29625
7357
22250
23466
31425
32741
18928
7516
5283
1943
23565
28583
30488
31356
16856
23322
21887
5955
29904
4744
31092
6889
12435
19303
18851
31799
20561
30070
13022
140
8319
5539
10094
3548
30928
18475
10407
24057
12897
11779
3776
30481
20019
18807
737
3448
24543
3601
24444
12968
4229
10172
27361
30087
19974
15657
8205
22504
31347
12658
31171
15699
12229
10493
29663
14089
27598
21924
14054
20803
14447
19986
8673
17851
9228
29808
9836
14189
7741
12354
11018
23455
3270
32651
26555
13343
11466
9016
28881
16076
5179
27323
25599
15959
26517
25335
27571
75
6092
27740
3237
17483
15490
31827
29104
10395
24190
3548
10722
16355
18010
1397
3279
13359
9083
3135
14634
6969
8007
9820
24982
24555
12433
2203
23481
25888
17240
29015
9618
17835
2226
2204
21773
21914
771
2956
9685
18620
8818
18177
6506
8800
1438
9588
23923
21088
12940
21534
27733
9054
23525
17244
7172
24142
1630
1624
3866
18228
8823
21990
15398
22319
28264
15020
32582
22455
13400
8838
27128
17187
14545
25897
17709
3694
28017
31750
31135
16442
15330
29041
21093
30997
32012
19202
19908
20732
28808
29499
28745
11805
18520
26220
19988
30945
7382
9940
15991
20778
23787
15369
28096
10458
3713
16794
16722
26516
29499
18674
16891
31686
25955
4735
129
31975
292
25108
10366
17149
28153
29324
13678
5987
23653
19633
32263
25289
3045
1372
2505
31868
27939
9949
25813
32488
13420
18844
26114
17755
28772
8193
6958
30475
30968
31122
20434
17243
19093
347
25049
13146
8599
15251
22707
13452
27141
1660
29349
16622
22395
8843
7267
18484
14695
1481
1760
15957
24440
32377
20325
29513
8788
26875
28129
6161
25738
31984
23936
5369
8135
30111
13182
5402
21068
6552
6206
27426
24735
26006
22166
13144
16257
24234
30061
22234
31265
20374
3977
21545
26767
30071
23970
28904
10867
24488
9915
14561
14847
1762
2738
28233
11042
24488
23317
20293
27391
27618
30263
21677
5021
4040
22659
19983
10208
11777
22545
32503
19384
20236
15991
8557
19608
22496
13538
29120
3626
5071
13925
10114
12097
5552
31888
32724
31503
13373
6725
15588
31384
9658
14535
16051
14950
32472
11028
6428
6270
6360
19317
19218
11924
8947
22355
31529
11387
25338
15692
23895
14047
26938
4486
9724
7734
15266
7235
11809
500
15400
14006
11517
13310
20072
27158
10942
28770
142
1264
4230
15685
15223
6849
31155
1821
15891
8644
10851
19744
26638
8969
20279
29179
6063
12487
27224
1224
7936
5875
4536
5690
5167
31249
25243
28187
308
22603
20053
13561
14004
8384
9301
26140
17957
21790
32098
7611
26420
26995
27685
5999
19555
22080
5864
28903
10999
4304
7837
1246
31249
24007
30498
29258
11547
12798
5315
9174
28005
5518
4865
27539
5904
15659
14481
1770
32044
19892
31912
7894
14621
32263
29046
6224
2371
2842
14320
18698
730
12872
24787
25695
6942
9704
24294
13450
19379
12324
28287
29719
22085
30729
5704
23448
27500
7386
9539
14233
14546
7082
21004
6870
8855
13097
24415
171
11252
14783
27097
29643
21279
6615
17155
3381
25711
26750
32140
24420
2241
18988
3798
8646
4890
6625
10677
12400
20878
1652
13939
13328
25952
6696
3095
1571
26218
24705
20198
9576
21951
7766
6187
20116
9104
20518
19252
3399
19532
25264
15261
22847
20747
22973
2257
5068
3885
22849
21197
31107
15166
17570
11303
23607
797
26712
27983
14629
7006
25014
19734
32623
15340
14599
25196
6860
20467
25053
29550
5757
23805
5542
13728
27779
25947
15488
25462
21775
18886
22607
19226
10810
28230
9740
14953
13302
9811
26976
27710
28740
11322
5745
23284
11176
10179
19964
7206
32218
2065
24484
10681
32447
13513
18057
15389
18327
23159
21533
6607
5240
22061
32051
35
6651
1133
32089
2368
25397
30536
17512
13164
19433
22472
25177
28042
27387
30348
25946
19680
296
20402
24097
20510
16373
1530
32385
21404
31973
6439
1595
6884
9455
23465
29206
4976
1071
27514
8498
13493
13788
12870
25753
8544
20602
12494
11543
28127
8785
6542
19276
12323
4637
32413
30207
15524
30727
5846
2741
13478
724
24117
15490
18875
32093
5507
9504
23178
2111
25910
27710
19662
7123
10131
31002
18594
26209
7701
25170
14587
23184
5650
4088
13686
545
16540
17380
14676
26845
16806
31822
19394
13260
14951
25756
32094
14504
21252
18552
24312
10641
1897
15654
21909
10498
15223
29972
28602
23044
23141
29107
8167
16546
1376
1926
97
1692
5493
26745
1076
30816
29873
10355
14713
20021
4743
28718
213
5562
30577
21063
24130
20367
15322
30353
18194
5458
26172
4015
4401
23501
29830
20194
26538
9581
5312
18975
26732
14582
20721
2149
20303
12406
12865
10317
21074
29816
8027
21731
4902
30585
31253
31924
18929
17824
16467
32552
3404
15529
13352
17426
23437
35
20287
29062
18764
32219
1402
13291
31008
5784
6872
19536
16554
16136
4252
22788
7893
11515
28076
3168
26459
25807
26167
17896
18316
15147
9882
16787
2123
7921
17797
20838
12633
16237
8537
21831
29142
25299
11477
25873
29188
232
28402
24804
29263
30207
14859
23487
23434
25127
24129
5200
9340
2211
23326
28682
12443
17306
21625
11385
3095
24592
20121
15058
10522
30229
30109
31183
591
4412
29722
16825
18081
15695
7431
30406
29253
19265
27862
5542
30970
25188
9700
28249
25999
12764
3091
323
4774
22100
949
12930
24761
18416
6061
18303
3418
25730
10960
25283
4031
27136
22674
29197
7805
30006
18654
17057
17044
22712
31557
12258
7084
24603
19803
8227
14750
21348
16478
17339
12086
20161
16921
19031
16952
17015
32008
661
23712
12060
29629
6094
9006
29190
27522
25138
21794
13827
27200
32027
22853
23626
19360
6043
7208
29106
12655
13143
9136
1058
21319
17817
31698
27721
29036
28320
24732
24463
28404
15163
18805
24139
22315
9366
14757
21046
21045
16979
31256
28960
19701
25308
8286
14305
22574
32248
1783
4499
744
13725
6862
32510
13334
22790
8707
21076
18293
7684
24557
21279
29111
1177
14944
24183
12257
6339
17451
22392
17906
1686
20709
31731
4293
13453
30186
29028
12088
22562
7328
7716
18062
14492
2559
8928
26130
5161
32592
2122
19965
23340
22580
29966
7578
13784
18921
8
11432
2046
10185
29364
5120
26403
20755
4070
10616
14038
11246
12987
29446
24385
20907
22991
21801
20989
20555
29360
132
20779
9537
31123
25292
11456
21881
16710
7909
27168
18072
30566
20552
2543
15750
14546
7592
24611
9770
19039
24277
12894
2164
18894
23008
4220
20129
27387
23424
7015
16570
5462
11956
11827
22878
30103
14250
7527
22466
22446
13792
152
13046
23801
29065
14909
21098
25274
22578
12734
12208
11464
19621
29646
17795
10373
11790
11515
28681
23567
23132
12931
8789
21947
12266
3434
5424
12223
21087
15305
21273
31790
14035
7273
17802
11562
15155
14480
10109
19797
19686
24603
303
7304
25264
19405
4388
25800
19927
14823
18027
7029
9861
14585
12323
8901
22382
5367
1598
16241
3250
6799
12165
5806
2565
9402
26844
18527
11277
10386
29128
31113
6411
13155
25134
25351
25790
3844
3422
14463
11141
104
5711
31636
26819
21616
6444
3933
3207
12035
3600
8214
5229
20577
18703
13078
11199
17588
15221
29441
5856
12777
23122
3135
28139
14269
20022
11693
27287
5659
20537
402
19806
3493
22590
13012
7646
11921
121
21100
19071
2486
16943
12567
27478
30694
28605
334
11337
27519
4060
21881
8820
61
32291
20064
4300
15698
29902
3554
24578
15801
25533
16873
19883
12999
14528
23453
5789
29955
32017
18136
8348
5943
27682
13786
26422
12231
26521
21823
12267
19522
27801
31790
18833
17207
28228
11474
23287
22602
14718
30990
1225
26246
17907
8044
23219
1269
6235
29783
30665
22894
6653
27531
12839
3503
2417
21961
12756
6828
26795
9935
28397
24102
3125
22407
23295
11902
12220
14463
14772
24780
13262
18585
27826
29996
26850
25604
14016
23896
2969
24426
14890
4476
22083
25451
13927
26437
19365
7243
18682
24379
7930
4583
13718
23634
23863
15342
31109
31163
15251
9805
11851
29440
12103
14827
32646
21072
12946
32151
14360
22808
23297
25407
10888
22227
9453
30050
30886
25122
6213
30919
32366
10271
10894
22128
25647
17902
551
25034
7149
24726
32466
20262
19971
28431
11120
28268
30988
27293
32012
32270
18692
22876
795
10812
27051
26395
27906
3159
22570
109
2265
16039
30713
9214
8047
22608
28416
24100
20878
25986
3325
8886
23168
12273
16933
31009
23505
27525
26894
11960
5719
6994
26572
844
13424
17098
27739
1021
2443
14129
18493
2127
27370
9554
12131
1409
1446
8049
24145
11290
22003
18304
27518
964
9125
27030
18425
31069
10227
6812
13138
4940
16507
12106
9912
16401
21383
8018
31583
29472
18831
10458
20517
1008
16383
18480
29300
847
22841
22457
20074
31480
19934
27691
10807
19303
9034
16636
12487
7148
11101
18715
4002
4351
12673
14301
11280
15571
30952
5690
13184
32302
28694
14393
2858
16759
15776
9897
25332
22545
2611
20754
28562
23015
11223
7147
4082
17736
5749
7949
25047
20726
13719
10344
2500
9337
4976
22261
12827
27321
28956
25067
1414
29388
13353
24630
10390
21261
19797
9253
30378
17006
31897
32611
1555
7183
5735
808
14197
16655
11825
4272
21616
19618
18986
19949
384
20067
1104
21113
1826
32492
15530
8398
13881
8868
16590
16313
27567
3801
3239
2060
30559
1295
2165
31380
27187
22679
26645
12874
3977
4707
3971
18125
5596
1816
8349
13072
10912
4965
5674
5200
3437
29332
4122
21834
24160
25438
13583
6570
11199
3844
19741
32198
731
26267
31182
32396
2107
27303
12138
7609
23286
4332
21365
5709
18273
15489
9336
13627
3306
31782
20229
10852
15172
727
21493
26054
27333
3746
9204
21745
21516
12725
5184
5307
2790
12731
4269
27445
24691
29033
12013
7646
12420
6227
1806
30742
7752
27909
30020
5589
1064
5455
10473
18076
6895
12512
9410
7340
7214
534
5252
31863
25567
6421
7062
16468
21832
13591
281
17526
1826
20483
23846
28447
31483
2112
11094
2321
25561
23755
26248
31302
16416
28551
4574
16096
19125
16853
21257
10339
1892
8037
455
16162
28287
11084
20649
22519
31688
17238
29466
12855
9361
11677
25757
12773
31010
17498
13654
2598
30043
5116
32716
27637
17563
8055
27629
3352
31968
16095
25427
6995
5423
19509
23237
28635
6966
4737
21761
5901
27696
13088
696
96
29961
30048
9179
27289
15810
13386
3605
24638
17432
24255
31897
22604
26976
15815
3357
20268
30646
29989
3622
27620
598
29231
647
1419
9546
15580
32292
7423
26694
24351
16380
7898
18640
22131
11623
417
12195
17335
4763
5183
21846
19773
19573
4274
23097
26398
16247
18181
5504
30160
16397
29822
24483
32506
20500
6936
23556
23686
21916
27955
1491
9720
12013
8587
1070
17407
18377
17255
2445
25162
5105
21267
16990
13213
4843
19087
5868
15396
16641
23177
17541
5639
6541
29577
4572
25662
3700
28524
8876
26535
6385
28435
11934
27222
18324
16476
8045
29996
28042
24657
23112
939
22302
28064
14456
10760
10112
8012
29506
24962
17349
5025
1807
28403
28464
2925
20938
6053
31920
25965
28810
6246
14761
28166
8305
4831
30199
22325
9940
25889
19761
27849
1179
8065
5418
22736
30955
3238
5566
3151
5891
32736
28107
8246
29540
23995
18813
17042
11317
4821
19919
1029
20709
27884
23886
6515
27922
2619
6688
26111
15018
21255
18758
24886
16208
12661
31518
11657
22785
31646
7468
29441
32247
17381
22809
21038
13261
905
25852
865
485
21366
10457
30235
25351
10081
23911
1220
31306
16147
2071
4256
3896
16901
30801
6656
5421
14638
10753
10421
16896
23321
12626
6346
30693
24122
5049
8051
1682
17794
12854
7232
1953
23345
10455
2710
23094
19948
18301
10080
481
9231
2018
7938
27846
31044
9435
22414
25851
14933
14043
11067
12593
21310
31161
10003
10391
903
8115
8683
15867
19664
21938
16280
17970
12206
23760
13408
32187
10933
23831
23727
4511
12246
21899
32011
12187
1004
19819
15946
24961
15505
10933
14851
14300
20534
20968
11074
2003
27763
29453
6016
16464
1691
10232
978
6753
23188
18380
2656
10462
19429
5053
25625
2892
23825
8474
15013
18433
12580
9354
22171
4489
19339
662
32245
31561
552
18791
5825
24930
21926
30673
25113
2008
9226
13713
25428
13556
27019
24787
18302
19174
932
5368
24838
9391
10855
3733
2999
14910
5140
4287
3305
20441
30442
12166
17401
13503
23869
9151
16118
21772
32713
3079
1949
8924
6726
16132
15496
6835
28221
4846
19106
26397
26649
15950
23262
26513
6785
13830
18473
7835
997
11410
12701
19259
21079
5773
31991
12680
6557
22647
23883
22168
12164
437
12790
13220
8823
14553
20949
9320
32335
15652
5812
5321
21357
8521
15625
12730
13318
9076
27619
8544
7103
18059
31005
1652
30074
4276
15831
21226
13167
4887
3878
11728
11646
7909
12043
28792
14787
19353
18850
32473
13164
12926
21148
32563
25543
881
22255
13554
415
22248
5836
725
15049
24883
31698
22607
31738
27394
16257
3630
27356
13096
22001
30330
18016
7582
28868
9120
8533
21451
11865
10959
11066
14850
18754
26019
31568
24141
23545
30465
4596
17513
3278
5954
1068
13073
13860
27539
1408
26240
24285
27803
17419
19505
5907
8287
19153
11241
3337
11107
24147
25079
28257
32018
1889
3770
27023
7008
16432
24421
25485
20910
30636
21503
13776
18158
24335
9902
2172
16135
13747
14388
7380
2939
1828
9658
7156
28487
3962
27597
15810
31243
14822
15014
23586
7786
28042
24494
18025
1972
7310
26689
26901
29378
18800
25010
7611
3618
30363
23184
14144
9589
13372
2344
7756
7188
16465
15179
4604
31482
27906
29522
24791
5598
16693
22110
11780
2975
1885
20453
5818
9701
16018
3690
19447
23558
8679
15755
29813
32038
14840
8513
27354
17827
11458
30308
11310
25520
16312
15469
2707
12095
16403
19584
30768
6437
17769
25002
32367
5496
641
30311
13672
1340
6246
7015
20381
25407
8122
11153
3559
14402
23629
329
12208
6745
20206
4334
13155
15253
6529
3239
31521
19423
26962
30048
10678
12839
23465
15631
19403
24767
4255
24124
8540
18689
24623
3264
7021
12856
26000
25549
25081
30654
21698
13614
30252
29281
20072
24016
17618
4363
9685
17282
15630
25763
19817
24569
16207
9006
23838
32023
30848
26170
26462
1645
32127
10364
4120
5118
15057
18104
6674
4677
3220
2017
24193
11130
4788
28802
25303
22034
5474
25948
220
11397
3522
24912
21760
29267
9956
17024
26351
27209
19190
29362
16487
25088
4280
28405
26182
5800
7472
29318
26600
22275
19870
18676
30895
1716
15794
2947
18403
26298
32253
19918
2749
18232
3750
32177
27838
1655
29278
31334
23109
301
28053
9966
22881
22528
17902
31667
25828
11846
5617
23403
32185
17935
2305
12095
26231
7525
5005
3629
15669
28882
31626
29611
26529
18211
17696
18829
1356
27244
22435
18728
23624
29260
28358
30648
29685
17266
11275
16895
21016
10336
23678
31535
3629
26479
18083
17162
12031
31252
5293
5960
1653
18785
12016
5177
32687
5071
6809
10411
4945
24634
12445
16654
22047
8749
16623
11734
21963
29536
30198
18721
14346
1663
3134
8090
20461
14125
12910
8349
7535
23369
9594
6556
27467
14704
23833
193
32528
18627
23674
21204
3958
7658
31538
2144
29939
10585
14970
26129
18570
10961
31383
11361
25828
32298
9369
27251
32161
9553
7240
30783
16624
13197
3676
23536
14173
32262
28396
7818
21995
13703
15401
21456
30307
19843
22860
22885
10731
21590
5581
4401
6618
8398
13526
6918
27339
30954
2295
20868
22001
5601
30747
3642
27818
10598
31675
30989
14934
18475
29009
26334
14441
23972
20240
2919
18623
3341
4306
614
10800
9134
29010
29694
7013
94
17307
22618
8169
5190
192
7827
7043
24807
24014
15060
14276
5983
32255
24508
18396
15591
5424
26371
7858
30881
3733
11617
2867
28305
2988
26027
28393
19432
20335
10048
8912
26761
27086
15267
7782
8646
14172
28521
5378
21098
2377
27222
32102
3069
2448
21187
14231
30019
12145
16450
17645
29190
22562
16773
18022
30741
22466
31100
13631
13709
5774
6078
2502
27735
3671
12330
17514
9970
15412
13774
3348
10867
23156
7432
23738
18890
30422
26858
25905
32326
14589
10211
11074
26972
27934
9116
1793
9124
9980
18465
32346
32036
4374
1601
11757
4817
15390
13623
13340
23891
686
14218
21089
7433
21815
26417
14565
18253
570
3323
12367
22777
20154
26414
5594
12841
29425
878
23979
24387
20290
28641
3937
29493
28015
1937
28909
22270
8716
24082
21412
12912
25139
3684
14226
21044
8570
28954
14610
12046
19490
32188
31900
31330
12689
23403
3293
21496
29442
25795
24333
3324
19068
8966
29053
7241
15872
1142
14447
10215
4871
20994
19755
18385
5676
10277
4943
26108
2853
30476
18535
24470
22775
19959
12733
19339
18026
30177
23667
2638
23227
8035
9166
726
13970
10198
29141
12519
31027
14776
28187
26770
1528
19536
3801
29439
15871
18069
16447
26730
544
18765
5644
27500
4386
25714
15197
10620
5678
15321
5314
17589
31619
24342
18583
2778
21868
22682
8594
7575
31087
14366
32664
28681
5576
7237
19157
15745
23830
32636
7435
23941
6739
19493
5418
6424
16649
31734
2338
25916
19907
18075
2549
9908
2754
9123
28176
25358
3314
9113
21979
737
32029
25713
24207
2388
349
9511
30536
25823
23255
15522
3163
15702
2982
30686
31977
25379
6422
9034
3764
17362
15891
17263
21554
2004
8673
16595
14560
15740
26381
2845
10201
13646
9891
30585
167
29561
11169
24126
20057
23202
684
15311
29909
29667
12802
22719
18544
30740
11696
15672
17340
32329
23557
29597
20385
29595
15942
24174
20912
16428
4515
9580
29875
15717
31850
32254
24457
24962
7035
21204
20017
17489
1020
3786
16676
24886
3405
3855
14056
14963
30526
134
9186
16806
16512
11372
7276
10643
16730
30780
25895
1316
24221
7375
23954
22446
26842
22728
30940
31350
31698
8751
14583
31604
29230
7004
24558
22871
16753
20247
19320
16585
21034
30717
11981
12019
10350
22310
7864
7492
28805
24068
9198
6766
17380
12174
18334
29874
14939
15518
20041
22878
7056
32664
5332
3476
17580
6989
17372
9292
5716
24863
19785
21916
32475
613
26662
23352
29878
28945
32432
30261
30000
13200
17068
530
23391
12273
23550
14584
9046
12874
25976
3393
28060
12887
11248
15416
22237
7269
25493
32287
30688
8558
18307
30583
8633
21126
22420
20347
10816
2933
10361
4078
23745
28838
31242
12822
25333
1088
2011
32009
14897
5778
18448
6439
2270
5556
3186
31976
26665
107
14786
5848
30203
78
2381
22751
17196
28455
2240
2246
29172
19356
19518
31223
6306
24847
1712
5252
15504
9922
31836
19819
31062
6719
954
29721
10302
6391
2178
31020
7160
32041
17674
4733
17551
517
9679
24670
20380
13074
2897
30752
6330
27341
24101
30681
32313
9363
10565
1891
28183
9664
11946
27304
16171
16921
10781
2333
10916
16231
13898
3725
31154
7269
2070
2328
15235
16092
29746
10363
6001
19725
29424
658
3962
13903
5718
283
18160
12025
9842
23740
8561
9090
22508
18760
19994
26343
20706
14142
4856
8269
28655
20114
27839
15336
2445
1712
22207
25371
3998
32703
20243
16353
22341
290
27420
3947
28922
16709
4142
18443
18142
23190
9352
22096
30027
4561
19594
13683
4528
20865
2082
26353
21404
32452
17544
3450
21528
2894
13867
12042
22330
26800
3819
25174
21495
16602
25736
27497
11833
6111
23386
2959
22321
15097
26947
2162
18415
8397
17635
11907
2608
7920
21770
21147
17271
6313
13427
5858
30303
2809
7599
30449
28207
6616
21343
24371
2223
706
22694
21393
21050
6258
3550
26958
10261
11246
1418
6191
21759
1731
9612
9952
23561
23186
26777
13971
26024
18891
21481
12778
777
28089
30003
8983
15268
32191
31960
13634
6420
31713
18527
25898
9510
2693
28961
9488
3632
20347
13125
30673
26020
2108
16623
18258
11492
13167
21941
31264
9304
29618
7763
3160
4287
3990
18591
12229
27330
13035
20415
14153
11471
21823
22681
20862
13092
27041
12939
22172
25130
15275
20572
11678
1797
7615
19827
3232
9833
19600
21319
6284
11695
11236
29463
10229
14888
16537
18395
11587
27313
3046
29818
3089
28551
11236
21053
24019
19549
25933
25476
27068
172
31363
24248
21471
2635
29652
25984
18324
30271
15612
15416
8477
29652
15339
5535
23177
7661
17609
18127
16345
28312
3896
30579
11874
4325
4313
8756
25458
1273
24849
31092
7734
19038
2573
1087
6363
1181
27395
1918
7412
19983
4027
3950
14108
11504
8527
11601
19932
24245
21551
15716
8143
28063
30567
18704
27907
17553
2341
22884
20387
13599
29813
19907
2003
9191
23632
2778
16092
20260
6101
5589
1417
25472
17366
28627
4561
21290
3478
17815
32693
9001
6865
18304
6508
8944
13053
15803
27326
16946
3536
11447
9134
30967
27394
7641
3675
30192
22356
24690
7208
1799
17105
22254
19995
28731
19540
9294
31875
9387
26186
19928
16862
5616
14521
9484
3321
3504
25730
3547
7769
17776
3043
29972
29914
12458
17471
2847
28054
11552
21794
5869
6920
3439
26752
29999
6002
12775
4157
6086
22139
9114
17650
6523
14877
26035
16879
14833
28350
28938
25212
21975
21149
3573
25701
12130
27760
96
13237
6907
13644
14880
9153
25653
14788
1924
14696
32513
22101
27181
27290
22821
4866
5664
30487
24554
25147
17690
15993
3605
18179
21540
14197
5657
9810
24422
27742
31883
18360
20544
8426
14038
18756
4503
1337
8752
2724
24173
6675
26317
21389
24245
10866
6994
14686
1637
32320
15500
2048
27340
10849
19810
12816
550
8692
13064
3136
366
27862
8566
22522
19571
10088
11289
24903
11310
12179
20168
13296
16211
8969
761
11235
22822
4813
13621
25815
17040
4085
11977
19763
4466
30127
18367
24620
2617
5250
29964
19246
16307
8918
1803
638
25889
5815
11306
2333
1677
19670
3044
28655
7005
8400
3567
20508
10025
23219
8630
17591
23754
5567
6665
10142
30643
1129
28947
5537
16261
13734
2189
32230
27101
16229
14898
16523
20080
29277
19571
8334
8539
31498
8043
3306
10164
5106
9749
1283
6757
11565
32701
7236
11066
11556
17844
24839
24632
11929
24904
10933
14641
24552
32243
4910
21397
26508
27603
8043
139
29156
1626
23394
320
19511
29511
27945
23935
12535
19925
25439
2179
10562
4658
17096
18441
10158
23858
5943
4521
16454
21573
2993
21093
8656
18855
19919
21635
13394
28886
16484
14232
212
14153
16736
12006
18022
5471
1780
31207
24677
27542
22519
19242
25083
16381
9097
4446
2789
28652
15350
22189
31097
10738
14557
10827
15847
17423
17553
18510
12991
16931
22719
29632
16051
8359
11857
14066
25503
14235
25747
32276
16070
18879
9108
16387
24158
5126
15824
10594
4176
29000
5387
32236
3641
26167
18048
9224
10932
10644
25147
3742
25563
31907
12740
31018
32523
26588
20989
10767
4584
12259
9293
12077
7329
5818
23294
18613
6518
15670
9444
30268
9591
14511
15424
23055
9870
12540
23779
26311
4799
6814
26007
2845
15535
24892
10426
20479
18787
5712
12332
7395
13131
30751
30828
5723
32383
25838
26365
19177
584
3699
15
8725
27618
394
8027
16830
24192
22057
14415
23982
21649
7062
24939
9585
9794
21719
12011
17510
22852
6507
8358
10262
7631
11831
10038
197
7399
10947
1113
12359
31710
32422
2711
6933
14618
27455
37
4000
17944
17830
10506
14309
689
5346
15488
18754
32156
24669
18845
26248
7733
17045
20274
26705
7036
5139
2804
32660
25697
17057
17369
26230
23871
10424
5061
4963
5798
31032
29798
8798
24925
4955
4956
26773
25511
21228
12702
26169
5062
12468
4633
2700
15294
18230
15258
32316
27227
3996
4589
26607
30069
27376
2631
24351
29043
19343
32481
296
16910
4827
26086
23711
10328
30513
28559
9958
29180
1563
20364
28669
11719
5830
13735
18587
2407
16566
14756
3710
15475
10936
15979
21247
9388
17944
4201
4073
30595
18965
17203
7819
11483
914
4716
9484
1807
19726
18922
28159
23607
17110
30996
24119
1191
1913
30094
31965
4793
11389
28953
16831
14285
4944
9908
7659
31373
23169
25351
29309
8822
11056
27650
27061
31892
31428
3010
26189
23948
5340
17076
32009
1248
391
25852
11407
17775
7095
10008
18297
5947
27635
24000
17577
30319
6989
29969
27100
13217
4756
25323
1154
6484
6602
6296
9422
2753
3032
14254
3849
32727
29313
3638
22315
640
7829
7693
23212
4390
4199
13195
3224
2678
17536
20323
18402
1635
14485
26570
7162
16494
15543
17628
18337
30501
25802
31803
22013
25834
11832
20473
4584
13814
11751
29880
17294
8094
23144
783
27703
31956
18033
6192
29793
5104
24461
27080
18
27057
1298
20775
23916
17790
2899
4513
16770
19186
32536
24116
18282
19608
15691
25195
26004
15347
13044
21121
19801
23234
22888
18122
26839
4481
17084
26191
27389
3891
19072
9400
9698
5727
16042
6000
7003
7001
5329
9731
31692
6082
32668
6603
1854
14162
30841
20683
1202
16853
4498
6107
17333
26228
9213
28678
23605
19510
11826
17200
8339
3015
30403
19451
30201
30327
18247
13548
1774
20101
21399
13002
1064
21662
8510
7751
26529
20129
810
20707
28141
27557
32168
18700
14794
10557
9871
22922
22009
7675
21946
26650
2380
19762
14780
32601
12545
26624
9424
14308
5454
8076
9743
15550
27709
27789
17126
28402
32442
28684
25798
27769
9194
20842
20253
32349
1727
15780
12678
12831
27082
27606
10812
8791
23888
19198
19669
12954
7071
15619
301
17056
32674
758
20128
7334
18868
16023
26492
8978
9906
11547
2229
342
11604
32556
475
25622
17853
29234
31050
31885
12112
3793
16545
21293
6342
12466
19829
11653
32381
15239
10822
2920
17171
8521
29617
32588
13876
7620
13800
26096
32176
19286
15968
16706
5329
29940
13769
14975
21995
18797
5699
3996
16948
21491
20943
28645
31702
24023
15619
3044
9795
7572
4611
23684
8393
22287
8108
25974
20326
20765
30994
30420
26077
17478
14637
12804
26889
9929
11983
21984
23154
31199
1241
5651
16926
31812
15023
454
2730
26100
233
15741
25497
4402
20044
5179
7659
13519
16632
9197
14065
5033
8162
10501
1377
17778
4229
11622
15526
31923
21717
7808
14969
28176
9589
3772
21173
15565
31785
9754
3431
4241
25230
1560
2853
14442
6409
9431
930
32530
10749
25465
4735
5233
15681
25549
18019
12386
16337
24878
9805
21178
13251
4264
8489
17543
15485
19549
7074
16021
15142
3623
4152
22839
3930
32127
30098
10563
20514
5278
24341
11871
4387
8417
2997
30331
2069
8818
22283
6815
9847
20261
16552
30951
31617
15520
32170
20428
29275
30143
18573
7844
16524
32567
25411
28524
6325
3961
32646
28102
30079
32217
365
28478
4306
11503
20541
20689
23368
29757
10626
19888
2017
19731
10847
13121
32760
18096
803
5735
21365
1450
2332
28163
31045
21136
6832
14011
29703
31693
2473
1018
12040
3791
32721
8759
10098
11369
4543
11899
13760
31862
29680
18205
2933
1216
1562
14800
14606
26400
10428
21217
20533
19174
4346
12729
30263
30074
3752
18089
31416
22084
30885
24039
18086
2506
13162
23507
14187
6168
1506
3711
14951
29285
12413
14447
15517
29683
31360
14493
17068
27191
10655
29632
15618
26682
6093
25294
27724
26943
23379
27328
27184
1702
13599
24981
10815
17680
14687
25753
1829
15556
26191
25575
12323
8530
7503
1837
2752
27766
12857
20399
23739
12350
1265
7055
21059
21615
22846
28235
13418
17190
24792
8839
25560
18619
11202
26893
27580
10986
29401
14610
16649
15157
28846
5563
478
26756
15505
19679
18757
5135
23534
4879
27425
11645
32221
8403
11362
23117
5364
13623
19323
11382
17247
8582
27926
11338
19763
16982
16646
14752
1280
2500
29565
2098
26278
32513
15999
15172
21609
22286
12182
25735
10823
2755
30152
27196
7048
3606
19398
6300
3736
3226
21094
25208
27410
20294
28499
5405
3613
12152
1027
890
22779
15161
4330
27781
3551
28355
6382
8410
28415
10049
22810
11173
21483
13013
10390
707
10525
8671
5335
548
3537
15741
3603
13940
1047
18254
14328
15098
26406
26236
12957
11968
7155
26105
28601
1268
12290
10248
26643
13454
23164
29440
17721
2867
4995
31564
21365
10073
13762
20151
20477
23981
24136
1255
26474
3505
32406
22822
30827
10666
21750
4457
28347
30137
16143
22154
19024
16968
6839
25049
9942
9639
10504
9171
22363
30967
10166
18481
27212
7240
5279
15141
10656
17918
20388
5088
27475
24953
3768
2135
17942
16629
22582
20039
32325
9902
30584
3446
16153
26952
8101
18237
29727
14191
12490
22339
22248
16059
21293
29067
1282
14806
23774
16817
12840
10720
13710
3952
19126
16146
11428
3176
6752
13474
30094
12062
19234
9191
15957
16197
20602
4798
5237
30524
4822
16684
3051
24279
28488
31301
23695
17250
24449
27724
27044
28899
24061
19483
26542
4256
23163
18373
5251
20705
21168
3195
13733
14839
25404
25516
20687
21629
25821
11120
21198
1246
27107
11815
6290
16408
12260
7517
3717
32191
22960
13298
23068
2884
1415
17271
16811
9335
5002
12506
18045
30027
12400
9286
9508
26841
30842
28741
12302
27048
18089
29736
14425
30508
1070
32168
30952
13452
3106
28109
14263
21673
30583
9487
4459
1883
25903
31420
9006
19453
4811
17305
1721
19757
22791
11212
21682
10701
24772
26617
8505
20301
9286
428
9918
18733
4255
17143
4885
10685
23403
1372
10956
28712
24766
26604
14012
