16321
14836
2443
14948
31343
28217
13322
2102
16199
20999
14819
2600
2360
26142
1054
818
21804
8785
8089
12234
1165
24050
21417
4604
18695
7307
3076
17341
32144
4814
6623
17277
4262
30671
4179
28411
25560
30321
16389
8285
17544
21278
5638
8576
25071
6588
25080
27021
25698
26588
18291
22733
2515
10036
24231
26302
27546
19535
18498
30310
20854
28035
14484
17639
13774
17956
15856
9812
24381
31223
18006
1219
13134
11497
10320
21923
9860
17153
13082
31056
28062
23700
2565
14565
21528
25272
20253
22098
23541
14330
24842
25262
2748
24916
12340
20174
1985
15193
28459
27158
28581
4019
8773
17295
288
7887
21129
8506
1790
29143
26571
420
9064
2273
28185
23483
24677
14694
19030
4320
10657
20725
8741
17725
4972
20520
31497
4697
4869
20952
21706
18409
3097
29325
17178
12010
22407
19512
19064
748
10086
23077
1109
5553
27721
22827
20085
20726
8129
30758
2457
2705
6180
27815
11099
24252
18829
16361
10073
1201
6180
26631
29589
20855
8096
365
11292
23803
5130
15500
6630
32098
8131
21459
8446
3230
25288
7642
23010
11327
30517
4064
23085
31628
7944
17527
28787
29651
32552
23166
22381
24317
2982
16464
9302
7269
2370
16187
29844
10219
18481
23348
7835
5956
31773
23240
27151
404
21870
2902
4904
1342
16328
5500
7515
24570
27092
30159
14647
19753
31300
28111
16781
7782
5649
282
5075
16990
7175
21215
18378
11745
14724
30614
2655
23353
15485
3822
8143
21434
18113
14855
20751
30618
18050
16866
18539
30723
22545
534
8557
14183
29929
27588
12288
1044
5103
13516
17109
24840
7928
1857
25862
20742
24972
17691
25338
22505
21738
13356
5768
9785
27979
9814
15967
8956
19563
29178
25765
18382
32070
20147
6366
820
7455
27205
272
5422
5575
18896
1572
6667
19740
19274
8080
14209
28112
23339
563
8189
11628
12906
13952
24632
13204
12457
23007
11019
1676
9901
3920
6020
8443
9488
25426
1337
5359
9018
9987
6876
24610
4749
1672
4880
21884
12768
24239
19323
16344
13615
5587
18973
8715
5520
31745
11488
14370
7529
30296
14192
7660
1249
31158
29516
16057
12948
6289
5662
29280
29835
10274
8776
27527
17771
16585
30143
23326
29164
7597
15132
27949
12941
8099
28912
720
3463
30545
31576
19839
5375
14995
29650
12179
21887
26909
11087
1542
2215
9314
4746
16251
24608
7861
31895
25726
31954
1454
28607
29964
26199
27600
30859
16214
5807
30056
13087
5058
28213
19640
32457
31283
9169
8533
4058
19594
1392
14030
21429
23149
7345
18062
23333
31303
3041
14596
16116
11151
14122
31233
12985
11854
3591
27745
14833
13275
2299
16621
13137
3305
12163
13440
11867
30916
14921
31081
16176
31192
9626
20497
17573
21363
18458
4830
21656
5324
16823
14678
17029
21827
22235
5768
29780
1514
3046
22183
31093
31813
5339
32761
6191
6734
27993
31471
17717
14268
11470
26006
14715
12421
27367
13870
6727
15522
18507
28951
26507
29970
28552
30197
9330
10785
8781
10252
28217
28394
9947
30188
30016
32283
10678
1107
3169
23544
26528
79
17024
22947
13255
23715
14947
23962
11838
32364
13508
5505
16042
7428
165
29986
10046
22823
17892
9906
17385
20308
24079
20565
18893
10614
12153
21221
6900
29636
16014
26095
574
14566
26979
13567
27550
10585
402
25118
27782
21012
14404
4504
12448
9836
4239
25347
7871
24885
19459
31612
18965
298
1407
1332
934
25743
28233
18476
8188
18452
24926
16444
17693
11517
16647
21594
21690
27264
21165
4889
18089
28270
3310
6256
1942
28950
3057
189
12277
8295
8182
3337
10042
1620
10801
23694
1869
11901
15320
24438
21560
20235
11131
26342
23587
30939
5268
30267
21379
4832
30047
14740
398
9410
24299
17808
4338
13515
27505
1113
22726
15620
28390
29665
12737
31643
5580
6507
11178
8840
26189
20046
14095
10864
22410
18933
5946
19658
29489
3371
12385
26944
13645
4757
1565
23128
7779
26752
32285
32083
11194
6110
15132
29014
10746
31882
9232
20935
5625
29396
27557
28666
32721
32313
11241
20493
9270
19826
27209
27920
12294
16305
6076
2153
25122
20263
24894
2167
32637
1225
25728
10870
19826
22868
7390
2979
1627
10126
7313
19872
31839
5071
26150
23065
24203
3265
31278
2472
21540
18788
27960
12790
25148
26709
6652
24356
20356
5199
17369
15465
31329
20978
15746
28668
21826
23235
26612
28212
32048
10613
7595
2029
7847
7015
24085
14383
7332
19309
19783
29962
11775
2515
23535
1988
25851
5535
11145
12343
21788
31511
726
6004
19256
15235
26250
21932
19409
8756
10821
3921
19362
27333
3525
28024
22136
7329
14938
30082
6211
16325
13466
1019
31853
20168
5717
28354
22378
2584
9420
4714
20113
4230
5917
20193
29226
24837
8450
14159
15816
10670
5563
31041
29401
2056
14153
16135
379
7815
1501
4442
29585
9042
9104
31811
3606
19529
8276
31544
7346
15431
16939
28807
7051
21924
7575
11256
13150
5631
4689
17581
15310
24378
61
19022
14332
20933
18590
4451
343
7200
28551
7937
5302
25499
29074
30633
13732
10849
8659
21869
23546
22196
9231
2388
8116
16250
22314
3072
5885
25081
17375
398
23180
9439
25524
13502
9267
19589
21548
19796
15285
1140
19006
17854
9689
8745
23046
25590
18876
1301
26299
14762
107
14312
20193
28571
17073
14095
10431
24643
26926
123
8980
17850
12969
20645
24070
32474
1192
12495
20571
12194
6717
14988
3307
16600
5410
13442
31829
754
9480
27759
24306
30775
14637
29290
11015
2594
28717
6508
6975
11783
14874
24846
344
15608
24782
11412
12572
746
27264
27435
6035
18708
2710
5487
21111
24472
5306
9264
23528
27237
9776
25718
7777
30044
31079
19650
1259
5042
6094
14231
23440
3733
24040
10041
5139
26386
1443
30389
17118
12086
10982
7201
26684
32371
32361
24613
22984
1350
6857
11963
24614
1047
12252
25906
23792
10593
30786
16761
3315
6930
11580
22170
15004
12085
27841
10885
29869
6094
17871
24847
7476
1541
24320
6202
25790
2183
27485
22967
1480
10538
24950
17833
21622
3536
10419
23212
30344
8333
12517
32534
22409
780
10272
12157
11593
20782
17101
30329
8334
30453
18939
4522
28167
7585
25590
26621
4993
29720
19227
13612
23901
22155
26346
3716
26690
6487
31581
9451
27407
31529
25208
26657
23828
614
1058
28486
19585
18890
51
19101
31006
79
16078
8847
1853
8272
23281
18419
24302
8686
6986
6540
2929
11443
27981
25299
12017
3189
5763
6135
24175
28029
4133
4899
31228
9193
16617
14079
21803
591
2332
6777
17350
931
21745
8645
24256
19547
10521
10402
5483
18128
23955
8672
24299
24296
31430
20511
8171
8434
27853
31705
6286
16337
274
19107
28328
18013
25118
7087
10287
30726
1455
3478
10732
9403
16651
4436
3702
29706
30613
11924
26977
27528
6046
23855
19123
13427
22909
6127
5783
25750
29922
3224
1366
20077
16487
3369
24450
7306
28520
9823
19061
15415
25109
32635
14586
23389
15301
26437
21577
32164
13198
12881
28985
27868
21266
20097
26033
2204
6043
12235
21087
14632
10603
31292
13485
2456
7501
3389
21745
11575
29808
21526
25828
29738
20085
32688
25174
29522
455
3487
4640
25459
3627
16479
10073
31637
7576
27870
27341
19114
1864
16699
30378
21618
2319
26830
23165
30108
10988
12648
15197
21294
222
5596
17510
22822
16120
20926
31594
3169
21432
25194
19938
13245
31893
6472
27179
7291
2263
9039
14575
32231
16043
10696
2785
16442
5751
28757
20141
10943
16491
5169
25390
15669
10329
20665
23010
14453
27590
27948
15772
6740
30273
14255
12665
4299
14323
12692
31765
10325
10872
20699
21247
14745
6125
31481
31338
23113
22602
7385
3365
21834
30962
1057
205
28181
649
23990
14913
29533
20742
32130
18006
25842
12809
21365
2764
12517
15726
12745
897
19437
7202
18571
24549
10505
12597
31319
5294
21607
22833
28259
13773
13701
13227
958
11424
15510
11031
2522
7785
32551
12001
25161
5887
2050
21433
28612
19395
24146
20014
30321
2774
2057
31614
20838
10889
2943
27820
8553
3349
13403
10196
22777
3213
8119
5052
18835
25360
21375
16811
5678
25411
25882
2430
12040
5374
29517
11256
15012
2630
30556
28506
4115
124
12658
27187
9844
8659
13378
28794
7607
31496
21487
22234
17574
31053
31785
77
16421
1158
12698
27116
14264
2487
17024
10502
11079
2493
27291
3951
22046
61
28233
27162
17208
14043
28912
3562
30397
22700
2716
9926
20681
23021
24809
31980
3439
2037
18212
9351
1534
21864
10669
19331
6018
13998
18591
6560
21134
8867
1459
22213
22585
2960
18786
19352
2151
25691
17226
4171
25930
1530
2515
15800
20520
2349
23826
13489
862
26733
4334
28561
28069
32287
25217
4631
21140
13070
15553
11125
21606
28952
12383
24227
19198
11816
8943
25849
3112
9060
31050
7933
2338
1191
16688
10106
25947
19505
7730
7378
27258
28317
32207
5268
32162
2836
22238
27985
31220
27585
30764
29356
5206
27268
10853
1969
11379
3563
10552
19304
12035
29278
14262
27561
27981
21401
21499
6705
3562
19040
19985
22518
31435
4717
17937
2744
28798
27822
21899
4313
4780
29101
26664
18286
10727
26704
1934
13974
28322
29890
7812
22539
1409
13233
30551
11254
4308
5562
31100
4104
31582
3873
27254
3270
24666
28614
13819
3364
13504
30548
338
13398
5572
31164
3583
17891
24735
10210
12194
21499
30611
20629
22813
10250
22569
11717
1269
6541
26302
4592
31995
18213
4925
2526
17707
26089
15150
18062
11732
6913
27888
25456
20729
4977
28738
23765
32503
20018
14345
19107
24169
19591
8525
13133
17225
7310
9092
2818
344
29205
22035
13093
15807
16816
28434
3582
1014
4616
8015
31407
8677
30582
28566
19817
3913
28113
816
6111
25690
1156
25514
22011
9131
4323
14808
21200
23377
23231
6168
22993
24903
30519
14811
2112
12049
17874
23650
21225
8352
17355
5318
5135
6774
10668
18235
13735
23306
1822
9109
19396
31598
20736
19212
13139
25391
5558
828
2312
13181
19396
6768
3224
28043
28315
24863
17449
22585
23986
23735
29702
26865
12761
6042
16024
13262
31947
12902
146
9988
9986
6778
15723
5500
24527
2486
12305
21694
21417
13185
21468
29204
7366
17169
31168
17132
8680
3815
15816
21631
22394
9624
28863
32432
5851
6099
18992
7735
32762
9120
30354
14846
6435
9446
21948
6091
8472
28464
32159
1056
18276
29872
21811
20832
16108
24197
23474
21042
24263
31289
28677
21290
17743
8334
11387
22439
12664
31098
10945
7671
1633
16752
17423
11970
11561
29665
8607
31653
18692
32515
12643
20765
29070
25809
21239
8103
26463
27987
20693
24613
30431
19999
31176
6020
32091
27424
28323
15772
17497
5270
30770
2903
10025
26206
31089
29718
14013
11380
20988
20048
20411
28854
17607
28540
22223
5610
14095
16178
3910
9219
23440
1421
16345
10656
7673
30931
6598
22230
25245
20056
5670
13615
28267
21151
15738
8434
2848
19651
3463
26533
15291
12565
29028
12241
5425
26375
32721
3589
3939
9801
29642
27421
25165
12081
4956
8132
17280
25184
30904
26936
6098
31651
29062
6990
27988
29719
26747
13237
20868
20369
3374
12926
22468
22844
11815
23516
25611
4996
31033
18217
3547
24371
5651
24362
12147
7642
20241
14228
30021
21363
15448
23503
426
2884
9505
31481
30933
1031
2901
5422
2309
26439
5467
3591
17151
4109
18989
18528
22204
9404
21426
12127
2143
2106
15176
20658
29034
26192
21663
27671
25136
24404
19150
7202
30606
5893
928
31803
14550
10934
19759
28646
21004
21167
2485
28487
15957
13008
19870
31973
30380
7799
9186
10414
30935
21412
27793
17467
15001
29019
2480
11350
23850
11594
20035
19385
13540
3244
25515
15129
31039
9325
6450
8803
12543
9359
20965
16198
11948
13004
1186
13553
12611
22653
625
2334
32043
1978
30487
29263
362
31683
22505
23383
23833
30878
13535
16413
22805
11778
8169
18333
10744
16756
7814
16175
3656
17328
22930
23308
7406
5450
32607
24590
22505
32405
3080
6839
22339
32452
27650
18293
8260
5711
11508
20516
31975
4249
12489
725
26506
4303
5891
9678
24297
26131
20562
3282
13901
27354
4197
5026
13825
29586
4608
8643
8198
4233
24911
7042
27911
9994
8314
25654
21903
9673
31353
21957
31610
22656
14378
20841
18346
7899
11168
19892
20475
2706
26046
1490
22904
10452
27141
11791
19151
31468
21675
20888
8962
25119
9965
15750
18528
723
11686
7448
17332
25335
13855
11072
15292
18334
1321
7522
17628
5613
17513
11096
22804
15160
23028
22713
3120
24680
24092
25435
20542
27808
9097
31510
24133
6944
1419
9931
5940
10345
28846
31397
28953
23201
22927
927
17555
26938
5615
3143
3722
1999
19462
7873
31261
6222
27673
26638
18140
18524
26703
24719
24376
7669
7873
24004
13111
14163
10704
29018
11117
16914
2747
14693
18471
28049
25201
1514
16617
23707
11427
30624
14363
23111
12574
31735
22271
22044
8024
19034
26086
27513
2120
18097
13476
30772
10875
27947
26433
1666
17509
11066
31473
3607
24821
18911
5958
20622
21100
19751
32677
21770
20334
27894
14583
18206
26201
2819
14240
15594
15063
18980
10677
10375
16815
10956
12649
30886
28385
20689
9161
11379
2545
22131
8106
24256
7299
20635
4319
3167
12072
26720
29615
6607
18552
11727
27782
23580
25185
2028
2026
10496
18878
26100
14001
12878
7211
5605
23153
12432
22552
25664
30265
8431
13085
26894
22398
6740
10893
9761
19288
32205
590
23196
13295
1586
9704
12214
4655
31496
8155
8890
22468
2725
6966
20562
5442
3989
9061
1286
22691
17725
5707
14080
20471
12222
31889
19730
1111
15133
15421
22266
16667
21920
22918
6884
31565
2427
14822
7216
19805
22955
7538
32630
23317
26147
16999
28615
12752
6950
26373
26934
30951
28660
7584
3223
1645
30888
9972
24711
11292
20321
18105
9133
20622
6304
18039
5183
10417
9969
6812
20679
9589
462
24012
13863
27079
21440
5752
24282
23747
967
31410
10110
11301
32252
9791
23695
21249
28533
30446
30070
30901
31081
809
194
15387
8084
24266
9653
16131
30173
8752
24322
1504
20791
26513
21205
32705
32709
12945
27668
19075
19521
30228
6372
1861
20638
11345
21104
21277
23532
13609
20966
14345
28541
28342
5825
10793
5958
15398
8782
25899
8583
28362
3177
15878
31151
17770
21896
15595
10874
30172
6652
4984
19292
29908
2675
17200
23842
28670
19904
2088
22999
11850
12255
23554
31716
19080
16947
9503
124
31796
20755
26129
26935
25235
21125
335
253
1535
12873
25901
10278
894
7962
13323
11231
5786
15664
15564
11472
30061
25097
22410
22780
13052
15721
31367
31976
7110
5024
7015
12287
16540
27915
12445
8245
9138
24285
26404
16619
15351
20767
24687
24850
17058
26102
3234
27796
32525
26149
29954
23791
1223
22226
2730
7459
6117
7309
19841
25807
11160
20366
24424
20119
12037
9534
22456
11720
7248
4858
27371
26431
32250
3603
15001
20871
24174
3353
24999
24641
21974
11865
4283
7881
10803
10148
20210
15894
13741
25426
13014
14818
1831
28295
10122
22795
28951
7349
4680
3386
31381
1122
27662
30146
26290
14636
9107
2507
17930
26378
23424
11695
18077
13012
22749
14244
13786
1030
13769
10140
26877
7105
11375
5737
32667
7442
3637
8229
13435
27255
15158
19921
12456
31903
11763
16956
5316
5746
28485
11814
11423
31313
1687
20390
265
1183
14929
201
15332
20352
13463
6524
4733
17376
24628
10412
10780
15288
4561
18603
10969
6540
20843
4822
29874
31033
22532
30325
10971
24045
5528
30434
2389
375
21330
5358
14530
10433
17920
26496
5240
8602
9413
10111
5844
19897
6157
13042
24528
24319
5318
19302
2520
10493
30670
5008
16602
11190
30119
4148
20381
15270
12914
12358
5971
27395
5659
8270
9585
6210
12497
27921
23486
17885
17337
14701
24234
8020
16867
2949
15842
20338
23933
29982
2849
3025
30022
6985
21321
31136
30278
24899
11698
20388
1469
15001
21954
22909
1881
26767
702
16427
21419
9923
29151
15312
13020
2830
22185
4791
28572
7339
9592
2454
5724
26267
27740
10512
13501
2375
11814
31870
11592
3944
29635
11759
29535
2596
1993
9069
17267
14457
4176
387
11128
15839
31491
14076
30614
11305
28535
30188
22306
25773
15291
15861
19916
5284
28464
23491
17690
20692
6042
473
21013
5228
21624
24208
834
10031
13457
21340
19155
11988
4560
12626
22815
28589
24401
7911
31568
136
7612
2811
21083
30163
27090
20758
30262
18435
22853
29425
22853
31030
6605
2872
21
15894
1656
23950
24908
11777
10050
10194
480
15976
20197
6304
8584
3445
19186
3867
2928
16369
23073
2026
24369
30308
23781
23425
26112
7550
29764
12706
18469
7605
742
20003
14000
11824
17516
6897
23911
20196
28419
4949
12546
11773
4920
29814
28059
31871
11790
22304
22880
30253
8525
5827
8075
8362
1566
10687
22420
1502
3541
20190
3236
28059
25870
13346
22862
23168
19707
31426
27514
19998
24316
15471
1185
6234
11888
30171
19008
13842
15564
31356
31366
772
29674
21902
22864
17131
6819
15447
26968
17898
30623
30126
17833
11310
5740
23230
12119
3280
25294
21768
9068
1016
3670
32167
3365
27720
29750
16856
26719
18296
28500
12473
26700
6717
22173
22097
30314
16240
5020
18385
7606
30316
1867
17689
13853
12472
12585
4990
25651
25318
19596
30155
16679
23738
22585
25989
16119
27791
15410
29044
7392
20983
463
25950
25
17314
21008
7958
1216
3201
11826
13494
23317
1066
5760
20520
17638
26239
4972
25579
1866
20106
21726
7443
9362
22700
23500
13970
29309
12279
25099
4535
24747
2776
29797
14324
852
23289
29419
10724
13882
13413
27532
8076
27612
12270
743
7650
31981
19660
24414
1419
3076
5510
19052
32489
20885
3094
31800
26453
25632
8520
17770
9129
20648
15203
2877
31746
5991
4107
18901
25796
24768
21862
4308
22750
32373
3710
11816
10575
3354
30438
31526
26089
18890
20897
32733
17236
28696
7999
24740
8791
13384
32585
18934
7251
11712
16607
20096
14608
17849
26272
27511
12732
32314
8650
10031
25905
9543
2210
32234
24951
18518
3095
4334
9866
31746
28834
19418
1629
19459
20080
29753
17950
26462
23747
22360
25788
23769
3222
2645
10919
31666
13952
28793
26327
11408
24538
31687
32015
22202
23332
23509
10595
9607
18341
3803
7416
16918
13394
2314
22539
21822
27121
26143
25908
26056
8318
22839
23020
26332
9166
20197
16462
2746
11122
30082
19994
11691
27102
8132
3327
27958
5835
13714
22554
16278
30937
10007
21178
8044
12921
5654
15462
8114
22026
10621
17953
31728
1346
16188
19692
30898
8144
28759
7565
10297
17727
6970
9615
26481
11806
26702
13706
10019
8286
31945
14500
21868
763
20426
1368
31598
21727
21925
11126
25413
2819
30075
25451
23100
6615
32015
707
25409
11748
1748
6636
28055
22447
1611
7997
25547
12001
28299
19254
9961
12454
10017
2570
18927
23891
17179
9818
8578
22859
11872
4420
31712
5411
17731
27548
5398
16644
2647
13433
7027
3921
28292
16628
22588
2698
24410
24876
20641
625
4006
22158
29424
21611
11843
32595
9225
4904
32563
23369
16658
20870
2798
19927
26988
5299
22522
16699
9445
12690
25276
3863
14895
6497
18318
21036
18833
22936
21266
1381
32732
21268
27845
5143
30113
27764
4055
16263
3745
17348
17978
32173
28037
9049
23033
13623
20431
15867
12491
31441
26129
30282
1512
13220
31836
13658
30235
16668
1788
5281
4632
6639
26466
24339
27409
29787
32098
11659
19844
26031
22687
8813
7767
6924
7747
2185
3622
3949
30451
22851
5852
25317
6402
28145
30592
14120
17124
24709
8786
13645
14822
24428
20759
8402
8477
30902
13233
7137
15516
8310
27890
209
29930
30316
20914
29936
11956
3809
7711
6272
19134
17107
5461
30719
25119
19282
16175
8876
4782
11306
14428
2630
28600
12738
18613
4119
27380
1604
13261
25393
18872
8702
30666
5112
31340
6921
28276
224
24128
6184
1164
120
23322
27378
31583
27816
18898
5428
26779
29494
5282
15761
26720
20367
6616
22379
13722
20933
9934
519
7311
22228
7964
25323
31668
5673
9228
32651
18117
26725
20559
23077
16404
27486
23534
21994
23586
10086
15491
9822
876
6609
5544
19969
9863
18609
3504
28719
22639
17380
23189
31301
25373
14161
6962
26629
2647
29294
20658
10044
28876
2310
3145
24225
21344
28985
9506
7169
3781
17092
2712
11673
9035
31618
1704
10948
11001
27955
1190
28630
30172
14461
12336
4423
16543
31024
97
2580
14684
1998
838
10594
18098
29771
32150
868
17688
7697
12957
27008
11888
3399
26746
11693
24544
29011
31882
13600
29149
26781
7204
7719
22152
30102
30087
32085
12862
17658
29968
30175
8810
10578
25265
12614
26270
28604
29598
31286
8163
29166
9289
32431
6733
2425
28305
32098
21714
18507
12342
25182
15195
6776
21905
5867
18204
13626
7298
2230
31009
30518
937
11311
25386
7680
14809
32304
12985
29922
8649
18655
29289
24793
15885
12245
30081
28129
6469
18304
8649
16754
32405
15301
2973
5707
5717
18922
6207
9582
15113
4532
6770
8300
6803
460
7492
8418
30631
25447
20779
12612
8064
18726
20307
21209
26577
25915
10039
9479
18687
2766
27247
4561
26765
24223
10952
9118
10200
31468
7834
26684
2820
2709
24406
1316
3126
8062
30303
24832
12035
18485
11291
1642
26665
10453
19785
9207
11645
6954
23189
19828
16933
6677
22121
25199
4871
31794
9479
15866
14209
16825
13013
5035
27227
31138
21751
7655
3834
525
6179
352
5846
10208
29105
2525
23342
27058
1778
9274
16122
25064
32451
14767
11553
7197
4450
20565
18156
22984
19072
5349
22202
2584
12695
12739
23286
31011
19581
5948
15687
31296
12346
6412
2566
4529
5143
1316
15349
24966
6903
6058
28718
23997
18154
28736
5721
2990
19200
27785
28962
20647
12123
3049
31467
5075
31624
16525
701
14176
23312
20908
5509
11488
28745
13068
1917
10480
18802
30151
12776
14872
11263
13903
14594
18163
10802
11184
28215
14224
14059
15381
8851
19991
11201
14990
32122
29360
30033
12816
11161
30368
22998
25022
31260
4789
3579
20070
12833
9445
3053
3407
18541
28978
24755
11314
13662
27089
25538
23174
2337
17034
3276
14336
4133
21346
23514
27739
7120
3704
1946
27733
17264
3373
26106
4090
12660
30855
17141
24100
20700
20696
6573
12611
28398
22682
25531
6490
9515
9886
29379
8010
8065
9062
2123
19795
4802
30159
8141
8408
30549
8946
7946
18786
23596
25933
24738
22760
26101
32542
19682
18766
20117
3088
29917
31531
30930
5657
25534
4559
27727
29091
6748
20613
19902
9450
26895
23829
10065
24229
7107
2957
5489
16360
11338
5953
11187
32073
28407
27921
9736
6978
28008
27370
14900
18902
25507
14480
7553
9079
4965
7578
4788
21288
25014
30910
5184
26079
29377
15438
28346
19245
14307
5123
24461
18720
9218
6138
3055
26473
31264
12540
25619
5562
27183
4610
18080
4466
28711
27384
30819
20092
10583
14530
17472
26484
5112
22141
22383
22796
27912
13319
11749
3247
8278
21953
8975
30308
32473
403
31430
18932
12101
15665
30336
2895
3296
413
19139
32300
26770
18414
2272
14576
24636
21327
20701
24273
16459
23626
24499
17723
9101
327
19898
2162
17731
8271
4449
21370
14711
32278
6690
24372
32656
24121
6069
27849
8995
28868
16772
16203
24332
14583
12896
22682
30398
20810
11378
32133
14807
12462
22900
17714
26104
21782
23329
14272
23251
30518
16361
16426
21637
11146
12266
30063
8231
5275
26140
32496
32415
2686
18891
6169
10684
23453
15435
30531
12163
2746
28391
7129
6083
11824
21786
18362
2032
21628
1794
10207
22829
4605
10257
28734
21675
7160
9734
28398
2610
5343
25627
23179
29949
28115
9856
24540
25291
359
21001
12979
20787
19367
21540
9749
13624
25433
18189
3995
24861
6274
9797
31256
31867
23596
10048
27516
17040
21863
2653
16889
31450
18318
30748
27748
24548
11723
16012
477
26721
12253
770
31922
9847
21529
15376
7297
12637
4783
1973
13213
19752
11823
12754
25523
17634
30028
32477
3502
10973
20959
3801
30935
29510
18735
27782
30017
7421
20847
7381
32100
23716
8328
17054
6920
32247
22553
10901
4965
28507
12988
21371
7816
11193
5772
18065
11768
30348
12516
21586
1690
7737
32617
2401
12754
14496
27210
28609
2539
3568
21446
28740
26041
9663
16623
26694
10108
10842
32686
18330
13064
5721
28168
19141
3875
24695
18079
9578
13871
6561
5756
12550
23049
12621
16395
29662
7984
21517
12135
5173
4906
6244
9176
3009
25123
28120
12955
12128
4056
584
26337
24328
14259
4480
8985
29180
6199
21259
10098
13126
28063
31304
24988
609
24514
31937
27087
27702
1850
4791
20751
20554
19909
9730
9390
26165
11755
8984
19218
14166
5602
24683
7609
24773
29102
4088
25721
12681
8332
28444
5645
30987
22929
10410
461
6603
17295
7484
18109
13394
17464
1478
15305
32360
19078
9329
11599
6790
6234
30630
5086
910
20323
9064
10302
24762
17729
1256
30896
21970
25322
9299
25462
9123
4941
30959
6806
11436
1334
13158
5340
12826
17522
610
4126
23799
28211
1369
2243
26526
1206
25003
19078
31602
9762
11754
32376
5839
10932
10104
23108
3905
28185
26200
21687
1012
18459
830
896
21612
30848
25576
1588
28534
2607
8625
8853
3679
29077
15972
30227
12387
27207
6990
24723
27240
22505
26263
3184
24301
11854
29394
14271
29245
9440
11474
8920
3816
14659
9151
18450
3699
17717
22378
16589
6735
11193
16606
31670
6408
24948
18744
10310
31679
21591
8888
31628
32730
30334
14359
12845
14586
28760
9755
29609
30509
15881
29546
31455
23910
15372
31388
10196
15402
26397
14995
24240
1163
21334
271
22537
26458
7832
9085
18020
29849
25132
14864
29945
20271
26538
4371
17335
18655
9498
17534
9352
31355
17498
14791
32214
11349
14784
27642
5710
8951
11775
15884
28132
9236
16207
18285
10263
18366
24008
20188
27510
27096
18191
26495
23139
20431
25909
25651
2327
22149
5340
5409
5350
15502
5788
914
16580
23711
12197
8196
15113
27715
15781
5756
28785
4816
16876
15647
4199
27802
10190
20732
9859
20070
19016
29997
27985
23842
31975
10270
15956
19923
7142
9004
17226
25038
26518
22642
19634
29483
12035
735
29068
9591
3541
31884
23648
3753
16756
20301
27009
27735
22896
13191
31379
14634
18207
28993
9035
13968
4232
22397
4982
16048
10879
15816
25149
29347
15890
17424
7847
6369
23844
17590
18783
16377
27224
11492
7096
31110
14385
12065
16366
16734
9079
1058
24239
25868
11484
11747
9689
32641
21983
28919
11398
23814
17649
30749
22598
23413
29910
22035
10155
6825
29519
22959
1547
4403
29430
26667
3201
22862
13417
20929
21557
18966
2730
21623
15837
12532
32454
16701
21124
16221
22197
30517
8586
188
898
10578
16365
27820
15020
8740
19654
26987
16075
31218
7959
21131
7030
29450
195
22507
22629
28757
6878
18662
26579
14894
30503
8138
21542
1396
15059
24972
28882
28894
32397
9658
4731
27791
26554
23216
4698
16363
26369
6671
8417
8616
16395
8555
11170
5672
16007
17220
23149
2054
15474
25656
26552
20207
23957
22646
22596
6323
9295
13686
22014
26779
17300
27624
12836
8446
21046
15850
21160
19215
17251
25981
3801
4345
18544
32570
16192
7726
32724
3393
1224
23035
5496
9843
2851
12385
14382
9697
19048
23840
2174
28291
3073
27924
25769
5934
14020
27076
13800
4800
9824
25401
8949
10398
4603
19468
19404
20832
17945
23491
29363
19402
13760
27486
13944
32254
9946
44
16890
30449
32218
30947
5354
9244
27810
4336
18899
3956
2212
11788
32088
14747
3144
11280
15038
25688
18318
6922
4522
24901
1013
9104
14635
14535
24475
1364
25594
15683
25509
25593
10753
24207
23009
22053
11035
20903
9642
27352
20251
24738
9229
6396
18191
30436
22314
19773
13254
15764
24796
2586
5519
23633
4252
20028
26948
12832
2210
13575
5767
6825
15950
1392
4940
5028
22983
8974
24728
22158
14562
5491
17543
15008
6469
6588
26004
29441
11724
29287
11029
32059
9003
26981
1797
21484
22485
14448
3334
14782
19229
19359
31398
12440
1947
4664
5346
28950
3282
20933
32489
30263
31759
12138
28194
29014
3220
25461
24431
14940
2806
19255
12724
4147
26564
19731
18835
15742
6505
17108
8826
30087
21844
24131
28896
32120
25686
15354
14795
30159
5707
6259
918
22540
6396
23396
1009
31916
13892
27983
28457
15707
15730
2900
19626
1894
7151
3403
29890
29295
26913
21007
7079
12132
27022
17948
3516
25522
19781
14429
272
17589
11642
28991
8231
1907
3440
16394
12798
30859
25244
29297
841
20584
26631
27240
29951
6074
16628
17973
21528
12327
11971
20170
24214
21821
24085
8274
6594
10668
3889
16650
23992
9394
7590
6738
14885
29654
11058
2052
6224
9433
29155
29188
15959
11242
380
9240
6075
6681
27674
22522
26399
6158
9751
9644
17741
30971
7471
19980
4474
31183
19169
5032
14027
173
17944
5587
27416
28828
6155
25081
19183
25984
22626
12079
30428
27721
21658
30734
5607
2922
18090
26306
24927
12172
24295
18270
7638
20612
9509
29810
9581
25219
29983
29152
26450
26509
6681
10731
134
13613
19907
145
20964
16998
7777
12571
14175
4588
41
10738
17547
3221
3564
23220
10847
24586
15609
10375
10809
13762
2111
31918
14882
22065
22193
8538
15955
3132
8431
24770
31737
23793
6690
6773
10550
26485
24615
17135
15976
317
30449
363
27821
25217
4904
24569
23975
30446
30742
16848
8316
9884
27844
5093
26657
11071
3168
27581
32473
17825
30178
2175
4856
26448
7920
27213
16621
9363
19966
29652
32383
675
32697
18978
19287
30232
15270
26296
19135
9634
7174
4065
10921
17657
3326
11074
31731
7191
1780
7857
24553
3748
18492
13131
12044
14258
20980
11968
32018
28074
11308
5874
7725
17030
13643
21439
4496
21569
173
8986
30000
396
2193
4961
26311
22211
14131
30698
30239
18207
2869
3040
3213
1581
23363
14157
28091
5503
31991
10871
13739
23201
21242
17264
30713
20814
1645
29161
25697
11748
28551
3399
5248
1046
29055
20729
26335
17889
19884
29448
2861
11969
12779
2287
9164
28452
1601
11950
8336
11295
15809
9242
14019
10080
11952
21623
6764
9060
13800
31816
23760
22506
10618
24934
5178
2727
24215
20816
12536
8251
18097
22978
9126
14692
26589
28553
14511
12401
13436
30613
19728
2810
1562
26192
16479
13263
16278
26926
18444
4398
23171
20101
2024
19257
25551
8096
5091
22182
11170
8463
16154
6073
11401
11584
23569
12655
28116
7508
21052
21757
25917
13355
11461
9592
7114
16321
1673
982
6644
25790
30564
22293
24328
18504
26286
9402
26574
3100
26373
3453
2153
20701
32589
579
7550
12971
1270
17740
22680
29688
27517
2990
11211
19095
11574
21250
6296
790
12616
16221
26129
28238
21241
5506
573
19768
28204
9557
4798
12035
5415
14483
30897
30051
21402
22977
19414
29483
8925
1890
4337
22814
29562
10093
12144
25858
28651
20222
27213
1783
23717
12876
24630
28935
14677
20699
22252
17662
1897
12787
21993
21628
22994
17744
21573
10056
4616
15387
32218
15335
28239
28185
21415
13934
19770
7971
11122
29076
19053
14550
21169
9739
6310
19595
22699
7185
15615
29065
17371
6978
3949
21370
13973
3248
9357
1308
18156
821
1184
27449
3538
7688
21459
21465
12673
31119
20421
3510
28442
8820
17987
5104
26508
16123
26966
8706
13240
25235
9343
17397
979
16299
22337
14036
19979
11206
6368
11615
20589
10706
26985
19715
27142
28341
29682
30474
3912
5162
17955
12816
23984
28107
8437
18358
4774
13422
18106
27290
27045
31669
27230
30854
9627
9697
9196
11495
18835
18919
3667
22401
17553
16326
29291
27490
5309
18199
9011
31252
9668
31718
28509
28439
28284
3520
19468
8078
4551
27917
7388
569
1721
25249
15651
9123
3069
17805
11894
10909
27252
17211
4207
234
19232
28090
17838
29756
9281
1110
27166
25440
445
10860
32377
19381
11461
124
27919
19170
30390
21376
19395
26824
11069
22140
32598
15798
28095
6743
9192
18652
1528
14313
24251
2819
24546
24661
32059
14715
17112
18329
1339
7508
1019
7523
6786
29393
14293
2087
23942
23833
10044
22126
10103
16944
2937
23153
18303
8998
21930
9190
9545
17550
1381
3098
27840
15154
21150
18496
10009
12549
11979
30216
25875
30297
24901
22132
24189
13138
17138
10984
11001
19867
23841
26752
30721
22103
28597
13733
24615
5211
8838
26083
18337
32410
26116
26613
25092
15072
18206
23074
17744
29892
14946
14541
11821
8408
8805
23367
22900
34
5477
13031
5873
30672
9773
93
31080
4391
13369
29507
18389
13757
1819
26613
5112
31720
14621
14243
6673
6006
13608
20132
19945
17054
19428
32013
14609
13111
9249
13699
3694
28712
2678
11853
5878
6944
25639
6317
23476
647
18764
25201
12562
4020
2608
13765
1879
25952
9208
11083
9327
16986
26757
25198
10987
31869
23963
29683
4680
10208
5954
29392
29812
15948
4460
28482
21646
23283
19673
12314
17133
24158
13112
5719
613
3752
1679
24314
4805
2026
24540
14102
17572
4342
253
22055
14942
10312
32205
4772
31321
23865
144
9432
30349
18806
11665
3053
11587
16049
27145
18762
18204
31894
2627
26143
22102
769
11006
30525
6987
21614
14867
4908
29242
15537
29271
28279
20042
28647
20163
4683
26060
5548
14546
24896
29633
5262
30251
24183
12956
12738
6528
27365
29769
22806
31414
27886
31597
8487
31302
5686
31216
24532
5091
15284
22713
25330
1117
29704
11448
8513
1733
28686
32042
30623
27858
16819
16152
18044
5763
1287
10785
910
3334
8084
19066
5062
17625
2543
29747
386
19247
22412
31676
25348
25237
28886
22439
1315
21205
13183
4015
11840
28698
27925
7418
3452
7510
25559
8091
10792
19937
25030
3419
26494
19043
30207
15801
28814
15603
24647
30511
8314
18560
23272
25015
15078
12144
14012
654
2219
19848
32135
9528
11467
26892
3721
21956
17834
7975
26964
20561
11899
28556
6876
2513
29944
11102
205
13837
22358
19278
22305
28394
24184
28931
17393
24810
26723
6078
21899
8437
14066
14398
9926
3930
22218
25569
7570
27665
29329
6925
30675
67
26203
25294
6768
267
10085
24000
22182
3967
21510
27696
6563
31210
32738
6014
14928
8796
4193
19653
22894
11877
15712
10942
2020
25629
2598
26338
10071
22631
19097
3535
14588
21111
2225
8941
3754
2194
24110
25425
4660
6677
5766
12258
5877
27321
11554
25274
27052
17173
31689
5071
4747
23141
11613
4306
32138
11657
18629
3159
32001
18257
26666
18487
23158
24055
28774
16178
27059
27117
23737
4569
21020
6617
29374
15020
576
18399
29342
19839
430
21534
6020
17954
5386
2173
31825
10816
26720
27047
14480
648
13239
6484
18860
28427
3562
11723
7264
23269
25011
8868
19056
4896
14601
18131
24727
17621
21164
19426
16576
9876
13822
23166
29817
20742
14612
20533
932
2769
11533
2686
9071
3004
9378
25338
20871
31508
2303
16633
12169
11598
28881
25664
12986
25837
28065
19722
31735
6823
17248
25932
27631
4291
15939
20285
18319
13765
6865
32022
190
6733
13370
30230
30539
32317
27882
27850
17955
14618
1374
2699
28872
437
21814
5192
1278
22794
6796
19590
1224
7272
21381
13988
11410
722
22053
8036
27056
2470
6760
3751
5383
5244
27278
1656
17930
17489
28086
13132
20969
18917
16558
29064
19204
14177
4362
19524
5286
5437
28275
22863
24304
15969
17986
5747
7955
18314
15694
11258
22467
30192
23553
14448
17896
2342
16562
2475
17814
23617
19502
26377
831
8764
31896
20729
19751
16795
27252
22973
6425
4943
7166
31598
4697
2266
8896
3904
17369
32179
14179
18951
12975
14316
18374
25082
31943
23570
11085
16823
20437
22613
29052
27784
19598
2792
32452
30693
10776
10155
27548
15930
11711
8456
22996
12010
19177
6170
13350
24467
32588
6165
3087
17044
16222
8418
2525
9932
1805
17673
8968
25765
25265
24276
2757
23633
1087
8370
4313
10580
14527
1241
25259
12099
20992
24623
25246
25547
22666
7275
2461
31220
6612
23927
1784
21159
26295
5657
4718
22127
5667
20435
9355
7292
8209
10760
2356
749
25784
21599
128
7247
29700
2157
25033
5728
26948
18062
29955
32281
12067
23059
30285
1260
16345
26787
30662
11083
13730
4315
5538
29801
16239
23608
12413
1860
19932
2103
8686
24803
3171
27322
8032
31708
31439
30126
16157
4378
15091
7659
21420
21981
26267
10587
4445
23298
451
10335
12834
29061
23815
7790
2976
14404
31835
7680
19334
14086
22012
23466
19998
10939
32167
31882
17186
26374
4104
9189
5328
28920
29301
1039
17728
14111
15068
30347
13814
2751
21498
24436
3508
15967
12750
24603
12433
3463
10830
7410
32335
12745
18008
6825
19178
18686
7915
30358
17773
28882
6807
32346
16649
15235
7986
27330
5224
25061
3021
16875
831
22186
3814
9386
26147
7904
11488
2858
1181
5051
2736
13527
21888
29077
20696
20347
6522
22579
15001
6567
1002
8266
9572
1109
26097
10817
13459
6091
4044
2617
23894
8131
23649
13643
28400
25288
6935
5136
27427
26851
19435
7783
17128
5495
25025
25714
19300
6250
32503
10466
32536
31365
24640
28789
24408
18718
27056
10940
2558
9460
2579
22562
22367
14426
26755
20778
5246
22680
4154
4856
11648
22158
3748
13587
23648
17050
14264
27753
12260
10172
1161
16276
32464
504
16408
20571
7001
29692
30317
24188
23260
3
23014
26537
17872
18425
4814
2256
1018
6368
11569
1183
22751
17778
6383
4936
17535
5128
28688
24449
7232
17338
30551
21711
12329
27848
3354
8965
20560
16441
31313
6919
18070
27329
23020
18644
6289
7912
2666
28356
9674
2665
23975
17934
30249
15064
31477
10380
19629
13704
10095
1987
21088
18092
26762
21790
28043
19388
13549
16250
6438
32027
10115
27111
20626
31478
26830
32685
25483
8559
17022
18830
18008
26619
4418
10315
12868
20488
2270
6250
10834
9956
32382
9013
14381
7898
11593
24838
30046
926
10554
28866
13505
3563
29739
2212
24634
6762
26931
1084
24228
18390
29234
5047
5642
16478
15274
28768
24090
12874
23249
14951
30422
15330
6628
25569
22413
20107
24253
19729
27146
19764
24488
30182
1547
27120
6771
26820
16629
1764
16836
17032
26053
7780
5295
31686
10570
30297
21640
22356
28306
8934
19702
6669
12194
7243
8777
28623
24169
27657
23054
8646
20983
13639
20960
493
5099
7284
6273
12241
8746
21038
23849
6809
30935
17762
26909
25667
30847
16565
22404
2608
31891
30499
32630
30435
13852
17382
17495
24838
7850
8602
16483
7085
6029
7326
32137
15327
2376
17597
12413
14163
5955
25102
10761
24695
15296
28952
29348
25526
24592
10810
17477
10747
17671
6219
22137
17521
20397
637
12468
17806
3638
11655
30436
11087
2357
14339
25676
16069
13580
5652
26768
3280
6055
28749
6924
23595
30314
27086
30826
17576
8295
4528
7796
19389
10453
932
31270
10816
9661
31702
7176
8047
18167
25112
9915
30003
22869
4156
3025
6566
2590
22465
2786
29138
32446
2739
9947
18876
5307
3020
1434
1441
24043
10719
28088
30847
11493
19063
22182
983
17845
10171
16124
25777
1748
9620
15629
20962
7767
530
32191
20362
8038
25868
9626
23520
3056
4871
18462
22834
9885
18265
26970
22823
8452
31119
15802
11592
31263
4619
7201
24766
8443
20978
22071
32605
12212
29253
27397
19938
21153
15949
18367
22393
12236
11581
2784
29827
25253
16147
32124
11925
24567
8383
14034
9668
22042
23431
7714
23328
23915
5034
16062
1150
3321
6723
8802
19835
18305
22129
9672
10685
21661
18869
31608
7292
6712
13211
20702
6465
2629
6301
18846
25070
6320
12356
17708
1535
19861
32400
8855
26383
18353
7322
30373
26270
17174
29816
26661
8465
30754
29793
9857
23034
26289
32017
11923
32154
24978
3951
20921
23461
28216
32110
13100
32580
19634
8753
12173
18528
15326
25970
25281
10782
19929
3620
16383
12966
24761
10327
28711
16425
3967
605
27222
1826
12103
1323
31415
19932
11458
27649
11164
308
24038
8014
17613
1696
7140
14030
21791
28528
14683
26357
31305
29012
10443
23952
23284
18463
26444
20906
1809
25802
32640
19116
12911
3516
14534
25289
32141
21576
18096
2201
16557
888
3256
1028
3369
27657
18990
16994
22794
12726
17013
11744
2263
32186
13679
5158
19371
14992
15414
24631
32138
15613
24077
11160
1013
32336
29078
27316
22716
19433
7749
14463
14100
4088
4628
1370
7913
6023
16248
11575
8822
31163
14228
14589
12818
1110
29869
20270
23117
20865
10463
6087
10299
27337
25870
5991
10256
7527
11295
17844
12781
25540
18023
25338
30970
2108
26979
20758
4277
25890
1962
29587
23690
26117
23841
23314
7587
11826
2926
16367
4865
2170
23215
4129
24524
1078
29291
5218
11239
25480
7880
28817
13000
16099
30207
852
13447
461
29198
26881
32052
9443
21165
9663
30318
18718
23426
15080
30513
6230
17048
11186
17904
3844
25358
13583
228
4940
2060
15569
24739
32059
25595
15378
2292
29773
2038
10451
23522
17970
28539
8931
783
6865
29799
26627
9035
10638
16161
21319
28261
21448
1813
27583
1857
18598
14180
18007
27691
5652
19417
16124
23403
19208
31264
19712
26138
3850
31538
30400
9524
21235
2324
10372
17646
32501
25793
29350
23113
16859
30821
29431
14055
26002
27083
27998
12061
19689
12569
22466
1611
32405
1979
23850
30056
24952
17309
7203
32737
3619
29341
9315
2724
22937
19008
30635
26999
32085
16291
4594
22159
143
23477
15551
2142
18108
8100
12759
22956
26452
3477
20760
14313
13015
10648
28069
19394
2322
1755
30275
4082
25759
13598
32003
19035
16299
8806
25122
6997
13819
17654
9773
5958
2097
8571
10088
7795
25676
391
20081
26389
5999
28224
28193
28080
3299
17242
23219
16288
15966
28226
31784
21492
31110
11676
24553
26240
7857
25840
3503
2350
15599
22688
9120
24469
12106
26142
32187
14541
8012
3163
27765
31617
4290
22659
16036
6213
23232
2791
8861
30250
12773
2107
8857
3472
10208
27393
16478
9532
17459
18757
29723
26027
6711
651
4755
13989
97
10758
24189
6933
19651
24842
18731
32535
15062
13764
9835
11347
24182
23081
22443
22666
18478
18220
12896
622
16054
8244
9640
4279
12730
27341
25389
26483
18909
28317
3917
26525
14846
20891
15481
3314
13754
17531
13787
7680
12594
21356
23868
8832
19982
12038
8228
5093
6594
382
18499
31797
271
9245
11023
30488
7373
18672
31919
18735
15337
27840
18968
422
20138
9540
24182
23053
5944
8086
6093
18531
17246
25316
28384
30580
21391
11112
13906
6502
29479
29082
21771
18574
9716
29092
32733
27272
28405
18198
13927
18822
21601
28891
1850
22504
25835
20844
24379
21005
8773
32579
26697
12905
29923
31123
15135
11224
3329
5430
26747
7730
21735
13798
7552
14624
22636
10161
26456
16686
17849
11431
23071
11041
27471
4822
7932
394
22348
26232
11665
18587
31721
5226
13462
21562
32072
4320
30144
17492
3181
22104
6376
7028
29578
20684
14953
9108
14207
2348
14538
5427
29345
9483
1437
13479
19642
3737
32166
22965
13394
22737
3136
5471
15661
13299
7677
27133
18453
1589
9869
18831
22490
31925
15841
20050
14230
10419
6287
24977
22069
31997
24441
17598
31541
16298
10922
12481
14507
17419
9088
32656
16007
223
4624
5120
29464
22214
22982
29659
29907
6905
10572
18482
26960
14903
25005
14324
15765
2051
30907
20672
15255
3596
23214
29176
6398
28653
3853
28183
25385
14102
9426
22084
27762
6922
10697
9255
7859
6604
12601
13819
22281
29843
11718
20708
11991
25797
8854
7555
22030
7459
28595
21192
25260
27457
15792
776
14723
3386
19600
16208
29756
4001
10723
1272
26779
18363
4658
10619
13573
15851
413
14470
30271
7277
14275
30798
2680
30279
13026
2087
1418
31357
26175
19795
14973
26501
12233
8727
32332
21242
20729
31508
2028
6549
28412
30421
4491
2904
24084
2981
7958
10252
15420
18339
3581
32750
7947
22296
21050
3238
22746
17671
1168
5752
6441
10758
9744
31166
27711
15693
15586
24726
24081
31757
11842
17624
17509
23299
31177
20043
29751
13900
14830
24856
26204
29563
3532
28798
3941
2537
20518
27080
28358
25932
16296
19324
6456
22155
31855
15574
16987
1745
32460
14708
2464
8417
27461
9555
3686
9385
26589
23802
3939
6425
22166
5621
6470
4149
6451
9093
2202
12649
16962
29590
25326
15901
22362
22513
19251
17546
2210
28595
5477
29900
402
17662
15726
19512
14078
29422
17735
2799
22096
26575
15968
10163
14869
6029
578
13818
1979
12907
24179
29249
23192
13304
14233
26787
8239
24128
26595
27050
2479
30015
23717
16741
14013
20123
14146
25787
32115
2450
30031
2302
29609
816
25589
22980
7539
23238
25239
16626
25834
6809
14517
29977
16176
22743
785
16902
8878
25807
31760
16276
12960
21600
9058
27333
17364
1458
2277
21777
7854
26917
16071
24062
8816
10119
14060
10993
11704
30858
3983
20804
28747
15733
4907
26264
2576
13337
28572
27501
7008
22023
26753
17392
10877
14336
2278
13075
607
32173
6176
3043
28343
13712
22007
3351
31022
12603
16907
6884
3053
11712
29296
19225
7523
24680
15772
30567
18754
15272
15235
18944
31435
80
25088
30821
3148
28422
16503
8312
32743
11763
7865
31705
13716
14012
807
23919
17001
24756
25627
11589
19738
23376
2179
22168
5052
11483
23503
23598
32462
2410
14606
1769
25977
5651
29011
25243
26391
27738
4446
32028
32243
29164
10872
7066
12111
22672
8863
23089
31916
23130
20451
27067
31301
1569
25360
24554
11997
12340
25997
19860
8378
23369
20100
3917
13298
11702
29507
3131
15845
18148
22243
22310
29195
2304
7463
26063
3056
10995
9382
21123
23164
9877
3117
23535
4216
22301
10079
5942
32334
23517
9886
2113
6416
4908
30255
5207
29372
16803
6296
749
1983
14732
77
191
1463
5783
11404
22815
28541
25039
3462
22925
16995
12749
29631
5001
186
6955
3767
28837
17816
1340
16074
19678
17880
14074
15957
2860
25185
12352
26138
22616
12204
9018
4326
4110
5760
8729
25201
30771
29184
21771
30085
18040
20200
19562
13666
9264
12308
17203
26210
9311
31810
26043
8665
24595
31000
28829
18751
11511
30569
15351
13457
8741
5300
1750
8180
24380
13805
5870
7324
18866
8064
143
2284
13420
20116
10964
21470
9612
30604
25630
4006
11915
19924
6848
6034
2695
30938
3580
19765
30430
23130
2863
12484
31227
2527
2888
22720
3184
10631
17534
3285
22597
30726
1091
2051
656
17389
25971
9723
13126
9261
14034
32716
20305
6614
9653
15294
6371
32549
255
5246
10761
26558
10319
23420
32131
22070
31608
31378
31187
27348
24114
14566
12948
28569
9231
18193
21517
25981
30896
22145
27910
30460
6200
16411
2778
29649
27649
32293
23502
14850
24462
32100
19361
12316
449
2433
20069
13504
17998
22706
19853
10078
31600
31382
27462
28225
18395
11872
4107
7628
17649
25655
30323
9475
2360
28125
10574
9037
14092
8847
10225
19319
25489
31277
9422
30717
27116
25499
4680
21637
32435
23143
29125
16557
6049
32684
6404
20486
31631
14902
25009
2912
3743
8678
30518
22345
11963
14936
14037
9168
13374
16580
22003
18831
27376
4386
17079
14312
5944
26258
29396
22670
23437
31482
5283
19527
4654
18929
22133
25841
28435
31452
14375
195
32291
13910
6903
10966
20903
27350
917
9444
29951
17547
17022
15951
30611
23691
30341
7269
9229
25389
7602
22498
14278
18867
10320
5046
11901
12077
16962
28937
30287
5274
18070
1149
8163
7247
4445
12467
24294
22685
9145
2576
28343
28078
20023
10177
12131
2736
21855
1532
3795
32309
17546
23945
4676
27098
25332
5250
5112
22823
32530
11351
2347
16311
1062
20756
25673
8857
3600
28135
26462
28917
28519
27357
31438
20467
24008
30700
23622
24024
14446
2358
14834
12403
7427
26764
3569
4791
16054
49
19974
17833
13198
17121
17296
18557
11262
21778
8124
27643
18617
23418
8185
13608
711
4817
22188
21283
23001
5336
27685
11341
15578
28314
27602
18092
24774
27634
29107
3986
31167
15437
19470
18041
2654
21681
25956
3890
15687
13055
2723
28479
32000
26229
24989
14973
15875
374
9145
13062
12049
22670
28905
24661
17354
12977
20188
25003
19835
20163
10356
16306
5687
25182
24954
352
12841
30159
21137
2079
31528
16737
16744
30507
27276
28639
10548
10811
17728
27220
26462
32611
19993
4373
8312
30777
29286
1537
29046
30263
9417
27656
16667
5728
23109
16362
17841
28710
23959
11841
4861
15244
27850
2754
17522
8840
21766
19648
6053
16811
169
13553
2817
7171
11160
117
21692
1601
12760
19732
17929
19735
11352
4808
28304
6884
20497
22139
5147
24723
17233
31249
21138
17856
23892
19881
30761
25629
1045
17952
29144
21013
7267
31959
23564
16559
16439
23735
2972
12468
12101
8306
8958
788
11729
1547
1979
26758
17860
23448
19488
29807
7679
18759
24886
22277
23535
31903
9461
692
17250
6408
8373
16577
2201
4494
3045
31021
2206
20450
26367
12764
23512
19617
17083
2294
30428
31961
1924
11918
19846
14538
20776
8577
11337
32745
13011
13217
15299
15915
30526
6419
25236
30335
12580
1782
31089
30364
12278
9541
1396
30718
11471
22527
27830
21035
17322
9093
22816
8763
3283
12355
15742
2967
27291
12690
12501
30209
24400
13277
5111
27861
32620
5635
13652
910
21517
12797
26387
25483
16805
30913
15202
26388
18163
1382
23306
26008
10290
27528
10822
5432
23184
17646
12245
9610
17377
17002
29262
30614
8853
17409
16308
5925
12775
15436
4938
22844
24152
25374
3496
17379
7772
31592
13071
9002
17235
12377
25594
28526
22202
19913
17397
26841
22435
22487
690
3112
27746
17873
15194
17585
23690
25685
24097
32676
26392
8886
22557
1169
18669
20385
27992
14122
1922
2305
31012
9803
21463
25375
2222
3127
6572
2830
982
9253
3828
26694
22590
30971
22407
399
23201
4441
4375
10529
21095
7385
23397
13321
25462
1685
12468
16590
19018
4330
8830
20821
7752
24188
20071
15362
3663
3194
8047
14368
19345
16932
12139
2435
5793
22922
23734
3947
8908
1430
26660
15020
17325
6476
12087
12044
6396
21585
22166
5101
11431
22698
30906
22572
14116
11719
11499
27976
32261
29888
31339
15815
205
12766
3057
25301
26626
20317
14168
23855
27267
15728
11673
21823
7452
21382
26359
9864
24664
22220
8057
14917
24726
18931
30621
30029
23647
27187
3403
15674
9463
32144
8456
22730
3378
22108
7020
12166
14985
12285
1750
11425
3181
18672
20830
18722
3548
24078
27403
326
9521
27406
5191
14623
30272
21580
28815
21634
10914
24008
12655
1568
5198
4978
28078
6643
24169
1701
30918
16092
16480
1265
20118
5002
26419
11293
26459
31389
2324
32620
2013
31243
22320
25120
25062
10691
16845
6973
6392
30097
17045
18063
32575
13890
8497
22254
7877
26120
26138
3521
25317
29728
28588
3009
30210
31665
23933
24320
10105
25080
17900
12841
28115
8098
27133
265
22848
14713
23396
30286
2625
11331
18655
22159
164
20455
25801
7309
22197
30162
6637
10937
15539
18073
664
13814
18561
8928
22002
19871
28062
2938
16269
9420
12631
21714
21823
209
28475
10633
7981
28936
16848
8288
26153
13265
25476
26969
15422
27862
7142
22041
29576
4244
3350
16785
30537
10519
30074
6877
15162
22532
14771
5996
13599
14813
19152
20578
5278
3713
15553
20282
11601
19186
8462
19888
18202
30811
31177
11486
18615
1106
22721
26533
28822
26202
32504
1102
4074
16044
4183
18801
31742
21047
12193
14870
10697
2021
5798
7451
10180
19232
32441
5078
27128
30613
28003
1018
7259
12855
14681
22719
28508
21383
23468
24381
4797
18195
24896
16921
21153
1085
4223
26724
2790
1086
5966
15296
25780
22891
21824
6597
4694
19382
5642
29859
32073
7799
20536
26376
6803
25453
15390
16196
22870
32511
22288
17835
24485
16840
9942
16954
2454
15187
20826
1406
24217
10787
23716
30898
28936
11511
11016
31016
23551
6476
1950
746
21357
6946
22259
28320
31339
515
16382
18100
29645
24386
24918
30645
24823
22913
26274
24569
17139
22901
4688
647
29120
29678
3978
24883
7660
13585
8293
16907
4197
12520
31836
25586
7308
32030
29438
26251
30859
30723
9955
26969
28648
214
29924
9764
9307
1348
23435
2718
20701
2092
30409
5446
17154
1445
25575
31117
32392
22594
8639
20279
16176
917
16684
20741
19660
2033
31167
28305
21914
9076
30388
13689
17104
9285
28708
21951
15224
12315
25724
17776
18814
9471
1581
18308
21768
30546
12709
23046
27141
12561
32639
20341
31753
30296
18166
5993
7256
13093
9376
31353
22081
22111
22873
19805
9645
15895
5500
24400
15351
14605
1114
10168
1790
16758
11236
30473
11897
21756
29867
12007
31627
3591
28171
17803
24216
25147
8866
6247
1878
10818
4359
21005
17191
22219
7353
26445
5542
30418
2902
28573
16255
29474
25102
23743
10117
8985
14166
21917
23038
7852
19681
14456
4673
29098
1484
2113
644
5189
3353
18759
19951
19662
16478
4371
26869
24256
12990
19856
21475
11008
23577
1904
25529
9571
18560
9162
3386
17265
23532
26888
26175
18537
32303
19200
20816
4741
17194
16993
1909
19838
25409
13137
29770
11859
6156
10068
6226
7239
12623
24176
25997
27432
30253
31631
19021
2775
9880
20516
24133
20485
12556
2833
26083
14907
28797
20169
8160
23325
1678
29361
4373
17135
9731
29645
17040
5720
24953
22680
9703
12646
21076
3123
5068
31699
11258
29890
6370
21127
3903
18708
1231
10845
12831
27010
28563
20522
12211
16409
10520
27132
5214
27643
18185
7583
31304
15362
17640
102
18957
15527
27227
13351
29622
23842
27591
21896
13288
28627
31008
8057
14683
2529
12032
26626
16014
1569
7670
23103
27577
12089
23584
4521
5380
21765
21756
31382
10486
20793
19323
7172
25392
16200
16983
11922
5979
27525
16039
9423
10335
15752
6321
2231
32725
8660
20223
21115
6592
14007
4021
7297
30839
16497
27681
22700
5350
10392
27284
27357
7926
3258
27248
19642
8778
8261
3715
7854
25388
26020
8595
18992
1991
683
10554
6473
24982
13365
6901
26448
27420
9483
26487
20217
19926
11272
20547
31118
1134
13691
15225
29563
27953
23501
31216
10768
24771
29540
13190
30339
8465
3526
28084
23092
13448
14338
24678
20533
389
30796
3337
22538
15884
20199
19429
7597
1980
15944
17325
25302
14338
7800
32596
3448
18574
16314
5667
32655
23555
8302
6665
7193
16115
14901
16434
7522
29962
10838
30682
8325
9865
14688
25444
2608
502
1553
26534
10407
26130
22391
17800
14092
26636
23125
29133
9693
2548
19912
7984
19646
13682
25386
11955
27001
20152
21815
31284
4163
29621
31342
11585
28993
15244
22202
8237
5962
2628
28754
26979
1007
19649
27614
6395
19640
12531
13275
21131
7601
11853
12096
14656
17701
29305
19298
25133
11434
1610
23829
16610
25437
16114
7444
16961
7535
20341
17315
2445
19681
3677
1906
964
14219
17328
965
17711
11875
4895
18898
25911
18940
22144
8554
19578
20557
31870
15580
10526
10164
16271
25623
32101
31547
18727
23310
31874
29721
5420
1889
10668
11388
10665
6457
28016
16261
30406
15219
5451
6804
29432
3842
29048
29639
18293
30094
1287
2493
8427
28513
31791
4256
30833
4228
23781
28770
26814
20773
9645
14406
25496
15676
20145
27555
23440
18287
24848
3045
13805
17202
6264
980
6374
18994
17143
22553
27156
4340
21262
16637
4390
28345
22536
4469
21207
7334
20617
3932
22557
28705
2922
8447
13731
5246
2756
29662
1914
2011
7499
177
29964
24392
8670
4266
12625
5676
10588
10234
19269
27876
27320
31126
25241
6828
15696
18491
5288
22211
3450
22703
13742
31946
32608
22859
10804
20589
13327
25270
29903
9286
25802
30195
19466
26622
18596
7070
19617
25014
30798
2162
7152
5797
17453
27407
3754
9986
12463
18170
10190
8484
3296
230
983
4072
22328
50
1076
18515
25783
2482
20215
14968
32309
14258
30417
18844
26611
13112
24382
28569
1909
4746
12541
12160
7060
240
29379
7042
15055
5051
6704
29201
3042
28806
10498
5698
27802
10428
10889
26486
31463
28251
9563
15417
13363
1527
21832
1130
7922
6657
16784
22173
12922
21321
852
27837
28949
23234
20555
21494
26709
10373
7606
21457
2984
17433
28566
20641
7468
23026
10268
11551
6341
18999
27489
28497
21868
5321
27479
11440
20682
18048
12288
393
22789
19384
12253
6052
2266
19468
19626
36
18924
29537
2120
25774
20827
19495
1531
21453
19097
3803
11221
11413
9337
2768
30834
28039
13449
3120
24806
27317
9378
25405
19188
12071
24253
28893
30593
3452
27400
23638
28999
9172
29754
22102
21454
22254
26147
3382
32408
2190
23175
13951
2204
3362
18476
20910
2039
9380
10290
2100
477
31426
1443
20161
5845
29245
11083
11202
16166
16271
25546
18217
11148
5840
32743
10092
7728
28890
5927
16336
20439
11180
13983
13287
13658
2572
29190
29783
14678
22129
2830
6366
15908
11551
8948
7059
31756
12692
10838
22895
4021
13091
838
31755
19680
1247
2460
12459
10582
3258
30096
20604
21535
19950
19592
24090
19701
29340
21550
31829
4089
6323
15302
16949
10660
26132
28607
4156
18175
10228
19335
19178
5655
385
7588
7815
2731
28104
12801
12316
23337
6358
22149
24515
18905
21533
3562
32
3671
10778
25805
10032
29510
21813
7425
31809
31811
7657
9001
10050
10264
25636
646
17725
9010
22513
19213
1570
32342
9556
7613
22470
15759
6005
21295
16939
21355
30465
28783
22786
23654
10190
24074
26222
11943
18878
5480
13067
4586
24805
14428
3887
13246
18670
18170
368
11248
30650
26537
15974
9543
21323
30073
19890
32369
7905
18614
62
30526
17250
28093
7111
15884
30463
15886
24473
29059
2069
4003
18074
27266
20305
28288
10890
25176
3352
5260
11401
18744
13862
5023
1754
24807
29557
26076
11238
28600
22880
22593
22148
8122
6664
892
28535
24112
14071
18176
27704
20289
30211
31321
2807
10737
7541
18620
4060
4176
15211
27363
26514
14321
31867
13080
21254
30366
21913
8079
108
1866
1339
26360
13700
6983
12219
13141
28443
3002
6908
32521
6612
16203
19792
18482
18472
6177
5017
3641
2476
32269
12975
19880
18322
22789
18434
28219
19059
4053
7553
22329
19788
24337
29882
7684
16838
7246
3394
751
10682
14737
27223
12369
10740
7432
7108
28632
14903
8440
3589
18975
5762
20471
9644
17538
21906
12635
10755
12593
18600
14834
17139
17795
2188
13556
3620
27277
21458
14645
3942
31732
8796
32415
80
26879
4640
10208
17190
27632
4395
21600
32000
19349
26854
3702
6953
23322
3737
27099
18374
11297
23853
26207
4536
10004
7222
27354
19395
32186
30769
27750
26351
11273
20489
5579
19502
31548
31713
827
31040
15141
28941
26176
25812
9667
26465
9714
28144
8471
25519
20333
23186
21300
19339
27266
10648
15510
26193
1709
15325
19636
28522
5191
6309
9432
7626
24061
20795
32047
17597
13953
18392
24604
29156
11903
24007
12242
11386
26323
19655
10786
14812
21241
12209
24209
2889
32709
32346
19118
14566
12884
187
4259
11781
29506
32079
31753
27302
23069
9917
18689
32318
11546
3255
24960
8120
10503
5154
1258
1722
1409
14967
3555
27177
2407
10345
19042
18415
17295
22472
6662
23036
15287
20645
18094
23690
12222
16823
19268
2470
12564
30717
31961
28140
13935
31141
18935
31378
30143
18477
1074
30888
6757
3528
26625
16797
11167
14851
22220
24838
14151
20904
30534
923
5310
30178
12285
22402
21539
26275
12336
16849
11720
1091
31456
3406
1510
5226
10281
30329
22671
20015
20691
14540
8677
29057
22565
321
5770
28102
2041
27157
16471
23491
13078
25547
21329
20156
20921
12149
20184
16604
19573
20015
16162
7895
26941
2540
13032
14029
3776
31605
14687
3698
20981
12718
31850
25708
502
24091
19214
24828
9745
10916
10278
14817
8732
7317
12632
19833
29962
10473
29255
31018
17852
24008
30730
12032
12825
17742
14558
3735
5217
25998
9239
1340
12990
471
28253
14671
3357
310
28180
17643
15675
7739
7196
970
7427
17408
3259
30818
10007
15464
29911
3156
17837
5029
3945
12295
924
21757
30510
7568
21430
1229
18592
17110
25177
31694
8228
5875
9537
1943
18565
24285
7584
29795
11681
9541
113
25621
26466
27071
14601
5753
28912
19236
31215
1741
24613
12596
20461
640
12610
14720
27495
7481
31456
27528
5100
9755
7721
30752
31243
584
18247
2072
23400
4259
21021
24091
11535
31451
26421
20440
16391
6053
25850
23136
5163
16968
26920
21967
19765
19295
3712
3119
32284
26330
12992
14233
16032
15175
22738
11165
16162
30288
31556
11749
20154
2692
25336
16916
1924
31322
22045
27892
5434
21618
13149
13009
18952
17695
19800
21792
30107
24867
6738
4965
12924
3513
3112
29523
7580
10713
9353
21556
11312
23735
6498
20875
5054
11661
7578
14584
30840
18586
8704
5981
21962
5482
8834
8511
21807
601
21407
31343
1864
10579
17439
8425
13103
12765
18177
32508
12297
5209
14773
26795
31962
8837
31371
2132
2718
31046
9068
32399
27797
16292
23752
14681
25310
22293
23759
18034
29511
24830
26340
9475
1124
15735
24398
23172
11998
26447
18225
20189
14606
20815
13501
13259
28874
10435
7078
31622
22399
8503
31188
8865
21632
11647
15451
20785
24990
18938
28845
5937
26105
15383
5647
18469
13078
27415
9033
14846
22577
13845
5282
27454
16340
27460
5643
21596
19368
17529
7579
26730
25228
3305
2619
2293
9444
21555
6819
28973
15155
21153
20613
23621
29421
25258
5127
27421
7558
13244
11127
3359
26063
6713
23354
28775
3970
8384
16902
15654
21787
16045
17746
8264
22506
22499
8714
26964
22119
27081
30086
16276
7365
2450
21181
12919
25546
6082
14262
10547
4573
19693
30528
30126
4705
962
27363
3743
14145
25673
278
13552
22732
21609
31666
2152
10180
20909
29351
20358
26033
6216
28398
30384
30587
15190
12735
2701
1592
4708
31747
12719
8771
8243
27148
26997
7310
22201
14212
2607
2617
23657
32675
22148
9827
14004
19877
6673
1600
32208
4476
6995
21355
32184
19650
25799
126
26740
3057
10575
11233
32154
32726
18392
9439
19221
19267
12858
18175
27429
22789
15199
8081
25511
19989
4264
4487
2711
27667
25228
27526
5075
30703
131
9277
11297
30954
27682
12534
17780
25533
10119
10858
30827
1559
17143
13274
7963
17997
28102
22619
3342
2893
3703
21106
2187
24789
9765
29152
26904
11234
802
5055
32574
874
1757
24782
10636
333
777
17930
15071
8074
29179
23422
5600
30126
3668
11611
8653
27283
3553
6987
31869
11846
959
16899
3486
4169
11715
8983
24386
1531
12568
32531
24474
30036
2602
5575
28672
6101
13251
16610
25915
2495
18804
7363
23807
22916
10551
13195
3252
11131
22610
24183
28024
17879
12159
20845
