11711
15973
1265
20998
10763
16354
20888
23538
4837
28344
4392
8272
1762
28860
3437
20428
2511
14612
12616
7376
27450
25766
17237
7070
30261
15056
13260
26780
20054
9818
421
2286
7682
15017
31488
14666
31211
6453
23747
7944
7640
19261
5509
3961
26277
25529
12203
24954
11658
32144
9936
32073
26784
27147
11371
7831
13472
9097
8107
31966
11246
22645
15526
19956
11991
8822
18099
22241
279
15845
12820
32494
24735
21892
4313
6398
31125
13933
18176
22305
23451
72
18913
7271
21588
9665
28362
8434
21284
20794
3302
7247
14904
444
30307
27143
16583
29748
3283
23664
19095
11484
29907
12745
22722
13559
11499
24454
30650
24769
2998
10217
20107
12710
26947
11730
13152
10418
30650
31448
26953
7497
3907
11160
27451
27672
28963
13901
26713
4683
17960
32674
21873
2304
23624
12740
14282
29948
26501
2490
3357
32413
18964
3833
29921
26128
10173
26931
32459
10180
18565
18545
17046
17695
3723
4961
9472
1391
816
20465
28181
17187
16250
31260
5295
6459
13243
15620
25406
1277
4717
16962
22981
20458
25185
2938
28965
22000
31769
2610
9118
31713
30322
27108
24211
27172
18053
16465
16781
24491
5840
6169
20099
12580
6545
2441
28505
18548
23155
21940
29862
14433
21356
14277
29114
14478
18662
24723
6624
7597
12573
20598
736
8688
10952
858
28872
4544
18171
8977
3820
12466
10828
13294
14892
27319
18741
28559
16501
9619
17337
16890
14731
18064
9290
7404
23813
16499
1515
5485
31129
15791
26002
32680
29081
15065
8912
31994
24766
9564
29619
12361
20261
21102
20460
3223
5527
25154
5933
29142
22285
25471
30421
3070
13171
19186
21199
10334
6061
4991
13751
29999
20184
6750
3135
24431
14546
2948
12242
749
18940
29278
1143
24736
14398
17093
11767
20284
31052
28207
8258
23047
30248
22818
3855
489
6121
17647
195
5315
4538
412
2196
3842
3109
31778
27630
15220
5522
31961
14101
1370
31754
10800
1293
12478
29761
9121
32439
27911
12756
18660
21820
30154
21711
355
15278
13795
20594
6127
9197
8389
12085
32433
17096
13838
22537
3939
8037
25439
14561
7104
12771
14442
31345
25144
21821
8524
8501
15081
4210
6942
16310
4299
31459
5830
7689
31530
16380
32275
31384
2906
1558
3850
18469
8870
15516
378
3339
25737
5485
10967
18375
6433
11650
5188
31928
5088
10449
14066
20771
29317
17777
21161
22394
18506
10750
4772
28894
2399
29503
29858
26594
19096
17670
9786
10386
10595
25176
19567
14772
28668
4302
27012
23373
18916
19259
21778
28263
7311
1935
31319
2578
22620
5116
20689
25001
21963
20311
17163
24662
4843
16576
30648
7640
25873
21125
12542
4228
29391
13380
13844
8330
2596
10320
31503
122
9969
16470
31481
28423
15788
19777
30756
17930
7768
1626
5821
31434
949
11188
1444
29562
8884
10183
10619
22019
20013
29787
32254
13316
724
18088
8594
14359
28522
18107
16160
14423
19760
22043
18979
21023
7329
10669
16640
29460
6752
15061
27031
29541
112
21470
15383
9553
26531
15260
28694
32234
23893
17487
24545
15129
345
16843
13840
10979
16436
10966
6494
30698
32137
27090
19128
7991
17109
8348
27028
29494
18013
25523
21124
20482
24164
12445
19467
25827
13472
9094
30127
14102
19951
12331
11599
16844
14919
25078
24247
22388
235
26474
29042
10301
7397
27842
18655
4567
7600
2517
2696
7290
16437
18237
7854
18730
5113
32440
7977
5433
148
6862
10351
22285
16229
31157
16626
22564
7556
30577
19119
20564
6648
25407
13059
9816
13354
25652
21697
6536
32410
4386
16515
14568
18897
16315
24381
19300
31639
20217
8984
3418
26213
28861
14973
26457
13597
14006
31087
553
16121
26244
27935
23563
22465
22813
19898
17217
28738
26992
17030
22993
6907
13897
11309
1671
18713
15221
26969
30521
21414
1574
18816
6222
9469
2201
8706
9601
5761
20725
14705
14307
22158
10103
32047
29983
27312
22476
13631
17410
8723
10686
10837
10811
3131
19731
29231
14175
18421
15538
22056
8496
16014
23816
2059
29982
8002
22954
6437
782
12023
1596
26526
25947
16428
18065
30217
18970
26412
16915
24889
24995
16007
26214
26710
5709
20418
32072
15153
29048
29774
22972
725
20945
17079
24679
22623
22225
23582
28474
7695
9607
11753
26705
28318
27288
31673
25627
5842
15748
17820
20156
19793
18730
24197
29871
7347
23951
18169
17072
13274
20187
8202
15577
4230
17828
19081
28939
14372
25711
1656
26767
29415
26228
9918
23805
15642
7074
11550
13405
25269
26083
25194
2189
31022
7073
16116
15843
11153
29577
14150
27922
3283
23951
16659
9298
25700
27954
9325
17339
10499
14593
27959
30962
7638
21342
4318
7688
17850
16514
7236
32671
8408
3521
32253
20047
26745
28175
16574
16200
15643
32708
18962
8248
31427
8092
29007
25199
10134
27906
713
24897
12451
25486
837
26539
26884
11724
18353
14650
32549
5439
13586
8745
23651
13221
15549
21193
8921
18813
26826
2598
15734
24007
3270
21480
13907
2827
28328
23927
18244
7580
31750
9827
22702
26398
24457
4098
25240
27462
2719
4187
25604
18913
1903
3138
25727
2584
10002
7365
13303
10994
24576
17351
23757
7450
28872
21483
31787
2531
6917
4020
29848
2953
2701
17386
11977
15034
15595
24895
23738
13652
32016
22834
29438
625
18245
16948
19540
30625
10596
1801
11130
886
29512
9586
3910
326
19330
16393
3314
31276
31821
1900
9400
30544
3269
16029
17566
18792
31315
24233
28052
27007
9836
7560
11964
22261
19579
23621
27401
5832
5147
16479
7435
14353
5002
31854
3337
466
22106
3081
11601
11758
15466
26344
4300
21881
17685
28486
12245
29234
6825
8073
28491
6478
29211
15141
7653
21368
4857
1726
23494
13845
7071
19341
8274
8652
21934
10756
21055
19014
11962
32693
9711
27442
10563
25712
13821
20109
23015
683
2582
2080
17621
20263
10
2634
12165
25553
19234
30719
15015
487
32181
22545
22617
32603
20726
3502
29340
9084
7952
14891
22025
14035
17269
27647
13504
19019
21874
16147
21922
31126
28936
21049
17344
11467
503
13817
4626
7508
17691
14484
1901
8711
29691
13123
18095
1683
20128
15552
18237
29214
30627
25863
12719
8492
22154
24158
29897
30403
29781
14227
9901
10445
1619
2949
1616
3005
6970
18917
12587
16757
7799
32062
24883
20327
9667
12851
18186
24571
15607
25609
21623
13105
9249
4709
2836
648
13271
25686
9030
23582
23499
31893
8050
14616
28576
25356
8046
21316
13820
10134
2102
32253
28127
8710
21473
1616
15923
29546
7635
24157
17316
11409
16179
6143
12465
15818
4000
29359
13315
5103
7711
165
6398
1698
30296
10049
22167
31703
17923
32426
101
25747
30365
21685
19962
30450
3935
22280
11379
18799
29552
10367
3662
13152
20570
26062
28028
5824
20667
23912
13239
30513
26429
32416
32022
577
17863
17422
26847
27885
21749
7477
27804
19044
16326
7010
23921
16397
26517
26071
9132
15050
21579
14633
19614
2431
29906
30183
28330
206
17357
636
5019
3109
9350
1111
7482
20475
3111
13385
22561
16726
19246
21038
12490
22161
2843
31695
16107
13660
21611
27399
6918
516
12490
24357
12859
13301
15749
13714
3170
4989
16958
30132
14422
17618
8163
21521
21139
1111
11233
28856
23044
30747
19348
21725
18198
15010
25602
29635
6417
745
29130
13023
19880
3492
23895
15674
30415
11210
24409
9751
25292
6739
2422
7894
2705
1857
18236
17432
14921
26589
27483
17956
10289
1091
7441
28809
28073
23584
14821
21765
5771
18619
32664
7590
15035
50
4697
18991
22015
24070
13112
23741
21009
5338
15069
14762
30451
11640
11386
16050
13699
30485
29950
21844
79
19670
10892
1147
9898
21651
24619
17758
26112
6874
25023
8101
9574
12343
27704
20685
3957
11186
13833
717
32345
13978
23515
22010
28197
1409
1411
16936
26985
25224
22322
4882
9223
11485
748
1020
14402
29057
3644
16022
14872
335
8229
16676
5330
10298
27483
28636
26329
27094
2228
21903
20427
26394
21977
22412
25806
20836
11329
24770
16165
3773
1120
18468
22785
29534
22811
30290
11417
13428
24448
3701
18812
30753
26292
7786
21542
9923
29740
6692
9170
24952
28704
9803
29328
16866
30269
30249
21399
18215
7835
16583
25564
5180
21230
4435
26852
25444
1024
30405
20950
21235
21343
22211
20180
28504
1362
26561
29323
7770
20242
5740
4617
20386
21815
23113
22223
5754
28273
15769
14120
4308
32376
7297
18617
16270
32070
24423
8536
13300
32387
13471
14882
13959
19777
3399
2247
19197
28649
24943
17193
13704
10357
32638
294
25947
17632
27344
12465
26731
21467
3492
4136
19570
4546
16950
8929
4410
8654
30504
21511
4120
26508
29478
15268
31926
5262
31690
14846
25366
15968
25533
23847
18132
4285
17440
17616
18348
28675
25898
30814
28475
8165
6674
25408
3082
16992
5167
27519
15816
17136
29022
22166
5847
515
2468
28805
30475
21678
16404
10529
942
11423
23283
7086
24775
31827
10011
13487
3995
11145
27293
27133
5749
12278
27306
14615
21923
7738
2228
24505
11713
18195
15056
688
23354
13520
25439
14060
11019
7433
19437
8407
27850
6798
18265
7653
17895
17309
16182
11372
18995
28760
12402
1463
32158
17781
23349
7766
9029
22328
10764
183
32172
30878
5191
13819
25671
2780
32672
12546
21056
24839
25885
28616
21108
3093
15671
18165
27839
8964
30523
2991
30841
23385
32753
4019
30784
1484
7036
9124
25336
17218
5761
5026
32273
1531
4747
21023
11528
13069
29102
17646
23089
30737
9579
26781
23731
10524
25812
15877
32724
15089
3568
13855
3959
11636
13921
4122
3554
31330
12100
23978
30405
23616
89
8610
13176
401
7780
15557
9349
76
24787
7385
25702
7565
31392
25086
10128
15755
31353
28222
23984
4042
5663
4965
30772
19346
17676
21267
31245
4255
28248
25871
13491
16410
11741
30686
22122
25032
29850
24469
11717
27010
2133
9963
18024
28901
9860
13970
17169
14666
20078
1736
6362
2552
30350
3881
4024
16025
12600
26823
11336
6635
1151
22140
26315
12472
31061
10111
21358
264
9716
10294
8144
2453
14205
5451
2494
30079
16095
17666
13121
12353
17659
31434
30682
30180
27142
6418
9996
13171
5166
9565
18459
19374
29056
21145
19220
5122
20745
1452
19213
7609
5947
2129
17838
8047
20883
24098
27632
4805
11641
28661
28709
23129
22120
364
30009
1013
32590
9416
823
31494
6966
8446
9486
16208
2340
32269
5014
29665
14144
11150
4558
23107
311
30093
24168
3574
19935
15255
24199
5149
12314
7700
26055
4984
3836
5592
16254
18578
6448
10740
23873
2620
1943
14290
20138
29241
29491
385
26201
32315
16964
30285
12345
15631
28848
27027
7428
23572
14248
11219
1802
10481
22665
14855
29742
23431
3840
30515
14641
15397
28274
9278
25139
31227
11931
2560
1142
17874
11125
2460
23910
1274
7259
1808
25302
12419
18030
25098
10381
13488
11832
28926
16129
25768
3215
12917
28514
22127
2748
10408
30938
15125
2525
4941
13076
1837
31112
31665
14843
32641
433
18183
1732
32260
974
17151
6702
776
14136
24731
7176
26289
25813
4415
5108
16042
1524
31239
8044
19478
19064
29020
18690
1482
19001
31434
25836
4793
26023
13580
5823
18607
6577
28265
25723
835
19173
21316
31432
26375
19416
27374
1663
25857
8904
22206
18284
4703
21120
1892
16467
10342
10876
23674
10288
16556
25166
25180
195
8583
1088
8762
30284
11973
27451
14443
27796
21149
22503
9476
23852
29414
24852
2730
27385
18055
17241
20388
20209
7983
21498
21812
543
31558
6927
14632
18669
29731
22755
21932
930
23679
31387
29538
26666
9001
16920
25013
2326
19964
9502
26986
19939
8463
10165
19831
16511
17963
13775
19993
21513
2178
16428
25121
2264
30877
8315
6798
4544
3223
2242
25697
24208
4233
511
7341
12255
31557
15888
10990
6153
31559
16592
5531
3444
20456
9347
17663
29208
17109
32116
26692
13374
21952
8412
12497
27783
30805
21254
22486
7473
23152
8369
8740
30358
11917
26550
22083
17653
28800
21226
22718
27509
1126
19782
25282
4199
16859
12357
1767
24268
16237
12686
30798
279
29265
21459
18412
14644
30293
24313
3109
14792
4630
9081
9885
9403
19315
3334
7243
21236
8257
18544
13263
18787
14144
200
19973
32581
7502
30661
11482
22947
25307
32102
7262
28
11677
2777
12827
28389
4741
1180
5798
27150
19441
26594
3443
13831
8227
26424
12013
14690
3058
14952
2246
27610
1471
9629
6284
13973
27819
31689
21630
10662
30727
8260
13981
10966
15117
19382
32262
420
4301
6198
6782
25738
1129
6323
30287
27522
2437
32659
4691
3017
6394
6299
10318
227
1482
6671
18304
18143
7769
4378
8059
2524
28122
28015
27955
11980
12807
28721
15956
22904
22805
529
32472
5061
7143
13494
1240
31285
2178
29537
3746
4528
4289
9937
26381
10885
29001
20580
9225
29868
1216
24704
13178
10574
22330
19505
10823
28038
3572
9747
2477
21098
30533
15987
28378
5701
22225
3761
24759
2855
16896
29672
12293
18080
8367
31953
7595
32456
9765
20197
15182
14466
22088
26306
14883
11010
27408
14288
7169
31885
11837
28452
31419
15488
6981
23973
22956
16020
23953
19821
13715
15200
32488
18034
18082
23072
23084
1637
10449
1972
9796
12250
24184
16108
11609
29866
24861
9730
1093
16277
13450
9576
22088
8492
12323
23492
6397
1007
29303
4922
15501
27570
13077
7145
11299
17477
26273
12216
12960
851
26919
17234
6031
8587
8878
26735
2139
12030
23057
9558
8639
1736
10762
26015
11647
26099
19600
26686
26710
27032
12387
20157
25647
14407
3301
12745
23192
23209
26667
24304
883
1892
17236
9129
17390
26175
24857
18837
18870
3719
23206
10244
26216
17585
30376
28347
16201
15168
30376
3573
9526
23274
20119
24487
10462
22006
31402
30216
16174
2792
26472
13137
2573
31328
8193
3777
6474
21568
14049
10981
14290
24589
7301
8470
6439
17560
22669
9795
31501
29405
22803
27889
3975
14379
19516
26751
17153
15237
14348
21935
13007
27209
17535
11362
26582
6159
27605
24227
10633
21972
1325
2279
32024
17496
23893
30611
9443
26052
20961
9663
13365
12944
8826
6458
2863
30116
27769
16334
20226
13245
1205
12741
12898
8723
9112
32171
8759
28729
6009
24918
10901
26948
28965
5156
10222
12335
24255
1668
6278
7038
10443
15032
8744
29730
1413
6873
8216
7069
13943
28699
19784
23910
9290
24402
24270
28559
27869
3765
8854
26277
6036
22754
30292
8408
25587
12579
10941
27739
26219
7408
9975
27918
26483
26293
24654
1371
14555
28117
31272
18013
30045
14318
8763
11080
24182
10079
31997
9221
19572
31495
13916
13084
25807
31568
2736
8919
2748
30828
23534
5541
15872
32223
10014
30140
23554
24382
28175
2050
30501
566
26953
9774
14420
2511
5699
25642
32479
18162
30166
9404
12933
4650
3826
24934
31698
29351
2448
10635
22187
13960
30183
7378
13095
24666
5091
25808
6304
3547
11987
29153
32522
15364
24930
32598
21124
3143
21960
8918
21805
28438
22081
27390
21305
22436
16830
20811
23876
23791
14555
826
31973
27646
5906
18093
6023
28519
3118
32145
29556
4117
27138
3262
4915
29512
31322
10782
23316
6621
28978
22034
13577
17616
20262
1041
9911
767
18474
13971
3533
19505
635
4653
30357
19798
16854
11261
16585
18961
21223
5960
1703
14195
19204
30306
31303
29706
28699
4814
11565
16666
23785
16551
30235
24874
13677
4414
26920
32706
32669
6405
5654
18036
29783
19628
225
17177
23706
14729
2196
861
20214
7485
12384
2430
24897
8341
32495
32336
8844
14766
26614
17541
29013
31069
29706
20779
511
18381
6836
28022
10623
21610
711
17856
16471
15614
7409
27086
12744
12314
19601
8789
2883
3768
4808
16316
8226
20766
28627
17956
5525
13062
28312
6822
27359
27387
3710
5595
20930
28934
32642
8098
27447
6282
25736
14365
15459
365
4078
4605
28615
9336
28263
8704
14007
32513
5127
18359
24333
8647
8090
29581
28958
10013
26682
28165
27117
21579
10529
9283
26015
27185
8123
7630
20015
26925
20479
32660
25187
19519
25344
16431
10495
32619
21439
29030
9272
5471
24132
17143
22891
86
25837
8852
271
21052
16389
7467
29417
18451
11160
25962
8830
9365
18310
9091
16334
7707
24023
29228
20543
25533
25422
11498
21464
32187
26177
29584
19119
3356
24488
1794
11941
11924
6771
25407
13648
1195
9505
15007
28217
11548
398
13913
4424
9595
1804
8263
4476
25371
10934
23022
18399
8751
8705
17593
19130
12335
5012
32645
17669
13694
19034
7522
25121
16969
7893
14744
8650
8882
2741
3305
10311
15918
6825
26646
24291
1579
12917
14245
30881
14327
22341
29920
12076
30173
29760
10273
19469
31633
19809
24653
21024
29134
5250
17311
23369
9533
21690
7591
32355
9369
10217
3730
20857
2577
27281
16299
23609
29677
25064
16674
3749
28789
2091
29964
4108
24846
29492
11180
31289
6311
2383
21745
21738
14675
30794
27455
25988
5431
8907
31603
9988
5799
30694
28193
32313
29580
26863
30239
32305
12297
29069
18504
20721
13406
26128
122
6248
31244
31749
22497
23462
5178
16647
4216
21578
5975
29656
14796
12345
9217
29616
13060
7062
6437
14804
3614
9966
12648
4459
14459
23986
4038
397
3230
8427
32633
7582
12593
6697
27421
12250
26952
23228
20241
29232
14826
31527
11040
18772
2254
20178
14177
13840
6242
32767
24667
28891
1297
10239
20077
25516
10182
14246
31854
30224
428
17404
8592
24443
5433
2869
29322
29659
20586
17892
32246
7795
27728
6251
10231
32487
26059
14518
2336
23699
29590
7209
13457
25633
7555
16854
10595
25435
22792
27892
29511
30525
20219
25484
15977
24655
11930
1398
25243
28978
12750
20356
10671
19320
14001
7933
21796
24249
4685
18765
9990
24034
167
23546
29199
7889
22012
6362
29970
6175
21834
644
1434
28989
20498
3332
19918
22723
29532
18131
8599
5380
26109
3590
12037
742
7189
9669
3567
30449
987
16383
29402
13477
28573
20316
2332
28689
24834
13683
14402
3489
6547
8510
22702
5176
5241
12746
7045
1406
19848
12595
10696
4220
31101
31696
16064
21094
4996
26539
16800
6583
25598
16436
8806
24451
25728
10806
32258
27401
9503
1033
19898
21385
5867
5642
9677
21589
24505
10056
18262
10025
6950
19072
2420
22719
11480
30540
23976
19359
2055
17303
29566
23861
4156
20820
16240
24869
30553
17519
26887
26339
15578
21764
25667
32126
12890
20944
14909
27068
10585
9957
17675
620
11836
15521
25316
9976
29845
17120
25732
1082
22693
15473
15058
7056
6688
24263
10177
16435
13359
6641
30324
32452
30395
23757
32421
9000
17641
27000
30535
20630
7393
19976
23658
24558
19668
21886
27744
30797
31037
1270
30
5598
22631
31009
17124
29427
18223
14325
3361
1876
6923
19107
26257
4566
21835
13258
29608
24624
7071
5610
21043
18699
6618
7707
10557
3160
12533
1791
28719
3558
5975
18421
12604
7732
20051
17551
19196
17796
4339
4167
30039
17712
8180
6765
3493
17217
3857
22116
28179
21566
30597
13326
21577
22338
13259
31877
6986
22609
2216
26380
19611
27884
24427
31301
19623
16099
30068
3492
9826
14699
9459
32547
14893
3184
10994
28983
21498
31277
3734
9475
27824
8953
3489
17612
6865
17252
12860
12974
30298
6274
30196
12173
29674
24199
5634
28238
31527
7572
31951
26438
15453
14545
25783
32754
2409
29628
6157
23273
13782
25025
29280
25616
16965
29706
1789
27917
22290
6552
4277
28158
21044
9619
3809
15978
27749
28638
13219
23159
14724
25583
1902
2142
2103
29150
26056
29213
25812
5563
14158
1900
17282
26917
3321
15345
5531
29464
161
30135
20053
10759
32447
16349
6818
23595
23927
5515
20564
29210
25814
22826
22661
16283
11352
19413
6454
22201
29101
6410
8758
4374
19644
19110
8518
17282
25833
14608
24954
20428
2963
19380
23010
2264
24545
7603
3946
7410
24511
23256
19967
31330
2595
26831
31987
25153
30357
12433
4771
7563
1518
7203
27479
2165
4192
7296
1897
26624
13494
19412
29866
15822
11485
32746
26369
3636
19364
24808
17493
19602
1984
22586
10157
25055
14355
27596
8086
392
25902
22908
11206
16507
21524
1743
15870
8830
11840
6370
16949
4550
27370
18596
29170
29893
23943
18243
30458
22083
3471
18148
8491
21424
15234
31639
13224
17849
14125
10378
3382
22297
27434
3453
12262
32178
16806
18549
27637
2524
18022
32693
12784
16381
10764
26602
20507
12378
2711
31398
7956
16684
9514
28943
25012
7927
21774
22233
23606
1815
1017
18801
26267
8347
28561
14203
32332
22359
26668
13439
6914
27957
27866
13535
19171
13772
18597
17933
23022
12340
5399
5882
2200
29464
17917
25810
5559
7948
8811
8166
8096
19233
20224
23786
8332
8119
19819
26208
2625
5011
5422
596
17646
32562
10658
16458
5462
31324
20796
25461
11824
14332
21006
15657
28878
21550
22417
2963
8446
18586
26017
12456
4142
31489
31945
21851
979
6677
21441
19731
23307
15502
18997
19804
14208
30330
30920
19932
11664
22740
601
9354
16300
3929
2693
12826
10494
4247
30061
12987
15183
5191
21689
1797
21543
17372
9693
2349
11574
22876
17818
17020
3058
8303
15560
5375
5250
3510
19028
11647
17371
24669
20101
20915
21801
500
31619
24245
5744
6266
28441
2995
28787
32443
6586
17639
9685
5853
5826
13001
3454
11061
23039
16771
19520
20831
22128
15525
20922
909
588
21274
7293
25631
23622
5979
2414
24436
22032
20450
12908
8192
18462
11234
8242
2207
21164
12341
21374
10537
20482
28821
26995
24903
15351
26896
24379
9605
13492
2998
14578
6824
30906
22165
4031
31553
1575
1511
19268
31618
16180
13961
2617
8017
14339
3247
32339
13979
4504
13015
16235
29675
1573
17659
23004
20795
2698
31755
7213
14090
10524
11674
26608
6574
31141
29656
2537
236
23213
4544
23923
11718
20472
26514
16160
21140
10832
2948
4768
4438
23685
23220
24548
13385
8625
5730
19330
21688
22720
24924
28252
25621
14640
12729
20605
19272
17686
2762
2883
5191
7266
4942
22211
20967
5475
23525
1641
14834
16014
27080
14559
9593
11643
22966
16176
27499
16176
12082
32558
18791
11682
9195
21777
20175
7801
2940
14432
32286
3860
8021
10261
6267
16845
18169
8700
18318
4222
12395
10588
6546
18500
19682
8409
939
29314
1476
31641
24186
12073
15826
2470
4335
1079
29344
25491
23903
18046
4681
14691
1239
32679
22880
2214
13487
30070
19754
32229
29282
13904
9738
1344
31133
20218
15932
20054
16533
3491
22726
18277
5790
30245
21676
21426
4346
19336
8292
16684
14830
21191
393
16716
13851
13015
1236
26943
21516
5606
10823
32071
14860
28641
8619
2911
9786
3640
11069
6430
29919
21733
28837
26845
24830
19627
27175
6684
13101
26267
9245
10530
21156
6365
30885
4580
27796
14509
4503
6696
9658
13732
18106
1770
2611
6713
11319
16639
12178
30087
25933
11512
15664
4689
3911
14921
20163
8003
22699
28075
25906
11386
6325
27326
22952
8775
31491
16627
1768
5424
5010
32681
7392
6968
28393
21910
21120
1633
29332
16233
27084
10350
8660
2477
14896
1005
6805
10737
13588
3701
24224
13094
6321
26669
15634
26952
17699
11405
28685
14401
26559
16489
17069
4618
28838
16683
21310
30739
1690
31072
17836
13285
27921
32374
31290
774
4232
23491
7287
14876
11546
28362
7791
9046
17233
22714
29726
7176
20284
10552
9002
13717
30146
9822
31441
23954
7221
22020
2079
20776
7723
11326
6757
24506
5513
805
27624
16584
26848
16347
17110
276
5117
18633
7806
19203
24251
12587
17599
3653
30236
15823
17345
19128
7064
10009
15332
650
24245
15435
1526
6047
5336
19459
2473
6194
859
30214
22596
16062
28639
19003
24472
10527
2788
22779
18742
2804
26775
6280
23007
24393
31722
17370
25916
23923
18410
5794
10703
13626
15182
2697
10538
22078
27211
31160
20575
18067
6832
19102
1207
19631
22062
2285
26791
28806
30455
4070
27903
6131
25228
10711
613
16986
26319
18658
32514
10124
28000
15615
3195
15850
31014
2884
12835
27598
8748
19045
20335
26662
943
10359
6826
3682
20597
32249
30697
10641
352
4628
15426
31430
21058
29730
12601
32449
243
3694
27771
14027
673
22074
20431
30946
9064
15623
17737
2838
17442
18192
3008
3635
10881
27416
10115
31648
5979
8037
19272
14983
5956
14349
19813
4150
16738
31344
32067
28614
22653
2566
27919
27898
598
4699
946
22121
2362
21079
27396
15072
23510
27843
11836
24066
16205
8713
7340
24625
26504
22331
17579
7602
27086
3671
6866
2315
15764
13258
8555
1200
16278
25906
9254
32735
27430
5480
23566
23241
15812
12734
4028
22002
30960
11397
970
4314
13884
4307
20363
23517
421
899
27129
24920
28195
21884
751
27149
22655
2871
31897
16585
19557
32123
6440
31044
16314
30571
12490
7752
6191
30147
985
2837
12055
27487
32082
29701
18294
12029
31114
25196
10842
30275
25884
10178
23918
516
18470
3076
10188
24511
4533
15191
22803
25704
14205
14063
1721
17515
32206
19759
13219
27887
31683
23825
5619
599
12221
26825
28450
10255
14351
15269
10830
30085
1019
10040
13525
15477
4318
7095
17698
1130
1959
8099
967
24450
20109
27304
19148
31857
25346
10182
28487
6600
4066
8878
18733
15992
21489
25711
28008
23441
3204
849
20010
15184
14462
10753
13696
24921
26494
6639
20010
16449
10583
11509
11946
26703
4545
6713
6811
4996
9294
596
28228
13016
15519
1716
26733
24775
18135
28734
18033
23820
23632
10552
26261
30125
6285
3687
25752
311
14960
23412
25740
20043
26029
13973
32740
11353
6271
8041
2253
29100
10650
17699
6082
8871
25184
2026
5978
7758
2391
10624
16997
29704
28891
28962
18488
18082
24080
18096
2885
24728
23579
2318
11759
23952
20370
9162
24988
3368
24112
10239
11275
29425
32462
27769
5864
1979
17806
31001
32157
8212
16474
16763
28012
7179
30605
29399
19386
17466
26351
22821
13998
30723
743
8069
21499
4377
7660
28637
506
8258
16957
13764
7932
26460
21458
2207
23262
13470
3730
265
18142
801
13510
32121
6060
1183
462
6686
19909
30842
13586
24590
14332
29696
18748
28576
1113
32749
11173
10774
21287
12081
2060
7808
73
4852
31886
15837
5837
12248
18898
6786
8900
22654
21381
14016
21840
4427
1286
9921
12030
24940
28258
2483
9302
13591
11650
7720
28849
13588
30627
30141
2891
14205
22279
3066
29337
11714
28906
17530
16861
13295
26552
5196
17655
9522
11645
23192
32382
22936
23197
11398
21519
28951
23749
6235
21733
20433
4641
9190
20138
12183
9424
2586
9357
27308
14997
31740
7317
25548
19663
26816
5941
12141
15531
4398
25888
25157
30616
27211
12126
10508
16379
4918
9632
3459
28196
25168
26321
3253
15745
19871
22509
25213
31250
12917
23830
11848
8733
16460
10469
21788
20515
2805
5630
17626
274
2034
16103
31936
2748
31520
18458
32561
22152
5785
4184
4281
13416
20952
15169
26700
23051
15390
18978
13518
25171
19989
14094
7129
24841
32435
17968
5562
24272
8034
351
19132
20823
17246
4595
21930
25555
13918
27863
3983
9133
18038
1248
18624
25975
25916
30557
4892
30245
25642
26352
403
27770
20547
30876
229
11968
12537
10014
11692
188
11855
24705
19357
11745
25147
8685
16907
9156
22862
1472
16812
4304
1686
30687
30624
23355
11972
1103
29103
1080
3722
29695
6099
19311
16455
11240
24310
9898
9446
600
6396
25041
21507
32395
1540
31512
22352
13948
2795
3959
13624
16122
12562
27483
3778
25086
21346
5019
21687
3900
7309
23213
22535
15096
14998
22042
14697
7963
27539
18479
31810
4742
18354
20981
16584
27302
27770
356
26983
6985
27987
4052
12132
2224
11593
25780
27328
16357
1549
12414
4447
2383
24636
13290
12649
2435
8420
1891
27377
25693
4165
30391
11476
5712
7636
17682
14564
30714
9606
27949
13126
8187
6730
12739
16665
5896
14807
4677
31320
4667
11689
30670
13058
10157
15686
11865
24440
12615
30150
32306
6182
20949
27282
31146
101
20572
29548
21263
5280
15790
2992
20187
9142
6203
14041
9772
30624
25130
3654
28020
29012
23977
23615
21362
7145
25473
26675
19553
31483
2029
22595
32111
6225
428
19461
31856
5309
1877
5249
14292
16452
5867
11648
6870
32127
23473
23559
16887
29761
9791
5662
21419
22395
10966
6101
20818
16988
31217
18825
29801
28860
26396
23396
27650
22202
21001
14883
3697
23460
1505
16668
21321
15384
8920
19839
10631
22377
17924
5852
32268
27716
25455
28901
1617
2196
1643
23158
9046
12450
27685
32210
28891
385
11389
1584
21715
21161
25877
28278
8982
6882
6824
11588
10582
7268
17566
25140
14164
7228
14045
26720
30547
10481
24033
29221
10957
13416
271
4647
8038
1285
32582
21909
28702
16915
14776
21423
26314
8038
8440
22149
4549
27710
6227
257
25059
2415
9060
5671
25766
2751
4579
17820
28341
1936
7614
8549
19081
24255
12139
8434
16234
29131
15484
21851
1178
6970
29812
13033
29904
25656
12249
5080
5607
15746
21898
22619
18648
16258
10835
18401
13798
13755
16063
6039
18712
31080
28461
14894
21228
24416
10790
23774
8522
15677
28910
13739
9399
18877
18009
1767
30155
23657
32736
31736
20197
20596
11508
17243
19997
3813
2195
2537
4986
1017
10520
15193
3942
962
25175
11271
5470
25109
3561
4083
1774
16803
11717
25357
10973
24166
7440
9904
1189
22335
17207
6252
16421
15069
32058
17928
1434
23520
12619
8903
18892
12350
16535
491
28293
16358
19300
6776
18247
26276
31580
30778
22078
27973
18472
32265
21876
15867
27201
23884
24644
14339
28675
9916
20753
26244
10500
22635
10040
7867
23459
3332
2370
18773
30948
12372
14175
23324
17019
23817
528
16598
5926
18362
6435
17002
22848
23336
18148
8517
9108
27076
27538
30204
16495
6257
19728
4403
5881
26250
3805
25533
708
30503
26182
12805
18854
32668
24282
5804
9156
32579
17183
6259
2544
9340
32131
22364
15925
753
1429
5388
17071
32543
11637
7284
12960
4882
25481
19632
12737
20591
15474
19247
26070
17336
22847
8469
11909
7372
32224
18397
3944
16557
27613
26947
97
10374
21832
22113
6190
12781
31728
31256
17725
17509
20695
19121
2241
28711
10214
32452
26629
27170
21472
2393
2048
2368
16021
8526
10027
10475
20824
22521
27023
5328
16818
781
11042
25058
5720
32194
19539
22690
30811
1328
11492
21662
9375
13308
18680
15672
4494
24887
11373
31657
7437
26243
12395
4678
22191
4472
14141
14593
14889
17478
23136
9010
28167
2459
16090
21144
23197
8135
973
7066
11583
16158
32588
16083
7093
8093
15725
15310
31721
465
30112
16654
995
16117
27199
23890
17911
9307
26214
22039
15677
7693
19972
18269
32322
29875
29746
28846
24573
8887
11204
21341
12549
1192
17950
1548
19713
26844
29770
24944
9823
16986
15943
27225
6217
758
1187
7404
5332
24766
16460
32051
891
2709
29859
4313
25549
4126
2002
9774
2146
220
30047
3185
32275
1687
3842
8527
29546
32513
16308
22439
13400
22681
1289
7056
3622
14032
4799
14237
12206
8554
21655
8032
22987
17192
16995
17196
29710
31652
14945
20767
22963
18556
21959
1888
29395
18866
27551
31654
28123
25939
13781
31738
11580
20055
19599
27837
15716
29385
27580
18412
26350
5416
14064
8611
12565
5388
28527
21984
26735
11020
20616
17290
32216
7136
1572
14514
20907
9923
29086
29720
16185
13083
12501
24561
31859
348
7040
27111
8682
25386
10946
7266
28410
16062
32511
23814
7745
24970
30701
29821
24150
26144
4846
17270
17080
12624
925
18669
16645
19088
15014
23981
3693
5026
20188
18708
29029
9072
31877
4887
23456
18491
12024
14213
24635
29940
18539
7824
23096
7658
7174
32393
22317
18598
20028
2795
6717
21267
3930
5275
19272
13795
25696
32622
9823
17965
29201
12524
16251
14939
32326
23636
11886
30275
7047
20448
14105
25236
13020
10057
16864
21364
24545
1934
14427
16999
21273
18418
6734
24435
11908
11331
24284
15746
4212
5218
30199
7687
16540
17664
32283
8164
13162
11686
572
21900
22423
20472
21501
1636
25084
11322
22050
8048
2983
22291
19272
5931
30254
7313
31955
18614
10819
21614
20009
2613
25737
19346
4126
631
9382
26328
10414
469
12954
25365
25330
25180
3663
22103
31565
13102
32112
22122
15335
13093
11135
26785
15708
24250
4130
7890
8117
5413
4030
1443
20375
6342
2631
18436
11194
28356
19543
11261
7837
25076
5757
19626
120
11516
11991
13700
21875
4024
12515
17121
15381
21468
3986
27583
8191
1243
32158
22717
1242
24328
12318
27754
32142
14843
12120
8386
9140
29239
10710
24054
9039
5642
32188
11884
11958
22964
27736
29703
28373
5835
11259
680
17301
23261
19463
17397
26777
18776
8010
18521
21035
21671
8330
26955
22134
4766
1377
24788
30453
12312
29516
31307
24107
18398
2814
16484
26005
8395
15866
19561
14301
5934
8800
6854
25424
13680
14599
2251
28818
16375
22989
24494
20880
14409
14891
4303
15543
7029
16909
1856
18532
24495
8928
12933
23195
30010
25836
11928
16635
20107
24292
11569
1265
13227
19387
1091
20525
25821
29370
1482
30034
20609
5584
1220
28914
24632
6697
11133
30393
8521
7937
1808
24296
19523
30395
27691
2053
28644
13869
6418
209
17210
20031
14567
3707
25352
25524
11304
25363
32363
22855
14969
6209
14013
16378
4516
16951
14010
8619
13790
12004
17633
23016
18252
9579
21789
28932
16581
14803
23973
11626
5082
2304
29473
20274
17939
28898
28686
10738
29564
6380
11107
4311
23136
24264
629
18676
21589
31561
14872
30169
24696
29601
31495
13416
8954
10964
28038
22500
32220
10092
14405
32075
9974
24943
26248
26854
24382
11406
31109
25118
12103
4767
10509
401
19720
12877
5999
9573
3807
30222
31898
32732
4054
14166
3201
29737
26916
8715
7364
13699
9463
27704
19852
23671
20080
13829
14774
26242
17135
9703
29237
21471
10386
5396
18609
22430
11768
24634
11636
19958
30539
12400
9351
27868
23677
20589
5656
25300
23761
25079
32287
22536
27550
1951
16194
1431
31312
22188
7413
22319
25519
9557
8421
19166
7268
2355
28567
805
19640
6645
20556
16207
14240
19542
27689
11776
4855
31052
2196
19985
13578
25986
16609
20891
15193
23817
814
14162
3740
14155
21643
3605
26629
22336
8287
5827
15301
31716
5895
14415
11473
29928
24511
31255
28134
4007
8646
30833
13258
20573
10429
1927
7382
19347
10320
30822
12721
13278
25369
13393
25438
28617
14529
8795
10873
19472
24425
2869
11197
7695
19528
28484
1482
27257
3989
758
11301
25677
10151
17751
29569
22534
3931
25823
13117
22291
2998
26254
8237
14214
31947
17212
17565
15376
13791
28458
14739
30765
8396
32732
1365
17564
12451
25643
17195
22546
26517
25238
30822
22575
29716
20953
15009
30385
10549
16321
2887
28392
22105
31294
3158
30570
16908
11962
29282
31751
19501
5033
22492
13311
31568
20577
21908
26739
31072
5932
1149
32538
17289
9628
19632
7477
4436
7967
9652
30405
14100
30163
11261
7675
1922
21916
12210
26352
30884
17779
8372
13206
4083
29441
31707
15343
22972
23660
7555
9852
28615
19569
7495
1273
21303
23731
5900
2375
7601
29266
1346
1706
19904
26816
4198
4916
12920
24272
30667
23937
14938
23056
30619
2725
10616
13401
20504
12387
31450
1956
21032
16288
28959
3103
5393
29462
6759
7297
14721
5709
19313
21658
24017
14535
22017
32302
10122
8571
32389
16387
1577
5766
29943
17209
4895
19740
21765
17114
13084
5572
29040
14770
23693
6341
28338
8801
10084
14043
28899
32174
2583
25135
24797
4894
26603
902
3231
8134
21618
16313
9967
26461
12370
12645
27204
23445
841
27363
25314
19883
14190
21627
9287
24125
6586
15060
28102
8029
17350
8623
626
7395
21206
11989
14397
16135
4119
16718
609
15151
28197
2260
31487
1797
32720
12680
12294
461
19488
30691
14167
18422
9111
14574
20007
25838
23221
21174
1956
22331
3522
26874
20187
6856
20935
25128
16345
11644
30430
12424
7184
16913
16299
15286
24061
5412
12843
32341
12296
6280
26028
11266
19116
26848
29213
29575
32215
16749
25736
12625
27028
25124
23773
9765
10727
7172
14577
1550
31224
30630
28870
29594
4724
10774
2061
15173
18225
19425
14569
25398
10257
1647
15350
25385
10536
11155
20874
6317
5665
27489
28731
19343
21725
7232
15521
22166
15198
18752
11869
18544
31972
31405
1625
4333
29269
27876
31314
3691
16866
10597
14740
3986
10728
13866
12037
7489
29460
20279
9317
8391
19915
24179
10964
14935
7881
9654
27797
23478
32520
20259
19473
31543
29411
22456
29727
29417
7291
2083
15746
24591
27994
28631
3507
5840
6998
5728
4834
32304
23736
22259
311
26687
12190
6730
13661
14992
12446
25263
24641
31469
17580
24150
8215
5193
6718
29679
10911
26614
17838
32124
27814
32537
31967
9568
17103
28762
13859
6585
12179
19936
11868
2544
12935
12156
6754
8847
9437
11556
1957
31570
16174
23972
12308
11136
11383
11664
17725
30843
20065
8829
30389
21142
5829
24176
14266
5160
6767
30615
2071
14047
16674
30775
17480
29526
14045
6886
16607
32489
605
5882
13606
23496
25827
4417
14598
28490
26423
1267
23079
21124
14317
14564
3161
4379
16103
5374
31027
19030
2587
27631
29433
26743
30614
3359
3779
25164
16577
13029
10716
15105
19172
8442
24169
13368
24808
1838
11083
26203
14945
31833
21318
13105
29644
9621
14178
18096
23572
23978
12433
6675
15196
28874
11411
11564
30456
16511
4631
27130
14012
25569
12323
26238
28538
6156
15541
30923
30406
5329
9899
20829
1020
6572
16096
4011
17029
18166
31896
1279
22869
5980
24862
6534
3000
3472
16043
1955
22351
27198
26250
24969
13141
32322
634
5385
21799
27928
7508
25000
7684
29588
7917
29941
5649
1747
16190
8474
6304
24433
13506
25008
5553
17660
8736
8920
3257
11689
1802
32391
9379
1606
14437
25633
1301
13936
9130
24138
21748
13574
24972
27385
554
16606
23515
6605
13991
4534
2728
25765
7845
5485
3242
30315
25649
3443
7904
21552
999
8318
14200
7294
24317
13438
18416
20713
11907
9428
27259
24040
15336
10430
32422
21731
705
32278
31035
3213
8134
11325
27493
7028
12573
29522
1302
24791
3036
15271
5798
4023
27337
6517
21949
28720
31332
14542
26994
19210
26151
17876
436
13196
19212
9513
32233
9104
13136
4262
26326
7645
32630
27728
16319
19120
24720
26503
29391
17052
18362
16001
23738
31636
28391
12279
15264
3143
24288
31518
1333
14764
5769
31193
26655
733
14182
11053
31903
7976
23391
16885
26740
8803
30656
3031
31228
15233
29060
17526
32413
16739
18131
10473
22627
496
29129
24429
5866
1896
26745
1878
6015
18421
24114
1356
28802
29572
10753
24499
11278
21458
30326
16235
5597
29386
7851
26810
8293
31502
23683
16518
9543
1748
11312
12744
1258
20723
2296
1853
26979
31805
26424
3423
12441
25872
4009
4243
16806
12584
16354
2980
20864
4535
13342
6768
23256
27576
32320
1249
19778
23168
19988
30239
14231
16534
3800
13316
29079
23236
32251
27345
2259
2414
7972
24863
29899
17443
12662
10264
22099
27506
2579
7142
17979
27903
30686
18540
30510
28118
5254
1588
11995
28414
9920
25513
23123
8274
31187
11911
16818
21900
20058
12687
7938
20899
18501
31359
7260
23639
32290
15425
32080
22025
3483
8547
30600
15825
22847
8903
32423
24011
21381
13980
1911
4529
31501
27532
1604
23471
27690
17463
11395
15218
11166
26337
10680
31619
3748
30055
29590
26835
25652
8568
22887
10391
17282
20737
26286
8277
9160
26345
22795
9279
8517
1023
11616
24513
4997
21553
2098
11350
22756
15358
32082
19103
31566
31278
31420
12726
4680
4544
23231
26816
1588
4132
24926
7873
6352
938
10487
29877
22273
13883
16930
11740
22479
71
2780
14933
27824
18430
229
20462
9993
195
4966
1339
22258
16093
14295
8933
26426
13168
17952
8005
15018
9388
24574
30769
28302
13893
26537
24342
9842
5667
18868
27463
17706
24922
7732
18069
14101
21852
25892
2080
12706
8558
25096
12653
3090
27736
23249
440
5504
25185
15873
5003
3103
24442
29711
30863
6596
2490
24589
18339
31140
28682
21384
20779
11102
290
31152
28074
22332
28340
32184
6804
18357
20710
28800
22877
7223
7686
12658
1238
6436
19065
24234
4281
14619
9461
4185
26498
25464
17137
25451
23169
27678
4441
5991
22574
16500
23941
17303
23740
26029
27244
26474
20721
11341
26133
23062
19252
15592
21327
23937
26344
25133
15266
22626
9720
13348
15749
31651
4275
2228
19153
22283
2011
19816
11126
8473
31992
11891
6253
13875
1266
12017
750
4864
30943
5743
23522
19986
6426
22446
28571
21704
26261
21668
10691
28530
9840
9156
21906
20663
17354
14975
11844
13364
983
8459
21451
20582
16434
4963
30657
8138
7029
13199
22176
17730
25608
12581
20789
4027
6454
2576
14930
24845
18054
18576
11460
31778
10568
25218
32132
32347
21614
7650
7730
2095
18077
7822
958
22806
9860
332
25961
25253
6509
10255
26604
5882
26641
7030
2294
30298
26033
9622
24284
8217
19810
2553
140
27322
2473
32486
10692
18264
6727
19427
28545
29765
3158
12665
6329
17136
14485
32311
28492
29964
15361
29946
7481
29934
24229
26731
27149
27959
23730
12232
27810
948
17874
22760
1285
15234
26298
15225
12984
17014
28926
20877
6938
11707
21802
31061
21539
27069
782
1067
18260
24902
1113
14038
16622
8167
9578
7946
32611
29594
8290
25135
22282
20901
32382
26979
15894
706
9124
3778
21705
23164
14395
12261
15845
32220
25920
18856
23396
32069
5782
305
17256
17821
14238
15918
373
11437
7688
14941
30686
7371
5865
10834
30077
9142
18957
25461
21415
26817
26510
9034
12383
20020
21413
23541
6346
16879
17601
10749
14308
336
2006
22352
23920
21591
24312
3975
28981
1032
11816
10604
9831
4113
27246
10681
868
26541
32552
25379
4513
10696
7585
22423
18915
12388
10981
16068
4274
27451
16340
21977
22282
19878
28534
23696
13141
21437
18318
25451
1686
25280
16242
20285
487
2230
2329
13805
8229
24403
30838
30839
26602
5663
29956
15923
2491
26581
10659
13658
11907
32521
26274
15558
2624
3598
27165
23289
1789
7703
649
9825
7168
22940
16269
731
9540
22016
9491
22645
20266
8304
5280
10104
27243
4622
24800
7590
15441
12111
16262
4288
7975
5793
3411
587
1774
16978
6259
4244
15953
8621
25872
30962
28635
19814
8226
3915
20328
23352
13444
20185
30681
5324
13901
26670
20748
5597
6237
28790
4620
5530
24630
5629
13188
24395
19470
32241
26234
15928
7970
12136
25401
24774
2124
12196
9359
30436
22232
13206
25401
4005
29076
2722
26012
31278
17446
9890
30646
11731
5794
25901
8019
32125
860
32281
24708
6735
32507
15166
9805
10633
9935
23933
9118
29100
18789
21250
16516
25311
23896
8901
26529
32401
23145
12631
18394
25184
10450
17115
24143
31289
6872
24146
23696
7617
9376
30237
16142
7412
17987
31164
10191
12
23588
13532
20838
32421
18818
8081
11811
29214
12617
992
1927
18242
12590
7296
12794
13096
21242
4321
10432
12119
10278
29294
9770
302
17321
7952
3081
20612
1550
11507
12392
4491
28617
17292
25211
17914
28107
1499
15314
22891
21588
29165
4562
7425
31753
22950
7014
9807
13638
22717
7922
5493
1461
27656
15497
1676
25632
3578
10335
12869
26243
31850
27009
460
5734
2965
28867
6643
24425
10855
7162
8588
19489
31734
31084
18198
1314
10832
24453
18845
18013
22134
11468
2267
16045
18856
17429
24739
3500
19427
6391
21376
21451
17321
24704
18585
2210
768
14888
24791
2948
26045
25860
10058
8791
9474
21820
8393
23202
1030
15807
32473
232
14868
25141
31185
8757
15831
17718
5691
19446
21972
1721
22908
32269
4664
1743
12728
805
5076
8337
5360
9027
17510
4438
7021
25758
25626
24618
6498
20145
4176
22908
31693
25486
10144
29463
27806
17269
12059
11348
539
11941
7380
16013
32131
22898
11168
12756
23793
18072
7193
10725
17540
7119
1769
32602
701
9376
9285
31006
13352
30582
11447
14884
19007
28920
14113
14169
31115
31126
14335
18903
21260
18786
1516
12635
3291
7714
1896
6905
15886
6051
28120
14
4572
11856
8654
29047
13826
30722
17547
8960
2148
12058
27330
19231
18424
12238
29855
10979
19680
24512
9992
21031
3030
13269
27171
29707
26829
18500
20760
24485
7381
16109
20248
28915
13120
22509
15774
3604
25091
30831
6132
1208
16735
5060
4090
23510
9920
10935
24611
28061
9957
21786
32448
23980
833
2469
5761
16261
1697
6145
26680
319
5392
2335
31201
28284
29431
22990
14048
24475
1929
17293
25993
26927
7774
1949
5605
8111
27742
28763
28083
17263
23521
31949
30126
26830
25621
27259
19470
28849
28575
4480
24657
25905
5765
18144
7227
3729
12107
14620
7708
21619
31580
31492
26705
16203
29356
12493
10765
11795
29340
4963
1370
5185
21534
15872
30298
21494
11545
31230
16339
2168
16655
31978
234
21730
25853
19673
22575
2842
23170
16127
14298
16132
26180
17533
20308
6645
9616
31099
11770
619
26432
10871
797
27643
3042
17372
8013
25482
12566
24535
6871
11200
11320
26214
17804
32186
6207
29618
17348
16895
31461
30878
31907
21942
17673
18848
15771
12310
12881
4048
14130
31773
19475
20542
14086
31365
4982
32137
17166
16372
5844
18349
31266
9075
30307
7709
23998
28961
7189
6162
26883
13608
10940
14114
6398
13041
26738
14356
18989
23700
10296
26099
3903
24211
30429
9057
25884
5063
3874
7726
26661
30106
22811
24873
28349
23671
30936
14390
11528
9343
12357
6817
17906
2686
6223
4018
28020
21789
30024
16770
19
7769
10893
12812
13225
20787
4454
18055
17767
12201
14125
7412
18715
29926
18099
24563
32175
26550
8415
3290
19186
28988
26776
24584
19612
3047
1509
23415
3724
7842
25683
7057
24147
6219
28824
28229
22006
24423
6517
24665
1008
27156
22497
13570
21623
4670
611
31666
8192
31254
28608
14385
773
5312
11478
20719
25350
10060
18888
14233
17614
21992
603
32746
22519
4436
17824
22724
23472
30870
24788
7039
16574
750
20868
25985
11457
1548
756
28686
17081
27777
31426
6754
21704
12404
14535
23037
25402
28310
20030
1343
3266
9560
28712
11316
21510
29787
2287
29617
24158
28711
3401
9888
4057
24097
6239
29080
10370
27831
4911
31921
18145
15326
27438
22422
29636
18878
7218
27611
6975
6059
4496
27025
5873
7000
8833
25112
11657
20551
11723
1333
11145
32132
6301
13412
31050
915
13498
24688
21056
18087
20953
25920
384
2325
32332
22516
18303
18951
15073
31537
19741
31861
9734
19896
18402
10833
25136
26430
13191
22530
15229
6008
17592
15380
20632
31605
31000
7982
17117
32048
26758
30788
12733
29030
15263
6413
1380
18341
27523
32440
19610
166
11996
6875
12775
24284
14365
10412
19451
1357
10504
25203
19788
30881
24435
11071
22273
13944
32587
216
29455
22273
24025
18934
31138
27849
12868
21680
26046
5840
12120
6455
23846
30946
27269
5316
28541
3620
13355
20687
20651
2542
17685
27266
4738
15064
25923
11885
8610
9240
28652
7291
2457
16651
22723
26661
17487
10001
5754
18661
6306
31134
5764
12014
19533
25742
7712
12314
11534
4281
15507
16676
13576
18120
12980
3863
20070
13383
29614
3334
31297
1787
8962
2558
24259
21109
13259
25401
141
29671
3398
9876
11095
26679
22673
14659
19926
18514
23475
22212
19683
24515
1501
31761
4569
4484
4336
4890
22591
32531
23614
29298
32423
9673
25749
1353
24277
26216
32122
12186
28964
10995
12210
17061
16166
7874
24839
5536
27019
11477
10568
5802
17732
14441
30866
26624
21480
17353
29390
23923
6998
31079
9339
28186
8348
19243
29870
28228
2583
7179
30806
9648
11484
10204
2757
5633
2391
7527
20332
1388
31538
7872
230
8628
8312
7123
12601
20312
15355
15168
24408
30987
5875
17769
1516
29540
9703
17864
1875
18647
29905
22151
6889
484
7805
19018
8071
15758
21298
10320
30538
11791
12948
11962
20630
19914
31945
20266
90
24705
24283
22928
20885
5320
24157
18753
28185
22969
10322
26698
17551
15594
18250
15619
4027
25756
1230
30183
25345
31285
31230
18338
24616
6385
4985
29036
31327
5332
3197
23446
27261
11747
9552
1122
14477
915
6366
12056
32394
23682
5539
2390
18535
5733
15819
15016
13650
21057
29336
4696
15930
12511
28421
18312
17807
13178
30121
32637
21577
5306
5597
3646
10283
11750
19489
9566
30537
15445
444
25878
3272
6949
12195
919
8933
17712
10396
32413
7736
13116
20131
2888
3642
27250
14221
14376
5894
20242
1259
30102
10332
3940
29489
30795
9707
15090
25624
10795
25808
23028
26688
7522
8794
6412
3098
13746
22544
23859
27653
31755
4341
21491
21431
20573
9226
21464
27871
28074
30741
8481
16648
29791
13473
27322
4801
28388
1094
4975
20987
1138
19498
7002
12210
20005
31944
15773
5328
594
24560
5719
78
27162
2063
25808
4252
21823
17585
15863
15427
55
16452
17167
32201
8319
11039
12453
30420
2866
6083
22981
20115
10714
27744
25453
20314
12678
3483
21570
1932
20509
9870
19586
29118
17393
12816
31290
26649
4503
10551
7609
26368
19447
31516
12868
25331
8863
12766
3851
13748
10845
26858
5212
26280
5132
30841
14615
21119
17838
31322
3170
30232
2491
3057
32669
24734
18617
29056
3225
4344
269
32421
3076
16992
28945
26660
20520
27729
10086
25319
22486
31143
28044
13379
11676
31490
16559
6013
18238
22635
19652
7309
31076
17978
7637
25633
21393
310
31641
23781
30804
5631
9032
26114
17858
14249
21421
31460
25123
27050
24445
19521
236
246
14823
27223
29678
16488
12652
25717
23756
5220
19697
444
4786
12731
32531
30503
4164
7118
9146
16073
32213
22007
31729
29782
11226
17444
7157
23269
4510
32453
32651
28660
9271
7657
14487
12205
6584
16291
27627
28264
27816
19891
4189
27504
13235
18018
9244
266
8608
3246
19524
5555
16771
935
4783
12970
17204
31001
13839
25518
27647
9067
16441
17417
32669
14023
22212
23757
13667
21884
31187
14430
3514
24480
9519
20272
7119
26105
1945
12754
6028
17438
17502
5164
19398
9689
29483
7685
13496
31696
21027
9416
25264
9060
24111
12935
29960
17882
17813
32320
16728
12984
26829
14687
31466
14706
23952
22149
28270
17990
10289
11656
9711
18021
7984
8379
2310
5971
11533
10095
19790
1424
25690
25017
19223
7800
6676
6518
2655
22888
31283
21645
7166
23586
19072
23668
4896
24179
20391
24310
13048
28947
2189
3123
9395
11212
13283
21992
18859
1758
21500
13296
32222
25507
9435
4619
24222
2159
14481
19167
27018
5050
11718
21564
1980
10881
13461
164
22852
26089
21917
31243
21717
17446
12116
23003
4031
8347
7583
571
16925
30530
32672
7313
23376
30543
4047
24901
15020
10512
589
3273
24688
11032
23925
9686
11004
19100
16563
30968
29758
31517
3481
27980
9070
28999
10031
5768
1787
25882
15243
10301
2757
16199
19362
11865
7820
13789
25950
12016
24744
7204
17393
6460
24827
27081
19048
9698
4133
15676
3203
3190
12022
23895
22980
12866
21033
32320
32454
13891
20047
19856
12496
32373
8201
2485
22442
10833
9338
10389
10671
3731
13820
20851
20004
7744
274
11799
31176
25832
9631
22313
14764
30248
30805
24543
24645
30324
30831
17624
18624
8467
19875
16967
25749
28523
25170
21843
18271
17791
28163
27838
9451
18358
1039
3269
30095
15838
31389
27208
13501
10096
15825
16683
28119
25878
25409
27132
2885
7018
4521
29398
7110
13057
4319
16261
515
6568
5641
29930
17002
10477
8205
13217
25401
21986
30793
26082
4825
3613
11141
9381
2158
26115
3877
30730
21164
31815
9891
30455
2284
13997
32061
2563
4735
15380
18411
21907
30786
20403
25492
3906
29810
29091
897
17031
13506
26781
9234
18578
683
6406
5552
30582
17924
19752
13314
19597
5586
21187
7524
5656
19297
4548
32405
24615
19348
84
18095
10425
31353
6164
22365
7971
3360
12455
1352
29366
11694
25458
31954
29852
9645
23711
24327
4355
678
15720
10960
25470
26866
29586
18026
27303
2253
10807
15639
7946
27052
14281
1300
28990
32721
11604
25034
29525
16412
27395
13896
12663
9764
24038
23537
32201
24710
19186
20850
13203
6013
19274
22008
13731
435
23997
17567
11244
15191
12687
17453
17523
4976
3708
7936
31596
17265
32250
22341
11935
17677
6591
19307
17
14924
9091
32471
19425
7135
18951
23258
13680
8625
16214
31712
4036
6590
1098
24298
9519
8488
3411
830
8747
29575
9332
21596
10121
17537
11406
28725
18379
22428
10721
7576
29646
19023
13264
1773
6828
17503
13284
3365
224
617
5652
18161
4779
28346
20036
50
13751
15463
22283
19889
24059
14491
3513
2321
27102
17963
3993
18690
2463
14192
31859
10679
13812
31317
16981
31129
31217
19119
22163
7741
5164
24269
13
17811
13087
16976
5808
14177
20685
21309
23616
23280
29097
5457
21076
17670
19123
20373
12706
25107
4836
10290
26236
4271
972
12933
13979
16452
19834
9078
29724
26632
412
8198
25032
27183
14823
23080
11416
14174
32185
28626
7800
18018
11005
16467
28236
13346
26192
11239
20785
8146
22113
29065
12549
5994
11934
7944
11305
10327
19725
18269
17029
26736
28535
29500
21453
2859
17356
32745
21251
22289
22467
24653
21310
3951
11201
29769
20905
9807
27900
27210
24782
19110
6880
24350
6421
9935
7090
12294
29319
25400
1139
13068
27608
16732
6151
18838
8869
25329
16790
316
16634
4450
3635
14039
25623
6527
27067
28634
24692
3956
8960
24038
1794
3831
31527
16536
20404
19398
17487
6566
3390
1617
21364
26410
3613
14515
18834
22589
20183
4071
30733
12232
8580
1337
25680
18839
28301
11258
11956
30127
29364
1912
24740
7650
7764
32046
26112
27040
31210
14135
13758
21520
13269
2825
28119
26719
15194
14431
26209
6233
3307
5239
32760
24886
5033
30078
12643
12982
17447
29257
6261
19568
21617
19013
4656
1382
13645
2481
7729
12766
12480
15882
4424
7021
20948
20167
23398
16213
31129
20039
25788
18193
17770
22280
17953
28461
10865
18713
24756
20571
27246
31698
6339
16068
17843
14274
14316
13212
3699
3305
14978
29945
317
22823
3123
28645
1732
4853
30695
30897
17121
11347
20202
25997
5339
8705
2894
14166
27877
2802
29067
17583
6888
15358
30057
6995
31363
21463
26144
2986
8273
17214
9661
4762
27754
9591
28615
5535
9772
31994
29475
9502
1339
10347
17205
14582
19398
9164
25672
7001
22028
27122
30512
30170
17183
2613
18477
13510
6888
18028
17683
13496
5484
19737
7848
28264
26445
25568
6478
5316
14228
5694
20706
22850
8877
15479
29667
19060
28339
28368
14807
221
21743
14591
6378
3587
1179
8672
32473
25029
17131
23401
4366
6639
19534
12000
14349
28684
23281
31051
31246
14715
30340
19497
26859
11717
28994
1631
10045
26414
13867
31093
18626
20874
19604
28418
4611
31570
13538
8805
23347
31991
659
694
6745
27254
22398
20733
22706
813
9307
28321
5968
5101
21125
28707
26376
16208
15103
18443
14219
8269
3765
7715
8659
31497
5125
9956
12737
28656
23934
3886
29444
25861
24040
20540
17724
6518
32132
32726
15199
6004
5269
28872
2652
30785
28446
14228
19199
11915
15854
26468
4885
19192
6362
6978
10704
28418
30282
8075
23405
25093
15351
20385
12307
31894
19698
31713
2559
24087
14569
27605
28382
8328
28838
20650
122
32416
9176
15332
26777
8221
11286
28240
15394
88
10529
4922
6530
8988
12905
15329
1614
3000
16851
12072
20522
10835
15290
24974
29929
13184
14388
10592
22006
5651
29078
814
15090
818
31802
31355
26526
15535
11135
2744
18684
7573
18450
3188
32177
4352
31596
717
15790
27442
5276
23850
25871
22756
2631
300
9795
22746
24045
12513
10094
29626
17517
8507
3851
9758
14284
21697
17366
12520
22066
3717
25577
17366
12853
29014
14117
13910
30810
7990
8403
17051
3545
27919
21643
30448
3233
32417
21077
20812
16540
24255
28175
14631
2612
26555
26127
19341
18966
4127
19721
11633
14902
28573
19250
22595
22547
4169
31397
5317
17468
24582
25350
6170
15123
22078
22630
30495
2769
8663
16743
25599
10954
29538
2209
27138
22515
14229
15684
7078
23201
22011
9982
26353
22931
18410
20767
1029
24115
7094
20731
12789
28185
14372
19343
13783
24017
29729
32360
20507
16606
22196
20417
7195
6910
4914
10732
3570
14000
5553
9715
658
17652
13246
18814
5649
10834
21843
23543
13380
7453
10755
5869
6031
30969
15992
13750
10747
27547
1567
10329
31881
24272
11554
28075
18631
17345
18071
22711
12448
9077
10999
17763
12408
6295
6865
81
30585
5754
31167
26116
6695
8538
13722
32068
21307
23525
11754
4291
18094
3577
12192
3072
31508
2224
22792
8044
32043
2970
31225
28620
25012
3913
17487
21726
6529
6419
24730
27455
19408
31763
15128
32140
10967
11121
7393
2247
30368
483
25954
24573
8727
8820
30732
13094
20066
22149
12877
32077
4208
3345
32192
7665
13525
24373
21153
8618
30165
15855
16003
32272
22462
11558
17221
17624
8060
12266
8770
4672
5991
18942
26568
15022
5727
14995
19148
31635
32027
21591
13531
13206
7614
5806
1620
26095
16811
27711
27349
3344
16795
12979
20979
139
25581
28601
24622
29232
30013
22350
27683
18037
20279
1851
23556
19484
16813
7135
30534
5903
4584
558
153
655
1084
11002
11293
7821
9183
882
17875
3160
15612
22248
7250
3705
15618
32215
955
20443
27970
32292
1262
9776
15289
164
3326
21391
1578
16351
12515
2914
7025
21523
22895
15999
26387
124
27524
29333
31513
26067
16515
10442
27679
15893
775
6050
13224
1413
17364
15395
3252
13556
23306
1591
32405
28992
27039
9297
2558
21531
3851
12883
11357
12813
10053
20400
11626
444
9455
24781
27392
18540
23501
32686
5933
12226
20348
24526
7301
10445
23137
10574
7355
16455
16607
3922
15730
2071
1229
9641
14160
14875
3367
14764
23380
30757
30211
12904
618
19779
7367
15359
6973
21572
15514
16971
19021
10103
12056
32453
20545
32182
9546
7589
10878
6307
27861
15947
8696
26674
5489
21214
15432
1896
2717
9011
17152
30306
30098
30448
21819
13720
31605
10993
14200
9827
11216
13802
21928
21693
13123
24654
11141
3656
9847
13168
1830
27283
31060
25577
22992
10392
30324
15161
2832
1417
19159
17585
518
28876
31192
16784
22788
16708
19807
10348
28504
20434
5721
13267
19813
6939
20837
17459
3833
22668
976
6391
18394
5788
25796
9459
5794
21585
9916
514
22989
12806
30011
18413
15121
8043
31422
19087
1262
10957
751
823
30341
21912
3355
10574
2477
4634
25318
15930
24388
20105
1854
4225
17859
12616
4493
31282
3605
27238
18739
24193
8874
15976
5427
10929
5319
11848
5164
24119
5152
24765
28812
24092
1192
12477
17664
6051
9896
1344
9519
13868
1294
22088
7847
28760
7688
798
17943
12398
31186
24030
9408
7165
9165
4149
6694
16067
14800
15722
1547
23758
1474
1435
20125
12257
21865
20042
5871
5145
1149
29720
14758
26576
27905
18895
23541
8898
12755
2214
11467
26734
6017
5569
9290
6592
24414
16632
22396
10732
22741
24793
13377
15005
7422
28656
14732
17231
10351
3910
32719
18425
18261
4647
9652
25328
1987
30504
29966
9736
9801
29289
21519
5884
10441
27928
22203
19216
7046
7734
1180
26100
9342
8350
9912
32748
24826
10819
12736
14126
16739
18617
8330
28811
22359
18167
21185
2898
18940
8283
17372
3186
25748
9454
11852
1246
29522
13034
28410
14134
25196
10617
15600
16547
21362
30912
2390
18691
7390
29468
7073
32326
26604
17323
15879
24343
24748
11791
3638
6335
11349
31598
17989
31815
6620
14525
4587
20189
16581
10815
17391
31098
570
6216
32735
23489
8282
22855
11269
17961
24531
15619
16279
24414
26547
15653
16686
30949
21371
5879
2425
5887
11125
12907
7731
12241
14152
31327
14674
26049
24266
2591
20610
16675
3349
21548
12497
11541
18909
9788
684
15271
32001
11905
18954
30016
4191
26158
14055
14141
25581
1336
23028
26074
18438
25433
4493
30038
29185
27227
17131
3666
7944
32147
13211
20859
22823
31404
5934
32360
4772
14246
9523
453
2959
8733
19298
11954
13721
25551
20506
10086
2602
12377
30990
14616
1709
8257
2619
12063
17199
15673
12573
24920
22312
9122
12322
456
152
23888
24159
28034
16726
22925
20353
1227
26277
9824
14343
20093
12041
20239
25007
27305
601
994
17454
6272
28692
28458
5668
21364
26616
23426
27215
19354
24785
3925
11519
15699
24976
416
5578
27691
8348
19449
24960
17665
11629
32209
26722
27497
22614
13558
25742
13902
19618
8027
31934
24540
4323
18972
26418
27804
24967
25021
14571
3553
6572
18355
13594
868
7734
8485
12504
16427
32542
17139
24343
22191
17164
7928
6361
28733
4393
5772
30112
21405
11566
22093
18469
16114
31170
7968
21324
6369
29954
8306
19288
15605
25441
18372
30555
26434
7346
10598
1777
841
12163
26242
28718
25116
20141
13405
27093
7107
15657
26842
21963
8157
11301
12352
12235
14730
16215
20540
21594
2697
11154
7210
13310
16798
9111
32400
18091
4151
1837
15339
21374
9038
2164
21167
24750
9105
15222
7305
24511
193
17407
5351
27128
3160
5551
26810
8472
10094
31309
13178
2117
2013
21086
3435
26949
22692
17398
20256
6640
14729
19407
11837
13797
25091
25752
6017
8317
27478
14479
27139
25341
1536
4434
30651
15120
7764
31218
28485
28020
13413
18250
4834
12531
27429
31375
24768
17813
4814
12840
4219
3092
12929
7359
2531
12688
21805
8856
14592
17284
7603
14625
25427
16377
26184
5323
25183
30201
28442
11545
26472
19015
24630
18166
11387
13389
8873
31052
13998
1878
21733
24530
3497
23549
24167
28710
3173
11749
26263
9499
12084
427
13040
29780
770
10009
12384
16914
6618
27549
11250
18250
10412
20729
32426
7675
12877
7227
12464
26558
25535
20720
22450
17055
1459
27797
13443
43
10060
30286
21512
21194
26150
14043
14164
25935
30615
11463
18194
4302
22324
4322
5667
9389
16023
32498
14217
29950
19040
5798
11140
8972
28794
10443
10234
21556
11168
17602
16412
19191
31
14898
12103
5709
15837
25338
19240
19259
9114
18794
24868
31911
18294
32434
759
25964
26803
13722
1691
30890
3773
30068
15723
19551
6503
31055
9864
4668
9848
3950
8316
4785
28774
3321
24093
24139
2657
10737
8884
10559
7571
22889
2399
1351
2983
29172
23476
28076
6792
14938
15271
22948
3435
11919
9390
18655
20239
4325
2083
32349
4419
7040
2281
23938
1450
26122
6738
7532
5051
21417
1600
18052
12299
7470
7819
11859
14543
19344
7587
26008
31644
13976
31351
19607
18546
23517
13205
16819
13817
8691
21906
7743
31498
23520
16556
30098
369
8399
29102
19033
5618
19465
21012
11826
