19948
15330
24686
31150
25267
27910
4828
21534
13433
12722
32545
10164
6854
23770
24496
27433
32576
2083
9201
23382
18987
24145
24804
14665
30764
27134
13576
11928
15698
15506
9083
19445
22870
367
10850
22019
290
20844
6283
21609
401
23173
26193
5924
32630
12241
5568
9761
30943
21940
24058
20235
27547
24149
9689
17762
17657
10834
4566
2253
32467
8627
10538
1457
3531
31005
22067
9218
1237
22344
17944
14425
4598
28339
27568
2887
14411
24471
10656
27370
27468
30233
26564
31421
28498
6339
6097
13748
9047
31541
27960
22153
6141
26904
19533
6736
6098
15700
13480
4434
1235
22915
10955
29208
12079
12709
25862
8902
2381
16405
16280
27819
23823
30140
15383
3605
26201
31364
4114
7786
30413
21007
1780
30836
1753
14506
15147
7933
22516
19580
27274
20380
3108
22275
27116
14286
22212
19138
31771
72
10884
18739
4080
8844
2225
17667
10683
15547
21943
5246
31716
22442
22244
2121
29395
21303
15726
23119
14350
27870
25272
2301
28833
5255
6609
29362
15043
930
14909
17777
11958
19062
18425
5850
26351
18358
23737
14424
21367
15958
13940
7067
23697
32156
3874
23369
6301
20346
8645
15344
6460
8475
166
14656
5045
6588
8417
29559
26776
5053
16163
4380
20129
11256
435
26864
9438
23377
31663
2082
12308
20110
30105
26818
18272
28778
7954
27768
13338
23012
3556
28534
18686
7389
11846
1963
29838
7394
2140
17465
21170
27207
32510
298
418
21365
27578
9054
15877
8324
15388
20680
2651
11533
29740
30939
26008
21561
14905
16702
21777
25374
20437
10951
17820
1356
7201
679
2035
24482
11083
29666
27738
19815
18260
19715
16770
29590
3607
19981
15020
7800
10375
4788
273
7544
1848
27853
29826
4404
18465
17156
24396
24528
10656
18381
8542
17295
11966
7325
5806
10148
22709
13657
15576
18245
6575
4111
23560
17154
25809
5348
14107
8277
32632
12877
1793
26490
30658
2434
17766
21376
25681
16176
2705
18593
20811
17518
652
1231
32421
11251
15749
16015
21410
24454
24436
9738
11158
18869
29438
31841
24560
18378
25497
13634
13175
30715
25330
22201
724
14305
15756
2888
24145
26412
25257
6713
28896
17044
9069
14899
22623
27411
27969
29196
21274
27985
886
31710
26258
23904
31786
24157
25469
23209
1136
12391
27405
4134
12203
15069
22901
1234
22075
27826
14762
20574
18268
21825
9830
2086
21066
6372
15475
30819
27306
5058
550
32162
27685
7912
26666
4725
16726
11164
18302
25960
29158
10477
193
2870
23541
26511
8366
8509
7356
28646
11747
29744
27761
32353
998
32524
29035
6665
24425
22093
20103
31066
32717
21345
28874
10577
486
5213
24648
10950
22526
9199
6212
31228
796
23955
10904
13431
29062
25098
12888
20749
9860
12297
22962
7744
3943
13614
30488
31435
10698
27447
1442
31867
24344
21878
31917
31040
14670
29312
19145
9860
21762
30246
30674
17083
13477
24486
12892
32060
22789
16418
19540
4175
17173
17744
27365
16775
17137
23668
28057
15442
14365
395
20673
31438
9997
3785
3862
12510
18411
8262
18080
28030
29332
24565
9431
26195
3044
19925
24073
8582
22579
22635
13307
29139
22303
22895
20435
30941
3212
19142
29493
9157
23274
18352
17581
22010
21175
11843
15181
13907
6980
29976
28055
21083
22715
2372
18333
3052
13153
18569
27750
1279
25625
27598
18068
32194
27178
30157
3140
22763
20033
31244
14902
14924
5818
20494
18990
29608
20763
1738
10393
13254
21729
11356
11636
11203
9088
15867
7274
7852
2469
21547
28732
3917
26046
24371
30054
67
14268
2002
30720
31321
24087
2094
2274
19729
9235
4365
7691
15744
1347
3911
4676
5983
19019
25980
18432
21600
25321
28162
29575
19902
8503
22817
20563
11288
14890
15235
17850
2431
12127
24806
16078
31182
1559
14100
14722
27961
28544
25877
20750
8489
17974
25251
18324
4936
1289
9182
21251
10967
6913
11585
12604
3144
16543
9173
18291
19209
12902
11684
20696
28062
29850
13937
24695
30706
1096
27814
14941
28655
6534
2702
18429
4172
24316
16324
11218
7590
17059
20204
14405
4563
17357
13216
19920
4467
25190
25773
25700
24519
4985
1664
17416
17607
24309
8667
12484
6510
2738
13005
3517
28249
30383
9184
15265
144
3742
2452
13893
28836
29858
12812
13709
28666
18775
23816
21901
22630
13587
12307
2541
25083
5739
15102
24722
27426
31225
8332
22394
1770
16221
14191
18920
17823
3970
14195
14530
27550
2083
18170
29239
2663
16525
31912
23716
12276
2982
10591
26809
8266
6958
32366
28376
19789
26693
25605
31677
216
1325
5101
20580
27917
15442
19573
6439
5866
8327
12208
8232
20253
29331
8925
32494
11546
32748
16935
4947
16490
24258
15503
15261
27718
11071
11302
7659
8548
10766
15999
32467
27153
29722
16740
27465
31872
3992
26568
14786
18274
6727
23293
9882
11446
26870
27687
4019
24291
16456
31217
4960
5124
2740
24190
5761
899
12239
31139
30191
25065
28878
11091
26394
20212
28230
21082
19440
27115
15159
9038
32257
46
8521
27587
21729
2577
31317
5567
27598
27114
17191
32622
27283
8553
19331
31510
21932
28968
10085
2892
10667
5763
17805
12137
17883
7082
20283
21560
27170
28148
13624
15601
19500
11895
3605
30827
1989
28885
10679
13965
28295
23640
32276
4614
31414
25410
20791
8765
26984
1118
17546
27019
16361
19163
9556
29609
16477
90
9857
14436
4519
17734
26530
5784
7818
868
27956
31579
28686
28331
28197
2425
1830
2133
6804
21793
31119
22582
16345
2013
22011
20557
28101
199
4975
3737
298
17659
4074
28973
14238
21576
25159
12423
12413
13867
868
29726
32557
21245
4740
5434
12966
28011
14578
1032
30257
20519
28904
750
12143
989
13230
11292
15774
8553
21254
30052
15896
5191
456
9803
31260
24906
20426
29792
25041
17809
7426
14796
14472
16824
18415
31275
22082
25931
6964
10650
8818
28288
16007
27153
11268
4645
11977
13044
669
32727
374
5860
13605
30325
30528
7131
6531
31956
8695
22904
16807
4788
8620
20887
16846
28147
15638
14117
11265
6145
22837
5939
25823
32660
5172
6216
13725
21149
1940
17404
16203
13434
30087
3778
13145
9325
26010
4614
30041
10317
29847
11384
2566
3963
23466
31911
30598
25112
29378
27089
31468
20597
12858
12025
14081
14027
30649
7227
16452
2349
4695
605
10799
15290
23041
31910
31164
31511
22046
3315
8488
18717
14194
15879
26871
20942
10563
16419
27192
3214
15803
13270
32266
32144
31118
5911
18015
11150
17117
2193
13312
7613
14169
21822
11730
30208
11691
1079
15703
31579
26132
21707
25719
10411
11856
25294
129
5013
31937
25907
24173
16317
18121
15070
25700
12856
5752
14771
29826
22851
9063
29683
27866
7221
29411
26568
26810
10162
17230
19742
10033
18978
18115
30133
15055
29793
28921
29556
26284
12984
23658
30977
19627
12813
2740
10382
20736
9558
1087
17654
22256
8020
6944
30984
15064
13437
21821
10530
11633
31034
16818
771
21586
12370
15732
16346
21431
15782
27444
19618
9600
12576
25223
19634
24957
32230
23107
10896
23272
12755
21036
11015
14131
16679
32720
13945
25093
14973
687
19574
639
30462
9119
21900
21955
6869
9071
18273
4791
31202
23755
20224
15110
13491
15711
30065
32104
8624
23104
29324
3364
22165
9095
8718
4819
26150
31551
20205
6758
9758
13185
18665
8810
4456
14301
30820
12427
6801
26108
25715
3927
638
22916
24373
6469
1882
12092
19556
13558
32723
881
13865
26298
13958
12184
9269
6998
6583
2868
26893
4101
4934
13306
22949
31676
7390
8499
9009
23986
25712
1635
13112
5408
5344
18728
26090
9797
5886
3684
28339
20654
24247
8862
12048
23220
6285
16806
28578
13894
19268
376
12161
25321
16862
25699
32210
12540
20938
22123
4508
19009
20825
6635
5079
9113
21105
26495
20422
15375
30085
17696
15751
19736
26820
22673
6889
20505
26513
14587
1661
32042
20020
980
20720
10010
5583
14596
30871
6323
19603
8779
844
22335
24115
18909
10873
28235
16537
17488
3442
10410
22745
20920
24072
23229
11363
6673
15195
8690
12924
2269
12015
15755
23023
3085
2
25761
5887
14885
20765
15720
3489
9116
15338
22964
11240
21377
24389
23740
18625
17253
5013
11806
6880
18036
14685
24100
7162
12261
22030
8006
11317
14485
29472
30960
2525
26606
29536
6021
29016
1038
21132
23971
31068
19749
797
6825
32607
2079
24164
2678
14415
7300
23256
628
14724
18844
31919
28630
3571
14038
13483
2845
11172
25450
8503
25825
23910
14654
26034
12238
29889
18183
3083
27629
22572
26032
9358
22308
16768
19711
6141
18177
16557
23414
24547
20403
22187
5495
6437
23641
15540
8108
9434
7296
11185
14502
19292
27366
14322
30148
5535
4484
5409
18263
20674
3788
22137
2051
28644
16432
32563
7017
16441
5603
30529
24578
9053
13283
14399
30798
17384
9271
18087
12079
30786
32373
19268
31631
18361
10376
24809
26441
17872
5296
27234
23879
14298
8394
1195
8936
14536
31442
26976
164
20288
11942
21877
24050
10735
16653
18471
21609
30239
31735
11826
32294
1164
20487
19781
879
12403
28494
947
11157
15597
1370
12395
29983
7291
12399
22314
31012
22242
8212
21743
7673
313
31953
14512
23821
31808
32056
5195
8208
27891
19490
22975
31067
9055
9275
6300
15244
25525
17601
12216
13424
17821
9096
18212
3879
7628
66
9822
8578
9689
15613
15048
10416
22092
8173
25177
14618
9977
25196
20115
25995
10636
12607
5045
24980
12900
539
14385
9007
933
25191
22624
18338
11912
9028
12917
16294
7926
1739
11952
1737
1366
21141
14292
27153
4771
27521
30682
8674
15041
24241
19687
17185
28945
31702
2684
19354
4931
25774
23276
19871
30315
13771
21780
32498
19031
11413
6726
12006
18208
28306
4230
26560
22784
21989
3321
16227
15971
26389
666
6957
19521
21520
2351
27420
19626
12400
20604
8245
11171
15100
21430
25126
26160
24690
24890
18474
28594
23428
19071
6445
371
5664
20553
22321
2176
12276
7968
6640
9655
20018
28673
31938
29728
6288
8531
9154
2433
1940
23580
7212
25900
26638
6517
7178
16668
14310
7228
25872
31040
16407
13064
20164
32023
4092
22114
15330
32637
15819
30514
32510
22725
4191
4471
29291
20231
30266
22331
18268
14523
28106
1991
20553
11655
17131
18195
19092
14678
17838
2432
27501
17834
24152
26569
13299
11571
8878
28471
20635
11680
20592
16917
2006
11189
20772
7268
31726
32158
11028
4304
17457
12163
922
4578
8530
30300
5787
7030
20748
17671
18258
4208
17672
14231
11855
8363
16641
18672
18623
19250
9254
1681
11501
20659
25024
14000
26633
10800
27924
9356
26921
22520
7307
1791
7565
7382
18448
13650
8743
31112
9914
7766
11866
31858
12203
13744
7171
14740
568
19317
12470
32442
6474
503
3146
6130
19971
21982
24727
14403
28069
27770
22142
23196
26288
7255
17450
12043
20811
25618
6294
26671
22245
17260
8271
31984
15644
10909
1916
12909
6110
29675
15643
566
26318
7034
7053
12476
8681
10598
31317
10246
31081
527
3357
27301
19689
4276
13305
13033
7627
68
8432
4693
215
30320
30393
9553
21284
1285
17602
12063
13884
17785
1143
12816
6011
21187
31680
22520
18104
5488
10443
16095
24616
5620
6925
32249
3454
18750
23939
30425
25175
2959
22078
18145
22486
15755
16158
27901
11147
14225
7134
30609
9626
1864
20816
20143
2585
11130
16874
28302
14777
16934
4994
9783
17833
23760
598
11906
31415
28444
25935
11585
10169
2971
18311
30907
9003
25317
15112
12124
21529
14568
18647
30634
16960
17535
8753
31867
29040
11591
30484
31077
3124
7086
5633
27511
8629
3916
14593
14886
31452
28535
9190
27786
19127
2577
30675
16075
15902
29861
24574
11222
11926
946
31669
16212
31861
19527
10655
17372
21575
25552
6213
8551
25457
21040
16336
5
16404
27152
10516
719
2100
31606
9678
12061
31770
5273
24106
21497
6134
17652
22409
1491
28873
5785
22656
630
22658
12744
20004
4410
3431
24256
5765
13179
30903
22997
21624
14667
16526
11715
12442
3684
12552
2114
11153
21344
16553
15578
26005
5933
13309
27129
32560
17595
9339
29763
30529
6391
28335
19497
10823
13565
19353
12733
22236
8329
6480
27332
19328
20655
5866
7949
8600
1741
6048
20226
10678
7101
28974
6269
27931
2895
10617
15837
26747
21494
10100
9048
25600
32449
27460
13971
3217
25485
4515
29807
12883
32122
9858
294
20592
25499
2802
1688
16920
14834
29252
19679
18630
11931
14959
16681
18373
22343
9139
24263
22770
748
11132
11905
7875
21435
3721
20525
30600
13651
13901
17024
30193
820
5526
23843
17105
29558
14444
12553
19489
6587
2876
17153
25928
5730
7478
21639
15514
17917
25075
12000
18974
1285
13915
9318
7060
23501
11462
15392
8630
9909
25697
15253
25279
3744
28628
738
13866
26024
3873
28427
28092
15376
16591
13967
4036
16761
28233
29759
1698
18009
14209
21583
27014
29098
8664
6062
17018
32479
11842
24979
30115
6172
6821
857
11715
8358
21123
14988
29187
921
21209
5444
18672
23257
1351
28849
3267
586
22128
17912
21733
27460
2980
14653
6322
17473
7101
7937
28542
18649
3910
27567
4565
19953
11235
16753
7
24111
28396
4168
29156
31409
7004
31836
29637
21502
24298
32401
21708
3900
21109
29530
19052
27556
22949
3026
27947
23604
9680
21769
29350
27043
24602
18843
18646
28826
16097
8584
30355
4129
2648
21567
25942
23640
21617
252
30787
10599
26625
12628
5223
695
13087
10767
32318
8803
12492
15925
12408
31977
5594
22635
4092
13606
17670
11904
8494
3201
20072
21316
8813
9062
32269
6809
12256
7670
15842
972
21619
252
20179
7717
11292
23331
7477
7100
31587
3687
13409
1679
24609
19914
5538
19410
32648
9032
30290
4486
21859
4620
10559
2637
2207
10468
14164
15229
26891
6387
27509
26995
31324
9382
21930
7722
12404
31465
2432
32268
16612
21146
7084
24327
11695
23101
8946
21988
27985
20466
16453
11732
21503
21925
29232
32332
8753
21893
14196
21267
23646
2743
17651
6810
20486
587
21196
20107
27126
10351
17608
2724
16840
13794
12789
1478
32425
4524
3984
8521
31071
31501
808
659
16266
4019
8193
27369
23593
559
5047
16772
2401
5290
1571
1000
12154
11220
12418
4209
21803
3614
28628
32559
25879
9001
22147
31988
27799
18302
325
23722
14266
2175
13123
21226
28298
23710
32123
4043
6033
11212
30051
11000
9116
15412
16079
5638
26303
22314
27924
2308
8857
14942
32622
7507
1497
10582
31903
2744
17665
13083
29145
15023
12395
50
22750
9730
27529
15565
10598
12443
10608
29507
6593
30614
4760
27326
21181
17819
14301
24115
6858
8555
14026
8088
15452
10936
29463
31569
11153
14650
2416
28651
12052
29183
24441
3596
4161
18179
29966
5290
5770
5376
23247
7548
21017
21383
29148
28078
31158
2896
22749
16089
24556
1743
10822
5170
17255
28935
28633
28674
32417
22179
28524
32086
23230
15683
13548
503
2484
17684
32162
11420
2990
2211
26805
4959
947
12019
4336
30318
16258
25549
29638
6915
30401
10839
18835
21142
1367
15848
13093
593
9495
29979
24699
16068
27294
23330
5324
20442
2430
29533
11212
12555
9116
23339
1066
25044
10198
15873
29533
6756
1001
20409
9888
14489
11666
16684
5435
31018
18164
25346
26629
20774
25146
27337
31271
31645
10365
3653
22306
3996
26600
26887
23060
12895
19738
24641
21047
14787
19403
30937
20650
21242
31411
21436
884
386
26279
17525
16838
2648
8454
13822
11648
8041
3411
20950
3575
24393
12835
7507
18421
32039
4410
314
5890
9473
19185
28557
27618
28692
4315
7076
5215
32151
11175
30847
4169
936
6216
29019
14266
27783
84
4227
5790
21506
4522
2153
8563
31024
31064
21237
10062
30818
1468
23325
9503
24919
13289
25782
24117
32175
11339
9866
24069
23458
29327
19114
18215
28914
19645
18694
5025
27166
9639
20538
10856
31193
28295
12459
28196
15546
17380
32211
10548
1333
22965
23001
31474
9162
29385
8037
10808
32636
26470
23986
291
4741
32561
23269
5654
8008
8781
4253
9730
12679
9671
22219
25573
16342
14130
12484
24977
336
11150
28820
30127
19336
13679
9365
17155
3267
18011
833
17650
13924
8051
18757
1345
11175
21845
15830
24351
2194
19266
20808
29542
21801
27004
2525
12830
30946
4850
13019
7491
600
7711
481
10439
5955
21808
9850
23515
8360
16741
30707
5995
1869
17849
13674
9703
5232
19653
3112
30793
19128
3554
22577
13396
19308
11662
21272
30745
7139
15633
9496
30400
24380
23904
3169
21125
22607
2369
3760
22529
18402
19120
26914
32427
31521
24449
12874
21150
7752
4424
25217
11165
10147
17526
13949
21844
28344
708
8230
3296
17347
1237
14756
30610
7010
32534
28349
30448
8850
13802
20574
32253
20186
7428
18039
19387
16070
1555
5132
12013
32407
8869
24970
14113
1337
23877
16727
30446
32117
19943
25260
15227
12136
19847
26279
23872
7732
27916
2972
3601
11765
21362
8877
18520
26103
18216
922
17314
8998
26295
29402
4701
20165
21669
11754
19679
28003
23193
4581
28075
6667
18367
4181
17136
16828
3694
26184
6483
13080
25865
18855
1006
22112
28195
196
26009
8608
11238
6194
8040
7463
17077
10969
2165
3130
20240
28745
4831
3594
21176
1359
16914
19171
32020
8902
22089
421
21204
14000
20818
2424
30932
4998
14481
7100
9795
10700
14408
31295
516
32743
3094
17843
28500
23603
20669
6239
3502
21841
9000
14612
28651
15550
12460
31331
20142
6058
7310
6669
14847
6663
24261
13499
3638
22496
2
8687
12315
8428
22254
19515
21579
14947
10930
22961
21982
27408
24253
14490
24646
3496
3009
25707
28794
7514
10751
30452
29013
28839
12485
23003
30520
5748
20277
11337
24311
2397
8775
12515
21491
11597
3090
22524
387
19275
4167
14856
29593
32663
23038
5716
27298
19958
20149
10741
9901
20554
21141
29439
28112
13157
8696
13303
20935
30239
25641
19338
30943
7846
23402
13438
28179
23062
22076
16874
15476
14922
17882
27554
22990
1521
7687
16118
9352
20196
25097
18332
30924
17079
758
1258
8424
27021
29486
16200
9460
18225
4905
20966
15797
4707
23411
15530
28354
30320
26612
4717
3045
4870
18549
5990
11716
11845
14944
9190
22977
19737
12231
8006
24862
9672
18344
10014
15205
8391
7024
14008
24583
23506
1469
25285
25411
25403
18024
32078
23113
5507
10179
13805
19104
25895
2335
2620
10437
27836
29330
6798
10773
2366
5623
14045
28140
28326
24885
14340
16911
27322
1477
31022
1607
18985
6510
1423
29519
5079
13395
20050
18672
3702
12336
31954
10091
17494
27873
13580
6167
31102
15908
23637
2379
18427
26271
14408
16766
22136
17445
31235
3501
23823
4405
2451
12030
27743
24515
9644
19362
10975
12603
11165
26367
31857
20420
7044
9487
18491
19650
11454
23811
20658
18590
1698
16173
20983
26569
29039
4636
23143
6398
4994
19209
4462
4296
3789
1394
24731
7749
4740
7684
13050
15657
13593
29886
16030
2309
10859
6740
3197
30154
10811
27857
12929
29065
6879
26497
29659
21372
21562
10766
15259
15434
3819
31465
9597
19335
21445
18667
2310
20090
32639
28733
15056
19492
11949
18037
30755
4733
9711
12801
12484
10497
2665
20681
8978
19563
32371
29200
32334
22465
30353
26523
32571
16016
23205
29206
15079
31865
18275
19635
3016
7660
1030
7188
21770
17972
65
17515
4136
22196
28281
27360
22714
7024
20017
9779
27278
8399
31430
8866
17913
5791
4700
15629
28271
25689
18712
22872
30546
21158
31888
30737
21256
28195
7039
20306
6224
1889
13758
27369
12758
29745
18543
6071
11269
30238
6779
7766
5404
27194
15680
4351
9092
9758
1411
12458
5729
9772
4268
11638
1127
28951
10802
17996
3310
21670
9556
3007
8009
24500
32522
18999
19540
15740
23611
24399
22093
22035
14384
32379
29413
22582
22345
10478
29590
4166
20974
23739
18486
12433
19401
16186
4045
28371
11058
18093
11172
6909
25835
10019
2206
4916
12302
1693
4811
14621
13891
15472
1851
19544
5174
8170
6160
20042
15945
10808
5847
21280
7558
28551
6425
25616
30935
13162
19244
22242
32377
7292
25935
16048
430
19270
30455
23018
16562
22627
31843
8604
18161
32225
29302
24052
16247
28651
23750
25599
19368
10405
29169
24755
12849
11096
25136
21810
31294
719
27694
10317
18158
32513
13338
28999
1795
30192
4346
24540
19679
3024
17475
25986
25260
18028
20391
1007
28378
28614
23855
25819
15566
3069
28041
7943
32216
26228
16547
19582
5734
31281
11385
22043
19320
14723
22059
6219
25684
30952
338
17684
5243
301
27028
10071
16859
3287
23158
11090
31558
13506
31090
20584
13091
4104
30282
26661
4708
2852
5531
18045
30648
14936
18869
18260
30465
11084
19882
19780
27912
31223
30373
7578
31599
11458
12157
15777
232
7147
21130
13604
24997
26664
21944
23086
13328
17550
31961
2580
9659
6064
1600
29621
11418
14347
1419
22273
22640
18338
24768
23992
22663
29413
9116
29044
2468
5847
7463
13034
8250
4720
31628
30317
17118
18240
23080
27060
10491
3414
30177
18140
4551
7776
31673
14512
10101
15380
9634
21545
8877
5582
6549
19249
16953
12666
16094
15532
27393
23476
32186
17849
1081
25390
7459
14389
25561
9042
13035
6786
24397
8745
23048
21638
21614
17788
9007
11766
16050
25401
29604
468
11423
12567
18000
19254
10630
22397
788
28490
28525
11169
24669
26775
30029
21741
760
14213
11646
24998
20520
15392
2159
3791
9718
23833
3994
18251
28105
8205
11447
7747
15670
5898
28976
18631
31001
18256
29142
23224
12005
27988
2770
19173
6200
16907
8158
628
31923
9572
11445
31620
26120
21015
14791
13072
23124
32413
2354
29206
4272
3967
4078
12793
21506
16084
3911
8229
2074
23813
25233
1265
1274
3796
21783
4553
15476
11421
5204
23180
24059
9947
4710
32307
27827
5101
27839
17076
31690
19227
11038
10277
1291
12500
27325
14117
3504
6201
18892
3704
3448
24032
10015
29681
19450
8145
2596
27797
10297
14037
18199
8189
32376
21745
13177
2812
8272
27949
32446
17794
4863
18585
838
24512
2051
27794
9102
6797
17384
13890
1960
32521
26462
20326
20200
6528
20110
24660
2529
23441
31406
9020
4239
27023
14803
15534
2262
22311
263
32092
12587
5955
11420
28962
17298
9007
6848
24387
1224
7418
21585
8182
21441
28960
14322
27425
19797
15205
23390
1124
22582
29444
5884
26713
11557
8713
28596
24346
12133
11260
21250
6148
10608
26559
22856
12987
16874
4281
617
22894
15571
21301
8339
20573
23808
30724
25948
7832
31180
29546
17681
13321
7435
23352
9290
12468
15679
2101
962
12606
26639
26306
7782
17580
28916
15038
11692
28526
30774
23208
18470
24476
24087
9731
3671
13951
30285
15103
6597
2899
4022
12117
25167
2891
9288
20595
3521
23254
17735
11993
23974
7201
6074
30915
12126
16093
29983
26632
17008
32066
1118
18242
14625
10836
24316
21039
1861
13669
5777
30039
17237
1755
11900
12527
3522
6707
24021
8958
649
31046
11683
31934
26888
31947
18255
26437
5647
30238
1881
7012
13371
9792
10314
12496
26239
9758
6634
26751
30980
9238
22706
30293
5171
6839
22916
3584
9744
25800
23962
14113
30153
21132
17085
11436
5518
9285
9143
19345
9892
3575
23818
21660
9141
10350
18914
1433
9579
29570
19785
19901
21821
19866
31642
8513
648
1135
30776
12368
3553
25363
23423
1315
7850
24881
13563
19819
22243
22422
32216
21231
31043
24048
3994
26486
13703
13782
29455
18407
3851
26377
7041
15023
4503
28922
25135
28003
18555
13708
22015
21926
11230
282
13165
6478
30803
21436
6343
16834
9389
20422
19100
16038
27157
29074
7282
31675
4697
29824
20919
3584
135
2362
2810
15390
10171
16701
4955
26114
25653
21397
8768
4044
27310
7911
25930
5096
16876
3253
26248
16506
31381
14814
8938
25600
6465
2148
25848
3379
26322
32370
14275
557
6920
5790
1564
13009
5456
25963
14853
10856
6109
14354
28773
17544
14586
4226
5376
10554
32415
8869
31397
21595
22594
14053
17321
11331
27375
5615
11925
27557
25499
25014
6940
25270
17334
32699
23376
21394
23551
30861
9493
28123
27036
28811
14293
11683
2410
7665
2677
8588
30098
24595
5512
23597
16733
23523
3523
5304
1865
16825
8881
15066
15708
8276
5544
483
9144
26908
15612
10023
368
2473
18290
30628
9114
16009
21496
22757
21157
830
12691
22822
12781
17287
23448
2744
15757
12769
1567
11943
23156
26444
20149
29339
11452
12370
25937
17916
10295
11078
16778
2649
3914
7114
14342
8971
21502
6035
1078
10261
3924
28785
6720
16463
729
32649
21821
26308
22651
13797
21925
8024
5275
5680
9223
24238
28259
31674
27646
10568
602
21187
25440
11760
4917
9717
12728
24407
19697
9522
27639
20733
15902
2448
30822
23376
31614
31394
28383
19224
8654
22778
18749
8210
10724
4587
30737
7899
17146
24724
12183
14864
10058
8217
232
5812
7899
4916
4976
12242
9370
17645
4771
23907
25004
26277
9196
17009
29443
20313
30950
26237
11567
37
20943
32287
21111
20999
1082
9964
28457
12518
23043
6812
20526
2003
23688
7533
18401
17038
24598
11202
13602
2124
25506
11024
165
5047
6330
8698
1168
19511
10171
15291
4678
1136
1091
6853
2685
524
26089
16039
15255
12986
14636
308
31279
12918
7338
28386
10226
1804
16019
32368
7344
13527
11868
27596
9650
4303
30392
14899
3919
29635
5060
8602
27834
13026
6529
27469
4638
384
7816
470
29933
8215
16121
14368
26229
31884
19381
3036
23732
10164
31181
26404
15725
17431
9786
9566
24443
20980
462
24420
13926
31877
14698
17122
23604
19587
28274
30975
28033
25581
4990
24639
27602
9990
338
7591
6695
30365
22545
18723
1999
24464
173
14630
15744
25491
25250
12688
16551
16174
8676
31188
24829
20741
30997
7770
1115
1628
1020
24866
25807
28890
3635
7595
29935
27021
14879
9235
24173
25903
5157
20351
20204
23976
26139
23485
1810
29907
24317
15912
24543
13445
25314
1484
14909
4044
5934
1739
3288
2420
32520
21760
1071
9168
15375
20961
26860
32183
18248
20906
16496
16588
13915
7096
23475
17666
24832
18994
18507
3424
31412
19695
22474
514
29872
5012
12621
2913
15387
8957
8530
29396
10367
6623
7114
11350
11898
26795
9328
28041
10934
16565
4440
13819
22810
32405
23499
11432
19522
5069
29522
30401
31021
13229
18193
27564
11062
18292
31062
19020
29766
28088
29042
21378
27975
2312
16328
28148
23260
8655
2083
14093
2639
8059
26189
9541
31435
7391
221
8098
9931
23510
15952
11902
466
7210
20571
10636
32349
22964
2432
1814
12309
13764
12512
12424
24138
4035
18512
50
6813
4374
30894
19530
12284
12358
6262
9008
32212
28510
144
7414
4993
22933
9068
26144
8202
1069
6737
26536
2571
5787
7410
12358
17394
7656
5955
750
12398
12119
20874
11929
11045
7752
24249
4936
2470
18780
17659
30790
10398
17114
5261
6062
22862
22610
24783
814
17212
15744
20379
17930
3625
24178
13013
26724
26692
7405
24643
14266
15517
32014
15263
30896
11740
1325
9963
26128
10547
21766
19717
8463
9617
14363
31355
30418
25369
14164
30880
7984
16082
28137
7904
22714
28320
9601
3664
1528
14707
32156
19337
12278
32702
8750
10935
4607
10283
21900
16877
4777
17549
20876
21948
19986
789
17384
29699
5480
16330
27108
12552
1967
18995
3889
15048
10174
13142
29712
13964
5003
14311
24251
7357
16553
6841
23552
1785
25103
888
29487
9318
23323
13722
20790
18503
25559
13203
12043
18125
17018
8776
30538
5167
15922
199
28448
23037
12064
2101
26215
30385
20388
18439
13074
7047
13020
21110
31692
31886
1127
3372
5596
18175
30063
31300
31308
20942
31462
3441
5706
15488
16655
24957
31438
28732
30785
25078
12157
14116
24296
15652
11470
24038
11468
12861
16747
5005
17302
4060
26330
31646
18576
30384
18780
9824
2988
13425
1813
25467
24520
19225
27246
8900
18480
30800
9144
22360
8036
20776
17938
4328
6940
17930
2956
16211
20874
8945
9356
21626
9183
24533
5745
14416
12816
21867
28023
17200
15322
10763
17882
12916
4868
2801
28735
19267
740
1449
13647
8106
20772
5573
31909
10734
15302
15057
23274
12833
6246
10889
19262
12788
30911
29513
6106
10956
30833
8900
13812
8728
6146
17657
6371
14305
18722
20323
16516
2978
4147
19568
1756
25435
24328
23349
28927
18657
3309
22368
1840
4472
4072
15726
30793
931
23359
7966
3166
3899
1850
15397
10909
19391
9770
4899
30328
12523
27306
32470
18439
15756
805
13197
935
146
20121
12512
5352
14439
20122
31647
4262
31871
31385
13320
17013
9521
22630
23613
10563
26053
32244
25333
10040
19662
24669
18033
26849
7866
5157
25522
18318
16039
25283
17897
11000
6520
22877
2607
11815
18216
13524
11126
2963
22111
20224
19135
5258
30275
28989
18318
14289
29329
12326
15515
23438
13804
13472
13515
3685
18037
5659
11358
21474
28827
10772
12906
4119
5173
27870
16008
22150
18382
26531
3789
8257
17983
14246
8700
11599
23172
6858
8697
5458
15816
9560
21121
19303
7106
1277
22553
6478
12612
29970
27460
21963
14609
18464
19449
23115
6896
10916
2388
31691
4350
783
29068
2806
14152
4881
15909
8077
14745
15895
20583
13068
5009
6419
4622
20107
5879
10107
20035
20450
11344
27028
5835
2576
433
8176
2431
17630
7121
26677
2556
24511
32098
5921
17307
7163
22690
29643
1956
21004
32557
14380
23486
5704
1045
31453
19626
4289
17460
26146
22833
3178
18625
24616
2395
379
14370
2187
1506
7958
18689
12059
17382
6186
27554
10208
6370
14232
7540
8284
19167
32660
6886
23055
28904
22606
25467
28225
14269
4562
17441
32507
24268
15661
23487
31063
348
8402
19981
19705
12
19516
6312
15582
7804
3796
15974
11605
10570
22036
15590
4938
14400
14061
108
26826
24779
9830
18924
19140
27823
9607
15205
9229
26874
25717
32369
2471
8502
8414
14617
11331
23267
17303
17645
772
25893
388
23637
4998
20665
953
12834
31519
25645
23262
10088
7525
8273
16856
5008
7152
26857
29606
21161
31585
9636
6280
3583
6562
28498
3687
29423
22896
7505
4209
19449
10007
18248
516
12311
14973
3864
24781
15437
14946
18192
8753
2946
9446
18529
32747
24718
8524
3537
30711
13972
7933
26291
943
11154
26064
22038
18997
31030
31624
29245
21008
28660
671
22607
30234
10325
30274
2128
8601
24210
26524
15696
6060
11361
8279
5602
18921
5391
20064
8400
580
6095
7403
8717
25650
15442
24248
9195
2319
19863
11668
10382
15293
14085
8994
4001
6031
14263
3803
1095
3685
24599
19796
1877
6680
3502
9407
27070
7448
22842
19125
19279
13907
11009
30515
29084
3161
26982
10466
2874
21438
30138
32411
13102
5312
27476
18986
18598
29738
21732
16466
28391
889
19460
27154
18823
23612
14096
15143
18652
2753
6456
29138
6836
3053
10451
9179
4934
25196
8182
7382
8809
1803
31558
29093
10500
14433
6922
27966
17094
28085
31365
15023
22551
28956
29058
28767
3150
25826
13360
24726
23588
14379
1328
21311
104
20186
19949
3309
26869
24754
4396
18205
25570
21435
27620
32187
17656
5608
6223
13799
8553
14838
10049
8696
29630
23447
25529
18113
15378
3792
5301
1556
28798
24224
4427
12933
20948
7906
23286
4208
30864
5492
12846
26686
11787
16025
22843
3555
26098
12444
31050
427
27639
25271
24001
3639
6598
23346
31184
1986
10555
2255
27720
4266
30418
19302
30129
1835
18527
28621
5271
109
27647
8954
15396
29889
17230
8300
22772
295
3802
8135
6180
25109
3544
17854
9388
2931
17942
7221
20207
490
2097
21927
21137
22878
1032
24518
11913
31929
368
2402
17271
8939
4394
16268
11319
5423
18962
9723
1206
10895
26264
3759
4868
7338
22132
5331
1707
6581
6294
24296
16960
14272
29020
19488
25399
11578
20744
4360
31739
29368
32369
1898
13375
12786
23033
13682
17294
9742
19646
20495
31274
20770
14357
15516
19475
10996
31028
21952
4710
11524
21806
30611
30440
24524
24869
5890
15843
19782
15034
26740
25137
31919
9417
22958
14230
23435
23636
25331
1875
14313
14780
29552
23287
12264
29239
31960
27001
14970
3454
25164
23172
11624
25542
20093
21522
25750
14322
13588
1596
28297
16903
850
10576
25126
15840
17395
8741
16828
21027
14937
16555
3909
25459
14566
19654
30185
10215
13994
21853
11460
3771
26686
30126
30441
20550
24559
1252
25767
14892
31007
25579
14859
3029
4841
23939
7845
30494
24068
19603
31375
6478
16874
31936
9388
75
7481
31039
17966
4110
25945
15847
5979
23636
26975
32395
22928
19094
15409
30854
12934
4156
2539
663
19668
24846
23682
20208
25013
25067
5032
5001
4108
13245
5103
3258
9381
10924
28976
3593
14270
1426
6190
5441
17350
14767
15223
5060
6500
9887
1931
25121
21691
18056
25152
4585
14317
11928
14693
4543
3805
29615
9382
22447
58
18264
24239
1473
28601
24830
22933
15565
21921
1885
29297
4496
12173
20022
2126
22528
28269
23623
31301
14557
1487
19834
20710
17801
93
1373
5850
32281
15782
1490
9415
32172
15649
7688
25716
16635
6766
1449
20270
15154
7904
14421
11114
11519
3129
9552
19883
29160
1204
1911
24742
14305
13385
31097
30884
21790
7980
6723
30249
12326
14743
21948
31699
28201
11465
9651
31620
23443
27983
24341
7876
17121
1666
24420
3680
9651
16209
11876
23895
3107
31808
26648
6903
24150
689
748
20548
31824
354
17972
27801
2061
568
1237
26002
5581
10555
28738
3624
13999
25825
6059
26910
4481
29583
26481
31389
32215
25181
15580
23835
21850
26906
25104
7553
28515
18320
1597
8844
31433
2056
1559
9075
10743
19217
6278
29131
25921
126
13214
6824
30584
12718
15825
8966
26811
16656
24419
25447
31633
17125
2079
18109
53
21320
32073
28809
29233
3436
979
3653
5166
2086
31443
22528
32267
31659
31285
1096
20780
29850
18861
13132
1813
14397
17392
5442
3639
15884
31268
20487
10505
25202
11157
26629
17243
14036
26025
12378
12776
4816
24598
1591
4138
19138
26962
23429
12402
12173
30540
21711
21047
15256
12377
32348
4782
4374
113
23707
19356
11659
3739
23493
21609
30347
9894
25277
22901
965
27418
3387
15791
19009
25454
20777
14947
3302
14971
4941
12627
13887
16689
28457
25866
32639
2441
13855
2925
2242
11706
27097
28307
18069
6064
13800
4054
26809
23738
11435
298
7716
387
19315
26798
23113
14915
2532
25217
32665
31542
30879
13527
4938
27982
13086
2636
24151
6949
10462
9848
8136
27189
452
18627
13363
13387
8634
12666
22147
5433
3993
32035
24056
16587
17227
18958
7535
29949
7985
23597
18404
23659
6338
13093
32309
29961
21621
18085
27176
20244
14561
23799
2736
14409
15651
12245
5484
10068
30337
21373
4465
31627
10573
5128
3913
25820
24843
15607
8763
2052
21462
32527
32461
13058
5375
26727
25224
13772
23288
8895
10491
13120
23664
27667
12803
32349
2240
32112
32073
22451
8070
21511
7947
7960
27535
4224
29216
19869
9467
24720
11062
19393
16027
9934
12639
30692
8862
21698
24524
28926
8813
11071
5335
31120
7635
21747
12871
1755
9569
3901
29392
20561
7185
21822
14554
29513
7209
16691
14980
32502
9058
6146
12007
31898
19018
13074
24735
18423
2791
15456
18824
19462
23197
28880
7109
30700
6993
23745
23559
42
10191
18147
28939
16404
32617
15693
19557
20356
21729
30922
4221
8399
1162
2676
22487
15096
13737
1925
407
25636
11041
10089
10052
20558
1872
2072
8140
10300
1844
3234
13256
31922
30930
2571
26370
31205
28888
13914
31540
28466
897
3565
4115
32528
1209
8975
1164
2884
4994
3021
32078
12628
29846
25093
13448
27453
77
2495
30452
10344
10178
12736
29204
29403
21809
16989
14268
29869
11172
11918
6864
29116
27087
23363
18767
2466
29752
4347
18320
21988
19099
11154
12492
14445
27788
31834
24797
28219
29022
4718
27461
14937
22340
23875
882
15629
19894
23936
14913
19282
32534
22544
13504
23176
7572
16245
16440
21611
14159
18271
26475
26434
5564
22141
27930
9816
11340
19091
20426
3760
23113
17101
15048
17397
1025
25683
2155
6576
18215
19741
14745
15550
20086
10505
1676
4352
2199
7466
27862
5972
17989
32099
24227
28612
943
53
30527
19454
24862
25814
22744
26116
3799
16259
6020
20261
12355
24598
21894
11052
31309
1755
29901
11223
4364
23456
445
24715
26786
23307
15154
11845
11620
11825
23490
980
30523
8291
2115
7750
19529
10059
1933
29088
14032
12601
10113
2514
29264
11703
29515
30697
29680
1123
7907
8071
21023
28158
19418
30864
20347
25536
2899
6439
3314
6382
16720
7129
10023
12975
19759
13847
17175
12828
7028
4842
19964
17558
1224
17890
29810
28252
7746
27216
5336
17244
24294
17076
12537
8778
15979
27769
8939
9712
12610
31712
6456
16581
9683
5179
7740
14016
26378
20571
11982
26990
2066
3915
9251
10819
15712
31039
29934
1838
18164
20679
4556
17775
20443
25672
24800
32429
26361
13229
7354
5187
29957
7770
6782
27868
21461
11617
15170
12351
27356
19961
3255
30060
29937
4140
23820
5863
21329
15823
17935
8532
4584
23991
29590
4164
204
30506
10525
19791
1803
10644
19120
9571
4774
27771
27916
10331
18909
2997
12545
9939
25005
13273
28186
16955
15768
8947
28800
17195
15524
20860
19996
10742
22438
10121
5884
11650
29888
4674
25848
7255
5161
3478
3733
21493
14892
30253
297
17003
14964
14238
1600
9765
18566
10979
30783
6
29071
14602
10823
27575
25440
5676
1884
21054
9399
10403
11463
10962
8896
28792
952
15853
14299
795
7728
7844
4000
28503
23326
20020
3104
7556
5577
15837
4206
32767
25709
8947
21599
10199
10793
20786
9613
4553
24
3922
14754
16239
14783
6619
30163
28852
2215
18491
20394
4491
842
2069
11017
12257
4916
8925
22892
3535
3682
418
7790
9237
32750
25386
23951
10436
25582
14404
21812
28218
23193
6746
2799
11859
5803
4166
19713
5598
2827
5478
27933
9294
7083
5875
6255
13234
21936
23438
28893
15592
29396
2332
19341
11277
11272
15572
14503
22839
8029
27030
14428
31079
19748
28799
16679
7097
28756
10170
31570
1758
13869
17305
21949
2764
6427
21988
22491
6836
25309
22385
21757
17205
6630
28660
25811
20687
24068
28697
17711
15002
30783
12752
2317
9528
8708
21224
14545
4616
18307
32224
18383
3740
18773
13562
784
30830
354
21392
23891
10446
3842
14763
15443
7455
11874
21970
11080
28483
7978
288
5808
12884
24156
24986
30031
1941
14207
18111
629
32680
28926
13408
28031
7169
6091
4017
8864
1178
11847
8865
4322
17896
16998
26983
4455
11023
12046
24157
21493
2130
3265
14354
29874
2509
5500
19866
7979
23142
32735
5417
25243
14081
5517
28897
7019
16883
2262
15847
5621
10937
19860
22972
20109
32235
31058
4555
29378
12651
28340
12606
2017
16610
22547
8470
23227
28269
13671
20091
7336
31635
362
19280
20940
28283
12794
23819
29849
14171
6079
28100
29333
18996
24847
5003
26206
189
17422
8703
13035
22684
5146
31261
25620
25052
18022
3157
30805
29084
10724
16611
30671
27908
22121
14940
31887
16510
5900
9863
4115
22306
21455
4463
522
9841
16001
28342
7260
8775
18146
19756
22634
11531
6665
26784
31127
22569
12547
3575
12551
2242
12989
1403
11943
21666
11555
30581
17261
11122
27018
32509
30945
8238
24651
24337
16860
26330
4017
3557
10383
23153
14870
2682
7624
7967
20296
12402
19825
13487
1330
32291
7257
3399
25528
234
13112
31827
18402
23489
15085
4543
8765
7188
11785
13673
29822
20689
25489
5846
21097
6079
14080
17700
27121
5392
29068
831
22177
2361
22698
11352
17466
30977
1492
15507
9374
7128
27530
20992
31980
1131
11159
14797
3565
14197
8853
23994
23471
9432
19635
9676
22639
14060
26550
8774
14012
27671
30270
4565
9946
11934
2123
6155
869
24250
27903
14350
12598
17135
12710
26514
13963
21145
4595
19972
19809
3784
15756
1032
29989
23885
5834
26406
18316
6677
20153
21952
5312
21174
615
26440
2748
24648
15707
29872
27641
21366
1379
1313
6474
26324
21395
29423
29444
27508
7818
23757
21859
25524
23031
14141
13353
16473
3932
4683
6536
29666
29714
26491
3138
20502
8334
1024
8463
25056
19682
25390
15167
16220
13958
3378
16544
31794
4953
19969
17570
14371
13795
22670
28345
31713
18141
10816
8195
22564
14323
17059
7211
31482
21448
862
14733
12126
3899
19557
23707
31501
32745
10351
17023
20117
7154
7595
24322
31663
9985
30382
20908
26062
28806
6064
13868
8440
18246
13305
21499
29397
17942
30614
28989
27142
24035
31056
19688
32695
16630
2271
1063
30584
4982
11610
26369
29000
1327
26610
54
25075
14481
3808
21609
26015
6908
21660
7300
8353
4667
20304
32601
8853
9038
5260
3717
32685
30316
15675
2714
5193
23624
26070
12925
9928
14484
32471
8716
23454
30147
369
1028
12199
26132
23678
6946
27836
13772
11705
26249
19587
21186
6957
25956
15755
27937
24813
15820
32408
30058
26374
19180
1083
15288
29618
22115
23718
5192
19918
233
1471
9528
25486
7734
26995
16783
18800
2080
29773
30078
9582
11523
31303
10214
23160
23909
24032
29977
2081
7386
11630
9957
12953
31270
10934
28111
9947
12962
28858
16284
28455
9441
11218
32534
27571
22162
6142
20748
25502
4520
14715
17051
8741
23737
916
9388
29721
21156
25019
16574
6544
7543
22232
19174
32732
6288
9953
13587
22457
24066
16043
18327
23498
17210
19968
8931
23367
2274
18417
3730
23792
16901
15725
14762
28229
13940
17939
20510
29432
17513
27461
2455
2211
1387
18814
5491
21175
14961
23525
2062
17076
17226
9762
11585
12448
9532
12400
25641
22450
25836
2547
26666
2894
14205
17741
11059
14390
20220
9068
9539
1534
17916
24741
15660
11456
28285
22535
11927
21266
2067
28905
4424
2101
8516
2758
26019
11919
10289
23371
19055
27227
28281
29357
16347
26784
9306
23104
7102
4703
3865
326
4899
17
32420
27652
32005
16721
18039
22812
12887
19669
15804
20758
12104
11426
2742
21568
22980
14976
15711
6840
4414
172
32080
6855
27565
4814
20194
18800
17364
29482
13203
18761
31943
22554
10667
31626
7851
26044
20255
10084
12477
12264
11189
11156
29846
6245
26217
28215
26285
23900
27151
32480
10269
27660
15675
7912
13736
19392
4446
9221
4092
13566
19761
26910
14646
10498
5719
16734
11173
7531
7742
8584
11728
4147
13894
29578
10170
6116
28453
18516
23908
17417
18314
23530
12948
25059
11776
8120
23509
31070
23061
16167
8383
5699
16572
21101
4984
12719
10225
13225
24955
20420
7579
10799
8600
9630
21942
24608
17212
23433
13233
22079
755
16241
789
18943
2091
31642
9064
16865
4155
9617
11089
13308
19108
14690
18173
31453
19094
21771
21952
3218
12726
18481
2816
10242
30750
19474
5711
27776
30117
30651
5847
3999
4193
17530
24059
9543
13419
13975
17723
11784
30946
32319
7000
24495
5683
9409
27833
23575
4503
6653
11022
19010
16861
13848
30771
1448
4457
885
6231
22479
8573
25825
20317
28700
12983
27662
11650
3561
30427
29763
3905
4312
12243
21841
21620
25446
16372
17097
4795
29635
3971
11116
18209
12001
27512
11491
19197
12746
16769
28593
4119
9528
23882
32613
26636
30559
2812
29460
23284
26638
17156
31238
20801
6902
17173
8368
5354
9289
14448
25058
28106
17288
24419
22594
23875
16534
15375
9209
15654
7952
20591
22700
17879
7137
29590
1966
16300
10512
11832
14964
25495
23517
16492
29001
12037
269
13488
31298
12037
19330
9262
13429
1709
20750
4158
4966
13497
18825
29995
30402
23670
17441
31290
10832
5599
18162
25320
8740
2309
3287
9588
18198
22708
21887
19101
26482
8275
31683
31405
8177
2316
17974
23478
20712
14893
9726
9500
29632
10446
22499
3155
25766
2741
7078
28394
29827
28790
30100
24009
22319
19166
11866
28087
16866
24466
1307
28959
19947
28916
18368
32531
29604
7494
17808
27537
12709
14610
20480
5381
13368
10441
15820
11024
4365
32170
9286
21128
27439
23013
15086
19136
4919
24577
7492
30729
30656
12667
24282
30584
31258
16560
9645
8170
31555
31228
16053
5190
13586
2084
24763
19202
13238
14321
4459
12009
863
16158
24746
15643
26171
27253
28202
17493
9892
30516
27963
10610
22936
7093
6884
21810
9577
846
23090
12091
24757
16759
27344
19037
7577
42
28120
9754
29986
28048
11497
10598
9988
11481
22394
15019
24975
20075
10861
6416
17886
4928
13799
23291
31826
32649
13664
13780
27967
152
11766
29453
29156
10748
18183
13919
4513
19950
4350
31062
8036
29932
11885
24591
19301
30883
4957
19265
32019
17938
20194
19322
2381
2797
4850
22955
6358
21055
28278
30951
21251
21588
28066
9576
8375
32214
5250
13523
7057
29238
26582
3004
32100
3405
30752
19565
9192
10308
8955
25315
31919
9649
32430
4634
27994
2306
9217
26251
3084
7455
19024
12786
15391
28235
27101
29780
790
6987
22634
22081
10707
16843
5128
6231
32267
2557
12330
7175
18422
5507
6397
27036
18507
21903
8444
22392
21099
3145
3263
13985
22236
32113
4371
10365
29178
4677
30544
474
21225
29861
23527
24369
3790
25973
15163
20012
13375
21059
16562
12389
13048
28201
3083
15217
27599
20981
24818
14877
31978
26504
29905
29431
7727
9340
20202
22545
8700
22538
28323
25601
28184
4138
11296
18476
234
23035
1815
20549
22249
24934
22496
7952
17492
13310
5836
10348
5923
11051
11704
3216
5437
16776
2018
14485
10987
22409
21499
28725
23949
11105
11389
9426
22156
2083
6718
15801
6799
28711
9542
13737
16626
18095
26589
12687
16244
15562
22505
29844
7727
1401
14967
21849
10190
5393
30104
6273
27130
28640
13422
21617
6677
19475
4486
16979
12843
2775
15208
8289
23077
19647
18285
2400
28992
9574
9937
25962
19390
12885
29193
22513
30940
6439
32343
20225
9475
12523
29083
6085
27714
23241
18540
7245
12540
19945
615
11918
19166
23184
26823
1195
8724
26764
9015
19059
2749
13523
3812
27690
29852
4711
3029
32396
17168
12924
13439
26639
24902
14301
13204
12137
26285
6540
11293
4946
24490
6312
26568
20363
3726
19860
16259
13087
14533
4182
29257
27625
21583
16445
24124
11094
10613
11975
20469
2156
15540
12737
23576
17163
5374
8368
30507
19571
12834
16752
16296
14599
18312
26651
11856
32593
3873
20013
8387
10309
18590
25829
29262
21706
14560
9966
5892
15478
15792
11582
27920
2457
18865
2879
14409
13950
23698
13868
31751
20461
19336
31678
10037
16628
28156
19465
18088
3048
641
23200
12719
5286
24584
23296
25836
24606
18263
23596
32610
27923
26807
1940
5582
2588
29165
18235
20539
19695
14444
5913
1489
3806
21449
1471
19182
4770
15471
10297
9592
14168
17044
1336
23409
23753
29036
15217
4043
23790
12956
26432
8574
16052
17905
2961
217
1532
24914
512
28437
17638
3315
13887
23600
21071
4044
12472
22265
18840
74
13428
17255
14249
19780
29756
19246
6454
21296
8958
15508
3649
20887
25458
19329
26337
21702
23292
26838
27969
26567
27605
9216
4331
8847
23142
19149
22343
26745
25076
15230
13662
27379
31874
7453
14052
17527
25075
29201
5750
16318
624
14575
11040
7984
9
3987
20258
30878
27551
3184
9204
31027
18689
16932
22407
9640
7765
8527
20174
27320
4794
11430
22909
4564
24619
13123
21265
28183
7334
1343
21776
21884
7822
22147
24210
14927
79
17371
5376
30945
1856
11853
540
11648
29133
24744
29505
9894
28885
13151
24044
18289
20561
8856
28028
28243
4919
2689
7734
13323
1694
32227
2444
5844
4130
27385
18335
26076
15242
642
2562
247
19368
5397
21441
16533
21121
23221
29346
6642
5294
22693
7594
21388
15362
22909
23779
24026
7533
11134
7773
9275
5664
6435
7283
27181
17394
20472
31055
2239
7427
10671
13233
8265
10911
2929
22763
4698
27493
20338
6193
22514
8360
27848
6927
2033
2837
20861
18235
8656
23190
8931
19853
28815
21879
22567
10828
6638
31432
25385
31403
11744
9218
23435
19347
19005
27117
24585
17827
9911
20672
8712
23158
7439
32650
20337
22308
393
1746
20159
11
24477
31354
343
6607
28399
25322
24
927
21633
18794
1588
18106
1063
25550
32318
16178
22076
9049
25988
16880
9620
10972
31134
25593
2481
28702
25671
18160
314
3200
22892
3803
8360
225
23427
25898
6467
28864
6686
11509
11341
6304
7872
19589
24189
945
15343
12310
32687
17580
29322
27099
23257
13823
16733
4931
8769
1322
4851
21371
27629
3433
15787
12084
21083
17811
18958
1446
3443
17730
29536
24276
6074
9524
5749
28434
13256
16113
711
29637
26108
4014
25029
19819
13934
17010
10349
31451
20261
9591
18204
22989
19083
3795
2981
20636
17949
29783
27041
17739
3431
15032
7431
1479
28976
32748
23293
1387
7922
25815
1261
5065
3213
6695
4570
28840
19515
13437
8693
24905
23751
3021
28779
10991
18938
10759
6018
5789
12631
3319
23268
25122
32520
16234
27706
16979
30487
3474
24061
23192
24289
22699
14473
19882
23240
19935
25972
19354
21545
1127
25885
16662
31630
18164
648
3048
15140
3149
31081
22719
11631
25401
17022
3634
27708
21919
31266
26882
19415
1772
5408
11679
22143
4533
22469
4846
7191
26782
17209
19018
10782
15994
27919
18633
16353
14771
29978
13760
4847
30444
3458
8841
14286
7910
18712
28547
748
5024
9191
603
30168
30915
31243
12682
3250
6972
24775
2335
32737
31787
5585
19647
19971
764
30960
23274
8746
6867
17353
21887
27205
16174
29686
13187
12764
15302
7001
8222
5377
9142
2736
19174
24451
17374
2665
3425
11364
5258
5559
2500
6541
28239
19429
9985
25537
1590
3051
3585
32464
29981
28223
3118
32269
20057
4333
32565
24833
2464
27114
11786
6241
17447
5029
13100
22334
7431
18400
23594
1148
12517
31934
8806
24709
30930
22557
8473
13118
4208
27941
11415
5691
10070
30753
28373
12079
8630
3214
11560
28326
11325
26994
6991
9974
18235
26608
24500
3954
3332
14360
11503
2018
14230
24580
5260
12336
10620
12576
30478
10340
32242
10185
13619
3282
25673
26906
1658
658
19085
21250
6371
26673
7014
21146
24054
32422
4924
29878
10502
7816
28830
25787
695
19838
997
19888
21950
18422
25108
20887
22760
21274
16131
2813
23134
27391
12989
19664
20519
8480
28198
5233
20974
16140
8929
25098
24582
347
8816
27426
7083
32486
30877
23406
21643
4152
1305
6122
3973
19263
22628
14377
27312
26439
22508
10729
671
7466
28025
13035
15587
22464
17864
17666
7122
18589
25206
22633
32647
13564
801
16473
30762
3830
10697
11739
3442
12024
15996
21724
8039
16755
5682
26495
17517
15573
24822
23479
18558
29625
17222
12052
12727
5978
7869
7389
28182
15950
19951
31328
3714
17265
22421
11654
13067
4383
23786
29098
3188
11430
18260
24235
5870
5626
31047
26176
29223
20395
1638
15244
31363
8981
14060
22771
1961
29911
23115
6187
29762
15750
11539
4246
21245
31394
22036
12239
29911
11208
16071
16515
9369
12330
19178
21378
15266
6205
13163
16149
29670
16305
2183
10387
6967
17318
7987
19503
3012
10525
28091
30484
3551
18348
7081
26548
1795
19575
18664
2140
6677
26971
20521
14348
7402
1132
2182
5511
1802
31650
19045
166
15795
20687
15264
17905
24865
20948
9955
10352
32525
4373
25173
15807
20084
16938
2426
20577
22681
20184
3672
15446
13133
14399
26072
31216
12398
6228
21360
19170
9902
22418
6143
15770
14229
27373
2040
31441
14026
11784
19651
4448
5774
11687
21856
13397
32137
30311
14926
8006
27081
15277
6315
5349
1288
27356
10396
11221
3629
32459
4847
23996
31766
10102
18943
3226
15765
6643
27096
29273
15032
7336
25500
11941
31566
9148
30758
26365
5798
4555
17900
11530
20634
28894
28202
7984
1996
14234
5437
30564
22832
28343
16972
31805
7371
19124
25134
2125
8122
3529
29064
7089
16245
17950
4662
11239
19029
15418
4077
9696
18772
9662
6174
22102
5909
28755
10525
11360
26660
14561
31874
2628
10366
17154
28880
6284
21076
1206
13908
20316
8716
6744
17232
10754
19337
14032
21337
14543
5292
25611
30206
1317
31002
10152
28842
31698
15168
24564
30668
20892
1685
27929
820
5661
1823
31378
16832
26834
6713
31970
28729
1134
31891
14214
6008
5236
6522
24360
30157
2308
24410
11285
6049
23797
15745
28913
25433
549
12069
2474
7294
26637
30633
13994
8731
20633
29724
14417
27751
26422
9731
16034
3492
20012
23384
316
14919
5678
6098
5004
7257
21551
9063
18754
30237
18808
25104
16129
22515
20984
22732
23387
28028
3291
999
23548
9727
29534
25212
17189
15372
20961
23353
14685
24671
22333
24162
14179
3078
11865
26904
3174
15815
22008
19932
5240
9916
10965
26191
13121
2624
22514
4667
26352
21775
8493
10199
1911
12200
15380
14663
1528
4086
11002
21347
16506
3632
20043
6585
15841
254
8220
25557
26141
9437
19974
16320
2721
21188
9525
32198
21271
2568
1212
10620
25170
20861
18987
5122
18308
13278
27748
21382
4017
23406
14506
23561
2915
4320
26107
5478
7328
8564
29344
4752
8473
28772
2
19995
19620
14206
8383
4094
2028
15122
19709
24727
10087
29966
28927
11503
3721
31592
18934
64
4920
9660
1305
30388
13695
13879
21751
19824
32646
2483
28940
13265
8642
4899
13203
16885
8041
9778
18844
14462
7977
21799
10590
28050
13337
26124
17102
2854
13040
8975
7793
637
26485
2600
24174
22763
15926
8188
21991
12767
13949
27138
10889
14881
12416
21476
13410
22615
27608
1064
4083
18126
18996
25615
5767
31351
10831
24253
12483
31536
28447
7067
14205
4421
1872
14330
22226
27703
2288
17401
10098
9916
13676
1704
29247
19462
31163
19821
21015
16968
16089
19111
10221
15991
7799
18322
5407
9550
20465
11627
28675
32148
24960
10708
26307
22433
4529
29305
17516
19999
23829
27636
3137
1038
5178
14318
24405
17418
3547
28295
24665
9425
18772
1784
2482
22272
5464
13175
10703
29
3814
13404
31161
18138
3193
26241
491
29848
18816
4334
16741
20523
26125
13750
19196
5597
3793
27164
19700
12469
24904
31226
14032
6393
24625
23140
29033
31729
3137
12168
23870
4334
29976
27096
2827
16267
22132
15980
25245
31539
5541
32417
11236
30691
13121
4871
11850
7217
1304
7546
23107
21646
19562
1678
12581
11208
31832
31281
24379
19667
17561
6027
15380
20936
13422
22569
9505
1070
2520
29275
26240
29305
264
15066
9746
32464
14359
18862
1235
19219
31479
26191
27243
9757
2986
32523
12032
24134
15025
12199
5967
7468
25544
6985
22267
12468
8912
7574
3364
25931
21773
5911
28476
21874
14993
22753
5654
21113
19448
29557
8512
19082
6230
27877
9363
20458
16238
8760
5128
9596
23589
22544
8654
29831
29494
16010
17049
4024
14886
27750
19516
26475
19067
5480
25210
4902
5417
32765
9753
5222
10829
32290
23097
13983
10525
28034
29668
12414
27679
734
18406
27249
17818
25778
19167
3689
24651
22806
6038
17631
6232
2786
12176
17173
24714
10773
10722
3742
1974
27512
17475
6688
29308
11134
2661
8025
7476
14447
1926
23136
31270
1989
13890
2605
32761
23255
8875
23132
31855
5812
29339
6702
32591
21330
18505
25809
29090
26088
13083
7905
11553
27288
8891
27950
10223
4433
4205
2240
2180
12788
21152
5144
13801
27573
20162
21945
14379
21445
32089
31719
32010
30510
29776
19887
21745
13310
27534
27943
15403
11687
28622
3831
17491
24742
14250
19224
12812
6499
20216
27356
8947
21080
3162
22575
20434
15734
1297
4636
16151
31940
29458
19091
31620
20042
16732
4457
8999
12077
12936
12448
25229
14875
21922
7657
12339
17641
15671
9575
23613
379
11439
12726
18538
9701
12253
21804
23624
24527
20693
30814
2468
5918
24574
20966
30021
17361
616
2916
6106
23336
31327
14275
27440
6156
24128
32446
30632
8875
12683
8610
21993
23395
5178
15701
30930
19681
31825
28055
21426
2442
11703
13704
12476
30745
25668
20842
19381
21386
25627
21929
1264
25144
25658
16152
16508
10306
1871
22654
17820
6450
22221
6481
12919
3297
29760
25025
22545
31637
29918
14329
4730
17773
7006
27297
28998
2303
25613
15527
17468
19775
5918
32319
24659
675
21825
14120
12506
8068
21112
17969
26870
23496
13094
6653
26961
20414
16233
26371
11793
31305
24746
32472
22791
29249
7539
11441
11305
18198
1920
15140
2115
21686
20504
1838
17385
3761
30366
17530
28336
1691
17763
22240
21662
12723
4286
25901
21982
12737
27743
2338
26296
9541
19168
16575
19393
17101
15261
1217
26191
17319
15046
10345
9520
25016
18354
26239
28060
27820
13686
16279
4199
14928
27063
3475
8059
30267
32188
28777
14214
5300
30151
30758
4592
27856
678
12339
29456
15835
389
28631
18591
9209
11782
5118
3181
16397
14996
1593
16210
5850
17140
13573
4200
27497
19740
24912
1143
6314
19529
25913
12721
11869
23116
22552
25504
21811
6948
13246
15196
15921
32466
24318
8193
8534
21865
16748
4960
3965
26981
17508
16117
7045
5181
25934
19738
7854
316
15649
25209
7238
4748
8486
19399
2182
7316
16639
13232
30391
27524
26087
29965
29336
18221
14139
23901
2308
26903
10298
29555
17360
6349
29449
5740
7411
25212
17657
2276
11497
7100
13
15466
6233
10926
13751
28976
245
17223
16099
32263
32161
3819
5430
21643
24024
29246
20888
5531
15436
25911
29680
18957
9421
4470
22574
5023
20844
10967
31887
27184
17120
13895
32028
14640
14377
13014
26741
29013
18803
22798
20940
25231
10812
25731
17460
29247
22201
7084
31516
420
12406
2545
1046
6293
20030
8197
11742
10358
826
11894
26775
31589
24924
28291
31575
9140
15103
3373
13030
32668
26567
27793
28099
9519
20687
3956
10600
19087
2051
25376
29903
32350
28362
23407
27701
17525
12265
5413
8734
27353
4260
29314
6553
10986
23845
26136
13765
27358
29730
24539
17044
13166
13755
4215
31439
11727
22945
30438
12123
15844
28797
27713
29626
3250
5264
8662
29652
5908
3478
17788
22264
5296
27633
16419
21534
19241
24323
17071
23407
8599
19164
5383
30983
2100
24853
23400
21753
2135
16635
17920
29843
4263
25329
24248
8420
20872
21263
26961
5756
15834
32527
2482
25203
995
7018
9344
4269
4745
25534
11760
3931
32453
14963
23257
27589
23892
27550
26638
19528
25776
5925
27626
19354
27454
1573
26156
6486
5577
28560
517
948
18991
28699
15984
20119
14938
14679
28866
31694
7026
15389
21890
26771
23889
21040
9082
25688
30264
11038
21774
9412
5824
103
7117
15096
23059
21729
12870
28182
18011
17243
29
7940
12667
8321
17502
6509
24062
29696
14864
30217
25676
3306
27406
29215
15396
13659
9490
24648
31302
18781
17683
5749
5744
13577
19665
32051
19852
7663
30382
9262
29736
15288
15295
32756
19750
9226
35
13564
14517
3500
22931
5095
20352
20203
9275
11013
15909
6972
22984
4379
29928
17442
24259
19812
32681
338
14877
213
6675
1046
27403
13477
21527
23023
20756
29197
23192
25214
23143
1869
14440
23716
27763
7663
9076
20201
15026
1615
10811
20250
32709
23643
21893
27958
19654
27032
4689
17804
25306
26726
30735
32285
19205
3204
16143
13127
8259
29910
31546
6053
16340
27238
28416
19249
21463
4266
2705
11691
27674
27397
27472
12351
6449
23439
28548
27234
15813
32537
12881
30205
2607
2668
1000
22221
22085
3282
12794
28937
19828
15320
13426
21318
8464
11345
4707
22425
13543
7326
4927
24571
31260
13357
4171
12785
27699
23616
31311
13676
25704
5616
26514
6893
14149
29041
15877
11502
20595
2711
19903
20606
16593
11929
28585
31019
29379
3862
31867
5156
30925
9813
12263
11935
10848
12497
19475
23417
755
24565
4429
7196
30550
10788
24059
20646
13635
23548
2768
29512
311
20188
22342
8939
9855
26787
31304
16666
11670
18619
11054
10012
19630
18007
14063
13920
18061
9208
30098
18463
11162
7222
13286
16444
12600
11197
25971
18287
4946
15510
12976
28834
13367
5800
14199
19867
28329
14718
1461
14044
20016
842
16486
19143
8629
18730
25281
26630
7243
17579
1967
10026
30800
31372
17794
6034
20661
32452
29156
17295
9370
14789
25101
16325
14622
4867
31546
18901
19829
9392
10074
14905
21819
23754
522
19823
11527
12120
20931
2137
32068
15857
8530
15332
16188
6269
3465
27624
6262
31552
6965
7503
66
11796
10576
20346
25490
26869
21367
9440
15115
25027
22686
32504
18268
26436
23042
4442
26575
11625
1631
12321
16157
11986
1379
23955
6791
18323
14179
23300
20258
27961
7502
16631
371
10248
31967
25223
2875
12679
5398
5
29588
23615
30440
3299
11581
10431
22070
3280
3891
11235
26364
19493
15233
10838
6859
30592
26712
3414
21113
22190
16226
5303
22551
11983
18260
27179
13603
4020
3011
31168
14591
4236
30520
13226
17314
16320
4998
6979
10382
18971
9307
18256
15873
7470
20502
14214
27760
2291
19160
9037
21041
9392
14302
9667
20344
31518
13582
27396
3716
16843
17615
17065
23578
8125
2590
15246
25651
18264
2783
11481
9970
26498
27760
20535
14808
14340
24196
20841
10555
9523
10287
30464
3572
24273
2877
18532
11097
20014
29128
21787
10603
14226
6666
328
16208
2783
13423
31602
25091
10099
10222
16263
19274
5964
28826
19233
27880
1391
19572
26375
9236
29578
10884
10743
16683
29400
4136
6307
14242
25669
26795
1785
2622
979
29465
7847
18311
17212
16978
11999
10874
14297
862
10583
13182
8130
32256
28821
19865
16951
910
23401
21476
12094
16383
4539
2876
8846
8518
9862
25659
3500
18655
4901
6502
3412
15271
30670
32168
19994
17392
17756
3840
9297
14805
13393
8566
23340
9675
11547
13907
32547
29049
1430
21393
10136
6858
14291
28561
955
7488
30232
17676
11947
1419
16423
9036
3806
25434
24003
3740
17602
3441
25201
17661
27812
27643
7804
31514
14290
15650
8507
25982
8444
2014
12438
25093
16352
12554
22983
21904
39
26301
32606
4605
16265
21975
2184
22615
5944
24026
5520
19273
21628
14076
23974
26073
25754
15994
6624
19027
14331
23854
8574
32130
24714
15460
7026
25126
28510
15594
26912
2211
21913
25702
11874
9975
19600
13548
6863
19694
2348
8912
22589
10393
16016
7353
17028
28412
13307
23031
19589
15623
29168
25367
13931
1224
19093
2228
31025
23262
16730
15504
2917
14385
5594
227
25387
992
30214
25074
22916
31099
7040
11748
21200
16243
22597
24273
20626
16846
22159
27421
20596
9503
4090
28676
7307
26038
16357
27253
28891
30484
21787
29220
6686
30626
9907
10971
29121
19618
28724
24592
23344
14949
22781
32445
9811
19646
2788
24940
31576
9144
7198
8849
13236
30852
20575
26909
17508
28341
30017
25424
7545
1456
24042
25551
8915
15965
16873
21750
8749
18723
866
30319
