25560
3556
2835
960
25217
24467
336
25200
30840
9434
17459
26844
25139
12779
31354
30937
14338
17508
6041
29470
26261
10695
14427
12628
4287
10796
13003
26220
15993
2866
23893
22837
32042
16187
20777
11566
21798
5337
11232
11673
14452
31363
5218
20176
20180
10893
1799
23004
17152
21335
11516
30276
30003
4036
17129
1571
14056
17389
21200
2173
29668
12823
17721
30163
27766
23523
3468
19189
25854
965
30142
13848
28332
25271
19759
6696
11658
26159
32467
23648
16317
2638
21137
12311
10760
9306
24040
21725
28049
12654
26584
31430
10984
32112
17408
16646
30277
13892
26884
702
16657
16191
17969
26134
31912
22751
7268
24972
23134
28857
24103
11148
19648
11698
23326
18496
11804
3186
15010
10665
12355
8214
2475
5615
31117
19237
24563
18421
4894
1222
24664
32305
3176
32304
6274
27579
30705
15457
967
16291
9558
31251
13643
13960
15505
26092
28012
27238
7799
4341
7773
21680
11908
8525
9232
13983
27099
7455
13146
23497
28553
25041
17490
27381
24074
7038
31738
14638
10766
20647
22817
21270
21117
22053
10375
12413
5560
16226
1091
17970
3106
7881
25186
27161
19423
10875
30417
15742
31195
6468
27773
4521
27662
19405
14776
31411
16639
5651
5087
1176
4231
15639
17977
16012
6616
31960
28707
4243
4797
10878
28266
3916
31780
18136
29689
16909
8153
5384
5556
3893
7060
2429
19875
17086
7478
9506
14675
25362
13392
4309
6009
18464
23781
3355
18649
10414
10097
2578
22630
4593
8745
31655
20139
32091
26501
15880
21609
30900
30204
7773
26754
5228
13582
23475
11541
3120
19336
13368
4075
23995
11012
21166
21010
16879
29871
12314
12999
15396
6991
15804
16794
13248
26244
27460
7116
19463
15181
23875
6396
28213
19919
26592
11010
14794
8274
8652
29980
20262
29581
9080
24136
10325
3107
18053
8944
29740
29037
31100
10700
10133
2426
31679
8197
14631
13908
5567
8342
15098
22661
8560
27384
18105
23258
30458
27902
28664
11111
4530
9214
12488
17867
328
6449
1161
12982
31553
32092
9472
8360
8360
10160
7594
31227
19457
31727
10575
7203
31615
31697
3545
5173
11127
1958
27239
1190
13587
4668
11166
6229
1355
19459
6719
9932
16401
2415
14335
28099
9164
26782
24211
998
16648
31291
21770
26841
23148
29090
20319
22136
236
8261
3151
14179
16448
16462
1384
26298
28564
21126
25955
7461
31361
4981
14515
12056
13884
19403
3166
85
5901
32766
28428
20658
23043
17205
2141
17948
30439
12645
14976
22492
28270
21689
514
32537
18610
31288
2019
20638
22499
14754
6639
25566
4922
13466
32075
11061
7727
20746
20303
8561
20460
29380
26771
28817
20225
30821
30285
30157
5465
32639
15834
18134
28781
13303
16026
7262
20919
11947
9729
17883
874
10072
18923
2696
5472
32188
7472
7085
5716
24055
21113
31777
27985
1079
8530
269
26474
25492
24960
20466
19884
13369
28820
32238
5969
11461
5568
13371
3126
27377
22506
32248
27536
20338
31231
9004
27354
20769
4490
13576
8466
2905
27525
12140
12836
2976
13166
21421
20135
8842
4254
8342
23495
15323
11735
2988
22402
492
24348
24502
19736
20560
22981
25725
28092
14774
13010
13265
8592
9489
6016
24524
9424
17911
29722
20059
1357
29767
32018
28153
5150
9999
20048
10174
8082
5805
5322
12953
2409
18996
30293
11226
3395
5137
11194
6387
19288
16878
269
13951
27498
982
12346
14467
27640
20122
18913
24564
29109
15732
8292
2426
11064
14059
26942
6516
7413
22774
2198
26940
26988
28772
15123
6572
27040
32635
4595
28385
10699
6112
30039
6462
7760
2999
8417
4020
9457
14858
20097
24385
9794
31343
908
5047
27485
27621
13327
7615
31704
11008
12386
23069
6132
13126
4352
7734
8983
28632
5269
28111
4733
16213
9305
15895
13354
28411
29341
27112
25123
28943
26531
15178
30173
21119
20659
11833
4086
13255
1387
20648
2083
18705
30551
25541
6506
9632
24514
8831
7825
22126
32715
20805
29398
4116
9915
31505
19168
29675
29333
32678
6646
12401
32495
22294
22383
238
30209
11910
14441
20567
14332
16949
12734
882
3229
6331
22068
11835
4865
911
25844
14471
25531
2252
7230
13799
6436
6709
9306
29903
12786
15734
9938
2295
524
2477
26078
21762
9629
7720
26656
22366
10855
30320
3217
15979
25435
16263
6844
2015
6758
4719
9002
12137
5261
14315
17437
12436
7228
22922
9857
24559
1499
17376
18207
24427
25251
7703
24596
12804
21936
15015
1665
12963
16215
25953
20613
29251
12985
21170
5992
16723
27032
5158
10777
26716
10858
13867
987
21476
21676
27416
23355
14226
1913
26477
7493
27795
5723
21340
10487
3899
16481
30089
24310
8176
23922
31503
22912
11076
30176
195
24738
15713
30784
16828
28331
9386
378
3859
22752
18335
27420
29927
28785
4609
5108
12452
12204
15671
5853
23685
18289
30705
25561
29784
8422
12555
28512
6018
10091
2484
27640
11330
28369
13007
16902
18490
2502
14745
14820
555
9364
1933
3123
4352
14348
6533
19571
23566
26812
12833
25041
24730
26217
2924
575
4251
24505
19389
25546
3778
24111
16860
6184
27576
7772
11366
18065
18599
14420
4211
14289
763
11360
25461
26778
19818
10226
3172
5662
23089
5854
24
30941
31393
21702
31990
8636
22491
4822
10702
11608
10456
17842
7172
16793
2476
12205
2286
2442
22539
23356
9854
9064
14604
6570
32545
13561
11309
23053
15590
6686
20375
27768
12259
25004
14756
1394
5077
3192
2975
5543
22790
17073
8651
18910
29812
29555
1190
18219
31535
4760
32622
30566
3331
26834
32741
31195
21079
10743
9042
3139
4437
17819
5320
32756
7755
9700
8362
3924
11089
20634
8559
10131
15149
7806
10659
31386
15219
31965
3886
27966
2545
28004
15321
13754
26953
14390
26382
15964
10464
1084
7391
8318
1015
18876
13899
19384
31768
21294
9916
11604
12980
16459
17107
27650
1546
16230
25704
3021
30026
28927
4045
3662
4091
10646
32339
25376
29850
1469
12816
15508
8836
1137
30431
7333
8982
7082
29863
11822
19986
31537
14049
15962
11588
29106
19796
27228
17254
10258
27171
21857
14914
9986
8458
31427
15382
23253
11237
28800
31804
2446
22642
11754
13066
28478
855
10912
4344
29837
17511
27068
27904
13206
12321
17742
12875
16120
21113
3594
20745
24361
18140
21309
13985
14862
4462
26374
4362
6345
7574
29378
24952
16339
1468
12232
8764
3402
2129
6231
997
20876
19984
9420
1452
5636
25988
26904
27919
17988
6091
9842
24763
28500
31385
9545
10927
2378
25472
27517
26015
32539
8302
8910
6550
26801
6519
17301
3040
11070
16340
22450
17959
29647
28204
27077
6364
16420
7699
29857
7385
27071
5841
26365
30788
26427
31076
3949
27318
14303
19912
1169
25756
11635
30069
23948
11742
2130
10026
20152
24511
6593
22505
32409
13829
24703
13634
9999
31577
21406
5333
22223
5360
20368
32019
26387
29035
22917
11076
31121
24316
11509
15054
4778
3275
18296
20916
9189
15256
26334
30301
6811
24993
11644
29335
18164
17862
24772
26587
12050
21995
30233
30931
8843
15518
25057
11289
8733
31225
23771
27714
28573
970
5042
18715
23089
12530
29907
24114
6847
29707
4220
664
21669
10574
16150
9702
3755
31667
453
32382
14389
9561
20797
27923
3774
3881
20183
14700
30593
5047
3044
3172
8569
26984
23361
19254
908
30682
24876
14327
2820
7296
21845
31588
3646
8845
11064
31710
22438
29204
5291
9651
23779
14957
4787
2207
30286
7130
2204
28307
10921
5226
1353
20404
25358
13342
14024
18343
6949
23627
15401
28684
24986
3647
18833
17480
15566
3367
21130
29320
18381
22321
11933
15875
7041
14829
27683
22143
22565
1529
17752
18710
25339
9693
27569
28218
11330
7220
7536
30967
4451
11533
14709
2936
12139
13968
17751
29901
14781
31973
6579
31723
10505
27985
10436
23540
22136
7330
4916
21945
22313
1230
32562
31358
11233
17879
26053
5117
6398
28145
19040
19885
15021
3303
4278
835
10589
5819
25807
22649
17012
22925
26972
32271
26944
2749
8264
18448
21552
12116
16783
31063
14916
25504
29779
26705
29890
17951
7725
24837
26923
2463
15553
26705
20333
29346
32149
17526
10330
17415
2083
28375
30809
24295
11820
21245
6747
6590
30288
32479
16145
4811
13532
10336
27741
441
9955
11290
4358
19582
17296
26970
175
25476
14266
8043
27658
10502
16313
12312
10569
26558
21368
27500
24789
7357
22732
18620
29251
6298
20484
12520
9604
15310
11970
15837
31835
21087
23817
4958
14356
21180
2198
13573
26484
1000
17012
32132
4332
20187
6859
6961
19729
16166
12025
13762
25937
30421
24035
8532
19166
6553
5773
17075
31215
29479
29929
2261
7464
23771
8429
8103
1366
9889
9192
16397
18784
1813
10262
16675
8827
22249
22130
20170
22684
7047
18123
26976
21299
9464
13850
4814
8726
17157
30483
19656
4795
21916
20730
19536
9643
15477
16568
1660
30771
27124
20526
31354
30301
7506
30665
23761
26911
2040
15959
2025
13521
25131
2841
21966
23524
13038
24089
18225
6610
20260
25277
7088
10833
21494
4253
16215
4300
8308
20114
12646
29715
4735
19471
18516
25170
2790
1205
30485
4416
31951
8737
30617
28312
3161
12297
32405
5325
127
22151
23685
30714
3136
3764
12274
24343
13052
1401
3312
32115
19490
8354
15852
16478
27144
23092
420
9510
10266
26113
27255
11078
9271
21881
17119
14041
10072
11715
6972
30549
16755
9229
25811
9845
23711
29728
15894
13175
2936
1335
21542
11912
5829
20753
32150
2173
3672
16709
29298
31427
24886
30422
17791
11161
16632
12295
709
25212
21617
16496
5963
24803
32145
20306
26146
13101
13961
20520
11940
3544
18992
27006
10238
2803
27558
15878
30188
23510
28983
19433
23236
17168
13954
22107
19126
27297
27098
3442
17490
27242
18668
26680
4682
4833
4258
25855
23162
20489
9288
9204
7717
14498
12270
4087
3970
7580
18957
2474
24695
11730
22637
18632
28324
501
15429
26553
28835
9414
2469
19811
2190
27529
19985
26946
24514
12982
10862
30139
12259
21233
17443
13485
23841
25148
20856
23114
1465
5484
17729
6693
10942
21977
24001
2699
22041
24410
6857
21015
25039
31345
24352
21377
17538
9922
16679
19383
1851
18890
20157
5679
18534
13773
18529
2939
28702
7440
6038
11806
31147
17737
1164
6558
30281
3924
28412
26586
11563
10023
3668
158
31936
28680
32020
1909
24885
254
4984
23486
17467
17797
21847
24322
31242
5765
30539
30085
4006
24453
16146
29979
20065
9244
17204
30269
6305
31145
19942
15196
995
18756
26415
8821
21504
28149
19017
21734
15279
803
19018
10624
1612
30543
27140
27869
3800
14082
11049
1012
10304
1027
22707
7402
23266
19662
20610
25132
6989
6210
4167
25530
24136
22938
2466
10950
11799
16542
391
11133
9465
23066
32486
2341
28917
5264
3211
24680
17622
32042
21059
3055
23157
18674
18752
5939
27190
32325
4030
21392
15317
21125
8167
17308
13411
4111
28148
20662
1419
6253
12694
32482
25114
22220
24212
4820
23487
14000
4277
24138
19982
29414
28384
9887
31435
20667
18818
22941
15206
7019
30768
1172
27586
29660
14990
16808
29242
18572
8303
3951
2278
2504
15677
18108
11290
28192
10908
8885
21040
23319
7754
3884
20616
17951
5961
12588
4556
8644
26177
24017
377
11047
5408
29533
20635
11182
29187
18569
30680
762
16729
9753
6831
3353
23365
32435
12290
14589
14405
22769
5074
25389
12562
8117
26187
18619
30151
19645
23552
9846
68
8567
25463
22624
1493
25110
17384
3427
11279
18149
6466
25407
1275
6107
20847
32455
5751
9840
3801
29773
28888
6576
5165
5211
6356
16526
7519
28836
18592
24186
18926
11577
19541
9782
31849
29184
32152
22245
21298
4195
8826
12133
7810
12613
13213
11230
30637
7994
19865
16795
23975
247
20893
3353
31431
6151
31066
9822
30668
22464
25116
3980
30
26742
21306
29110
23382
27374
17329
7154
16383
4117
25356
30896
17310
22770
10631
27978
3057
4826
13171
22492
9589
25571
27612
8021
9002
31643
19050
2510
27546
15353
10373
19739
22296
28307
29116
3488
838
23058
13160
16230
32730
19427
20364
7535
14497
27184
22272
11078
16580
25103
20175
29913
25418
17913
25821
139
7390
12413
22477
10118
25298
32565
5665
18510
23397
14842
22691
1948
27457
31316
15364
4969
15432
26420
7620
7241
8592
6374
16465
30970
31916
31041
31347
10301
2094
29729
30183
9444
11113
3095
16715
16429
15228
10078
14650
30286
19852
10513
3255
29009
32336
10908
24783
11810
21203
26993
22394
30695
5749
15612
32195
11663
23091
10456
25896
1454
31017
24387
27716
17544
18005
18383
31403
6251
18334
24155
13334
4163
8725
32322
26304
24680
7034
28114
14607
27066
21762
15872
23159
14064
9047
21081
15260
25645
10209
9532
4534
9428
3908
7239
10554
23454
6442
271
19383
30954
19778
29204
15613
4948
393
24564
4997
28296
5576
27358
28685
25689
2141
13386
22659
25613
18495
30951
14884
31739
26685
1749
22245
8537
6022
25621
8722
10831
878
14654
20533
11855
1647
21617
7737
16553
18542
22670
5071
14682
13376
27816
17681
37
26221
32695
22373
3558
31028
29837
19877
6178
20943
18956
24445
6882
21240
5013
24596
13506
6315
21955
30702
2373
8494
7002
13841
7531
1871
22138
15462
25222
12781
25113
2915
25417
7353
14256
12519
18210
7742
11571
24165
8138
20255
20295
10821
13594
30368
11184
135
17184
8296
8200
1706
24178
16262
183
30412
29378
689
11295
13842
4019
15828
24087
10826
30699
3274
22427
4815
9833
4965
11969
26797
15897
32438
23279
2566
6054
11144
20812
13493
24976
5678
17780
5168
1662
30591
25200
26291
19925
13086
4069
32155
27273
31487
6027
7440
27700
19494
16097
32486
18021
10418
10528
31941
25146
13083
5485
9608
28209
3768
19794
16868
24635
10628
22383
3146
24082
21281
17005
8206
32717
17693
7220
25544
8370
117
26974
29435
12875
9303
12523
19188
17852
8748
28726
16117
16211
29398
2855
30611
26721
12598
3243
349
21320
15858
19297
11966
17878
20597
18071
20773
7633
6455
20340
3426
25555
22846
21110
20308
88
4837
21792
8385
18198
14300
31724
26501
19597
30832
11399
20207
14814
6156
8253
24680
4832
27392
31410
3925
8817
24962
14548
15423
266
17394
3085
29489
27031
1123
30141
26978
20613
18774
14055
32276
28956
5576
26667
17084
17679
12912
19956
20067
6737
15426
15602
24652
15147
31799
8907
5591
23692
27728
1805
14245
18080
3545
6248
25085
27555
29931
6682
3183
24824
11572
17834
13495
28277
23546
29913
12516
10242
17246
10198
27833
17762
2782
15281
5715
11344
28958
25874
32268
24782
19176
17195
11680
20410
29553
7915
31374
10146
4574
10868
6081
13273
22534
21712
27248
28106
7802
1503
9795
14477
451
22164
29879
31416
25834
6497
11203
2680
32062
18160
22460
8160
19281
8980
7286
16768
9540
11775
12716
24378
13892
13749
32417
3921
5973
7105
6408
8643
25934
8998
11041
32217
30757
23192
1318
32252
8045
30444
24037
15818
2077
12750
1710
3689
12179
178
5743
1307
2009
14349
20510
22547
12582
28356
18519
32136
27816
13796
3655
16647
11392
30869
23496
17165
25871
6217
4301
5845
880
6457
32257
29295
11589
29458
17067
9490
11703
23019
16853
18355
13240
4987
29357
23510
17803
11401
4139
19621
3463
8867
27636
1599
25624
22035
26751
5970
15110
22543
24182
4332
19962
26928
29023
6286
15422
15398
6011
24707
28612
20649
22766
31343
30058
31410
2593
14379
10876
27116
1381
3792
25466
17765
10201
12306
28700
12170
5517
19920
8340
18002
2279
15336
12307
29625
12614
25680
14478
8816
25830
16739
5058
10963
10756
21112
19830
3099
23362
16057
2816
17877
27468
6707
3082
26003
3004
297
10390
7393
15163
32174
28736
29562
32489
27507
20163
27068
19200
19933
22975
8026
24244
19546
11194
21073
5981
18678
28772
18973
32471
17705
1567
812
6441
2291
22718
11923
13670
16427
22925
23040
17873
533
14482
21487
836
30514
17171
8225
24531
4444
2905
4170
3244
2578
15795
21771
5953
6928
18109
6943
25002
9506
12001
2265
31300
14651
20255
12238
5791
14273
17162
18127
13719
31276
15379
16410
11456
15055
6666
4048
9480
12021
27874
13994
19095
1840
17333
25832
13306
18926
27911
18827
17537
15437
3151
25028
3557
19761
10420
23724
29998
13971
6420
26421
7892
18716
29002
29793
26149
5618
21681
21938
25574
27346
20964
14305
18493
21599
11208
22483
3023
6841
13261
968
15397
27730
6512
15574
26452
11005
21253
3222
27357
3912
947
25373
10706
5644
704
4397
28218
27714
26638
12973
31159
19736
16870
7511
2406
1605
22517
10161
20743
5785
8084
23614
12638
6872
17741
27893
11736
31944
28570
31474
25970
6281
7919
1644
4823
19493
20219
6887
22472
9576
15660
2986
22465
8690
30833
21620
26074
13706
7747
29291
18923
2741
26854
18773
24819
12679
29420
26890
7355
12474
21500
18217
9910
11517
31441
16651
10796
6798
26757
31221
2455
11531
12560
27026
846
31110
25868
11936
2400
32471
18619
31209
20675
2102
31818
9589
23470
7689
31063
19454
835
30970
2482
29860
17521
11085
7008
9954
21529
29808
5606
31425
15983
29396
5316
31051
5540
10236
11071
24899
29634
724
5475
9235
21463
25667
31305
12038
1621
20995
9110
21687
17593
19377
20036
27338
10347
30240
30885
28633
2277
4339
20900
19889
1304
27243
11599
3007
15371
17789
8850
1477
30918
26152
13893
31441
21870
14341
14186
2160
6577
17184
12463
26143
22629
25350
4923
29954
4203
29727
32422
30681
21722
27454
19017
1839
16473
2935
13241
5588
14285
11825
22158
6542
16437
20859
20841
11276
27601
24740
15413
14363
8842
27397
21420
1821
18830
15650
32285
17078
3643
4082
3437
16072
22590
17018
25181
8098
9980
20897
21770
12404
24113
575
1722
32262
17878
29047
213
2474
16713
32583
17714
10352
424
18269
13204
25240
14205
7212
26741
26445
1953
14400
30978
26768
18266
6606
12390
29554
17351
15504
12875
6278
6270
9679
9886
30870
22899
30402
21139
2453
5148
30998
17130
10197
27602
22990
27504
18298
21883
1613
24520
23087
13926
24497
2411
15639
27254
14435
32494
17158
30083
20460
24708
12018
25597
16651
24003
12964
7890
5636
18603
17843
13970
30522
23012
26803
27090
10240
2631
10410
27342
17837
9632
30403
10322
31982
31410
10311
7642
10593
19580
13000
28408
4959
26811
30880
20982
16409
1968
14746
3516
2022
22819
31726
3829
26331
25256
371
22638
15261
4897
7440
21182
26739
12164
31859
16172
2719
31967
14854
20941
15343
19353
19231
14061
4751
18426
7800
1968
21281
13293
32478
29177
2319
28165
3629
6027
31008
27071
27771
26735
8778
32007
24468
31893
16584
9981
3751
12478
1900
13304
9790
2712
821
25291
30835
10283
23844
28488
28001
15989
28236
9731
22490
27473
23081
25945
600
24222
9010
12208
2101
7836
28081
13055
20254
27545
25811
27026
13509
1742
30203
14343
17622
24708
22108
11421
2861
29051
1735
17326
22086
17291
18881
21881
32244
28044
16345
4389
598
1652
7737
10499
5895
21439
13178
5140
28310
14100
11965
2251
23094
7973
23799
5395
4534
32727
20620
30612
14259
5539
10016
7730
28172
30779
25001
28119
3734
16497
713
14195
23569
17749
26460
32321
16219
13470
3405
29515
25828
2636
15533
18992
20066
11147
18182
19237
11462
10457
20716
17978
5742
27499
22998
19423
28060
20941
30252
20134
2855
32714
28577
4682
368
25995
16323
3057
2968
16899
6352
6062
31984
9354
28876
10058
17585
12743
17104
20036
23022
12244
31397
20246
9158
7581
16018
3514
12766
22921
2929
2925
22799
7005
22280
20403
2139
17757
11415
25243
27174
20660
30638
15428
9634
22805
28993
19872
21644
2979
25342
1656
278
32014
13534
31920
16420
11007
30971
6349
15290
11447
27041
27572
16821
22259
3495
4532
10938
22290
30464
18119
11629
2425
20365
4117
29155
3895
10293
7866
31065
26341
15928
20425
11814
3280
10944
28049
12270
26203
12474
5663
12313
31902
7395
27396
29315
19027
27686
28248
18037
8435
11301
12542
3029
26908
18966
13866
6297
16950
17360
12321
4737
17750
28453
31296
4358
28514
19315
29760
7054
30327
4470
8888
22497
3719
30048
14563
31968
24903
20268
28580
23925
15688
7471
19911
8134
16483
5360
17802
29870
347
13881
19292
25453
31934
5230
18916
32158
18700
18974
5957
3946
22043
19160
20385
8188
15290
1856
14556
22068
23445
5985
5026
5536
23129
24389
32171
26536
13336
25027
18749
1288
28654
13721
28147
4996
14053
20667
30398
27606
21014
7658
4393
31724
21521
4231
8673
6480
29055
10922
628
22504
19718
10607
19545
14559
14957
19344
21809
17891
15617
26169
16460
27793
17719
15383
18799
11821
29074
19123
11476
30615
22215
510
20595
13690
4896
6700
4736
30919
12574
31686
24885
16226
7522
28155
32721
13595
13261
32568
7393
223
10215
23544
7614
29231
19581
2012
17239
8914
32399
11518
3120
24775
14185
30083
30635
29822
2575
9071
3719
5960
4062
23229
21670
11787
2161
20912
2067
7226
12482
23396
20803
17156
5521
168
18587
204
25866
6928
30003
17626
930
9797
10458
2896
26690
15264
23898
21855
935
27639
30461
29114
14089
27575
4175
10571
7674
17715
13094
9254
12178
1340
8928
6843
31433
5618
7148
10063
548
15321
11404
19373
31380
26928
2776
32536
29083
23422
3079
22661
7856
14189
8426
10503
25573
5851
31673
6795
16839
15663
17170
9925
17029
26089
30271
31338
8277
24958
26296
6304
11028
29794
27368
21171
12588
11366
11828
26633
28603
8260
16954
25176
19954
19832
21846
534
26555
2130
12907
20273
11166
12874
28128
8705
4069
10899
25576
14459
8958
11507
27655
11175
31522
4817
26066
22868
18740
10896
758
5642
4844
6427
29307
15168
22580
31169
20810
26063
10194
12356
1005
30887
26440
8492
23959
14272
20984
17505
14436
3924
29580
17913
25313
23372
8597
10575
1743
17144
14450
8789
27940
32002
8052
6443
17235
4005
22592
3056
17869
24858
7540
17112
29640
11347
21645
2686
12351
11756
22280
26748
29754
7519
22215
32314
30287
18039
25015
3587
27497
22279
18608
22110
17608
13531
28060
14235
3913
28655
15580
22444
22504
9439
21991
14390
14723
25503
10036
29416
30689
28268
347
4108
19442
25858
25975
11099
17752
12304
4814
23318
25895
16617
6068
3410
21993
31100
27052
20372
25830
20614
18641
13469
8354
1542
29300
19591
16550
31730
26375
25361
14979
1832
18233
30776
10261
19623
3171
9991
25349
32511
8227
28335
31121
4102
5958
4570
24720
10957
5100
61
1712
2514
4838
32364
11523
32119
10339
32755
10426
14003
28620
26530
29232
10760
13036
8744
9514
7861
3156
20196
22109
15916
2302
27383
25136
14278
3376
12958
6340
19638
163
11455
27441
22588
1509
5313
32275
10267
16636
5793
17734
14668
29004
4418
3309
11508
25275
21253
5049
2452
31250
1178
6760
7295
24742
13846
3211
3986
4921
16965
9869
1823
22555
31809
15601
23594
24724
23363
2267
18136
6535
6330
7634
3364
28495
29850
27844
2516
2285
5111
30794
8107
15973
11730
7726
27873
20069
31283
6699
21200
5928
6008
9715
9712
22170
23020
23159
6661
13757
14747
13922
16023
9035
21093
28134
8099
16797
10834
26556
24208
27595
12837
2918
22372
5653
13364
17592
9784
3457
9590
24726
8426
23238
3294
9983
6417
19561
29927
22091
31286
27686
7025
25520
6209
25489
21451
9483
16945
5117
20241
18397
27920
26013
16056
14740
2854
4585
1383
25869
25454
27971
27144
26966
32070
29659
288
11704
29802
7632
16475
30453
18723
16024
28780
25038
188
29601
28947
26312
10806
26168
895
19248
6973
25771
3799
9053
31066
5802
4884
18997
25449
20723
15889
29171
20302
19503
22245
12839
28644
17174
29552
14077
14134
15322
11316
30147
18674
195
16998
2726
28954
3094
27717
9148
29437
27452
15275
7496
17510
23840
21218
13113
2323
12249
23480
27635
25192
8585
29910
8274
26469
18565
2381
17644
22742
18102
18034
22679
26057
19519
9196
7212
5189
11615
12811
30602
8761
3993
8796
12253
29363
29203
15994
21280
23378
5437
16678
31968
26110
1458
17818
22595
23254
20067
16667
842
9834
5618
15054
14163
28715
11100
13772
23266
29984
17883
376
24736
31450
31755
25617
6052
28329
13899
21379
20722
1296
8294
12419
32321
28023
24179
14298
11778
28192
2297
7681
2205
31836
13399
2287
13054
9471
1891
23599
14928
22801
9554
2869
27912
29382
28376
26098
17702
1712
24207
5030
18359
21812
1181
12278
32159
28731
26002
15934
27029
26921
16527
26408
8047
6931
173
13438
24736
25901
23964
16188
25087
27009
28555
1002
7882
9191
14920
20776
23786
27953
29609
1163
18040
16038
2346
2471
15489
18866
10455
20333
18182
14299
20845
10168
17991
9975
11708
17698
18754
13724
16207
19228
11638
13273
7247
9278
27628
19491
17573
4827
14200
14482
21087
12249
20541
22606
2389
19391
12399
14660
2572
26128
30301
27165
11226
11992
12206
10352
16971
18052
27114
16182
20932
12278
11325
10623
30566
10457
15992
19812
2101
23602
24921
25405
11130
9016
23564
23828
29798
18534
753
25177
16119
206
7072
13270
21536
4016
16939
3046
6436
18507
13219
20194
20035
25075
8669
8157
8344
21092
29813
11665
4930
8790
6932
19352
962
28754
21743
11232
19876
5571
4496
19545
20834
8784
20185
27888
25221
8553
6214
8641
24845
24096
2930
21896
531
6459
1501
20569
2989
25991
24556
5778
2066
7791
22833
13325
13310
11468
6637
18330
11352
3583
28115
25260
7955
20798
7183
4434
850
32555
135
7785
7375
8107
19041
26641
20093
20981
965
22621
108
10985
18148
22095
7405
19876
17465
17155
26872
29265
32270
22314
15306
20289
23875
29882
22994
6207
843
16612
30414
2077
32119
6727
9010
10387
15735
16227
10441
19530
31518
14672
6814
28467
25445
24239
7197
28957
14515
738
9078
24199
18523
9592
15170
15282
22886
13803
1897
1531
30868
16270
4419
24424
17821
4545
7933
6273
9660
14439
6719
3169
32622
22682
18955
780
25464
17821
25577
3587
18215
25105
14401
4886
13275
8556
32264
31098
4039
15784
414
11547
25586
30008
15095
27699
17281
25920
3834
4892
14393
21509
16422
23139
22592
32675
21115
15133
26915
17662
26264
28030
13341
13050
20513
13735
28567
24047
27491
29376
25067
1879
30267
9287
8557
28106
28723
22951
5548
22829
17903
16397
7669
14118
19400
17015
281
23506
19382
28686
2672
15035
10867
7349
30750
11268
26589
28642
7829
4583
32413
21932
25948
29282
26374
1574
270
22828
16703
5868
3749
5614
27301
19195
29688
10928
619
5318
10627
32401
8579
32390
20839
10428
18882
27857
16305
26519
20543
28526
22495
6206
18172
5224
25505
16943
10696
29025
18140
2887
21091
22313
13556
10221
30692
25487
19275
7053
15704
25975
13573
23880
5036
18221
15375
13545
29389
29433
27487
25627
11789
26100
9853
28634
26569
25881
23106
7720
26696
2207
10975
31745
23527
4487
17186
32656
15475
15729
10485
6819
27095
3251
15144
20829
13815
11948
15472
10538
26587
2134
4015
1016
31248
2331
2421
15269
6219
16874
31431
4531
8272
29321
22816
18243
10770
301
10166
28993
23324
4168
1534
23772
2351
9890
1906
6201
28717
7595
14482
29544
32565
18960
29993
3479
272
4748
29649
17029
9164
26881
10937
3130
9126
22983
29094
11510
7470
9539
1336
13671
19109
6076
20335
15134
12458
4971
6509
21316
32278
209
2686
9609
8996
6478
6229
11102
25557
16366
19609
28516
27026
23686
928
24868
6163
27904
2170
4352
10625
16627
12849
26729
21975
4983
26191
12883
2446
30519
9377
2022
28537
18631
59
30071
20974
6968
10684
27574
5926
21226
28371
20777
23782
25250
21250
18393
30559
24284
9634
31563
22356
23395
14632
2737
7034
18206
8102
25442
20772
14893
4245
8072
10271
27189
23505
15640
7643
14583
3557
16648
25548
4392
10633
6844
1296
1404
6761
23489
3922
26117
17704
6077
17134
16315
22693
166
3670
31324
17533
4915
22708
2166
30929
26512
24529
24001
21321
31318
11573
8115
23896
442
26256
17487
16322
8965
32088
4926
3932
7236
436
15648
22291
13888
7321
32036
816
4784
30002
30934
4571
10926
1414
21049
11485
4456
8789
8214
4266
20248
14914
16531
25758
26678
4152
14855
26759
25835
29958
7693
7012
27850
17484
8920
16236
19131
10395
26310
24402
27959
27352
4663
14536
14011
20705
19359
12354
12918
20339
12762
12796
325
4940
20672
9278
4834
9612
17402
20191
32601
12129
31764
23560
5307
8419
22994
22074
27925
16189
5064
18322
8355
24078
6693
24140
26690
18447
27856
14983
17444
6901
6070
18759
31431
6809
18786
20672
1064
16214
14286
4562
13620
946
18296
8912
16255
13633
10425
26501
22840
19655
24402
19065
8541
4509
26696
7024
5163
3158
29171
14132
9177
3233
23121
23700
18821
18033
26528
21165
8815
19036
28459
17512
28005
23873
24164
30020
31870
29486
23091
13142
28427
20865
26766
10894
18379
7245
22602
32059
13150
21247
23344
17873
4860
65
1620
26090
8039
8478
11426
18060
14366
1895
18362
28074
13012
15190
25342
3309
16160
8306
15592
28084
12918
25010
4770
24153
20566
26853
18896
1206
25283
25937
27824
14823
14071
9627
11366
21330
21077
18663
23953
31973
29599
2879
8994
2207
13417
12601
15214
22354
24270
22228
9090
16039
19297
9636
1206
4194
23398
13871
8325
9959
25411
8342
11931
6909
6449
120
24880
1747
23607
28691
917
31297
26457
16044
26380
1103
17677
26161
4573
30203
5870
1054
25766
16951
1460
22941
10739
7986
28004
5873
17422
19672
6596
30228
27929
9372
10002
26783
15705
22133
23285
23787
27605
30502
2484
24182
32032
17347
23462
5512
21619
15985
1770
27158
23294
2157
20823
19942
12672
7504
28342
29172
8214
21393
3887
27413
14416
17995
12802
2522
23946
3136
4216
27063
10106
24607
13592
31588
21253
7682
4893
3716
13655
14907
12840
7813
25906
5456
16947
26311
3718
20804
11206
512
9283
3096
28781
6367
25707
9106
28521
25583
25195
26173
25254
1215
2987
21937
10221
31296
23140
24084
10843
13422
10930
9953
18
2866
26090
24808
4142
7303
30765
13719
21755
21981
17469
15223
3685
11450
2448
5113
30895
19111
28835
5747
23400
12362
12689
11366
1179
5072
2276
17154
1095
32398
28331
30188
15374
28135
17357
22334
5937
31600
27036
30928
32444
20562
30637
6838
24062
26608
1000
8969
19260
26058
12507
17131
10407
673
30291
27845
20874
21725
22574
32723
10184
30763
32619
19683
5510
22634
27011
22617
22309
9160
8700
32119
8563
10280
14907
22235
30754
8136
29594
4169
18553
12576
20410
1451
7241
9741
31515
21334
31011
7726
17897
15247
16328
16526
7961
1358
8161
12420
17845
14402
29680
18904
9332
23060
6535
26663
2958
4336
6584
15753
15566
20290
13772
31856
32233
27837
11319
22740
9486
20642
18892
9357
21438
4415
6958
2816
21470
11446
21127
12285
19211
16127
13692
13800
14381
22832
10080
28439
28495
24060
9127
15996
1966
1914
15518
27524
28687
31272
29274
27966
7510
2352
30190
28864
1877
4074
11490
7879
26594
1185
2272
25757
28716
10394
1967
17472
26703
31058
28518
28608
27941
18184
6873
13289
16479
5243
27224
30242
24277
9205
11417
18837
20763
21896
5106
24464
27221
15000
3019
22315
26956
666
596
12332
12225
9498
31347
25895
1025
27907
31233
28906
4281
18715
10293
17176
5900
1485
12384
26643
1763
21547
15579
26655
29060
16947
7742
8645
2663
2129
29395
9078
10820
20518
25163
18545
2161
22664
16815
7399
7787
6858
13209
19804
27059
21821
6307
9552
32731
7926
25632
24863
10464
26834
10506
22310
29626
4024
29500
15399
31026
25630
16609
1774
16628
19151
12333
14133
31973
23275
13643
966
3766
7471
27798
13279
3002
20598
23819
10202
13044
22400
16126
21773
2421
13299
6925
14576
4325
12959
21843
1917
19551
11526
30942
6365
1922
1052
22370
23104
5060
14411
20782
17933
28682
17082
22880
10043
3702
5071
2645
11262
11392
23283
24164
2983
29001
31637
24780
17349
17963
21361
27370
12433
7573
13842
16816
1161
7190
16789
10066
25434
22455
28849
13634
9219
8590
3572
4703
32312
3472
27727
22890
9988
11431
2261
17337
8371
11525
31168
27695
16879
21687
20149
15979
14377
2685
17993
26176
2363
24793
31939
21349
22603
22374
30755
9582
29170
18027
13668
5115
25501
10416
6911
10032
8756
14224
29872
21605
1018
3408
23676
21278
4533
16815
13555
15933
29454
13502
6323
21878
31290
31730
25389
29444
4826
9592
13996
2458
6176
17864
9107
16029
22068
893
21733
29840
15062
5476
26123
22992
31044
26323
17874
20353
9566
22076
19124
15560
2568
16897
23640
8762
16080
22410
22108
405
16593
22678
2129
28078
4822
19150
30471
22187
10435
17824
17163
26226
8753
21066
22639
354
6233
4661
19401
16192
819
8069
2174
28788
31199
23534
13377
885
21059
8649
27606
24194
25590
2919
15644
403
29276
17573
586
1167
531
6848
633
17855
7566
15979
31587
23683
19712
27679
30826
9283
17788
28339
6876
29609
4954
12332
14197
21517
17372
19670
27941
19761
21010
23700
6420
6447
23290
26228
19428
21679
23788
12934
9270
32605
1589
28143
12911
24731
22275
21817
18876
9330
6785
22765
25171
17615
31554
28772
28924
4844
14051
3802
22480
29964
13548
28356
21569
11371
1272
10083
3675
14197
2070
16538
11594
9270
18798
14589
5403
26386
18984
12842
12743
2486
17545
14172
29549
17998
10847
21053
24543
25336
25248
25084
23904
24953
2638
26784
6828
22320
15517
17052
14393
328
9816
31907
5821
26929
26753
15293
28400
11600
3640
27547
5779
16885
6621
10023
5809
16014
28025
3936
30501
2843
4698
1125
25436
482
9214
29903
3164
22884
25139
14148
27653
27279
11899
8778
19863
10037
30901
22104
16245
21693
24314
28211
21033
24345
1222
2424
18599
22520
25944
25972
7638
30268
9563
30780
844
10670
10181
16890
15705
5872
27136
18566
72
4020
27464
28982
13025
23340
9044
11510
14899
25281
19512
10907
12944
5896
906
884
14808
8434
1731
5666
12027
13123
3817
938
2745
4165
3947
713
13740
6077
23629
32136
32649
28958
31620
11535
7075
9725
9636
10174
18096
16581
14776
5498
31184
17324
10353
32325
20171
3045
6788
26386
31130
29975
22093
12503
31530
20751
10424
28131
29020
1970
21857
8562
10320
29493
20986
7551
20707
19600
20718
29401
118
15407
24387
10105
24050
25323
6597
10003
8200
28474
15713
8683
16574
4770
5839
19946
2599
27508
5492
15857
24689
14006
1414
17261
27942
24161
13681
3628
4011
14285
2681
32367
14093
1641
18593
23872
2300
5807
4556
28421
31256
1367
24611
5206
15212
1739
32694
27916
8504
17116
19302
12698
26356
6323
12546
13985
29841
24330
16560
20158
2306
29852
19343
32423
28155
13529
21914
14198
6393
9439
24272
2884
23938
27814
18322
4090
5294
28794
21580
25700
24038
7855
5207
2951
23788
17808
12318
4661
6427
1432
25216
13022
25073
13285
8566
27561
23754
16617
14838
15043
8174
30563
25367
29943
32462
10125
3189
27264
27531
4759
27607
19995
4536
10837
3599
4704
3681
31029
28450
12625
26956
18035
23977
4660
13182
19088
11639
414
28417
2048
32124
28625
9189
7203
5353
26951
18053
7286
7061
32143
21260
21515
12704
2136
16951
30006
10838
4300
15196
5002
28246
13087
10155
31235
18675
18535
2740
12677
9434
16558
17449
19333
31733
25413
7909
17670
32400
26972
20782
5576
13755
9936
21047
16316
9455
13636
10473
29370
12020
21875
6115
6262
16897
31428
19136
23729
3878
13600
26776
1452
20711
27904
12233
12514
25898
9674
32503
18422
15955
14941
28497
16875
28589
18410
25622
1171
22796
15111
13144
31306
13744
13054
19457
12260
4717
12139
32019
3811
28425
15366
16948
2029
3814
3773
14697
16766
15584
19462
9762
7899
1657
25971
9591
13127
12852
18054
30641
30072
30014
17352
780
18252
11347
21
29627
9657
7136
15418
7469
5378
31589
17602
143
7473
20510
29196
7314
27329
23266
28321
27246
26523
7499
14277
11303
24644
14871
3148
28686
2388
13518
15791
28044
31018
21669
5983
7963
27102
11939
20569
15765
22391
6914
15099
177
20062
6616
10006
18634
32275
27383
10820
5603
25631
23825
17020
28649
9034
6176
1763
9271
23309
26372
23269
31840
4938
17518
22405
21032
4155
12030
24305
9427
8873
2216
3674
5027
18526
1372
514
24988
12508
27878
8087
26250
31311
13331
23231
4421
15041
12565
10228
24372
10637
28456
4498
27920
32022
25974
9006
1258
20664
5432
7978
19824
9983
21279
12934
32364
23575
16370
6905
16013
7300
13432
29505
3690
13331
9368
6583
25796
18705
15807
25894
24587
22458
17538
7133
12580
500
30085
24835
9066
1854
28059
3115
26099
30947
23854
7976
31252
32371
2786
20003
27431
15987
26997
19947
13195
16212
17642
23691
29421
21666
19174
14370
22982
27774
29274
30703
28197
20814
1634
31660
3503
13235
22637
25885
20708
4284
23967
20456
13220
18521
15219
15271
9969
30738
1957
23612
28662
28152
16207
17508
30792
18396
14674
7824
29549
4800
6135
26608
32155
32395
32214
25040
6081
31233
2551
11559
9420
19185
24376
17517
19491
30384
15086
18350
25971
3783
24271
20189
20914
13801
21008
13930
25950
28968
15818
6678
18438
6504
26786
29191
27916
275
5545
1559
2473
8718
19073
11122
11313
26604
16578
96
22681
27234
1691
6751
20022
11259
4797
23157
23239
12557
20340
23492
24246
748
24855
12383
26267
29533
11171
24668
32258
13390
23459
24363
8046
6084
30291
27430
26014
3092
13572
2920
25102
10326
12226
8163
15553
23831
6965
14253
318
7502
7621
8603
15577
5009
1
27409
21043
14217
15426
16664
9732
22436
12683
26545
2328
27401
32180
15210
920
16337
17096
28974
25995
22900
23467
2145
16540
4993
17408
9005
12062
23699
14153
14614
3149
7552
19280
22485
471
8403
2503
26211
3739
3709
19755
7764
27312
20423
25838
12134
27817
28555
17620
16730
21527
19108
17310
18434
7504
9379
11494
23964
17007
29891
10826
5982
3484
32544
18380
2130
24718
3619
6009
26212
5453
24641
14409
1466
23613
7653
17479
7747
15192
27562
27121
3987
4795
27854
13538
5870
19044
18916
18862
11170
3386
4040
6414
30106
13645
31448
20029
4657
19808
609
31905
6980
19365
14424
20654
9355
27079
20811
18440
9001
15917
26774
13543
29569
31358
21722
4288
29004
29536
8363
25122
21992
21894
31625
14814
20723
11241
14098
2922
3865
6997
9333
25735
9002
30504
26154
18466
1392
4951
2529
12408
7487
30641
32440
31870
2253
22632
15280
19584
5956
30669
10850
4616
10518
21851
10734
22273
27281
19959
15925
28
7347
4470
16200
3699
24639
4448
7455
9325
14096
19699
2959
20961
12206
7787
10870
27518
28447
28033
32313
29034
3328
27442
19568
18729
30164
15041
12511
20161
18331
11263
32425
283
23719
27338
16832
19885
30891
18388
29856
16214
19477
32422
15933
5257
16797
7396
19513
174
18974
28370
7515
7365
6821
5399
20541
19277
4296
10177
19012
4964
12602
2698
19157
14127
29852
22105
16070
2428
22165
31756
26643
18086
23332
1141
11731
29881
32309
4514
10346
3799
16755
1378
15871
32731
19550
28932
25393
12347
21149
12898
21509
11059
13461
25119
22819
7968
3642
30508
27971
15658
10277
17297
22242
15397
32488
11882
2617
697
21662
20271
26479
15553
198
20025
10510
24562
29265
11906
5812
25533
6137
25773
20491
12406
8917
24390
17402
2485
22314
25674
10269
30717
24453
26602
1139
30107
22022
16524
10071
25297
30719
23571
5554
1332
14270
23136
19310
5715
8358
12568
24622
9625
16773
15528
25660
20853
4385
25223
2498
7095
276
10427
28222
23870
13018
26271
6192
7376
809
29411
32021
19785
24448
29396
9113
14072
6659
11998
13833
4166
12166
4175
6407
2456
13288
11357
23169
20599
22690
107
3300
19951
16799
17288
25228
9268
7247
28985
7552
12172
11511
29048
10076
3688
17995
508
25998
29908
24382
17595
7621
20242
15129
6062
32423
30594
22474
6612
8387
966
5759
377
5062
27938
21108
10168
19441
6185
23049
27967
970
32662
32280
23634
26130
1656
11141
11283
5112
13714
17175
2304
23436
26625
9094
18109
12918
11039
6613
24340
18664
21928
11233
25146
18641
6683
28987
15443
5460
6243
28211
29753
7800
12983
9525
18297
7457
10687
21081
18335
19263
17400
1333
23732
27717
1113
3318
20740
14813
13367
27311
18981
2265
17510
15856
21300
14957
18849
24475
23650
19868
6187
7923
21423
9457
17079
21750
15094
21615
134
16877
24362
3018
16079
26945
5343
28888
24931
24464
7692
32322
30353
16128
7439
14975
25159
13779
14577
23299
17531
25404
22252
10163
7881
30321
3370
12957
32094
17410
13008
14310
10004
17769
12603
14851
6366
14050
31369
11820
20583
18301
18780
19726
10742
3953
3546
23489
21909
16563
11257
249
10098
17863
28409
31360
18309
17111
22066
18148
1139
11522
7951
5997
19891
27638
12379
7761
6383
14785
19131
3371
13997
13540
8828
22442
23086
22697
18063
3718
22678
20407
30930
26297
25422
21732
23442
16619
16807
5706
6221
17710
19904
20125
25532
26347
14505
2236
784
25884
22984
16773
13949
6844
3452
23534
11509
13180
26369
6993
25910
6328
14740
6152
8198
10921
15575
25146
18365
6620
20598
18164
28933
29923
8971
27516
22750
15946
16447
13026
997
7885
18994
8663
25301
1991
25118
13506
8270
23022
1079
23569
31701
25662
23253
4813
22045
20275
19668
17266
21124
18491
19259
28413
12769
363
8733
19014
19069
22897
20669
17808
16735
16330
11509
12895
26829
10549
21977
31626
26639
10343
14743
9104
4214
32512
12962
32047
925
15038
15
21043
3823
13040
7487
27789
24681
31278
15550
13732
30881
6216
27243
24560
32264
8316
6361
20164
21868
30700
7670
12395
9153
24655
25322
32375
7456
6886
19266
22614
17680
14257
5966
27686
1029
25828
17863
25034
13862
21141
14517
31806
5971
32439
8592
25895
12391
32075
30886
22191
10682
4309
956
6031
9963
9997
12280
32109
4060
3544
17151
26985
27389
29814
10074
29427
11470
3325
22558
13535
8351
25094
12236
28859
20122
13478
7798
31840
772
30368
2851
11719
23232
13528
25717
14622
30997
1547
9353
13595
19121
20926
19487
14737
31213
884
6395
19521
30802
32292
31627
4082
16732
25578
4041
27076
14975
1533
7523
4289
21608
4321
25369
15285
20869
18654
12647
24895
21959
27312
6245
15913
9127
1152
11499
5621
10855
23315
10488
25016
18842
12098
27477
24876
28134
30634
6773
16896
27401
25252
28320
20850
14106
13432
26449
27680
27409
21965
28636
8219
11402
9828
14163
13630
25798
26630
16299
4030
26867
21947
26651
8449
30637
15165
30405
23220
12228
8364
26008
22552
25664
24195
30325
12700
29090
11723
21136
11953
30829
2191
14618
18906
8421
28303
285
15106
19479
25144
29351
31763
22041
12756
15146
31684
19859
24831
291
29363
17534
18010
23290
3763
7724
12675
11561
26727
32393
11588
13217
30480
16032
12810
14953
30371
2657
23705
18825
29727
2977
31999
18470
29725
18018
4550
23278
26536
2645
878
439
25424
7581
13339
14434
19578
1238
14218
7942
28922
3158
18249
27979
15588
30386
18216
13587
670
29828
28139
14432
2362
18796
26177
22130
21763
16981
31738
21551
24150
24826
10612
968
10932
24744
6486
3994
31764
30789
28801
27730
2686
32145
29764
13909
31701
19884
24783
32351
3573
7897
1003
18793
9982
8065
28648
18385
16366
1659
23254
1973
23926
30858
32248
9887
2822
26407
2421
18024
3115
19585
81
18774
14362
26819
4252
6536
13197
25749
15337
32660
31949
31973
25602
19566
32272
7143
4058
23180
6662
858
31939
10823
26287
27662
20449
7557
2671
16035
31711
5781
28516
18835
12000
32346
16631
6259
23737
30124
26545
20597
14685
13819
30545
13874
14232
25909
17179
16550
24577
24810
3186
23932
5162
17583
32681
19084
4633
12224
29463
10403
19452
3561
7273
11138
26648
26534
12348
2857
32003
32137
8172
6741
24083
13020
27046
9799
3094
2952
11973
967
7747
16693
1115
28009
14193
13235
12813
5903
23431
14488
21285
6831
14644
3627
3554
8790
15328
30081
21778
29549
31202
14310
26595
16188
21235
7039
1015
23724
21218
2861
32182
20305
11402
30131
13032
16295
24834
10268
2947
18588
26387
10071
31937
15951
26351
19749
17014
21016
24095
11317
17057
14280
16318
32652
20289
12338
25829
10539
14954
7402
24934
1004
28823
332
4285
3246
3394
5312
28483
9905
7602
19005
5029
32579
1557
28940
23701
21661
15566
21199
9919
9224
20496
29377
7935
836
27052
21055
1233
10537
17703
24200
28937
27023
19472
27585
29892
10348
19600
24892
9374
2108
32323
31481
25637
22438
18758
17517
1422
604
914
12419
4519
2371
6280
29409
19469
17876
20172
32364
18335
31938
8279
19726
7986
988
22728
21687
9863
32566
28155
19873
10106
31107
18141
11737
32635
23494
25727
32251
12610
2090
8553
27452
16063
7213
31536
15022
24400
7684
6731
448
26167
6459
3106
18436
27979
28317
25448
30262
6125
23379
12971
13945
574
31568
5417
10723
12432
19180
14822
5948
4890
27598
9467
30467
29167
12560
6961
178
21809
13982
27598
7492
15745
2015
3247
25331
16571
6552
15511
32326
24288
6925
8135
11339
9044
25193
2767
10785
26186
30815
28579
15802
17020
1810
8433
15327
4895
12338
24498
12149
3606
3688
26368
1534
20070
26101
27175
25955
25322
18582
14590
3824
13640
12458
32376
29600
23843
22422
19830
23963
13202
19305
28639
21245
15057
1980
11251
5593
11831
5597
29660
25982
20072
30764
13190
25848
15820
25796
12465
19162
320
4958
12613
15931
30987
8819
23525
1279
26131
22433
1734
26456
20305
16208
26818
27787
23426
28565
24744
21752
29471
29271
18135
30037
16016
6832
32011
22330
21661
18837
12406
17122
11557
26042
531
5680
11282
2736
2359
3312
22668
13136
25705
24160
5229
25437
19571
21486
26613
5221
23993
15684
13760
27112
3018
25986
27380
28861
29493
28106
32703
28080
32158
12546
23553
32624
3088
5333
29765
6057
7061
27643
13046
3949
6148
19899
464
23256
20763
1710
1940
8180
17869
1733
28160
13530
14813
28813
17406
18714
18860
11698
20508
15965
28752
11459
26428
29769
13285
11316
7052
2981
27688
13993
22457
25790
22338
13426
14944
23817
28897
13905
17862
4105
16269
23940
14280
8051
3130
1279
7701
18065
14361
4090
31386
15588
9396
427
3134
11277
25146
16981
4048
15598
6167
13697
3389
12
23496
1419
1287
13623
27118
18529
4594
13934
30113
24968
21249
2557
518
17760
12704
24552
31268
424
22563
32396
31475
12100
27759
25220
950
12606
25335
5578
139
25868
32235
542
25409
10257
19627
17068
15977
22118
16258
14569
5808
9945
9105
26814
24172
2102
6921
24552
20340
25542
26014
11423
5941
26902
3384
10101
2306
18169
19179
5250
19116
30160
14377
24510
12115
30473
8246
30894
13435
11750
1501
4419
21858
13696
12642
17407
10386
22539
23223
25945
31666
2907
17394
1123
24993
5799
22527
24234
26310
17806
8594
19293
24481
19543
11872
25010
1446
16765
12943
24198
22092
20587
107
3396
26721
2436
10330
14343
11168
29542
21778
25347
18053
16752
14345
22305
1632
21378
6701
16361
5545
25347
25814
24741
27795
297
14073
9411
12259
19060
23198
3964
29187
29564
11924
20147
2642
4845
22627
29984
30399
19664
21122
8109
31638
17164
10954
2592
30105
28460
1323
22267
4691
18786
13982
3744
25257
24780
3162
6585
31666
18679
4939
15063
6601
162
29632
19289
31200
13764
13668
16272
23831
2768
32623
13857
27277
16695
10525
5802
25461
27950
11872
936
23917
5811
23761
9112
30476
27594
19693
1372
15034
26637
31614
9185
9157
5475
5975
19711
31153
18960
22340
28576
30159
2030
27713
5413
26385
24825
25578
2565
18460
1297
3891
31159
31647
23804
16729
467
8931
22187
31513
116
17060
18110
22047
8672
10784
842
17601
29035
20589
7129
31213
29080
7183
21170
3424
32642
18634
15195
12313
1402
24501
8797
1294
16626
30096
8775
29213
8090
9047
2549
32069
30664
27927
30738
2582
8221
2817
20444
2918
10854
18621
27431
32070
17856
28417
11685
15157
3072
27489
23908
1683
15953
10857
25752
20824
13599
22505
24731
8453
1844
31120
8754
7643
11297
6076
786
8779
7648
26769
13475
24239
15799
12617
27651
25911
95
20938
3918
12838
9574
11902
18461
1086
32210
27743
8012
6520
1543
13137
1537
9209
22251
27317
28649
2882
12871
9275
25285
19879
11889
10487
7974
5634
17704
23736
18036
22952
18879
27541
8757
4764
2686
30152
28812
27139
8517
11712
23040
26328
14194
7281
29823
29921
16645
32751
30627
22498
29442
30779
1588
24336
30999
30300
12525
27848
11903
8626
5763
9857
24102
10120
17635
24832
19982
10472
16315
7371
6641
15027
20541
9951
8488
11249
544
12709
3019
1637
29159
31267
11034
32100
20581
19823
14619
16104
16257
618
15237
23265
27703
15274
3549
13515
2527
1464
22239
13189
4786
9596
27935
9057
29066
10997
28400
32376
30953
7214
4485
3904
19261
19565
27478
8544
6242
13229
15813
13506
21609
23118
514
26346
19352
11532
15660
1671
14257
19758
24505
1352
14968
12543
13335
15345
24943
10370
8339
13486
5860
6754
16507
28583
9261
3368
6271
21972
10547
20656
27229
19987
11565
23518
27582
10360
11438
12941
25690
21476
18658
26568
30563
4569
31764
4157
7201
7308
30580
14574
2522
29500
3608
13866
6900
16579
20800
24252
27485
4203
16862
1890
13867
17666
15190
21121
13952
1585
31618
10262
4017
6153
27641
27120
167
20703
4241
14365
26245
8538
16162
22946
21130
25290
1165
7535
14138
24507
23293
18321
28856
19147
5485
24234
11383
6072
9323
28062
29713
27325
6171
3472
24439
4639
894
19469
12875
15875
9460
16774
26762
27266
30720
27652
30318
12287
5196
8727
16275
28088
32237
12815
2392
668
19175
367
27784
2141
16884
16543
2618
17605
22145
1761
2037
17741
9722
27270
5912
22764
23111
26978
2937
23597
5527
13693
17741
2948
19292
14859
29256
20450
10902
27807
27141
14727
32085
16027
10663
7448
8569
17131
12993
1777
32445
23539
20851
30908
7668
1477
3542
9538
17810
4248
19610
7810
16237
24438
25326
10752
11205
32564
8608
12128
1410
10663
7046
30003
15294
2325
11036
8209
1155
20458
31598
10216
19670
30892
6201
14227
27124
16945
18765
10927
28635
15376
15669
7594
20748
30549
18202
17436
11152
12153
13285
31067
26425
32657
31396
16202
2346
30661
19503
8049
24729
9988
17931
8787
28884
27894
19598
20731
15490
10290
20548
29913
22060
5298
658
2508
23036
28291
15769
5760
13508
11457
9053
24314
23617
26819
14375
9585
23714
17811
31784
28000
24388
27553
18526
29913
3776
27832
29372
22556
31783
9264
32133
4968
27020
26470
22009
22289
7619
6761
26163
25043
9577
31990
32338
21862
9508
17319
22743
14674
8492
20839
15950
8197
24075
9513
3121
8739
16033
20442
8969
9245
17258
1683
32726
6661
3844
9492
1201
15777
5099
13422
13488
27326
20360
18943
26378
5574
13930
21155
13691
4245
13779
7721
10730
4489
28278
16132
28490
12504
3199
4675
2494
20519
24788
964
23040
8280
8090
25252
28675
14755
26620
23033
28887
31208
31015
25028
5070
7491
14489
15393
31453
17634
28060
21185
27204
24595
22029
2202
9073
11169
30818
21469
26402
15201
22252
13353
25291
16904
26712
22782
3383
2879
31100
3188
13937
23546
23633
13869
20197
11525
2107
2696
10691
29663
3985
14871
16036
28108
3673
13652
11888
8486
30291
22671
3967
2292
23610
5163
17662
7870
10822
25866
26005
13983
23541
12614
30022
24987
9995
23842
30361
18995
13783
11328
5878
16183
22201
17172
31314
24796
17633
23704
27150
9230
28249
2113
27419
8199
23366
1074
32611
23073
6763
1969
5732
1000
22254
4567
28958
24436
31583
4235
32048
15862
1526
29617
27454
19600
29212
158
1173
9066
23341
31183
1042
19202
15485
28379
30272
11203
29337
18599
25792
7130
25039
26073
20718
32581
26096
23439
16833
11820
28500
11856
26867
5493
28959
5955
9058
17811
1219
10654
22711
25502
26310
27746
32325
12457
12486
15430
16692
6992
29882
2544
7134
3984
7546
18539
23161
30940
14466
8150
21239
10860
3314
14425
21546
8665
9178
12638
4140
22503
9653
6397
1534
5025
12595
30647
11887
29612
3900
17512
28735
8661
26673
21623
8069
25836
24181
7248
3150
1237
12844
21524
25735
13532
21058
21646
27933
30793
32431
16490
22114
13620
24570
19873
12211
27035
14332
17208
15960
14002
4071
32554
15275
13946
1927
6307
15996
20373
10695
29294
21429
31577
27254
20913
2618
12835
12619
19672
30227
29166
5671
9935
28365
4900
12955
27252
3357
24499
11434
23116
11207
8292
24272
2164
28606
5225
16707
10971
7053
1844
30840
32687
12789
30864
11497
22037
11224
2794
4118
3869
17750
11247
13001
10997
9781
11101
4255
13917
27014
13330
29892
11354
18565
23402
7166
8239
27842
15047
14317
17289
11646
18289
14225
7418
15448
23713
30988
680
1321
11224
18601
11591
17708
1909
20766
30532
7522
15239
24846
7235
9268
26848
10706
3276
14939
5739
23417
10817
9981
27839
16909
32532
16152
20467
18456
18230
7204
19380
615
23763
9716
1430
10510
23868
29662
10664
8621
6693
18715
1355
32497
11024
12400
17476
6493
13065
31502
1039
9546
11924
9912
12662
27180
24036
28451
25699
32536
8013
3746
11763
12419
19964
29187
3275
29517
30950
25523
31663
2302
1534
29225
20049
14671
5547
5506
20582
17644
14969
22633
23295
30072
22799
2106
21527
28369
17505
12391
19560
9622
27174
25882
12164
7911
9101
8476
14880
23916
32299
15093
10931
8089
4408
13653
24640
21296
13052
28338
23407
25095
8836
29747
21987
15371
31129
31693
25544
17029
31475
18860
21419
30876
4265
1236
16527
7451
3820
16136
2621
4469
3829
13290
10203
12807
30268
869
2240
924
32235
27464
30599
23094
20114
17459
13154
23820
1052
17847
13233
3023
11778
21945
18900
10545
8126
26391
5437
11944
9603
11151
32201
11631
28971
7388
10320
16591
21361
8481
6523
30108
5472
20107
31445
19202
1547
4658
13861
12418
4223
15937
23292
9527
28150
17239
650
23646
18509
6445
9653
2837
24760
6776
6509
17251
3765
22545
9529
121
11070
10067
26646
18487
15427
28612
32642
1522
29783
31736
9428
629
23210
20915
13518
7493
12087
21838
21877
11050
24382
15452
11808
7658
7669
5005
26064
22872
30075
23506
23487
22925
25613
705
20028
3702
22908
14908
25525
4239
10462
29517
18966
4845
17028
85
24658
13954
18989
8806
7742
8861
23929
1517
11942
1712
7841
29332
28571
26966
22372
12902
19722
26772
18501
29748
10643
20319
30707
11576
18839
9311
5897
15865
29843
5619
19447
24174
16557
26485
31552
5478
15501
17343
24551
16168
27502
6382
2083
26454
18293
24934
2650
31255
15937
32278
1613
4212
23491
1533
18065
23555
5968
12012
5694
30147
30452
13198
7915
5192
32010
23207
25305
27928
5129
921
10094
17748
27809
23596
25573
30107
519
9102
2117
25899
14477
7833
12431
16457
19061
8533
6204
28132
30471
20926
25062
2165
10209
1991
1862
24105
143
28318
1374
15426
3163
19250
6391
2490
32358
3059
8014
29994
14328
1496
28427
14827
2325
679
15730
16507
24401
1137
25565
7714
22245
25179
6506
14293
25089
8869
29937
3162
31332
13796
19257
27053
4395
30610
15723
4515
12518
6089
3014
4557
1521
21068
149
21151
16642
5831
1886
8657
2046
1624
17501
15366
26897
27213
16432
6572
1021
2096
31700
803
23986
30465
208
12321
4640
22978
16816
30293
22601
9017
24245
19274
3226
18161
8907
7567
13691
31618
19643
18709
13861
29202
30882
10968
9139
10012
15778
6081
28796
12400
21463
15051
24993
11387
22157
7782
738
14025
30384
25881
3254
1480
12675
30058
28826
5583
24469
7426
32681
1374
12274
28429
24429
1704
25494
25056
16629
2638
23847
28638
3623
1902
22755
16284
344
1244
24791
5955
23322
18351
20817
7990
10837
19200
409
14325
23194
25838
25820
26434
31923
15589
14185
8322
32127
30497
3104
27749
16125
14701
20006
13257
18342
27953
2782
12764
31744
25259
6165
20865
5744
14717
27261
31222
20815
12904
12381
3763
30529
20055
1158
9877
19906
24223
19849
15931
3586
27269
7463
27057
24563
3585
9225
18763
2976
13761
3506
17876
21696
23665
22705
22504
13451
11578
32539
24223
26060
12168
824
18796
30520
24593
13437
6468
22526
23315
16570
32002
4767
31708
26005
3338
10752
5520
22071
27180
19646
10535
10565
17356
21185
15541
25362
2368
14612
14318
28691
19066
4083
27113
9107
3047
3878
7204
3751
4502
17550
22217
17253
26013
4350
14895
22609
7609
26444
4516
16408
9268
423
874
18817
2060
298
511
23456
6225
11186
25249
16973
20175
15341
15634
7892
19949
30644
30873
20718
30165
155
10825
27632
21717
4806
10373
3139
30469
9726
30660
8468
22827
9475
29842
32332
731
12068
24280
19139
3043
6158
10844
7856
4326
6626
14475
26213
23366
28042
24439
23865
16455
15692
25116
13509
31602
9631
15847
15443
2104
14398
29049
7315
16088
13692
8360
31632
14467
28631
14790
7395
16061
3535
38
21030
18950
7673
8157
20396
21434
12623
11974
14703
32566
28618
16073
31818
24124
23347
25948
18281
21657
13366
23625
14845
24324
13752
8114
6452
16714
6762
11603
8808
24488
8350
18696
19863
18296
90
27279
5139
11025
1963
14478
3962
21736
20796
13528
1257
22011
18727
32236
12397
29551
29707
18879
25786
6007
11359
32187
21280
18809
18950
2055
4026
29036
26659
24073
9705
27269
15662
17449
20736
10514
14664
17112
11585
30630
24267
27857
29961
3958
2342
23199
7751
4099
5608
32608
27698
6649
9242
15048
18748
4439
24018
19561
32065
19153
5
3121
5125
10355
5277
3124
2013
27014
4811
1963
1196
12727
22943
17213
22289
2934
14550
17022
23519
27037
31731
30390
974
27730
11153
19171
16240
27950
30967
12545
26470
5791
2029
5256
29907
2698
2766
22071
7697
23605
25823
13584
11171
24933
18143
18596
6507
7875
31199
28816
22557
21380
19540
23880
17140
26697
21867
5651
7588
17732
668
8279
11919
21405
9090
11287
18747
11796
26602
27066
23812
17639
1066
27918
23566
30966
28596
16780
3710
29221
29162
5086
9706
13570
28980
5278
9485
15272
14416
30817
28608
5603
9706
14580
5926
21652
31341
31717
13862
17495
14360
16965
29214
15204
18772
17837
29653
32435
24901
9855
27826
612
19103
20334
31788
2397
6331
12865
2434
26677
28394
16851
26028
28497
21001
19807
18833
16460
14421
8442
1146
4764
19329
3937
28359
11123
4358
18677
29921
3300
27835
9220
20079
8263
12709
14922
13773
24542
13584
32696
13241
17337
6110
13940
21328
30166
14880
25632
21050
4493
3299
11359
8481
29227
13900
13461
18535
21726
15336
29935
1304
20945
10045
6820
12829
28823
22693
24442
20915
23501
31836
31371
19228
30715
21975
3657
12436
25020
21847
14272
8583
5919
11199
8987
7425
20556
20642
18794
22630
19307
11937
15266
28259
4033
27124
7909
31268
27676
30022
15876
29384
13426
26822
21571
23314
709
20347
30044
6497
32585
24279
14022
3042
29641
19600
32310
11524
11847
13995
6503
23596
30435
20954
791
7851
7422
20999
31058
27885
24478
16689
18674
24562
13588
14455
29287
21250
13789
12146
2996
19869
11975
21960
954
18866
7764
11006
10937
10769
8547
18574
9236
29985
4877
4666
9556
10198
25550
16543
9840
13534
27621
31245
26444
1051
15613
28054
28287
1622
14092
9317
25945
12594
25724
32082
29989
30558
24969
1715
2475
4367
21226
10868
7417
10414
12211
24682
28771
16333
25210
23268
22217
24672
1464
24963
29720
28202
16243
20044
5651
11381
26
24828
2644
19462
10417
23707
5517
5456
23597
9044
28692
744
34
17540
27551
24633
12443
12561
9804
16505
11081
2557
28388
25052
30177
15675
15968
20743
17343
25793
27308
24775
24271
7134
30380
18947
6061
16078
9085
2031
267
18572
9981
17539
31316
17127
11149
26924
19854
31960
32021
10177
25733
31507
1865
4024
22822
22236
2347
922
25897
32540
8657
8884
29939
4020
6761
31504
25018
13073
4474
6051
5866
16896
27501
16072
9927
5572
11339
29933
4692
16487
7880
6028
18548
8013
27777
9310
8272
31759
2946
203
21240
12166
9483
21924
14413
31525
22932
21268
19230
3212
1550
28884
14481
24411
28268
32415
32453
28996
29026
6374
24245
31845
10604
21956
9568
11220
7955
15924
4135
32379
28780
26498
20598
19494
4577
16639
29350
8410
3123
27129
11298
25193
23488
9194
21705
29763
21762
13552
3988
19855
12889
20093
26233
13690
12042
19536
23951
6607
21383
24484
16754
13257
22257
31399
13545
28453
14811
4141
16838
18298
32337
31654
28942
4045
8472
9549
11866
22624
14392
13987
31357
26316
23224
29468
12647
29775
13737
2328
26442
9831
29286
28436
8443
30112
21017
8482
27546
30378
8833
21142
6005
14766
28659
26627
6698
13282
6303
19814
23564
26460
9493
31904
29896
15652
2568
18474
6985
17804
14161
15876
19672
21188
6198
14062
28552
8617
26861
26075
29649
1246
1372
31651
14715
17950
5411
13048
15293
12752
14556
22683
18599
220
7329
9167
18365
5310
5071
29455
21477
14809
8714
16636
11395
25613
5506
26009
16866
6539
5748
30650
24790
32744
20467
25274
16799
16241
5608
1133
32273
12479
11352
26453
13042
2187
5093
27929
20644
30147
32664
32050
24323
26076
22493
3048
14481
25451
28367
3453
209
17135
18870
10664
23024
4593
9166
17221
7594
31824
3659
10314
7532
7126
20889
32253
11702
26126
29672
15716
196
11354
2280
21501
5229
25152
11985
15536
14155
7685
23719
9474
26908
1917
26044
29323
6760
10529
22134
15530
3941
22370
3666
3703
27159
8765
15145
1273
8123
1296
6579
7578
23910
18604
8009
18647
8170
19371
28911
5436
761
9476
19345
1680
2957
21724
16781
27981
29062
30623
29042
21075
11413
12112
6663
19164
18522
14109
12176
18611
17353
21815
22092
15009
32722
7904
26178
4392
321
17094
23614
31604
2531
19855
23574
28815
19690
7349
10289
22740
17042
29588
12874
27558
24325
26305
10610
5474
12412
4510
10580
31121
10408
18987
28349
25955
5456
18207
13660
18009
3131
27704
8902
31041
20048
12495
25276
1383
26108
21679
22705
6154
1236
22311
2695
21517
25724
25694
10394
18927
11975
11495
22271
11261
12575
23445
7182
4806
24360
7569
6173
26064
26784
28841
27279
15497
26250
11243
26638
19328
25483
30323
1556
12757
17300
8321
8112
15087
20161
4815
30599
26732
25473
18465
