648
10137
19114
21721
7575
2348
16881
32324
18900
2104
16829
28495
28588
19725
27761
11996
28739
4806
13576
14097
9216
15300
29107
19811
8779
2651
451
8435
13973
20938
2762
8990
9881
13169
4349
20047
11746
15422
28381
20248
21134
30313
28695
17282
30545
17249
5032
1185
20157
4614
14660
11883
5056
17688
15865
22986
11118
24047
19472
15599
5120
16237
25140
9706
17693
7474
21974
887
25945
27406
21711
28699
30972
24764
10823
29552
28164
26061
19158
28093
10605
31202
27626
25034
31151
27934
10857
4339
4745
31963
1175
7546
30205
10396
11065
10018
28316
21315
28155
5625
32515
1157
18191
1909
27302
24218
18967
4546
15308
7225
31301
20827
27355
10947
19392
29912
2774
13503
21578
15110
7972
12422
28449
5949
32403
18239
22562
28654
26524
10254
564
11132
10729
7049
11492
32589
2324
27500
32077
13600
15538
29325
7739
23201
12688
26898
11152
3898
28732
16609
27878
25645
19655
9816
9077
736
17354
31039
28471
3447
10407
20986
3915
28072
2321
26371
408
1483
27087
26264
17842
30769
16572
6321
18177
30903
20499
23861
12832
23707
18153
23149
14723
23694
19195
28601
3421
15626
20394
16514
2752
20709
24132
27503
26118
2599
13189
16860
21617
3353
22110
5000
30990
31134
3060
25229
6367
24262
19692
5014
23096
3233
8166
28236
4970
14417
32071
529
27807
9827
8252
17137
22789
20320
26876
29397
11055
12958
13389
11002
18616
19292
19529
6562
16681
23566
22114
18442
19484
1014
25252
31899
29346
21236
58
3428
26595
20383
31540
14024
21764
9108
10119
19060
7246
25103
23893
19093
22412
7352
2671
17735
5556
15039
32025
1104
7114
17962
19469
25870
11522
9070
32706
27822
7717
26429
24813
27807
14389
16032
4169
19270
11860
7493
19347
17652
10978
9754
985
14613
14310
539
10485
22442
1711
6503
20053
17145
23227
25242
3325
31106
7127
15447
18126
7222
21384
1316
12040
25828
6570
25979
15374
24820
13399
29
26217
17495
28426
31914
22800
26814
27908
8303
30438
19722
31471
27007
22917
10500
9154
24581
11578
26959
3300
4568
3664
10139
23956
27728
19346
29466
13704
26713
12811
32056
30420
15557
17936
32391
26382
2791
3457
26616
27568
14685
20299
13393
26045
28973
27697
28123
28840
28948
13517
15451
2161
11034
24785
3908
23313
24682
2963
14379
18712
12129
22985
2427
22933
18405
11408
19818
9526
14840
1460
10540
31920
4748
299
16486
20065
15001
2018
11493
3892
19566
8125
7824
10950
21317
31961
14235
16071
10521
14356
30974
9634
26300
20175
21286
5216
6692
20466
12010
20425
14085
23089
704
15565
30118
20366
18481
20515
5101
25119
25994
8496
11451
24082
24533
9258
6528
21742
26887
20349
4614
3611
7803
12398
32401
24741
2975
13054
12330
23101
17646
8465
29496
22401
12062
7375
12368
29053
18074
6731
3918
25713
31538
7266
20645
21460
29713
14567
20723
3994
20464
10237
27353
16051
13706
25283
11017
4820
18512
5431
2720
27001
21853
26452
9143
32299
19628
24958
5172
4606
23177
28704
742
11359
13637
19092
31442
22796
29486
16707
4295
1892
31934
14093
1849
28385
28435
18923
25676
7395
671
28370
11822
4015
18977
1243
16810
695
24020
9122
30458
20508
18150
10475
2269
2929
16171
18828
29162
14786
6419
10631
13348
19156
25562
16246
16078
14255
8190
1836
26241
27226
6134
18329
9083
21222
12577
28654
2618
19885
18685
20482
12874
16092
29337
12276
32603
1839
10317
2835
150
13820
17832
29178
23089
7283
23978
22527
27969
9764
16691
20431
12752
6850
18876
31570
30512
11558
15429
13013
32398
31638
22670
10087
9162
25928
26762
1155
2183
22818
25617
21744
30078
452
31957
12006
26135
29384
9879
27506
29242
15176
28571
27931
2658
417
15705
14790
14836
3191
16757
27607
25552
23802
15089
16025
11557
15975
22434
14816
2697
28369
18912
16621
9033
17697
26242
2193
32509
30812
24330
14486
12640
27684
27676
15450
30815
9858
31797
1725
112
21218
15001
19773
17189
30303
653
32352
13313
14657
4807
30547
12170
27076
5411
15568
24735
7196
20119
15172
4108
2997
2921
21042
4700
8639
7071
11986
18415
17642
29624
14847
25420
22126
17817
7504
27063
79
9674
9092
8711
14559
4322
30755
26034
8068
25920
2658
2090
5819
9468
5959
18540
16221
5149
7951
213
14626
1805
18893
2360
19555
30026
32595
32559
24868
9309
13909
26798
26449
32528
16076
25822
5192
27868
2969
24360
6552
15777
16235
30863
14600
32154
226
6980
23004
17807
23029
27764
851
23372
9873
4197
24692
13907
22146
29889
12554
15566
1687
5426
19438
19655
13569
28206
5764
26011
5373
4629
5512
1452
17843
5241
31499
4183
28765
16316
21944
20518
4523
18657
17756
26950
29286
30108
22694
20539
4949
26795
30763
6354
4189
2153
684
12631
16107
13217
32412
24073
2967
14496
1245
2251
23297
17038
18635
14620
29183
12542
24955
18505
10491
3523
14404
9697
28310
5381
16511
16490
23953
917
23692
26194
27118
8062
5142
13097
26962
11997
32663
23821
31406
20722
3358
30309
4382
28022
592
30674
9746
11823
24492
9826
22187
14019
2324
10759
28776
3786
22409
26696
12545
29222
30775
30519
15763
31639
15537
15523
5374
23946
16509
3470
395
7474
2003
25057
19923
986
31650
28767
16604
14970
26324
18136
9604
17288
22739
12959
24867
18192
4428
3390
23916
25863
22835
16743
18836
477
27911
7214
30391
16721
23639
15990
21367
9097
645
17065
19174
30818
31946
27309
2726
7429
16762
27155
29774
14267
15497
8337
15888
26114
5455
22706
1689
4320
392
24268
24633
23415
18847
1075
5956
24538
25132
25260
14264
11807
16059
29732
5663
16821
16847
21154
24503
24824
28198
13435
30161
6915
15679
30917
6263
22469
16154
22541
9297
11864
26431
3405
26570
30093
11009
2840
21358
17100
21764
4376
2454
19227
12797
13754
4424
23164
31417
14376
12377
21884
8033
11896
12500
30985
22524
25634
5536
19588
7733
31928
604
31255
29790
11985
23182
329
7606
11079
23549
30671
11239
1186
14427
19621
1491
10963
29223
16734
19344
20262
210
3513
15281
17522
33
24948
32200
12178
28370
14437
30249
7193
16514
13510
1776
18754
18126
29649
25157
17190
13753
4237
20958
7218
18253
18663
6086
23255
17030
30980
19549
28547
26987
24790
23969
18129
4734
26605
5035
19453
29014
21392
15996
28570
21131
8973
28922
1671
20178
1613
27958
5407
14697
8875
9712
23216
19894
6662
31069
12590
24619
2069
2344
5417
5740
27131
21430
27133
27316
9244
29358
20041
32373
6702
8889
5282
62
3475
30854
13448
10466
13798
26386
18328
5079
18388
31526
26372
30428
24109
28705
32065
31966
31034
503
24575
18461
2130
8314
18014
24459
12712
26584
28511
2932
19559
613
3224
25956
16641
22427
17709
8006
17347
11359
25851
17865
7598
6278
3094
520
30594
30104
29302
7785
23323
10964
5101
21189
24320
31348
22620
7114
12346
13362
3111
8606
28258
28938
15590
29125
3582
15426
20062
4165
13582
19880
23471
9224
17889
14619
14542
17025
3117
14156
10294
7827
16479
27590
6363
7854
21808
19500
96
7739
17273
3266
9609
24122
18504
13871
28403
26921
18739
18562
2563
28200
21228
3954
32284
22364
26134
3050
21
8081
1623
5829
6634
11043
16303
8406
31409
10270
5640
13355
720
14756
4878
6802
24686
29327
26176
19805
20519
25432
19271
4707
22020
16184
10887
27207
682
23692
10229
13309
6353
5246
5160
10633
9976
17890
29618
6666
26967
32606
4272
1272
2070
5326
19104
31402
1468
9190
6259
26139
29162
19481
28899
9197
13385
7610
3335
2734
961
1122
14629
18523
24044
12433
10183
14626
4810
17560
31505
7020
14518
18614
30801
17691
7320
10881
6616
15888
605
19335
29449
25585
18852
25398
6831
31529
19130
14329
3988
20784
32713
29604
19279
21516
20044
5906
30557
17176
1222
20748
30835
23812
24756
15469
17427
12061
12480
18820
13406
27086
26423
22202
20009
24167
12477
15477
11602
2590
25408
20540
2900
21076
22826
8987
5146
22041
3291
32585
32017
30961
2134
26888
4737
2776
32058
9933
12061
12677
6389
5281
20953
30444
26932
18119
17915
8454
25757
16287
4469
14036
27585
15562
7538
22178
22092
24463
19759
16777
24703
13437
30476
16439
3297
24146
29667
17651
20017
26652
14488
28379
3486
670
11761
21104
24891
12533
15016
11093
1709
10364
13247
23380
30246
26604
10004
23202
8600
18888
13365
32100
13346
5624
26485
12913
26063
22195
19264
8026
14207
29859
9131
15784
11045
24132
2127
23908
19507
16014
20568
12509
7251
1747
1241
17829
14424
20458
19811
3805
18804
22157
2773
25778
5803
5888
5237
7464
19079
19443
19264
8727
16654
21674
30591
10354
29169
18011
9371
27855
19206
11480
28466
6436
3832
15981
31082
14287
3134
1804
31110
22490
16457
20135
5815
18044
15106
16094
2100
483
22131
3034
10892
18736
5828
9337
32571
28100
18026
11691
19068
18874
8859
19740
17247
32692
11269
1811
2587
26587
28607
13210
22693
20001
23680
20191
8578
26058
30735
10458
4313
5674
2298
14384
9164
1200
2187
5207
18952
35
28920
23291
17819
12588
15322
1185
15623
13333
9440
27787
13204
32720
1221
4059
23530
15931
22655
18427
30942
31138
18618
1083
16525
17285
17796
18108
30119
14492
2634
26766
11022
1561
7683
26901
26016
21549
9131
19633
4176
14797
3827
20125
30332
7606
4407
27160
14459
10415
21168
32451
28277
11534
19435
5195
28023
10109
21369
327
25286
15614
13289
31076
14708
23085
24051
18111
32306
22469
2806
12946
13669
18534
25509
24851
22396
21398
32508
9369
26496
16901
19834
3073
22508
7957
17546
12368
12736
5017
24130
1433
12753
24029
16719
13090
20579
2792
9520
14018
26361
21757
18083
22413
26732
19304
93
11188
24379
10103
23550
13734
9762
29382
12100
23675
3822
25279
6527
17299
27535
3426
30021
17786
11631
23362
4710
5647
3842
23248
19490
20454
31647
22748
20378
28906
10638
25177
9861
2631
6754
4961
23076
10119
30088
22393
17016
12538
28961
32533
21938
19804
15629
20063
3051
1714
9288
26932
11029
13941
22650
16495
3890
31986
7113
25707
17092
18417
15602
24771
31620
11413
6552
1372
20310
6275
6876
16550
13693
7750
24621
28446
10251
24819
3169
17432
31132
25352
26885
12219
13124
15514
21490
26189
3782
31920
11041
27825
24839
14826
10945
20013
2242
5734
29062
24433
13692
15075
8003
13013
6843
3367
16827
8675
25459
9631
949
4117
31169
18502
21070
19167
30427
25799
27795
10992
20296
25062
4431
23222
3916
14364
16162
26144
15271
8065
15059
30631
10879
21744
20455
26255
26778
14949
32627
31338
32464
22185
4398
2015
11200
30770
15050
19113
26051
32580
20869
8418
14622
4957
14843
2946
22140
18384
2622
6179
26011
29616
4648
6151
28741
16623
15856
18523
31106
14023
1788
20413
5388
17241
26358
13565
4867
2197
290
13088
5090
28761
30191
3755
6322
19421
5324
20510
25469
590
24636
1982
15366
4793
6189
32407
27831
27947
16006
30914
3035
26391
18943
27876
25869
20215
31541
21751
5872
25398
2046
31821
14625
12366
4345
28369
7786
6702
5482
28049
1849
5342
22853
3193
22608
20581
29065
23905
10685
23531
27343
19531
16909
1051
15907
4325
20925
28875
2066
22870
753
17887
13828
4662
12648
19306
7629
28638
24240
24855
13182
7395
13974
16584
20865
12765
14305
21628
18149
23149
21824
9078
8182
19326
8832
6812
23825
28362
25090
13341
2998
26528
1645
16982
30175
21733
31904
25079
23440
29786
20971
22369
27312
2844
2686
23379
26903
14193
15393
6854
17640
4033
16678
28181
32545
13027
6044
2913
9328
11675
16582
14388
18505
22880
13516
15972
13877
6242
16047
10299
19821
4811
21634
2004
15015
22853
16344
19912
1072
4285
10873
29451
7227
2919
25433
31248
28025
29443
28618
2868
5609
26718
15600
12377
17394
15387
1397
29649
27055
9395
16255
26239
14986
5563
9951
20792
9996
7270
14220
5487
19187
25930
11343
274
389
20327
21951
6575
5157
12389
23920
8923
14116
11805
18792
25556
18649
20827
21458
28773
1780
13794
27383
30986
11791
31665
28009
26197
14214
23941
30337
17296
10633
4255
20236
15524
11631
20935
22082
13114
24653
17297
30456
12063
4552
479
32022
11757
25895
3751
24394
5608
2221
31735
20734
20518
30501
30518
12424
19955
30654
6572
9633
32115
20505
8773
1049
29065
23713
31889
18121
16632
795
14608
14024
24776
13181
23213
4834
32236
27396
7560
19269
6689
28033
6904
9598
28697
10484
28369
23716
25305
30555
16866
4563
31840
13004
24002
8412
16265
20418
11725
11579
20786
29109
20841
31562
15518
11757
9102
27060
22296
28823
23429
7979
1753
14361
10991
16478
28972
6819
32010
16933
21456
18950
15152
11263
3486
2506
15008
24255
6763
19322
14209
13186
1584
25923
292
1764
7017
5822
15242
1140
20666
20489
23078
18021
14808
28444
14307
7558
32679
26458
28777
5492
9120
1895
24220
2317
4726
20794
25702
23337
18937
6259
24503
10117
5690
23278
28874
0
10736
1944
30121
2570
5658
10113
24307
4185
25830
7475
16861
23773
23506
28227
19319
28407
10513
19237
31025
25062
48
18756
15005
6018
27129
850
24694
31532
19352
5085
31970
28933
26876
7716
6388
17758
26240
22824
25461
12400
3531
20742
15588
16973
23028
21123
17595
19223
3818
13545
19444
4976
24596
30226
20684
31025
27188
23746
26567
17503
1169
5434
13812
18523
11605
31753
24690
9560
5428
2854
5427
15890
3662
7484
4352
13758
25175
31557
18109
2620
21493
26714
3055
7828
20329
8137
28283
18848
3698
31081
6064
15622
13166
10282
24712
22634
8131
18160
31531
15585
2429
10146
21941
13480
5177
6269
6713
17174
28993
5039
28678
28879
19192
3361
25129
10299
32633
21140
3891
13878
28283
12783
1596
17161
24184
22999
29991
22425
15630
10369
3112
17119
16037
23748
14980
29592
8530
23923
10392
6718
5883
2793
4893
10038
6844
20197
27562
31051
13706
24217
25210
20571
30230
25341
15728
22608
8180
31593
8280
24658
22013
20067
10864
4668
17394
7350
3367
15948
2914
2756
36
3870
30669
5148
13962
14811
15881
23887
14715
32430
19173
22528
19419
3447
25869
27963
15190
8900
9773
8712
17060
28925
3929
27199
24843
10718
15533
7581
19238
15402
31792
17176
22758
6558
19454
9840
5334
6436
935
27655
20643
18762
11474
5874
25307
18162
20262
13648
29173
27723
13162
9946
28818
27648
25066
12732
12034
11439
24605
22948
9738
30876
29062
11544
24292
21927
24536
32012
7304
6523
3677
12980
10794
3593
23704
14231
29444
14901
7210
9189
18261
8910
7666
9994
29354
6084
6776
24195
1884
24981
31116
3824
858
25353
15658
29547
12840
799
5025
5913
28712
29511
21748
27902
13081
9681
28545
6678
31709
2214
2016
9633
5503
22582
20494
958
17780
7857
22987
11835
20769
13178
26688
16300
31902
20185
1253
17594
26298
1520
23458
14270
26175
17136
8757
23183
19575
3468
3795
25239
12526
14254
8722
11053
10874
17001
18438
25119
6521
3888
5290
25229
26458
12613
8066
12798
24415
29555
17023
21421
1184
26112
16419
26148
2388
2270
5349
16140
19276
26145
30679
31044
31168
12470
20102
10544
18510
15185
6178
11092
21312
23463
5087
16673
6414
3550
9882
28686
11555
27713
17344
22251
2020
20281
23916
28018
6127
10616
8143
25120
30880
29816
31701
2627
29146
16676
17669
6227
9476
16597
26282
3205
2897
23167
29744
5022
10565
8237
6352
18437
7029
14506
10864
2333
24718
4481
25540
23761
1176
27944
2490
3953
4476
8569
21
1468
26820
6753
4439
30014
27299
29916
28133
30428
3637
17953
9830
10157
20231
25369
9580
19467
5082
15382
27734
10474
29348
8386
6005
1897
30168
86
28013
5799
18151
31244
32222
8152
25095
20950
4932
16536
14131
7504
31772
8062
23667
15603
28489
20213
13661
30092
4021
21063
13276
15853
21307
30971
5680
5347
20677
1121
17974
29544
14769
19307
15850
12057
634
20670
5418
24810
32404
32521
7357
9240
29591
32662
10899
16735
26528
24351
31566
6766
12020
29922
19714
27032
31975
16375
5945
10700
31741
12002
1083
15047
12622
1381
3980
5512
12079
21656
28085
9476
23310
14651
8519
5916
19102
21578
24862
14796
31797
12754
13283
14501
28274
4612
25812
20093
23330
18567
13768
16229
6500
9747
29293
11995
27404
8252
18645
9793
14662
11147
2865
24462
1148
31699
16092
10308
2937
7874
7323
28834
28110
9399
26147
23322
19828
19411
13531
24581
13236
24915
9700
22934
15684
19741
1879
3084
20915
31640
27341
32300
27142
6593
16677
13807
10916
22396
25473
11640
21615
9255
11666
5192
20788
6517
3350
12469
24389
2170
10910
30104
8292
23810
3989
8263
4067
19239
28030
29379
9226
31523
27261
24114
7865
10082
5913
12687
20814
24796
28992
8352
22473
28065
6283
14120
3887
30133
6084
3167
19244
29215
26534
19103
3835
4669
3811
24416
19851
2906
876
26470
29914
1666
12524
11065
18597
8341
18581
16342
20548
12443
15904
8100
23504
18519
5647
20393
25734
8991
26934
25854
19568
30443
16761
32384
16706
23467
13271
1737
18050
15582
23464
21087
10987
2400
6946
28202
27924
5507
17698
12844
21325
25442
5162
27756
15049
17778
4773
14387
25091
3930
22643
21883
12890
18693
16801
5285
19710
6133
632
10858
24336
21210
15546
20
261
29539
31272
21486
9548
23124
12359
15865
23088
6617
12644
27872
25343
14873
11990
12078
27756
11279
12419
7359
24626
24213
9638
29812
7162
10690
29391
555
3967
1142
8491
8431
1520
14387
4869
11627
7830
1839
24973
31909
14518
30887
18392
10985
22201
16245
16169
22274
15498
28389
12399
7601
19776
29125
24334
26967
27645
30651
28898
27125
25621
19676
14209
18774
7283
20345
7873
28555
6713
30780
25723
27544
5799
10356
32142
21613
11326
12974
19494
13848
24357
20869
2878
24376
1227
187
4963
8885
20174
27784
23739
25006
32028
27441
25159
29107
31576
13533
19045
13109
28031
19877
30873
27706
28619
21994
27788
15189
3543
13547
4693
14038
13573
20886
26616
3134
9757
19871
7212
13302
10806
30416
2658
3392
3802
25248
14338
30317
11621
26630
14072
13649
430
27535
4463
17396
5097
12719
8924
21898
14796
11092
575
10149
29425
28865
24998
29610
25724
24218
1778
5249
14333
2363
16861
13457
24984
31310
828
6124
4451
27805
31106
22214
21519
31268
22150
7212
9931
28779
8838
15603
613
16147
16491
15086
8626
13486
1870
2148
1841
32212
5436
8128
1515
6771
16182
17291
20893
15718
17020
31384
23065
19017
6924
7294
30186
25996
9061
587
8247
19143
24976
12151
19946
23885
9569
1815
7696
9988
23547
24915
27011
14708
15506
5402
30151
9501
12917
18965
20275
31502
10315
9945
3665
3251
6300
12128
3207
24047
1940
26554
19446
32106
18948
3840
5794
14125
15786
1674
6355
21868
22194
14689
31420
25506
9852
6135
15707
10212
16288
31766
24224
18030
6960
2327
2257
17283
25405
23636
20781
22388
18076
8672
18896
18686
14825
24949
27350
16856
18893
6061
5827
20877
25213
28533
15907
4744
12419
12223
26221
9581
32449
12664
6189
30384
13747
29114
30818
608
24564
5186
4389
2627
22532
27172
3468
29224
840
20669
27854
13945
15954
31978
28840
12560
24163
1655
19199
8267
27694
18395
20166
9315
31711
26146
10274
9977
18012
5418
24524
24818
26571
27666
11704
29317
26452
24048
24308
16786
27688
10946
21202
4662
17346
23720
21321
3484
7533
9552
19609
11030
7942
12209
10286
12140
14083
14844
20167
13940
20404
3023
5591
31458
18377
7340
7211
20578
21525
32427
22990
996
11921
24939
26410
5687
13988
16718
16239
1242
26273
5862
569
5391
17042
6826
30829
21808
9268
28910
24675
18502
2114
21010
17739
28632
16630
761
26057
10241
12750
12732
28131
2501
30860
2720
2077
18341
10112
6470
2530
14449
29961
18978
16166
1118
1114
8238
6474
10329
11130
29408
17728
17306
23182
18521
27887
25467
2139
8159
10201
16779
18439
16525
24315
10206
27679
24649
10228
28584
23263
14071
23402
19978
30637
20972
27306
25388
17894
15270
14478
16268
10461
19386
31140
21398
25889
13069
24460
32116
18175
6215
5026
10535
4680
22661
17630
14039
8021
16463
19704
7015
18759
20681
12495
28493
4499
25901
11
24481
7359
19576
22529
13683
27750
11108
3544
26466
31362
14999
17386
26986
6635
13594
28269
12030
16410
2828
2899
4951
7219
11416
4462
7179
8003
292
23256
18913
22981
24267
3730
27620
21100
5646
19819
10422
14876
26054
9764
12839
8505
27485
5329
22278
4645
25406
4482
26424
13572
19850
29219
7686
24771
19213
9121
1723
15704
18032
32335
3951
23371
15792
14727
15902
25717
16335
17044
15357
18952
29385
31439
11021
5071
13769
8457
31216
13495
13213
27177
10748
2191
31079
3350
15246
24332
26006
17880
13472
14352
789
5114
30110
5419
9410
14386
20598
1123
21794
13636
5615
18480
28243
22563
3387
16587
28226
2905
2511
31400
23326
31146
4978
1601
19468
17396
21652
32022
27164
20058
17122
22514
32123
26785
13847
31343
23275
21978
24853
6076
17777
30530
24884
21662
6221
7782
22490
19125
19759
19083
16972
20737
12968
21836
963
11685
26335
21125
21955
5354
27269
10096
4776
6534
24587
7438
3714
29215
19218
29129
29218
14347
25635
11863
19573
858
21664
16865
19985
2070
28410
10597
25358
6345
14117
9817
7959
12864
20297
18577
12224
29839
7355
20322
18714
11605
14635
9736
16518
22337
1055
32581
18886
13013
26784
21579
2650
23658
11058
19164
30473
885
21514
18096
12222
9992
2428
10775
19861
31644
28339
2527
22326
24077
23204
22648
20322
30694
31556
19542
4555
30943
14585
1431
29225
2468
28239
14054
20874
23512
18413
21919
7657
31578
24775
5427
28675
17607
28309
12751
15206
9536
4739
20024
17611
1901
8746
26874
21157
4545
31935
11457
19450
6656
16522
8199
14706
29183
29850
30703
23726
29100
31416
4721
20954
25165
23961
23480
28550
12045
20312
8904
22705
32436
27683
8548
29991
6838
5428
15151
17422
18287
30722
14353
15547
29101
5561
32220
12746
21871
24296
3376
27245
492
14202
17820
26116
24279
30440
13573
32238
5858
14509
30284
22943
2945
4345
25387
26867
13808
31145
7520
22722
6519
2935
13070
13749
10989
22382
25184
12632
20859
29858
16495
15728
25762
5661
18278
29070
19327
15644
4068
28388
8526
23420
14753
13912
814
31343
18261
9431
27427
14707
29141
2540
15457
14725
13951
3217
25800
18577
9433
21061
14251
24878
12149
7262
26069
21128
1048
20385
14030
9373
12058
6672
26458
3245
3600
11011
20803
1515
21929
12666
16472
25209
11990
5298
6326
26771
12078
6902
12870
20491
12432
29368
3463
13301
19466
20960
17806
19619
31737
8036
25419
1492
10610
23321
30221
17704
10465
14281
5448
29911
27120
7045
12183
9891
24235
31292
19197
25355
24033
16013
6768
30914
1229
13530
3224
24671
23541
11422
14292
2134
17235
17408
18302
7463
27059
4520
20080
8661
21340
8401
8902
27802
13298
29599
9958
23513
8091
32691
9150
22356
22369
22782
6221
29087
13528
32466
8805
15829
30976
32575
25775
11657
620
25756
3567
2815
11940
8548
25993
25500
27337
28228
325
30364
14199
20081
2127
31747
9199
11839
10114
22486
1142
20464
6885
3466
26616
31433
28790
1981
4337
8300
26663
2084
30094
27745
5415
21445
2831
29174
9314
28518
24687
27721
27723
69
19527
17571
10713
9481
12784
21255
3791
23289
8679
3339
1345
17260
22902
5863
19540
23936
26001
27340
21061
2063
27903
2679
28589
24543
26042
28421
26627
19993
14743
11017
21346
23293
7721
29404
21900
6355
9187
32564
17968
15141
16510
32248
11880
11819
22682
1363
16262
17031
3240
15624
10000
16691
19719
12805
25609
31671
31085
2106
370
11423
3977
32427
23057
15404
11495
31172
18801
15690
26643
2029
28202
14018
17665
5215
24930
3249
18604
15414
1940
7737
28670
31175
24209
27510
3568
6707
27844
22451
21746
12605
13753
23518
3981
32600
22497
15674
19527
32260
14223
7252
199
1627
23367
28728
26681
17895
23864
16868
8436
30135
5639
15357
19802
1970
25806
25281
15360
15915
14437
2109
23312
25013
15840
20672
31467
2360
22616
23439
9234
10308
17903
25562
1094
22438
5646
28143
14062
3129
21745
21678
27834
12287
4198
19261
13958
20848
6609
9981
30593
23826
10612
1468
17038
5450
18157
9260
9962
15474
6912
30867
12303
9515
3735
26053
7385
7413
23303
6736
4584
25853
28565
28662
19269
11573
20537
24416
4424
17834
20898
23568
29881
31251
22137
11416
5685
19365
29162
4873
31955
32047
4961
22959
16392
9570
8081
6139
2248
15216
6843
17345
11758
20954
18477
25252
28638
29570
25353
28622
5993
22280
21575
18916
31729
23635
2557
15672
13517
2158
21470
32321
31214
29590
26881
10313
30659
23953
31461
5222
6747
23617
31153
7339
5066
22648
28096
8095
8653
19726
2652
22510
22193
31793
24010
23647
26992
3837
17032
23558
20766
21324
30162
27323
12163
3024
30570
29131
20234
1631
5785
6381
14298
27789
20593
15223
8258
640
25430
15825
15450
18432
15293
22314
12519
12238
7730
9067
11648
24887
12960
4457
29167
14312
21709
351
17114
30212
20004
10139
4515
23668
23735
1911
23436
7551
11140
6795
1055
23962
8183
30753
11981
13953
8369
4329
23509
28806
14728
21231
19559
26153
16591
18889
29193
17898
25047
3861
27963
9819
12469
7971
24406
8313
11078
26094
5050
25660
19313
6225
17448
31597
3756
11639
31853
11960
5826
3220
24897
16642
18387
17106
24174
29949
1948
21903
53
4345
504
1221
31725
21757
5799
4553
11245
5910
21583
24121
684
31215
9408
30511
14631
29090
3708
24763
15491
2766
12151
13713
7924
10218
21787
28414
4061
10456
21903
26913
7993
12477
3641
30551
20537
32273
11138
7415
16174
2290
7641
15936
24234
23486
24570
23951
4066
23008
29296
14549
6743
26858
12376
23369
18102
12261
24937
30554
8444
24804
11569
7400
9693
16608
21409
8115
24423
25023
20172
16916
13539
17078
16876
30699
29180
19153
22950
21976
18723
20944
399
174
21809
11061
4846
12580
24142
26523
24772
8142
26130
16457
17673
27980
16107
24839
4921
23234
12991
1073
5135
26248
31954
5385
28304
8482
6889
19537
8780
20082
14768
31514
30433
10028
16473
30679
1216
20107
16262
25013
15156
20546
18281
11823
1952
15030
26921
13532
520
10602
26504
11660
17106
21434
23236
21652
17870
29645
19386
10598
32373
6597
2641
31589
366
16184
17174
14583
26455
12004
6180
13531
19649
5278
16711
21949
4988
18828
30561
25607
18710
12436
12044
27131
22174
14100
26240
23039
23981
19924
2744
28471
26280
28217
14288
31833
17471
32699
22706
7357
20537
12696
27121
31668
25972
7370
25589
9755
15143
16951
4185
6704
1387
14633
20113
2468
32506
8701
3024
497
16438
12575
29224
28397
1901
26166
4852
11167
22107
17307
4211
5458
2288
6672
2741
21737
18772
15535
21435
21106
1321
12576
11994
1790
18448
12303
8032
8367
8046
2525
2682
11538
27504
17302
12373
15791
16716
36
16516
15071
17098
2498
3490
22750
3844
4019
9272
25377
12393
27699
18656
20970
11272
1710
8619
24089
5644
9776
3777
1861
20354
18461
30279
16395
20835
20258
1926
13478
10446
7787
14665
24512
2197
29974
1926
24968
5115
7656
13377
19717
18108
18239
4014
24490
7758
5960
2966
22314
26727
20594
7675
22926
23231
6691
14079
9092
22551
16809
19970
28922
1658
1907
18955
21483
6851
19585
18793
28025
32095
13337
3226
15677
11348
3516
2155
31451
32386
7000
25441
11737
11305
1983
25176
30641
16556
8536
2154
17444
22933
11540
28178
21458
22232
26020
5009
21768
24668
31466
12945
32473
25783
9645
21257
25200
30010
9104
10080
26276
9005
12101
29653
8653
16987
18686
1310
1494
13522
25380
31311
4756
9188
18252
26110
598
19057
18279
2725
9406
13417
3896
13895
23503
6028
10764
343
28486
10612
4261
29909
10798
5846
21367
23482
30383
5
13591
17302
27687
7863
18672
28792
892
30988
27192
18446
26032
17868
7970
30733
2229
26096
15445
23507
3715
5989
23710
25932
6761
17676
225
3346
4256
6149
27734
3544
29734
11821
4337
28424
22217
6629
8226
8875
3970
3862
5055
14986
11013
24946
17215
30866
19094
14332
22824
15997
25886
6602
15562
8367
7806
14345
17454
8286
10531
6467
16970
20726
26075
2525
17782
27836
13799
30180
6692
7345
13137
4105
26059
30649
17280
27113
28196
31996
14345
24978
24729
3469
29128
2115
11771
10570
14896
26228
20083
29443
18143
16662
443
16350
7029
17436
24461
13817
15783
13882
19548
15954
28559
6637
9795
19940
25670
24507
15931
18963
8885
3516
29072
3146
2728
89
30614
18659
12324
10324
14232
23879
251
27145
15121
18774
26781
499
4126
22537
26161
4721
12340
15189
18661
16074
16142
8019
1666
30575
13802
30879
24643
23425
20213
4606
18919
21395
17668
7491
18181
18865
15236
19315
12960
8865
25268
12327
9467
23656
11282
29746
27566
30225
8978
7044
18426
1193
15894
25166
26458
6542
15259
30055
19034
24042
24496
2543
3500
1914
9645
6194
18809
2708
14881
15822
31477
11624
20748
2841
11318
24710
11343
16317
20038
160
26208
15013
31095
26001
21826
8477
2038
25247
6581
308
16035
7165
11946
29541
30752
21908
3321
32631
1576
7940
14166
18594
15651
229
17026
17651
24055
3922
11710
1010
21024
1448
8069
18561
28163
20363
23162
31239
11647
9002
32416
12494
7878
4292
27337
25002
28523
11116
21073
27868
20412
12041
23307
5173
8273
18336
22396
7295
7653
24022
28999
7704
32613
3248
22505
18656
14919
9374
18342
8021
24861
24504
31939
27901
20586
11079
26358
31749
7604
10887
12571
20007
31962
22187
28968
23761
4008
24610
5219
9347
21417
13593
23507
32632
8764
20801
31988
5002
30442
15058
15023
22352
28663
20688
2696
29321
15671
20109
6682
32189
28963
10351
18624
25889
26668
9715
27030
29372
14928
23794
24992
17352
27370
29219
30280
11611
19150
17122
24590
21574
16533
23599
30075
31805
27446
25338
598
21049
21207
20894
7963
13851
7138
11947
7337
18322
28762
8424
22587
14910
4976
1176
2969
13590
21329
26109
28048
16647
19779
1307
13983
2781
14320
18110
24051
31847
10241
14014
8854
28886
751
32642
13539
2151
5142
31427
5181
24386
30732
16274
29952
11169
21040
20893
17080
1844
134
21934
4753
26565
16834
28532
6671
2840
418
11398
32255
23061
16257
8357
3502
1832
17194
5953
15960
27625
5098
32319
31459
27128
26089
28154
7117
21291
29113
29320
7012
7404
27184
31294
23093
25308
1139
3446
1990
31933
18004
13199
904
11150
3806
10550
18951
8695
3373
19428
16996
27624
6532
24232
5
31102
9369
3111
19595
20774
12595
18913
3588
11524
3063
182
23906
1942
13695
7848
24877
23444
12973
30178
16500
6939
14143
3322
16905
8715
24227
17523
27630
10158
26380
30086
14090
29594
8901
28193
11040
23000
5062
28209
30466
16965
25989
2589
22786
16185
14606
5778
27562
30567
30550
390
10925
26372
7628
15479
17436
15404
14642
7156
2525
21121
683
20575
5978
4629
21269
23537
32630
13706
24728
10750
5829
15223
31359
11131
11772
1806
14151
7357
20646
29692
18678
22659
23577
24977
27567
23607
681
31009
8834
24945
3867
13226
13960
12477
31837
25270
11312
4510
13684
16515
8916
31699
4533
19298
21136
28120
24888
28765
7251
3248
7562
18716
24630
28898
4770
28938
3597
17602
5142
13747
9276
6129
4751
9840
4301
3111
9595
18247
10431
16176
23809
27405
10656
5685
28730
30925
31070
20029
7070
8302
6234
30195
17340
17039
31166
13482
12335
4022
13841
670
29389
8874
19464
13949
20257
6685
25503
3110
13852
30094
18281
2224
10759
14702
2084
24494
7868
7810
32401
15793
10774
20616
8067
7183
6310
29
22069
483
15015
19422
22752
22101
32052
17614
11149
10268
9145
4600
17704
3649
13736
30549
2775
1573
29805
17391
5514
29381
28067
27463
30162
8509
32136
19956
27126
30347
21934
30094
14916
10902
23540
18378
12197
13423
30133
29926
22644
19414
4927
9544
3984
9216
3975
10850
31152
17303
14363
14040
27895
7683
4439
25061
30409
20968
10972
31227
29660
12527
6206
27305
28306
29898
25085
14786
14214
17778
695
24508
27748
29875
17563
32598
24831
4843
4897
16509
7837
16655
5368
21105
28053
25582
8768
22820
7453
7354
27386
18915
32093
10948
25021
31543
16328
6791
16042
27662
12715
26088
11938
1558
1286
27068
694
24426
7068
21643
29662
16240
2118
29331
20206
27393
14988
31504
7367
31691
2166
17083
6858
18164
2720
30609
6035
5888
32397
18901
2019
15605
9021
9816
26589
15549
17410
26104
15478
6347
25999
5735
18727
258
18770
16430
19940
26834
15108
19953
24914
18596
23678
30964
15157
3704
25550
24286
807
460
32650
9405
30608
7872
21860
19275
210
11385
20223
6256
1220
4803
10497
14855
3682
13050
30826
1509
7619
18474
6692
31511
13387
4725
16602
26732
28961
20917
5390
23604
20963
21347
7014
16710
27545
6072
21831
19784
12264
21009
20389
9258
4745
18584
5146
21748
8953
22305
12341
5058
28273
6482
18196
21772
15896
7
24885
11819
1400
22004
28297
7961
5422
30605
11978
10617
26086
16930
29711
22743
3975
32335
29598
8240
16555
18835
6401
12469
19026
17215
3932
11724
5079
146
29949
25176
2851
3106
27957
23354
25888
29821
1126
2840
17008
11793
6750
23388
3168
19529
18147
20096
7703
22009
27791
6026
3604
14588
28127
19154
11223
8476
14470
3083
1501
13873
6919
23937
3026
1421
6274
29856
8451
6808
11982
14262
13074
2744
17097
18682
10477
30836
9964
17100
15872
20952
28707
2366
7594
19995
3291
21716
21230
28287
21084
23176
24684
1657
29785
13585
5263
3858
6853
29541
28167
18829
2537
28797
9338
30026
4276
22616
10614
7402
12626
32322
13739
16052
14336
26710
13911
21559
13342
13378
12033
32049
1925
14666
25450
20912
28
2960
24001
8055
12198
17554
9494
5795
30174
13556
14353
10639
28870
25472
8164
9204
18236
32107
12158
15701
462
7129
17153
10906
26063
676
4983
29435
1706
15449
29377
3103
375
14212
975
389
5836
18734
17175
11044
5846
14499
29503
14158
21416
14457
16925
3034
3538
28877
14818
17026
3894
32464
21138
17546
26647
3459
14264
18851
627
27582
5719
15886
32659
17271
1827
21508
5088
22081
26865
17494
21752
25363
16237
593
11777
6475
27147
26340
28222
15602
18240
5893
9695
24642
6129
10576
17694
22117
14124
20209
12679
17280
31254
965
17815
28144
19492
2492
28297
13524
23438
13186
23661
20427
27137
16990
30842
15359
5525
23386
5541
31330
11774
22436
3955
823
27142
29748
19211
4821
4411
9391
20111
13223
28132
3467
25260
10616
6970
26997
29296
8685
981
24047
7516
20051
9317
830
12219
19099
26274
9091
30002
30115
10374
29992
6551
7864
17337
21629
3078
11352
10573
16547
6194
8252
26027
8106
10746
7318
8397
3574
28477
20119
28334
15591
19438
25140
1023
9401
21611
25386
8988
3496
16906
12095
21822
13400
5621
24011
17394
3445
24121
16504
18122
27798
20761
24902
31058
4712
12968
8658
27973
26120
14487
24535
19713
23984
24651
17141
569
23190
27442
6065
13546
31761
30040
23486
13968
11774
23093
24443
11673
30306
23498
8380
5402
18001
16364
17101
25793
21006
22495
18356
29963
13427
9766
28343
29622
24979
5786
23582
31866
11423
31930
28218
10740
25862
19522
25510
13027
20192
16383
14029
26518
31373
25313
21164
9125
16281
12114
1242
2016
24291
14534
20677
4229
4095
5011
2110
23478
32216
28420
19768
13353
30362
5544
24780
13346
21199
18416
25473
5278
22472
9465
27339
31953
6462
5543
4049
26067
7737
28147
23411
26263
19761
14470
13196
31772
25459
24710
11636
8679
31687
11696
27082
20144
26704
18087
23920
10588
25523
11659
11222
2603
23932
27342
30332
7219
26045
23107
17842
13069
31735
20088
28323
10446
17726
32326
6801
22584
28057
28838
21346
1842
14504
23238
14684
21878
1417
9309
17965
906
18939
1595
16686
9713
18628
30500
18664
6306
1873
23262
5592
18105
18077
10121
23151
6765
852
29999
25693
10562
16695
11164
25359
28799
9666
17008
30582
13795
9740
18290
28939
24724
19440
7975
23568
24152
22122
13220
17688
26887
14659
1440
21961
16449
16369
21453
12001
11100
22457
19561
9079
22432
17686
32015
14724
26295
18526
29908
5025
16735
30115
19599
10258
610
17367
2424
26884
3528
5940
3573
16915
10315
19163
3248
3855
8971
32188
12781
28672
28547
9909
30491
7783
12220
13310
21672
10183
5824
14788
17946
12644
11602
29716
21596
10571
20188
8187
6741
2194
29353
28652
30655
2785
5460
8033
26167
32562
22145
27077
9360
5588
7882
26770
11373
20406
25085
7351
9743
29410
20868
10044
20075
10312
4900
29992
896
9917
20459
25251
27367
3907
12131
6488
26284
24203
4876
11805
19548
6072
9737
16854
4703
3174
5402
10646
26504
26091
714
25096
26859
21468
3050
21006
27119
980
28733
8359
676
18032
13173
8726
22614
1438
19038
8257
21602
28696
10330
599
15688
32299
16653
6069
26114
13245
21081
2571
26516
17294
2701
15034
6373
30654
24281
3969
14541
912
9734
29273
32367
8813
19299
2205
969
10284
11779
25966
16009
26256
37
15190
31522
3090
15092
20779
3616
24545
31345
15927
12216
32552
21933
12693
13732
32655
1851
18654
7982
6916
31205
14854
10122
18619
3486
21632
21096
26483
10424
7593
9930
23804
26967
3171
3091
20214
2854
10240
32097
22747
21832
3683
1821
25408
9362
9569
17105
87
26103
31597
17721
29113
5443
7029
12956
15202
5133
22535
27996
26621
27878
20920
4813
25187
22231
15558
14915
2142
3339
10748
10863
23218
20168
22230
30955
28254
7076
18662
18451
799
32757
14454
5911
25398
1417
3695
22606
28779
7319
31098
16845
594
4342
24164
3129
31181
24461
10183
5081
11730
11
14567
4079
5486
30424
2010
21577
21258
17227
8940
20755
1262
32285
9537
17647
32515
15389
24252
21832
20957
2342
13088
226
17144
3918
29813
8374
6722
15969
15534
27390
26842
1934
2696
11404
11544
351
9653
11359
30669
2031
3642
28024
30412
11607
31510
17130
2217
3689
11300
27185
15808
24481
4930
8132
27257
18008
6323
25070
11979
21051
32450
21977
5887
11004
10408
748
14775
17991
18608
22614
30510
14840
14745
12523
15809
32395
1852
18736
30639
13779
27247
23473
1565
18927
15400
22427
27997
30843
9190
25990
5743
7683
1356
11923
18888
21949
28943
6583
18259
16759
7443
29526
8118
3534
10193
13076
13014
1697
11004
21480
30621
20421
24932
29298
28923
5626
25626
9614
29738
19486
17109
17705
9271
18593
31636
4947
18110
22329
5509
31638
22005
4823
25382
23686
29675
7129
12202
3994
8978
32385
23454
9018
26620
23974
11468
31513
14434
13737
21856
19141
23402
19371
30281
7805
7977
7421
8418
26178
1895
25304
7122
14128
22947
32335
28465
14095
10839
24705
31724
26150
20350
17171
8810
15183
23634
17630
15471
18001
2650
16100
28225
19561
13220
25993
4874
4906
16976
2560
18558
19848
14670
4099
23997
24367
14951
27591
10619
27161
11650
15407
2910
23135
27936
21824
7335
25679
7210
20181
21525
10432
2284
27539
8454
29602
16737
27680
16864
18649
15537
8848
22959
13132
15864
23072
2320
2616
21577
26407
3661
8395
7155
29513
12489
5102
9474
23022
31647
10850
8969
10482
2950
31502
18975
6559
29688
19863
32040
5592
32659
26930
12630
7574
20415
17846
10991
8345
8081
21238
30544
8279
11759
19021
18482
11833
4853
15994
5164
6662
1176
23982
8313
25759
20105
6628
22524
19182
348
11121
4993
32025
7402
8668
14150
22011
14836
30447
18874
9940
30473
22542
26500
27455
11433
6600
14535
31077
11434
2476
19364
625
4315
4702
30721
30532
23784
26090
12425
9577
30589
8791
25844
8267
16046
9344
22921
19109
15255
32031
6113
5179
14655
15403
23789
16328
17091
1636
10299
17719
19632
10540
20596
9237
3504
8344
16682
14919
19049
17351
17872
29432
6306
2930
1546
25046
23975
9925
5928
7806
3055
21101
18156
29748
25597
9715
916
14808
15492
19272
1300
26133
5582
21665
7076
13276
31838
9348
18298
27409
32469
7203
32217
8580
15122
1002
16202
2082
18077
25172
25386
6253
30278
13570
15460
13865
18697
16398
31616
6488
31285
26525
29149
5225
32462
18355
6714
2733
29231
32332
2683
11018
13811
23464
12970
17139
18710
27878
3389
15767
6744
5332
9367
9049
23010
9990
4561
11649
3628
14629
22713
16945
28702
7818
17691
27802
21110
16907
11584
9583
6249
21013
15797
32666
32653
29436
12877
3375
16630
27534
8297
4254
19871
32750
13943
20012
10764
28320
5305
4516
11566
17376
9032
15433
9863
30520
2392
28432
12175
1873
10685
9484
11349
2058
18607
21034
16233
22215
16074
23070
13562
26891
23896
29597
10556
26954
26579
19405
28172
5624
18086
32250
29655
5862
22324
13194
14776
15566
32027
51
2272
24365
22714
20075
32571
19536
18161
28704
11601
32690
3623
10154
19306
4741
23698
15614
18933
6799
31666
29476
16682
27447
23839
29163
1007
27872
25733
30683
23032
32373
4845
26731
9523
5445
30526
2676
30307
3858
2051
2790
21770
27236
19054
6074
16013
22819
27293
10023
8339
24933
10525
16153
21166
133
16813
20703
21309
1141
12100
32035
19345
3925
29013
21536
8014
31044
13905
26127
2836
1142
3950
14306
5727
6022
4519
28725
23724
29198
2051
20610
29150
3958
6939
20116
26079
11273
4566
25150
11146
8270
3960
23372
26313
1685
29403
21434
26106
24272
15099
4644
19096
9380
5305
28798
9495
3008
30168
6917
2063
22126
26956
15221
22173
31335
28852
25725
20999
2028
7973
20848
10910
1810
20777
20029
6121
16222
9735
23457
15359
7569
7749
25499
22069
11205
876
4641
2297
20409
32011
9745
14078
17258
30462
20074
15258
31715
15600
26556
620
29269
28447
11741
16961
874
13407
13790
24376
22743
19810
17469
14373
4401
27958
21340
25396
6657
31503
24114
7631
28698
8519
17217
29633
14890
19875
21448
24987
29072
1752
25401
30294
3437
15182
27373
14395
25598
27939
5655
20736
13865
24435
18935
17716
6485
10455
32336
15069
13183
20267
31259
4959
32138
20629
18557
23711
32727
15810
31223
23913
15638
18803
1501
16655
16220
28985
24585
9811
31605
9084
5840
5511
32379
1730
3381
8691
6567
17966
9565
14967
104
1863
28483
28018
3250
27900
12205
9186
7577
19428
21343
6092
17438
29642
8846
2526
12873
12904
18583
31315
8312
29555
1009
26903
7414
8664
4704
24875
31183
11846
11628
21324
19683
24300
11026
975
13882
19588
5817
4048
24727
12432
22120
19851
28752
26851
12341
3082
21596
21604
17409
30209
11694
27919
19810
7158
16577
17212
16865
27044
9589
15908
8038
2722
10521
17825
32496
576
5833
14645
16265
31410
23034
22606
23930
3952
12115
32712
18875
5852
22463
24756
21933
12069
448
5208
1803
4716
23814
12662
26654
30246
3136
18130
10289
31170
26930
24302
8261
26763
20231
28952
4102
21199
24297
25510
9981
16961
29392
897
11782
3484
12951
5344
25861
3977
32597
24918
26837
17603
10474
26383
13697
5497
8664
3415
6327
19956
9557
603
10361
2681
926
9780
4630
6769
2189
10017
21849
7879
12398
13076
16384
26514
7951
25201
15727
21748
3350
16402
20134
16193
8087
4750
15985
10852
24038
19131
26078
18559
14762
15217
5364
4050
23859
32401
29602
26590
13326
11078
28406
12746
25046
16779
1680
12293
6988
28398
3669
4397
5546
4243
14440
8752
53
5755
31574
27569
15378
11270
10384
16045
18010
18871
18207
29790
2161
5176
1683
25951
659
11422
24124
23570
1199
21997
11421
1599
27001
5087
27422
10749
1979
9953
18945
8662
19947
2399
18583
25638
15363
21057
7604
6596
12173
8374
1120
2020
13821
30000
16591
20796
22852
7088
29076
21094
6818
2883
273
7558
4028
24268
19250
22828
21998
19205
19291
1660
20450
13761
26270
29324
24930
21108
9778
22285
7530
26612
30240
28206
6786
9089
15424
32189
24906
7428
23396
7567
10583
28820
30419
15651
22589
4414
2553
11394
30445
14598
10332
11369
4418
6697
31186
18858
13270
13733
18162
2000
31770
31483
10696
7938
28326
5428
14029
20778
1997
2338
12821
6742
14965
2280
9419
16478
20773
8381
26331
1479
25952
8428
28910
999
24882
26911
2715
28746
16136
30942
10459
20821
31685
26963
4286
26153
28433
13392
4701
17866
32244
27795
28688
31105
23461
19272
17889
5758
19612
14031
1344
6850
8174
9920
22776
4412
21210
2348
1377
16690
4767
3366
6359
27875
4241
30338
108
25451
23660
24285
21722
27110
14568
2014
29628
16344
7822
8890
14589
17101
24777
12542
27792
30012
10560
25225
14433
27825
15715
5335
14988
27435
16964
22406
1998
10179
29353
6674
12856
2703
31583
26340
10283
24518
29137
20363
32640
17957
6361
28233
263
23697
26581
8401
2099
29437
2046
24655
2835
17038
15349
23209
24196
28925
26015
12548
2726
25406
7731
32651
17292
9055
5265
4715
23096
23986
9686
27682
14790
14638
25645
250
17639
3859
32744
19408
10129
17869
18127
8218
28917
21275
11703
23849
2482
10608
6231
26283
23112
5274
21336
1651
13775
18849
29867
7037
23785
11762
5663
14892
11509
6588
7731
8663
20357
6555
2856
11140
32274
29556
29787
5619
11759
29344
13778
21215
14460
16204
31253
14720
21404
17695
5695
16980
28265
27934
27732
12319
17958
11981
18389
18993
18292
15511
26770
3047
4041
20336
12224
28020
8991
21945
9035
10721
10729
2404
15214
9811
19275
12632
11904
24205
30602
4631
12049
31413
14018
20894
20533
29275
20439
21133
1056
24759
23469
19079
26867
28210
6300
6108
22486
29481
4638
6757
27207
14317
28875
5040
27057
30222
1672
21085
23873
32473
27387
11464
10741
11039
15426
3817
30966
30776
22500
8056
22567
30280
8199
16468
18686
27585
8420
28197
12691
21033
10873
17216
25590
4126
12925
8652
12230
5271
4761
18723
12799
14188
30421
23163
22292
793
4177
4294
17214
19391
24629
12247
5395
14187
12010
28357
13914
7067
907
24980
12062
21502
12182
9746
12033
30332
17128
22528
16595
2166
31720
4210
23651
6479
2050
29817
19093
26155
10327
5886
4021
27382
3762
12785
20491
1193
1726
31396
25264
2248
16247
5489
1696
30255
18655
27811
28175
8975
6642
28308
5121
3124
13019
30482
4117
10633
12136
26631
23713
27613
23996
13657
17156
18407
11588
26640
25144
29320
2540
23735
935
12881
30610
16644
12864
27205
442
5307
18377
16864
21380
12751
25719
3672
3036
8138
1212
24866
8689
13936
10592
24504
28136
21407
17875
18586
10705
10362
26818
18834
32474
25031
21224
2877
29378
12180
28711
5575
18833
28705
26327
29430
12167
506
12638
12650
16210
356
30208
11555
14468
29946
4345
16707
31299
11672
1225
18197
5698
23928
17616
1615
4081
10907
3610
31380
7153
16491
17020
4669
29643
9374
31200
19033
4577
21341
15837
19442
27045
26278
9099
28307
28680
19695
14229
17414
2102
21260
28815
4450
10368
1362
7050
22854
19353
11261
30438
23391
518
26319
28520
11568
14288
11258
13196
20498
636
11840
4381
26745
2876
28249
20738
31354
26983
31637
1371
20362
295
10178
32205
27017
14962
12880
22041
9983
9275
11955
21236
31909
22505
10761
275
26663
12552
21501
19077
40
11582
12011
30277
17798
2177
2885
17936
6624
27016
21045
9844
32598
12927
25475
9514
1424
18943
2746
8613
2050
28733
20358
27627
8558
29826
9569
17828
30890
24283
15982
31088
19107
25105
1445
31870
21922
10715
1073
20059
2510
22867
13846
2823
8947
19879
4631
25422
3969
30993
18647
28501
18648
27145
32574
3956
194
21177
2078
20291
18497
9393
24855
32504
5004
5340
30392
30448
16212
7090
29670
14731
31563
17840
8322
26429
15847
26629
4934
14562
9571
3471
15088
29778
27144
12293
675
3894
17834
4470
5514
29722
29813
18930
1470
7619
13034
23943
23146
31938
23844
28271
18733
23369
4960
24455
7871
13118
1980
31491
6872
10894
22847
29024
17229
10692
8218
17563
29308
16602
3885
29601
9451
20046
20173
31238
18988
7289
29893
30713
7428
26909
15770
5752
18124
2877
27412
31680
21014
11057
27641
25608
12436
16633
12572
12910
22582
19666
21398
3634
15251
32263
28756
24610
8586
15370
23762
17493
8233
17859
6437
17436
16077
23336
9023
27702
907
9486
3951
4931
28623
20286
2599
25723
12355
2252
9986
672
1011
24228
8453
22321
7854
9318
28710
25057
2735
24436
22538
7240
19837
26697
21523
17879
21519
13836
1178
11281
27188
2148
377
17144
16690
25487
13773
8646
18861
4782
10490
14302
25803
9315
22767
19970
12438
5534
2475
10182
29602
7860
11775
22853
27631
22194
19862
9490
1296
8432
3124
30322
14733
6377
13883
19400
9095
28745
30323
9552
154
29512
6410
19472
11528
10039
32730
1292
23059
14168
11243
1210
938
9203
57
14005
26952
26534
8631
11701
3610
1789
6291
20415
1120
15939
5820
4761
2069
16791
1954
23681
11474
17218
19773
23838
8944
13383
20048
29367
22509
29500
14831
28579
30224
23897
9279
21505
1872
30159
24701
20393
16243
5978
15425
8290
12659
25626
4
8277
29733
26527
22752
6337
31260
8003
3992
11505
8396
23740
12504
29035
15083
14065
2750
875
6685
32013
9112
13455
23503
24530
3568
7892
32099
17713
15814
13505
31630
31255
17180
8674
255
13961
3512
3960
26690
10227
7717
8559
5347
30141
18427
16272
26582
29728
26976
32504
21270
31032
15311
16329
20621
2138
8728
21279
16436
18343
6056
15686
29051
29665
9483
26666
23531
18046
32175
23054
19210
507
10987
17537
383
6259
26687
32654
6006
8304
5342
17716
6214
3073
24169
16662
9041
22029
2302
18546
5164
6630
30833
20055
30209
18721
24281
26643
17969
29606
13391
30187
19005
22019
23538
17424
31974
8710
6703
14286
22163
13706
16447
23813
29940
13201
12528
26589
26085
13203
8873
32438
6549
31510
17064
24670
16359
30079
7567
14983
5400
24104
28959
17528
24995
20658
19267
29186
12641
13213
6736
21174
1525
12565
4747
29013
2151
12815
3308
18312
32271
3989
17185
6609
1205
28254
3286
20418
23030
30882
564
7277
12777
27180
10151
2843
24835
8881
1765
17473
23864
12896
22828
7855
23139
5306
9930
20747
1512
3492
32739
22398
9624
23739
12911
25005
7637
15079
8578
23787
8950
22067
8656
28332
6637
16348
32624
29501
27686
167
4320
21683
21171
18296
31562
20002
23719
26145
3077
28431
13503
4216
19295
29479
27208
4524
11418
16945
16700
27609
32564
11329
19887
5593
1388
13870
24169
19294
21505
2631
31445
9021
24381
24898
30746
24589
22834
30581
27015
12017
17732
25161
28724
18610
25831
23019
11750
10513
25002
19268
24372
20571
22645
17964
24808
17213
10766
7130
9384
15578
13538
16799
22742
18203
23555
19413
18356
11590
32621
5394
12748
31955
18829
26017
10127
2171
30212
12082
9788
8593
30120
12496
31747
31637
5067
5908
14187
28167
193
27800
9713
2169
26012
28335
9713
11496
25914
6739
20426
9292
11906
1375
14910
24942
1002
22527
24087
26106
23612
31332
23824
32213
155
19132
12274
17584
19393
28513
32766
10718
28298
6480
12171
26210
23990
19166
22000
6477
19690
30374
12964
32327
23289
2758
23460
29291
21346
15435
11029
15192
10522
9961
12331
17540
3723
5360
10057
18132
20188
891
15722
3690
19571
14058
8895
21183
18616
29587
12441
21745
22812
11957
9866
14430
11611
19373
17095
18801
2813
14701
14801
9916
8739
1065
20821
71
8064
12115
8784
24872
8102
27594
18038
14164
26499
32335
29909
3509
1579
27192
20918
11389
17368
13416
30148
5049
558
21118
28784
1065
29124
6733
18835
2639
16609
17805
18005
16326
10115
24015
30031
14037
29862
9399
17900
17476
194
19557
12053
7022
10646
5172
10509
28824
15140
7591
32409
5505
27133
3488
14693
17466
17086
19923
11683
3128
13019
635
26869
5544
3739
2123
2189
12034
14436
3752
14994
22753
19769
8725
28358
17426
31361
15087
31335
30187
24842
9306
13139
1758
10573
20347
18031
12110
11508
26344
19784
5792
22937
13916
26363
6294
12497
15024
22611
29912
2409
28166
30514
7380
30191
9288
25906
5064
29812
3025
23947
5405
19345
9833
6712
29943
14504
20087
5205
28426
21356
7282
9164
22447
19108
16537
16944
25399
24108
9444
29929
30591
14908
27450
8850
15300
6124
7140
22431
23225
18168
6210
15939
10967
1217
9660
19857
12533
17557
9468
29665
12568
19760
18778
16501
16780
20355
25752
20572
5172
23220
6864
663
27166
20837
4778
14203
25946
17465
30162
8022
11533
21908
21930
23637
6081
2723
18492
31653
20479
11677
20850
2521
10016
9544
27785
18060
2656
26046
18883
15175
20020
24177
5212
14757
17374
2413
21696
1204
19774
32733
17147
10655
25323
14289
7537
19338
16514
20286
22479
26302
11070
2118
13889
20230
1737
23226
10470
27992
11346
16094
31617
184
14304
5484
11633
26202
16358
20699
1507
11527
11031
17376
14406
30657
6267
14646
11519
29610
3523
14491
16990
25890
24538
7451
6609
4144
2492
24720
17752
35
25995
16490
26937
29305
31712
8108
9717
26879
23903
18999
24186
10042
14990
32075
11930
7942
11751
22859
9660
4221
27691
8384
6610
24858
20218
26785
9867
28190
28065
7634
11465
24115
14387
1002
26197
13904
18651
4409
25042
13788
24432
19466
31471
15894
15178
3365
8929
18612
18260
19352
3345
12746
19555
21943
5137
22766
7622
7010
27349
23962
29727
28038
28192
31442
27249
22246
10812
17926
20857
29212
26862
21817
19778
24794
23465
4195
28916
18550
13826
12820
19692
30630
19556
15195
8978
6536
2821
24294
13671
6629
22808
10090
25310
7862
15429
23878
1645
15079
20566
28515
19555
15964
26419
25438
29180
18226
25872
4329
9011
30791
11493
11374
27351
30972
12574
25846
26849
8761
31892
6474
17157
31922
18365
26711
903
29801
28191
8407
23120
25972
22539
21550
29761
26113
11399
4242
23751
29079
24460
1647
7600
22943
28786
7434
4413
7970
27816
14948
6776
6612
2728
16993
14279
4178
28970
4393
9154
9640
32408
29903
30786
16406
9411
27185
1978
19732
11476
8479
24779
1683
30597
3007
12306
7558
3473
32047
29765
28065
5224
7021
14462
7776
31528
10356
18646
21836
29641
26280
5430
23930
3223
7284
13930
26708
32230
31538
18807
19355
1
27979
5423
24749
15715
3999
11778
26884
13610
23079
3095
7168
8648
15320
18332
16870
14332
11723
28506
40
20993
412
11660
15079
23301
28432
12017
12214
3804
9466
32
11681
25078
24927
21788
3694
9614
21720
28456
21794
15397
21816
5340
5575
29231
9071
20601
2669
20236
18606
26746
31087
29241
20172
18027
20727
20680
22505
16382
7108
26381
22865
30300
13099
12955
32162
16313
21084
2159
29234
20267
28391
7018
9131
3772
31359
18181
11768
24510
29181
29248
869
13662
23976
7899
3841
15740
9907
30921
22087
3002
26119
31202
24062
31443
4163
30168
22110
14383
8961
8812
21108
11700
14172
28641
3784
15838
7599
17841
2876
1554
26270
30592
31799
6959
32091
1614
22275
29799
14114
496
32116
30797
31750
7873
19659
24622
27888
21397
5081
26021
10981
5102
13416
28266
9095
31347
29654
10859
1759
30621
16131
22558
19033
22708
25966
8981
23824
15098
3994
20691
29004
16166
29879
12254
32585
4371
4990
32021
25915
6074
29277
13124
18574
24926
10964
30966
7282
8198
17439
8330
29079
18992
8469
28297
29493
13252
1360
6711
13648
13127
30094
15464
14394
10065
30551
8341
17753
28737
29664
11311
2346
12847
16944
20531
3718
29474
7297
14591
32549
27011
1257
12388
19808
3794
23865
26108
11067
19096
13862
4542
29346
18845
6566
9423
25331
21850
21661
31899
22461
16305
953
19493
23752
14044
26522
12187
17237
5540
17463
7726
7334
979
20349
11809
15809
31467
29497
24351
12402
792
26167
24273
13711
15460
24747
31664
15487
2090
28625
14872
29693
26317
11473
16286
22554
23977
23269
2212
24961
31050
12477
7211
14847
16348
20771
12776
6723
10211
14043
32409
13538
26413
6093
6809
21150
11780
870
14002
999
8872
16443
4915
2978
12540
11503
27971
26410
639
10327
22133
6036
12926
17629
10909
4152
4744
19234
6113
28268
4899
20456
27923
24211
9405
24878
8766
21079
9445
3740
20350
27698
11195
20770
1557
17459
19877
5597
16316
27135
9540
28730
22583
18454
14759
14173
17708
19543
5310
4804
53
31175
7697
14887
22324
18318
3505
27811
5863
28994
2927
25368
17340
7272
20045
16848
21734
30520
20530
19809
9648
13473
27106
26324
4369
2445
27436
4870
27521
3942
870
4431
20236
12249
3606
17762
28069
32218
6130
30836
23996
8168
12299
13729
5395
12178
22853
17803
1485
12858
12298
3396
4552
3865
6207
21614
18476
9859
1911
13984
8516
28268
16231
17420
11405
14380
3227
5471
25869
895
23911
22249
8166
720
17695
3838
18731
13495
16266
9116
25330
14016
18581
25421
31403
13678
7237
5455
2224
7551
13039
21747
28189
29298
19883
15427
1249
28231
9990
8679
30229
20102
7159
28234
19085
29314
24853
19448
27053
11999
6150
14155
31358
31314
22843
12614
23297
22440
1498
6593
8644
8458
30204
29894
23986
6271
22297
7996
2095
25010
20160
14018
23909
18678
13708
14558
3800
31623
32339
7511
1089
5394
7584
28639
7833
9848
1380
11509
12660
6608
2280
26122
9872
6059
15622
28899
32686
20891
10393
9790
10912
22006
22834
29624
23460
20695
12301
17646
25072
24166
31555
2019
10894
21081
12096
20642
25962
6331
21624
24612
170
5100
32086
4723
28221
7146
22645
30736
26551
718
13075
7826
9308
17050
32707
19601
13690
14385
13665
13506
31997
4007
6731
25699
29245
17851
20430
28890
10522
25250
12767
10393
20299
20999
24332
19268
5107
31823
31922
3350
11637
1313
2927
27009
29066
21286
24538
2324
13201
17677
4978
16034
23846
14291
469
24481
29941
16961
9779
31696
2000
18870
27905
14365
10240
21542
19954
20677
30425
15203
16931
1725
27794
9627
27285
31825
21075
26402
31457
17675
8846
12658
15399
11478
17299
13169
15432
31331
20575
3826
32085
12492
25525
18301
14663
5239
6513
3667
3568
30526
14872
4013
9521
4044
17587
9541
11630
24650
19166
4631
13887
28732
21276
11113
17768
23973
13677
4873
14348
2418
9763
26326
17437
25365
25329
2433
11799
6001
13893
26773
1774
9974
17623
25525
1604
9997
22914
14629
21728
12982
9044
7053
23388
20079
6625
21753
26909
17241
31708
6947
18313
13718
7144
30965
3443
31221
28587
29002
18138
28369
5412
16117
17620
23606
16959
22020
10693
8006
21159
2630
1492
9435
26588
32522
6048
30574
20357
17450
1326
25656
9223
17480
8487
31638
23382
26712
4160
28850
14348
5214
25337
7264
20664
24953
30602
10054
8568
14625
14362
8000
23498
13741
2355
31747
26783
27672
31859
22272
20657
772
7044
23179
32535
15103
24398
11324
4630
19462
10090
22165
11835
15431
17882
30182
1958
5163
29432
11374
5545
5012
15789
8643
9362
19556
19427
4468
14788
17982
32573
11500
32269
3984
20997
21657
8755
24529
102
27726
29136
12039
20955
20198
2144
26253
5863
9515
23705
3859
12039
9206
5627
8166
10981
30103
24743
21362
24270
21110
13172
9477
31078
3323
15424
23509
29338
5292
26244
18245
26327
13461
12331
4196
12921
4333
16549
17590
24967
10230
30263
32312
18333
23077
23957
19614
21545
15747
18354
17375
30426
16467
29143
21491
10326
24309
29683
19931
27436
28938
26930
14819
22793
20953
1744
25380
4142
26610
5424
15436
5409
20496
32552
418
31907
12100
27551
15428
29155
28752
5467
2739
27889
28753
21780
21138
11637
24226
4557
16299
19873
21500
2916
13363
356
25826
13159
3663
21985
13116
2089
26327
1311
17218
9749
11609
12802
6043
835
17761
8314
22726
2377
2295
15866
3002
340
21610
3628
7113
1655
32588
20451
15306
29250
26302
28241
25207
30615
27886
4730
26132
24505
4573
26856
31570
7590
2406
28576
7026
11175
29308
24662
5549
26405
5043
2781
20436
24254
16641
13281
31284
18072
20166
19416
15036
1781
13835
4662
4962
6408
19975
30944
1986
9736
16104
23524
17928
7298
4560
24935
22289
12275
541
5599
6605
30358
29677
6274
3560
6523
13281
27645
12713
19161
25634
16234
30490
30373
15010
17276
5225
24931
29861
24573
13198
10557
9087
23931
17710
23890
13983
22334
31423
8016
26316
2429
11246
837
26287
20433
11069
8626
31890
26601
19953
4066
26983
19584
11051
12921
16652
15500
22101
7760
6093
17080
6335
31616
10539
20757
28298
7869
23515
17676
19142
19686
18194
26520
26327
23769
7424
15794
8477
11148
7834
15628
11988
5722
31901
14593
9528
28570
18896
7116
7661
8566
25225
16377
31391
29435
28018
32282
3046
9068
22925
17083
8044
20444
32118
16536
14673
22267
15337
4877
31950
12081
20867
25805
2073
25321
12237
28375
18313
10032
2422
25510
1019
16510
29664
6824
12404
10707
16863
4082
15112
12806
31677
3122
25850
858
6273
2277
26148
18771
23664
9418
24473
26824
213
15510
24970
32312
2302
31721
2150
5730
26759
31361
30021
21775
24283
14766
9607
32307
11255
5637
28088
5428
625
345
7095
1674
23225
6375
1048
3976
2976
27601
32454
22649
19478
1486
5869
29935
568
4639
29207
15960
906
10949
12949
15570
10880
10225
22816
4673
25924
956
27072
7070
8627
9752
22509
15506
15016
11526
32244
2371
19070
1290
9117
17006
1744
26076
22539
22454
2435
1889
8931
25659
11015
8921
20657
22895
20953
5210
24199
19493
23373
12413
18663
6123
394
8791
16866
19610
25302
26027
4738
6699
3604
12637
11110
11980
14474
26154
10412
15155
232
21911
19732
4403
25478
29991
14433
4237
17390
20945
23811
22024
12186
22449
30964
24772
15871
16894
5600
8651
12746
18236
21640
10729
16233
21939
1896
27070
7373
29727
24727
14353
15982
6825
14064
4711
26000
6166
9839
19412
25541
22335
4061
7698
14260
6337
15280
20688
26392
29941
9261
27468
14860
14883
10959
9252
15237
31474
15596
874
8992
24867
11158
27382
3102
6271
15040
30976
7596
26126
11169
30958
2152
16266
18014
22122
32034
30483
9955
18104
223
20260
20753
7238
16932
2758
20511
30853
21361
19972
25914
20472
28427
25246
2415
29835
10238
13570
18123
6693
11363
7543
11457
2432
31967
18844
25547
30009
15724
23057
9300
9507
860
2164
5334
27617
17563
27023
21312
6836
19508
8143
11674
26513
22550
4600
19947
31095
17433
31256
23899
3839
26172
24762
25237
29493
48
22619
24431
13478
27163
3362
29133
21178
23190
31947
31682
21828
