7969
31546
18305
6953
10282
5361
20524
8953
16774
29618
31658
28796
29509
28895
10532
25672
24945
3817
17816
6773
20116
452
636
22190
10107
7064
24484
30343
31802
29114
3173
24081
2672
19930
25595
4781
15564
16254
2344
30749
17360
25007
25886
25569
11221
10481
3487
31424
5200
19833
22115
3237
27731
9627
4538
25260
22615
1154
17522
13181
9528
28963
20731
12761
27777
18803
24009
26994
19946
9688
31482
24064
25119
4318
19257
8337
19139
26412
13282
20256
949
29622
22630
12906
22930
7220
25842
28157
10619
12754
27723
30354
19992
14889
23805
17052
24028
17518
20916
26913
7819
7913
16618
8905
20986
169
20418
24885
16407
31607
19508
28817
8744
18952
4715
22381
21336
20087
24939
26824
27247
21746
25335
15470
8417
28339
27314
389
11018
31025
12420
24418
26040
9624
2623
22689
31978
5239
26755
25716
28631
22969
6879
12859
5682
31959
7992
19285
2733
18764
111
1846
7868
840
2110
1466
15259
21672
18531
9145
21650
1574
16129
7644
20088
22733
6723
21935
118
5041
24386
27895
12813
6620
30761
11077
14938
7307
28055
25035
9369
15771
20292
16751
32233
13886
4072
22302
12366
22002
22616
8803
3836
28084
5618
31288
30675
31600
18492
13340
11814
10685
20936
16741
21184
30663
20571
14040
7465
7564
16461
29303
14885
76
28467
21402
29566
19258
444
14657
1283
120
4313
15017
17105
5698
8737
19997
29905
29802
32627
21007
2946
26116
12765
11367
4601
21346
9148
29723
294
22595
11813
22784
22616
2631
5508
15840
7939
934
14723
14540
13250
1570
31790
28083
3224
19002
9300
30516
19579
20129
16176
20913
21011
15342
17736
31909
9151
12437
1686
17975
23769
2326
8678
29967
59
30836
2943
17512
21505
1257
26373
26214
10897
15576
14494
170
15577
14339
12628
22309
31192
14590
6843
6441
28512
740
9683
1222
12314
14152
8495
21587
23242
20590
23127
10827
9940
3003
11884
28507
6656
22635
3594
22200
19322
7810
30834
31926
22557
29189
12777
21399
27632
1641
14683
21152
1265
30284
16708
7027
21266
13155
12241
2456
22914
12980
27202
24669
13613
10501
28562
2784
11398
27540
1626
8810
27780
18696
499
12030
5866
28328
25306
22066
1484
11723
22105
27710
26703
13711
22884
6995
7344
5326
706
5422
27528
6222
14445
748
2126
22840
21562
10016
31517
4044
31676
26147
22455
32338
12134
10411
26059
2132
21745
19615
7795
18954
16637
6186
8961
17430
1019
25359
4347
28530
32330
27196
22372
19878
32672
417
28989
18750
30124
6210
10572
31355
28154
17035
19228
9289
28438
16100
25925
32113
27892
10374
237
6672
23695
19597
29327
2376
10961
21838
10236
31541
6835
16362
6047
802
20133
20516
13572
18941
304
30319
3740
17673
12506
23627
30906
17619
17226
2770
27106
28775
25516
24462
27715
195
8279
17294
18562
20620
2989
22713
19897
5120
25667
4450
23232
19756
2115
26140
3243
20575
14350
7631
13971
27870
27685
23563
1690
3545
16969
27037
31785
26526
17889
27488
4988
1293
6045
31574
19041
18764
14425
22519
25148
14780
31556
7625
847
9259
25409
16177
9528
30027
28557
11913
24763
21346
7074
28274
3778
20804
5724
31852
22690
19839
29787
18852
7584
20949
25000
13836
20916
1775
5787
16817
14733
4175
5116
26698
10196
25735
27240
23308
8117
30120
4342
3270
156
15870
3867
17449
7996
1274
32203
10343
28630
28784
9185
31745
9656
13827
12737
31193
27652
221
24636
2191
7090
24483
30388
14346
4824
20135
31872
15701
4393
12896
6545
24749
15804
22040
27222
4568
14864
17125
19166
5816
26188
730
23869
2079
15051
9342
20272
4325
23255
4733
8964
9016
17589
5022
32691
6196
17123
1781
19537
28083
669
12378
6822
5735
29605
10522
9501
4134
21828
18668
25565
13444
5260
6950
32053
30631
24545
13360
5437
2391
5048
31545
16570
3157
25757
15402
8003
22510
27259
5592
24738
30671
28952
6270
14717
24091
12767
10346
2870
31675
23266
30966
17167
13046
1823
13242
13458
22593
3074
8192
29488
13656
16428
24184
28456
17037
8051
3374
22954
2656
28714
26552
5180
27473
19874
14260
12126
11250
15344
10610
15465
5440
10481
22765
30397
1843
32396
11008
2075
15252
10807
18134
27728
11023
15805
17315
14356
18569
3390
24209
18225
1716
28279
19710
5608
23520
32067
32484
18832
14356
2402
26008
11392
8541
4474
4792
8495
27238
28507
17246
20634
14153
6535
11162
6118
17573
7666
5664
31047
9457
14854
11325
5152
26639
13290
31248
26732
24868
22788
758
26972
32424
17853
31302
9025
26809
23172
29759
30893
22965
533
9022
15061
25863
11515
30004
8506
8257
9811
9560
25737
25196
9684
5657
191
3483
17164
1879
25232
5831
11756
31954
1034
16342
20615
26851
15478
14333
15895
28522
18303
5704
4929
21767
18326
25207
11162
28301
18324
8204
20585
9395
32673
4002
17583
24589
24917
6784
21092
28987
12062
7278
15620
18785
8930
32712
15690
5847
26597
24528
27195
6689
27628
9544
13159
18209
19363
20801
20588
1675
24124
27182
18875
11162
9305
16188
32415
29185
7724
30182
19579
6181
19676
5571
15187
27017
25387
1699
21389
19849
26967
13531
249
11852
22589
20445
10000
19444
28612
22284
19065
20503
19577
26830
29650
13683
119
2018
12204
22493
13194
19188
20439
16507
3732
10862
20961
563
30255
24722
3801
14947
22675
4038
6232
2515
4795
9006
26307
6632
12483
7552
15562
538
3477
18964
25652
8615
5572
1083
10207
16777
12728
2258
12034
4774
6924
1559
7606
23624
8500
23995
7861
28364
8547
19768
14945
11934
13739
28772
7944
19301
24423
21062
15974
30586
12502
41
25707
13215
14856
21232
11071
750
15614
25257
28804
6927
27917
22629
12251
25774
15747
4678
26281
24620
909
19929
25883
17045
28504
19622
12391
24275
8311
9990
23125
12065
22917
16693
29183
4802
5899
5800
29140
5106
3491
20385
20195
18973
21342
21760
3415
11343
14436
22108
32317
26604
4826
30290
2702
4001
521
4381
12137
13978
27836
20839
4000
19445
16105
1887
15990
19063
10900
30220
10151
4222
28657
2785
14505
29751
28873
13201
12082
26641
4894
17957
12538
17266
14098
12107
4290
936
17413
23281
25749
6434
4350
2834
20814
5344
11340
4304
12122
18984
18029
7108
27839
14459
17454
5010
20573
20935
15380
12224
628
28894
25339
16840
32359
5159
11261
25963
20928
12435
8085
2889
19571
12499
11780
4527
1639
29897
244
24496
24114
25916
4188
13943
21797
28623
32419
11483
27784
32564
8
2356
26662
17309
20801
28013
6669
24435
354
2395
7055
19531
4865
18253
6028
3094
14488
9957
2548
31383
12330
14886
6279
21275
554
30925
26847
15972
10136
24037
6065
31974
23405
918
13648
310
6969
12606
27506
3775
6923
4035
12343
12471
12433
30759
10855
7505
31104
4188
11003
22836
16694
10842
24544
12077
27039
6512
9207
20512
23381
29143
4192
12101
16651
26253
13048
28304
4651
14688
3616
28529
12478
29001
17857
23486
7821
19196
7565
15086
3461
6077
11399
26503
20320
32373
27077
30937
26754
21253
30324
29933
18977
30682
18718
24249
30633
32194
7720
29845
7007
30206
20895
13043
20036
10904
1588
28490
5948
12535
15748
8019
25967
2736
17821
8312
2544
18591
8126
5002
29853
25655
17503
8370
14406
17174
26737
14250
6673
6364
10215
8236
12316
6974
14709
28331
21349
15446
3992
12610
26855
24381
2774
26858
17926
15068
8519
8943
13357
24319
8020
18085
22454
4011
26047
27479
32266
27314
18660
19072
5897
2948
30014
8765
23980
8520
32044
7171
29672
11052
29685
2957
30166
20217
14858
6681
18450
32234
24204
12756
9569
23486
14862
15763
12182
7180
9884
4291
1974
18903
30972
2979
12634
11618
7987
20401
17749
17477
2124
6241
14231
32705
14676
3093
13393
15697
13225
6474
22618
11649
4213
13327
18642
7427
30069
1980
28165
21504
18175
28896
21905
32684
15171
21371
32716
23069
13009
8558
7264
1117
31323
9519
31288
18110
22972
25793
11936
11117
5178
12516
14247
10058
15880
13449
7624
17655
2831
6280
22730
1583
31471
3989
31717
28506
1600
24177
27942
29022
12573
13405
11285
9655
9955
26580
27540
4298
17206
27513
778
24182
11333
3919
31425
19693
25167
25128
14221
14786
26727
18272
2479
1347
27252
5322
8952
16392
1147
19691
14386
22220
3873
18790
20923
12412
5483
27064
3955
29326
22473
6693
25560
24468
83
18162
2672
1041
27730
4053
15720
9611
12034
20394
28282
10209
12694
19559
1812
23775
5245
9042
29622
29200
13796
17778
32411
28883
380
6211
15773
1201
28029
3758
5971
31726
18667
20023
9084
13918
16152
13433
27296
30330
13418
20687
18676
18611
24670
9813
30847
29959
18637
18959
1659
11985
622
12647
14334
30437
23197
17629
8665
25564
20058
2810
30656
17581
29333
32645
22188
20862
12713
27386
3710
24249
550
20024
12005
18017
31443
13946
23425
31655
26611
3464
11081
31928
17864
14895
5930
5850
17494
9454
15344
12471
14441
29938
29546
3832
7641
6469
2249
18198
3853
29250
3146
21613
21950
12108
2581
915
30973
13503
10340
10215
27768
7719
28903
20333
17657
12464
18792
26841
5679
20958
24491
4073
23985
22142
3224
29688
8000
15837
29339
3281
5708
11575
23372
4545
8378
16242
6219
26352
18149
32012
27502
29936
1251
4179
14879
7831
14601
2516
4095
18698
23473
18709
13520
10779
25658
23943
22929
20693
32593
29622
8426
7252
31343
8899
1739
5339
2211
11796
27473
23328
17554
3914
17641
8682
5052
23667
15799
26078
20225
24193
16441
22422
21603
27644
14119
11252
26125
23539
1182
18102
31381
9528
29822
29514
25214
32205
11793
8163
26369
3737
26861
20172
17932
3935
26907
12797
12172
24305
1656
9452
10216
27553
17244
30885
29645
32761
13946
17949
28977
18348
19463
15043
402
8395
8735
4953
27007
3388
1124
14594
18778
22633
19176
13468
4956
17717
8269
27727
8921
22580
29482
24422
22726
4635
5809
21598
24952
11893
22159
11581
1966
15000
532
22054
14546
6360
12948
553
7804
17402
20749
10847
28984
26348
7945
823
26761
7347
18118
23563
27694
27812
13973
7415
27299
22231
19328
22250
30955
1241
3887
6653
8077
29345
3341
1540
30941
9157
678
18787
1148
14574
28499
548
21538
31114
18202
13638
30107
9664
19664
20567
15888
9385
22400
26949
23176
25277
1809
12401
18862
29835
11298
18693
8917
20910
26425
31624
20025
15356
17181
30383
4744
9984
20096
4726
7073
13227
30945
18800
24219
5190
14001
23643
32521
27819
12469
21496
6524
693
683
21786
5962
21237
19760
31484
28558
23974
7905
11223
31088
16355
30913
7092
13223
27928
29147
29055
9532
7351
15912
16990
15248
16428
7346
22337
18848
5394
28922
28857
3208
10151
2967
32013
22854
22909
26145
29835
22465
16499
22093
20508
28426
29156
31833
19995
18145
3614
28843
31079
635
8214
29877
9911
6274
9562
11035
23598
27742
21062
6936
22320
3251
26235
798
9331
15146
9613
16060
32345
8565
18428
17349
25981
22413
30822
31407
10123
7998
12538
30265
18518
30950
3376
20048
292
30074
25527
8756
19020
27081
15535
1495
8964
26373
30745
24198
2932
7295
14476
29386
25871
1714
26153
12689
11554
3971
24017
29833
17837
967
8341
16845
16499
518
5997
20675
24653
18046
16173
22084
17603
30827
20662
23550
29661
23686
14697
10007
13879
4300
30690
29203
31060
13696
12514
32248
11316
10099
4236
16048
18985
12163
19413
9902
2022
19298
22070
21973
22233
29593
8099
12181
12987
716
28353
7255
28005
8767
11092
31259
27877
24473
11510
95
4049
20456
25103
6979
11227
25574
25345
492
23206
20859
17827
3110
2264
13954
17649
2893
31601
22736
4354
10861
16219
10098
23354
6568
14145
24887
29376
2264
15269
1135
1330
13686
301
27633
22424
4027
14654
15715
2967
15108
8396
3253
17640
28027
29041
22767
17160
29428
26812
17965
17200
22293
22987
14567
16007
31418
32028
13942
22679
6295
29344
11988
4605
32032
10769
5028
4965
30117
9606
24690
9398
15042
19013
30779
9354
23030
13272
31792
5089
25234
15715
32695
2582
22997
13620
15795
9490
14933
28316
13061
18879
672
9725
16979
18623
5924
27429
17671
15199
31564
1498
11675
11462
9708
2230
7957
25459
29919
1590
7629
24294
1007
7181
15734
23964
27380
18622
28764
32577
10048
16233
23531
22306
13371
11749
22129
737
5963
10512
29221
6508
25335
13155
14695
1583
30027
4554
73
9353
30078
25266
28495
12157
21714
11107
11123
22955
22204
20368
16236
8574
25669
10028
10800
13734
11952
9856
14008
32201
25949
19579
259
7029
749
19273
19549
30554
30119
7975
3809
11958
10010
1909
22077
29968
9988
5644
27061
15913
32115
18643
19819
17456
26666
24973
2781
15925
1862
28661
25263
23264
15650
16909
19371
21347
17783
11955
25350
10925
18376
28277
12772
27872
26877
30374
27679
774
8270
2737
3140
28416
21346
30638
28895
958
32184
11827
24313
28086
26439
11885
3550
8078
11873
31343
8228
30492
10461
713
11752
11921
24693
16733
17499
28145
11885
30318
32382
4295
14966
15354
6953
29718
24785
25418
13394
24722
17335
20679
31628
25872
3065
18959
8142
13628
7396
27208
16502
24714
16231
12469
4493
30063
2168
23942
5453
25808
32435
4341
3808
14779
17220
24718
4715
31061
16904
22222
22091
16147
11503
4336
10655
26925
18085
28420
13318
26960
16497
2625
25258
3476
12125
26012
9853
21933
23703
3226
26562
10341
29975
5218
21200
32074
23682
13078
25106
20131
10062
24931
18771
26537
40
14935
9784
25332
31890
3443
6670
27956
9425
22274
12486
8225
13062
4777
14654
2485
19867
7230
29379
13208
16608
4829
13267
16092
31734
29241
28199
26602
21741
22065
13297
1724
22569
7332
8802
24397
9994
22917
21871
22094
10700
20786
18645
24091
6315
27905
19034
12269
8267
24092
24918
9553
9560
25232
20339
17881
27497
24736
3761
23825
9003
19551
28845
11444
9147
2942
17186
3872
21331
19298
7600
7688
809
32121
15580
12649
17044
28111
3673
19135
28017
10204
21126
16504
31173
7585
30519
15785
18596
17651
4024
27136
32337
7958
3599
19962
9638
24205
8578
18261
8886
7985
24153
8649
14514
25729
4837
10227
9993
21049
28097
16530
8659
21286
22872
27637
10608
8760
12455
13748
1388
27097
12613
28319
26278
28029
20128
17140
29874
29050
19081
213
19067
21787
14067
8952
9773
4847
17655
29601
20562
7015
1308
23501
32315
15776
31958
12976
13217
4734
13644
8546
26508
7674
10078
28374
28788
6845
10471
18443
31654
9197
16191
22662
5098
12615
31493
18175
31587
6510
16667
27227
23734
3714
9457
19162
5999
18677
14343
17298
11168
21658
29357
22556
2250
13311
6670
4749
17409
19965
18284
32167
31052
22925
29869
3921
23627
15325
12823
5957
15388
3236
26968
1545
32382
13490
20937
8224
22071
23243
31219
29057
14516
4789
2643
5448
22256
656
9562
9644
7575
29286
2232
26673
106
31235
21466
2590
5349
16647
6065
306
16415
1337
5046
25747
31731
23326
17451
20999
30557
23755
9635
13158
5670
15095
20932
30800
5060
25684
22860
6171
19836
14112
32594
28687
30665
28918
14799
20950
17153
20715
7004
22062
13110
8150
2621
18401
12122
4847
26783
15095
2983
15516
4638
9258
4926
32647
21130
1178
21775
14324
14827
32194
14328
3922
29122
25003
6705
11791
30610
4959
32743
16305
24735
19361
5415
32035
2806
5595
1790
12620
24493
6488
30687
27622
2668
691
4932
22158
18989
8592
1176
24599
16191
3721
21845
12836
23185
28012
30314
9462
21037
8099
30943
9602
16131
31475
14779
16839
18408
22634
1318
20318
32222
3986
29899
24659
19862
12779
3456
31283
10803
6808
24617
17254
21841
9817
12761
6847
26694
10169
28475
19794
679
27529
28465
24198
16911
24972
18618
5739
26395
15732
16409
19021
19385
9229
3892
5001
3747
14521
3386
26783
6182
7964
31112
19593
23592
17688
28110
2123
32105
2300
15213
8908
13833
4088
14372
2788
10571
24789
15852
10166
664
5858
25120
17216
1479
16690
10209
816
29851
16900
12729
25593
28045
17027
13950
27175
10188
3760
15738
32239
12419
28060
26056
9483
3418
18906
15617
3781
26687
15924
26905
9809
10342
23197
10627
8031
7310
13671
29596
12529
6791
7350
11846
29290
14321
31797
20691
3816
70
19207
26918
17108
19483
5633
19732
22456
7586
31254
31504
4688
9844
8978
28168
18147
23181
8844
26762
2003
13464
13077
31531
8820
3950
15286
18985
24090
14553
10138
22095
12662
8605
26119
19737
25122
20153
9875
9241
17018
28650
9620
921
430
16241
7384
17538
16917
3862
11414
1405
27076
9837
20645
6999
24928
22104
13804
24746
13616
26061
1050
10426
19574
15321
28567
22941
11008
27365
10170
29087
28922
313
30012
31716
3334
17086
7404
14415
21647
12296
23205
31395
30297
32403
2173
1256
31581
26189
17984
24849
18901
26709
13597
32219
24211
29443
7070
4856
12438
1832
1502
4205
29407
17047
13814
7481
10369
29668
30904
26935
16120
7019
12960
22085
8891
32148
14599
15526
533
10838
19354
20133
12848
7674
16907
24443
27251
24354
16902
4467
18957
15881
4455
12108
23506
6412
22698
13535
3143
19050
27042
19202
17912
9032
24174
15019
10258
6136
9386
7001
2861
378
18658
16559
18538
6211
5708
11106
30398
3134
24246
342
4749
24081
32445
20740
17275
23969
29248
9247
13439
29144
3348
9591
12857
3494
11257
24093
901
30277
29133
19912
12368
16066
25856
25207
10922
7353
328
4952
3613
31328
4502
8937
26941
27078
26184
19549
17793
23901
15264
24641
24913
18871
25717
5215
20576
5261
3368
2787
30268
29957
10970
21692
3876
10548
27356
29509
15129
9442
13927
7461
16183
7566
7822
19060
28998
6066
17520
19487
397
22857
4530
29325
5862
25997
21805
1922
28952
26117
6115
8004
1376
9407
15928
1277
18769
31707
18783
18017
8159
24137
19730
8848
7350
24018
28038
24638
4560
21085
31134
20241
6982
1643
30047
30794
7526
3301
10404
17064
26887
9239
1554
3465
31257
18940
32335
1875
1152
26044
4975
17170
17187
10867
16559
20835
15679
5940
2662
24720
30210
14414
19000
10236
14933
3533
2957
8898
249
15172
3137
23961
4309
25802
13726
23547
24974
23875
8583
22662
27225
2529
32757
25762
21261
7914
28840
11108
15229
6587
9494
23474
3332
7181
24232
32168
2657
3191
7461
14139
4549
8244
4462
17436
17707
12839
10349
9439
3304
2844
16968
18781
10371
32593
27098
14935
16838
1333
8291
1628
13845
10607
4478
30188
2559
1058
17236
19165
15123
4975
5904
3838
25589
7996
11667
13819
26289
2612
1128
5760
4430
13327
24314
32417
28839
20756
20484
26490
17782
23260
30538
3090
20402
32344
18311
26502
25627
11030
26790
24163
19
10175
2612
5971
20399
20453
14870
18172
23054
24315
4983
29477
18409
27813
23045
28954
30828
32307
21853
9042
22596
20839
195
14928
12026
17535
25367
31943
22143
32623
8964
23297
4360
17007
11131
20865
28955
32181
29792
24296
2026
5764
17283
4373
19937
32101
31185
28048
31099
31157
16588
14633
14425
20063
11320
25308
32405
7147
9239
5624
24660
9144
10968
14209
10650
20613
21452
21202
10339
10294
32217
14726
23791
2773
9842
23193
1117
25304
26822
5323
12667
10914
32056
2117
26589
27468
19728
11135
27948
6308
28272
10081
17601
28278
7305
16041
2418
13067
14
17548
6572
752
23529
26272
18883
2552
29230
19961
4229
19844
13645
23442
25109
27650
6539
1007
11511
30132
6835
3585
11623
17075
18952
14666
2799
27187
30847
3906
29752
16136
20779
25592
11553
30058
30713
18940
17166
22005
157
32125
23426
8691
20940
2735
20721
3294
18604
13167
4559
28449
12425
22570
30189
5663
25289
26619
32261
21878
8994
7187
12692
15749
3082
606
3815
6956
8047
7012
16761
9426
20393
3949
4732
30893
5293
16104
18358
20541
24963
12813
25742
3354
3578
11202
359
752
2202
25531
11564
8904
25818
11238
3372
27529
6547
1286
12073
17342
949
26269
16811
8345
313
15888
9882
7736
14422
26886
5132
27944
24312
12049
14172
14632
5742
32400
3708
27951
12130
28884
27532
30896
27151
22913
22187
31260
1710
25911
16909
29353
14897
2930
17485
26450
23348
22447
19717
4894
23345
19921
1949
3750
24563
28098
24672
4305
4429
6749
24533
11491
28427
26508
20556
12726
17193
5037
25015
3654
1091
12347
16315
24436
15437
15786
19975
2819
18308
16018
32485
3047
32676
1552
30734
21439
10076
17770
31171
26016
10751
7409
15385
3604
892
13356
13973
23650
25744
7474
1528
16656
26426
1880
25692
30119
26480
1292
26496
4534
21520
26881
31073
28953
3097
32397
16138
20347
7195
8527
25004
15642
28652
30740
28145
20682
19613
22267
15758
15165
9900
3288
7960
8065
10363
8151
12312
21706
32001
15714
7521
30066
12992
24900
15777
24382
19191
30734
14903
2275
18712
185
14916
20681
22140
29070
17413
10510
20054
25667
18528
17614
17894
19815
3260
10914
25839
17152
26390
20582
8810
5746
81
9280
14716
17826
4302
9949
27302
1884
19261
31486
23868
30450
27059
3636
13592
8998
4348
16103
12431
1098
32306
9117
25252
7590
12942
22393
23932
19994
4479
28674
24850
5125
9465
39
25132
18533
31760
19583
32142
5439
22469
5333
11117
11073
6688
5859
18214
31398
11135
11870
16176
29530
18989
13875
335
4190
30774
3857
30475
12911
31610
28455
9825
3554
9217
24367
19128
12243
19598
2219
31255
24190
18807
14702
10900
22765
14771
16479
11280
14804
28213
1914
27169
441
23416
3863
2640
3159
18780
11887
14981
30021
13616
15708
17343
12243
6672
2912
13576
22069
4977
18409
15017
29667
3578
16339
30106
20287
31382
5167
26428
30328
14279
20035
17738
5039
9533
29905
18957
19545
5543
1693
21712
12261
4809
32297
28308
31134
10190
17091
1797
10706
9696
10945
32172
14900
5879
29452
19301
29055
21230
20443
24596
6748
27356
31425
2196
8582
24225
25066
28912
24364
20671
23714
5846
3991
11372
2326
16456
16140
29157
14175
19093
11508
7428
1468
25992
27194
23061
4639
3807
14069
31974
25836
25086
25415
28189
30973
4069
14212
718
1257
4960
10135
29261
27014
30077
21922
24129
27052
13891
10213
8442
3900
11681
30177
22021
24929
30885
4285
20733
20502
18159
10984
30371
30953
7268
25344
11313
10494
23335
30195
20716
16470
10693
23652
30201
23121
2479
22352
18545
24434
12782
12273
25016
25699
530
12002
29194
31289
8555
3717
31062
21496
7804
27810
592
25946
8877
32592
5058
24268
3648
4377
19490
10938
4230
2137
23402
20492
4179
32231
20260
24049
30895
9975
25796
17627
15822
5695
22075
16587
11843
6233
21705
14542
25712
12137
9747
14279
27713
29183
6005
25200
28954
20799
15257
3740
2061
2623
9801
24511
27217
18096
6785
3247
13295
12481
24265
12972
31423
32320
11201
22943
20883
14082
26878
3487
2994
14982
11284
12729
21640
18645
11764
28657
28571
4780
10873
27268
13505
5341
24125
4720
7313
17139
5809
18230
28951
17685
2157
9183
30412
19757
24516
7485
8644
18249
16284
21875
11050
26945
8828
18616
6890
26010
20967
14167
6573
17834
26601
28922
7946
12029
3823
25897
20474
6136
29660
7438
8589
12220
7768
635
5084
32077
9067
6190
6463
31220
26188
1875
32192
10977
23411
9802
25295
32277
501
23723
9015
28287
1809
2183
13136
13157
18438
18673
20854
32518
9768
20925
6843
4222
24883
11400
22489
7401
27615
2809
5739
21451
28341
3653
25180
688
27936
10233
13215
7183
16583
30708
25632
9588
24346
19378
16891
20702
7467
8913
4589
17766
26048
23757
5639
23330
5542
29711
27818
20041
29256
27174
23471
11672
28288
18772
23526
2036
12716
24396
30914
7504
5381
5434
22610
5841
2860
2308
32627
2608
9734
19407
9797
19553
11978
27078
12507
22386
1112
7958
8247
18357
13261
24125
3957
13345
32596
2949
4422
26102
18239
4555
416
13216
2390
13445
8116
734
27246
17156
1057
13859
32318
4342
18279
2365
16751
22574
27806
8500
31218
26536
25704
21365
29078
17351
15396
26671
16090
7138
19812
23550
4095
14591
417
25799
11362
18910
32302
15843
8201
12346
19563
32639
17788
13131
21051
1346
8662
15247
11960
10289
18203
31690
20261
20432
12492
11084
20515
7818
20153
13682
32552
15699
12823
623
4142
2700
4306
15692
23464
12327
4901
15150
14522
25867
8039
26584
18345
23994
6184
23408
16529
12337
16508
32134
6742
12048
14999
22866
7644
32762
21658
1853
14715
28991
6061
20388
10413
21176
19790
27352
17418
22003
28392
617
3447
14736
13224
22436
19610
17387
12428
13146
20369
20732
16061
739
9187
30587
7198
18019
23478
2375
31269
13388
13123
29448
28394
13860
10888
16147
31869
8841
26428
16271
8829
22642
29448
9174
11750
8119
10740
32030
15147
29396
27936
30297
7813
5610
28084
17242
9866
7942
9241
2872
27905
21414
18282
20983
10741
32633
22821
9573
15624
10343
6439
4419
24842
17361
30167
7845
15818
20762
19617
25244
19500
32102
3750
24593
16508
13473
7601
16628
28418
17348
30061
10903
24279
28755
29910
12628
32503
10538
23534
12150
12694
13434
20913
855
8632
32527
1610
30917
5884
28884
17799
25002
15288
27288
3467
8684
2379
20754
32195
12947
20143
18723
12827
24618
1358
2396
24177
18535
26647
25792
15945
23310
208
29387
11459
25106
8110
30899
30923
21757
28963
30701
18832
31635
9719
1523
10039
9138
24986
20805
31696
28285
25273
30637
8329
30906
6671
4552
19233
25207
9086
6082
28576
31220
21854
865
27206
3517
23061
21317
1473
10775
2023
21358
12707
17821
27408
20222
32018
8491
13840
3904
10689
24315
3143
19434
27424
5390
23233
28831
9680
24270
13139
23480
17242
12785
24039
31300
28192
31392
5140
25933
18836
17113
6898
25694
31399
26898
12076
31041
5253
10783
30550
22797
15743
597
28801
30305
8264
10736
2317
234
32101
12466
23999
32299
28895
31949
19731
24445
16443
12547
21716
14676
17579
15884
28137
32709
17798
9016
23154
27717
22262
8789
6676
28852
4337
27347
30864
23450
12906
38
27291
4528
1224
24428
11498
162
5015
10320
22924
12051
3197
19758
26492
3553
23408
3704
18551
28331
22311
17752
6411
17297
4558
16790
5873
3131
8702
16061
20892
5149
30700
13433
18706
26105
4833
1604
28411
6309
10986
22081
15863
22798
8912
32616
23349
21885
22090
31460
30274
28185
6258
13497
23326
20142
30326
5034
27285
21932
4752
14426
27852
27763
11064
14257
29211
13517
8856
21633
13850
12220
6720
31850
14591
16759
30491
3067
807
13999
24993
7705
18162
12054
5711
27301
21716
4386
6740
30809
5545
27406
10382
9715
32585
25891
27316
20118
14173
10549
21205
3437
22641
25456
10497
25745
3402
16469
8518
19245
30329
3071
3550
26336
3632
22187
422
29794
32341
17015
30418
9067
7381
24170
19935
27088
571
12981
14538
4591
28289
25144
26240
2126
28709
1352
661
11391
384
8624
23864
10567
4180
25589
20327
6143
9124
32223
12127
29497
5064
20020
26967
7335
2240
13767
4205
31289
13001
15793
31713
28294
28974
29407
17537
12397
23393
6861
13924
17916
24650
9616
2779
9872
28639
282
32421
18494
25333
12730
6242
7282
5461
21474
13130
16342
26131
27437
8735
24950
4635
8864
32352
9505
7437
25137
30656
1298
15435
23941
14295
30416
30800
32766
11798
22354
30787
23029
22528
25191
11211
29508
22935
14677
18214
9992
31253
15552
17781
27813
22749
15822
25946
12810
28337
19081
21445
11062
12069
6533
30987
15098
24148
22722
7225
22785
28369
25555
20647
6415
31713
9536
25040
14214
13287
10026
12640
20270
18207
5933
15247
7221
11919
16779
13742
28789
24379
18310
31487
15606
15769
5389
15306
21684
25924
22939
8877
19618
6388
2141
25652
7406
28334
9107
27818
26503
3128
22328
8238
2013
2000
9957
24841
20456
16669
13043
20542
5739
18022
22752
31843
31354
6658
13043
29360
58
27664
15139
26198
27368
7272
5430
25105
30748
6353
17446
14337
24655
27508
20168
9142
16539
3472
6063
21130
20931
21104
27727
17971
4211
32410
3934
17816
15049
24394
17024
20452
18195
30238
4898
17881
14299
3347
28326
15720
28961
18096
16833
13182
29415
32385
10018
4128
7411
3527
26965
12474
24528
18542
23526
27828
32534
17983
20425
18503
18667
19543
9977
18831
26314
27352
19296
9185
11139
8926
3319
11614
643
10421
11054
21192
25686
5705
3470
32149
29802
8669
28573
8258
11286
11520
1026
23786
14042
16317
21225
31255
25577
17427
22441
6616
20708
5541
8612
26388
12777
14769
31855
11549
23244
21318
25396
3464
28068
10162
17236
18493
21130
18234
21072
18890
23709
11791
31465
29693
16458
29053
9606
21681
16074
19812
24535
16104
10987
9708
10168
31258
11028
20853
23896
31693
23683
16077
8346
24422
15322
19366
7611
4159
30426
24391
3382
23033
2926
7553
27364
21268
22507
17893
10344
21948
150
4916
24266
31462
20071
12055
17250
19356
27404
3600
25592
7317
7729
18353
28201
18441
28671
16140
1548
14787
21730
12138
28694
376
18064
28992
4667
24407
28231
2910
4182
32481
17493
25706
1995
21499
18654
10381
11883
20034
14810
14188
22680
22174
27229
11866
10921
19226
7963
25291
31120
27891
5163
24844
7865
29934
4107
17202
17206
16879
10213
29777
26138
21960
6416
13294
8738
5199
23514
28086
30363
30899
21381
14704
6015
13584
16271
5936
2274
28736
21047
15309
2444
5621
4156
406
4328
27908
24040
20801
25629
26628
23885
5924
1658
25624
463
6312
2327
18953
31970
15866
32185
17816
26645
9219
4343
1810
20560
2715
3995
17188
1625
29433
23371
25841
22685
622
4713
9826
6702
32084
28471
701
6920
28225
8767
14202
30104
19840
11250
18258
21887
15553
31119
13208
7059
11023
18758
24524
806
29955
6558
21358
11404
21815
10260
19984
12503
14590
17156
25007
8933
19794
29389
1859
8605
22542
15921
24981
24437
12638
3578
8785
17207
29043
29667
17756
1542
9851
22709
5735
29340
9936
21937
13509
10709
21359
15662
2425
4209
24237
5763
25492
18965
27429
4391
11966
26004
5877
13079
30738
7789
18218
18040
13615
22421
18296
19070
395
13174
4655
27532
17931
27959
21610
18077
32465
22334
649
31714
4950
8947
4322
21676
29880
21959
9396
141
30293
3958
20828
11706
5272
1416
13772
180
7699
22558
3640
12072
29390
9195
3602
16915
19935
30081
5689
17193
19771
462
7022
22904
11212
18406
20743
6473
25028
3
27623
2887
7984
31689
4525
12003
21712
23503
18476
31734
16166
15964
31004
10152
10189
19310
24078
12434
20748
16897
26790
30239
16299
27277
31492
24376
22277
4817
1155
21536
31583
30415
22182
3996
11896
15128
17999
2904
23137
23625
27954
2950
16015
14294
8074
3528
13103
4614
27146
8016
14009
15679
11287
24133
31176
18052
8756
10857
23849
19260
29886
18682
5682
23605
7897
32726
27989
4584
16810
27618
19189
13823
14279
5803
1655
9748
31979
3918
11165
21436
15855
2710
10767
1476
9461
20069
9019
16058
13799
27733
19039
27823
20256
3998
2788
17980
8808
25147
26862
30915
14886
19784
20529
3063
24273
6319
17670
7839
28840
11779
11198
24727
2467
684
6710
28183
31657
27973
26539
28727
32515
27202
28368
9907
9489
5078
13854
16108
25403
20756
29292
7216
18987
84
6079
30011
15673
8408
27747
27390
15911
16303
21051
31903
8463
11226
14933
31936
15513
13742
30401
27652
27249
32121
24228
23759
27641
5480
30856
17486
1851
31400
7926
23736
28705
10700
21319
31955
20968
21103
12983
2233
3282
28186
16827
24540
31771
15976
405
27720
22575
30311
1061
14120
2330
4930
29186
9868
32064
10269
14025
18537
22606
8513
18357
20193
3696
17017
14448
8645
16325
25787
4649
10585
26640
14091
8423
13911
14000
1693
11037
11062
8914
21050
18302
19115
4069
11492
17682
20337
5710
13245
22922
12614
17501
6949
2513
15158
27520
5923
227
22299
19895
8966
18658
12901
16200
27724
6759
8215
4276
25794
13846
23570
21737
16365
31861
5014
22457
24489
14334
22278
22667
29712
19826
22763
23889
21149
18033
7740
12730
18577
27208
989
26280
27798
22794
15717
26084
13219
23778
12580
28177
19743
26023
21861
2782
2633
25265
29424
23936
21719
28395
28883
18784
30941
810
3426
22800
17905
8893
10365
28548
19341
13894
785
6527
13493
2248
6113
4939
1753
6912
29063
22189
18428
16633
8629
17688
20502
15835
15809
16929
18871
20995
1121
21043
9710
28505
4275
4484
1897
2014
16000
5959
26845
10885
9153
6436
681
25156
17250
25317
13238
2922
23879
30322
29089
4915
32653
26623
1052
21914
15634
19076
3985
3438
11575
16493
13065
2728
6372
1171
15693
8956
30925
32620
15690
4270
10484
15486
29114
13223
30063
21530
23553
26824
25708
7494
31317
27518
24946
15355
27938
30103
11754
24465
2989
4436
15069
17783
11255
20927
20479
21543
8676
25918
9197
25177
14748
13929
18867
32375
12594
3865
6033
19026
30084
29121
27391
16147
9826
7426
28142
28020
9714
28025
16721
3632
14162
4572
12508
30391
28800
17733
21515
17959
887
973
16487
24184
8859
27997
12549
32246
1111
19137
18255
3317
18949
26878
18694
29632
19982
16102
32648
3282
7506
4329
7247
1865
8138
1838
18107
19863
13419
27107
14097
17531
17486
30673
707
30256
4367
2867
32242
32228
17011
200
22065
18283
30541
5415
19084
30517
23970
11347
9417
3709
5643
14223
22509
8132
26203
11635
26626
10110
32642
18496
32536
23819
23217
32369
21386
4072
29119
27026
17282
25895
22220
3925
18879
2332
28452
16611
12182
10586
21861
1136
8247
19166
9957
15634
306
20617
16462
1235
13370
17876
11659
27909
9768
16831
20712
6357
20291
30218
1396
26147
2238
16040
16554
6289
23426
17777
30545
15066
11310
3607
18849
10854
26716
32347
15015
283
6439
13952
30443
20853
32490
19968
28239
26841
6729
18559
17722
3110
18038
22269
24822
25230
18605
14671
4951
676
30977
21456
10654
21941
26715
19796
25244
17756
10176
18781
4123
26449
5330
4754
26489
7042
20378
18796
17814
20581
15748
27443
27121
24972
15787
17705
27917
17530
29271
10245
30234
30645
17348
28578
29649
26652
38
13049
23712
16507
15593
12365
14855
22365
23869
18853
834
12065
25042
9599
2856
15440
26080
18371
1363
26158
28011
14070
26241
30095
26821
432
9274
26092
4436
14416
6067
19638
917
12014
2035
19178
14945
7057
7988
15590
20336
25762
20364
7291
9499
13217
27340
18755
23910
8215
29097
11061
16957
1740
24089
25462
766
24889
27904
32626
27448
12608
11020
25132
30387
21787
18653
22482
26288
22419
31338
1941
15473
4210
26016
14264
15612
10554
25676
6118
25117
23063
7482
1480
23722
29459
14494
32727
3082
1417
13236
14959
3832
16860
6052
2853
20869
23912
6056
7771
15452
5305
23152
11026
26954
7675
29382
6399
254
8114
19310
19680
9741
32684
2640
3856
4409
7731
11993
16473
17138
20871
28574
20746
28189
13707
6978
11850
21
9150
154
6572
27119
26477
8720
7940
3843
551
14405
7288
31911
5234
18427
4314
20286
16060
20273
9269
26738
3732
19855
7845
23229
19482
11269
16748
11822
15284
18352
13891
25194
10243
9213
2286
20977
18454
2064
24339
23202
21981
2919
25164
28546
26848
21946
4219
30649
26928
5670
26206
7901
11934
30091
6243
31347
8236
2099
19901
10419
26561
692
4535
19596
3617
13847
28488
2792
4891
5945
27368
27953
22021
21874
20131
19732
25189
17525
31852
11653
29937
7543
15027
9475
19642
23444
12090
15645
7332
14190
31780
27445
12569
1559
13135
1668
7678
32561
5091
24414
2278
11859
17963
23479
25478
5039
2468
15591
10858
14322
2388
29354
31718
14188
19037
8043
6990
2161
26834
12738
13417
255
5833
14139
29476
24480
4530
19545
17284
23442
487
19930
19934
38
30852
12093
842
22374
32632
6786
20053
10234
28636
15665
15350
19021
644
26269
12484
22763
20180
23402
32357
16430
11221
589
27978
28953
10120
19987
3737
15236
2171
2277
27243
4985
3481
25802
24120
17887
24646
30061
16271
24661
27820
30497
5899
20577
5199
1826
1922
32202
28392
12573
13695
25666
3440
30195
17139
28744
29563
12219
13095
9037
15047
30470
19189
17174
5397
28006
16696
6241
8247
4401
21377
203
16491
32386
4876
22513
29927
16769
32242
31702
23221
7652
14495
28805
20929
28598
31623
26359
30769
2391
2325
11062
28660
12997
16356
15811
8862
11801
7474
7221
30579
25941
17298
32036
12225
9564
23008
837
23924
2626
22138
11222
10212
198
2733
31805
21233
285
622
13036
15442
26354
3147
32647
17194
2730
32161
1609
19932
32748
1806
12964
25121
7521
11561
7463
856
12728
14705
2213
19229
2542
14212
14996
28700
11468
21138
12979
12071
28593
10000
1520
19079
18577
23729
24712
5008
318
7314
29552
12921
12262
14260
20724
8298
6365
4528
31902
2005
23965
9126
12889
32522
7436
11127
10454
20742
26877
23348
21295
18572
13560
7382
26058
12664
8766
15919
8833
1103
19720
6432
12287
28698
32528
3085
109
13941
27474
22158
2895
3555
22292
11879
24232
32356
21540
8379
19301
27722
28769
4988
12536
17736
32380
31526
11332
972
23552
6317
11705
31886
22672
21427
15040
10857
8816
1279
24153
27755
23624
17707
3330
27176
16420
5020
32732
4691
29630
27064
19209
26511
29184
3666
13144
3970
11717
15721
1828
22571
20960
30739
32377
10102
16991
4276
26233
2318
17169
18291
7166
20083
26437
2799
6529
30028
11989
12589
7227
18430
29795
15574
9353
27773
4323
671
21909
21859
22617
17160
30771
18751
21476
3145
9481
29743
23804
30857
23027
14257
32248
7250
32422
11446
15315
14658
7315
3064
11567
2307
19982
28814
666
13437
10415
10429
25617
19273
9976
2322
18370
20329
21817
30125
9750
10551
17841
5600
12015
6044
4086
26105
25647
28802
24471
7003
15737
17804
22015
3796
14651
16644
17308
8490
32492
20245
31809
19959
30354
26426
19145
24759
31112
2550
18430
32
126
18118
6329
946
29377
24148
22346
18318
31421
21741
11289
29323
960
2357
22926
25223
17664
8985
16175
13051
32224
28422
6152
4562
18287
31064
30800
22140
7985
32278
20041
3902
3875
220
27240
30924
5881
8472
21174
5145
15018
32377
25974
20078
23086
16805
3848
28602
13958
7467
5901
17193
18430
23224
18636
11767
18863
18573
31445
10375
7751
6960
14819
19887
29197
5986
6919
29782
15903
6226
30979
1858
4350
17936
8436
3883
16461
4164
12853
8980
26582
16672
13695
13019
22990
15507
12117
24590
25690
16320
12703
22784
4178
13486
12437
27164
15684
28225
7902
14714
16060
24681
5369
24752
24258
10393
2013
22763
27045
31355
21212
27966
9975
17634
6349
10041
25561
8960
16490
27070
29305
28121
4087
11792
17112
503
11301
5933
30929
3423
32309
20318
9047
31173
17760
25612
30974
18172
22391
5077
15804
27056
21703
17119
13809
599
21311
2412
19110
101
17621
4271
17170
1471
7461
12767
14179
7795
31323
2953
8379
8358
21844
298
10872
18638
32000
22781
10424
26145
24843
27666
22556
11084
28604
7328
19149
30569
2845
1692
9917
11051
22876
7818
6448
24156
29809
12948
9082
2442
15617
473
9482
30717
21634
24071
18087
5612
673
2860
11002
28400
2528
20937
2125
28856
12164
30505
3986
17919
31406
4080
17575
23995
28360
24823
11224
29335
17698
16983
28838
9892
27101
14532
27078
1867
16393
14621
7789
3463
28938
19008
12491
28241
19264
31011
20949
20315
29671
21281
8776
13312
28731
23185
9451
13947
18912
10653
9748
24920
21122
14162
15469
15657
19129
29427
18168
26234
28719
10643
3153
16391
14084
27106
24372
5420
12913
23112
27710
16540
28844
13616
5368
11094
19980
24487
31761
14293
878
20005
9963
28039
29655
11178
22618
30849
32091
30477
2216
20849
20797
2705
7900
8660
5975
16826
20283
14441
24764
12639
17168
8677
11677
9727
28073
14824
2665
23641
12962
18480
2104
10294
16742
32269
5226
32138
18930
26644
29579
4027
28380
10264
25466
31553
6292
2902
10443
11631
3563
20720
2921
32400
30161
13469
1664
12854
9827
4510
12186
20943
25893
12788
6408
5497
31883
7632
13187
20248
19135
32587
29459
2981
11678
28247
15152
24265
28675
14581
22055
3242
7241
31657
31680
1541
22539
7723
11038
27261
11566
2144
23526
1330
25634
9096
19108
30614
21348
31673
25706
1660
18504
5516
5562
15730
27893
19478
165
23633
20401
19226
24117
17170
28511
31100
3849
20451
28997
26617
7999
25466
25619
6166
16791
32682
13345
12118
1492
13364
13561
27312
20070
19935
25621
26176
18759
31691
18666
3389
28707
24322
5669
17963
21435
14416
28724
12114
13963
10325
32008
32622
15018
13784
8473
24232
9971
3678
3499
19397
1890
13563
1104
24990
11456
4969
29615
4304
20355
8535
20867
8628
23024
5635
21991
4754
7554
22539
31696
9745
30607
8065
27355
13810
10537
32317
11849
7678
26179
17015
23879
21309
24596
26517
6259
31593
20161
2369
157
6306
15926
3263
2762
7523
8788
29821
21887
31925
30290
4588
25404
2723
27485
2447
24134
16621
27266
23890
18857
15361
28110
28956
17278
1062
29876
15783
15466
30459
6062
9616
18535
25888
32551
8362
27847
14387
16793
12696
3958
13566
27891
22939
27519
11758
16189
32424
11985
14791
21118
30654
9540
17047
16350
13174
5335
233
32264
11484
12091
14138
32466
8829
15510
16817
20512
17345
25473
19978
17413
18555
12882
20436
25644
9919
19873
1244
13431
23284
26629
7657
2277
30249
26399
24489
29369
26285
23002
20460
2265
11993
9200
17168
3956
32305
689
23996
17127
24748
20224
24274
18914
30799
8350
17822
4806
29952
13995
10324
8274
16026
18793
20153
2431
1341
10564
25888
12456
11240
20239
23448
30190
16713
16785
17764
26843
31443
29760
19627
15686
26130
844
3697
1910
17467
28895
29382
906
17416
18340
21821
27671
3522
18054
4512
9236
21919
31162
18658
14323
26703
25855
29269
31249
26066
8996
3357
15952
7820
7883
1509
30978
18075
18542
9425
17674
29544
28063
6067
5437
6012
5524
27777
5391
28822
1762
4103
31851
7162
23177
9433
23266
17675
16433
18060
7688
8732
22451
3365
22299
13188
17371
25810
998
30960
23149
3544
24293
4350
5477
22733
31402
30471
10627
29447
11391
21307
26119
22356
2637
4340
16826
14059
32701
12100
14637
28323
16028
32720
25157
23651
3716
18402
22775
10458
16313
30649
26961
22896
17745
27684
6842
15996
15000
28239
122
4535
22450
26076
29565
22769
6530
28981
6483
24834
8395
22561
23676
25860
3221
3222
14819
13759
21459
11727
1960
30053
25154
16797
6434
15232
31892
6146
25637
13608
12238
3324
2944
5497
20463
7327
29386
27204
18898
32102
16223
10501
19541
13515
27301
2069
3259
23061
18836
30753
10831
31602
11637
20955
30026
22853
489
3055
7415
27585
3118
3385
2325
26295
12190
28469
25213
12204
23416
17591
3845
31279
1507
14556
9379
32362
22576
6720
6102
32246
28768
9841
10561
2804
23526
10660
22169
17753
12206
18087
21186
649
24925
31511
18741
4904
17883
13267
28837
6956
22799
1456
12514
12343
13033
24175
24573
12837
19878
16876
23213
4576
335
26519
31729
31356
22659
19496
14327
4224
8823
2959
24125
15233
26171
5930
18166
11766
6975
7227
28591
8007
19221
11929
19250
27687
120
2982
18603
4388
10126
2432
22025
13180
17258
1660
24999
11315
7381
27856
7980
18786
20046
7823
5040
14802
20815
24027
11552
22217
28882
1366
26851
16420
17684
9433
19901
32422
7321
22121
15604
8336
30320
24422
24242
1138
29112
29190
11691
17984
22115
8962
26111
680
6970
26511
23394
25763
3361
12176
31354
12619
31645
28682
31112
17900
3731
12760
31819
15453
10579
30880
12066
10641
32468
5637
7536
10857
15169
15646
18244
13004
26293
27175
14906
21242
25924
29303
12700
26397
14394
20658
461
25890
25767
320
21224
15558
8987
766
28324
32244
15534
20531
9595
14670
14659
25541
3851
20234
17166
7853
10684
8191
25428
8616
7587
21759
31858
28463
9894
12392
9505
27050
27105
7670
18680
481
14921
29915
12851
10675
4239
8210
24754
24330
14920
8432
21061
25358
1098
8188
8230
29081
25689
0
5575
3307
26115
10080
9422
12704
24264
29611
23134
1759
11646
2928
14745
24275
2292
595
8035
7007
8662
863
4968
19213
7120
30110
10848
4680
8694
20199
23954
13516
6756
2296
31638
21338
15649
27845
5728
12720
4682
10255
4730
6328
7020
24887
15249
10496
11313
15701
563
12650
13887
3205
18135
24101
3165
4225
22046
21467
24791
4469
31320
2860
804
13582
17994
92
8391
19412
32047
2888
3443
2235
15356
29599
22130
22260
18408
5454
9544
16905
9772
10556
13715
9257
24839
1592
25141
3777
7686
28208
3509
8524
27010
15267
27107
17003
23402
856
25275
28472
31043
32337
12428
5335
31084
20475
21850
10319
19367
31911
2432
28824
2773
9277
23449
14070
15361
21807
1953
20869
32416
2989
18776
15380
4631
12568
11751
13110
21630
12216
10438
1431
7844
28337
28637
3981
8531
18995
25322
5359
10197
23538
546
27946
25526
10198
14363
13713
9676
243
31465
32245
10357
15035
2184
9078
20256
31346
17018
19864
32527
15587
27824
16794
30043
25682
21422
3
15928
25265
7659
24701
12666
21527
19574
8166
6232
7533
11999
5285
24688
25451
20053
32058
12
28099
5132
7449
28580
19099
12002
7097
23716
17985
31809
23016
31086
2842
30791
12641
3747
32220
31012
21152
12703
10749
14788
13557
17474
21100
30639
19672
8694
31358
10285
31868
7661
31531
2221
29351
13995
30842
3687
27584
8901
19258
31041
2346
6888
13043
3567
13008
1308
25628
15199
14081
25930
18062
12116
7295
14076
30777
7761
23250
5221
26646
17080
27874
20129
7516
22323
29125
23358
32503
4179
20438
15098
12086
22903
3591
15822
20420
22768
22392
18476
16857
32610
23880
32134
14001
9837
2731
29711
9278
653
16188
21957
29210
27711
917
4783
29375
17510
27677
2147
31994
30700
7714
17100
14749
26284
11048
14890
31093
12688
13952
12890
10107
13302
6428
8024
11086
11353
30625
13058
20449
22573
32446
30751
625
1802
14781
7839
32187
26893
14167
23844
13675
7292
28877
3010
5591
16040
10036
23555
27629
1048
11024
21039
2410
7139
16933
25546
31054
25182
8074
24413
22668
9975
8703
378
9989
2401
19584
23290
9399
12786
11547
27785
3890
26953
9726
7013
21324
21299
19668
25442
1814
20688
21586
27186
16399
19953
13324
22499
6551
32197
654
6313
32678
19125
13736
27614
4541
32140
15625
25671
12829
24539
11023
15769
5432
23964
24542
11067
25957
27157
27312
1102
20183
11263
5484
28907
2000
13544
20089
31915
10514
18390
25812
12909
27287
29485
19040
9555
6273
466
20606
2830
21588
1937
4830
19292
30307
3260
1173
10446
9096
7445
21359
26319
27416
15854
5510
4322
278
3983
29971
18219
26791
7640
20101
13361
8902
9256
29904
4066
13625
18557
4104
21464
7620
4572
18990
1242
1436
7667
15946
13734
18718
23037
23993
9965
10177
17126
16329
10400
12362
28847
3971
8298
15679
28949
3016
22910
5533
13677
19872
402
1485
6099
18638
30507
1237
15235
15016
19740
14796
19591
31525
10057
30096
25235
25656
21681
29883
2861
17244
19116
32210
16144
2416
25968
12224
18131
11462
4570
5251
21190
29047
17516
19494
18973
3065
24978
25583
5456
20979
31529
11737
26561
27983
1857
11332
19616
17809
29730
26092
31499
4968
15758
13848
13690
21123
26438
27924
14427
1446
208
21728
31737
253
5750
28202
19874
11952
13202
31098
1033
439
23049
8365
21225
2800
4886
21668
491
25711
32073
13117
2762
26389
31695
2434
25269
24164
27379
17953
29429
11921
32229
28701
1231
8411
10682
30146
9388
18972
16821
26590
16503
16286
10437
29998
1351
3631
15438
14871
16446
10104
23596
14486
18097
14730
13302
3194
10632
9402
10623
12241
14312
943
5283
25504
5392
31161
9280
4311
25985
15204
5250
13699
22370
1358
6756
12870
2594
30005
10355
3076
6495
31060
28885
30176
20231
18928
18571
14183
16573
8494
20467
17162
23678
9511
1169
4306
10372
14398
8206
4431
14954
9138
26753
19666
10642
20591
21998
732
196
554
12556
24021
29463
18604
3916
3841
22549
7022
20502
26289
13082
21351
32598
15542
18941
30498
16695
15643
3826
3347
11054
27924
25007
26667
11835
31793
27598
8874
30316
13783
7283
15157
25506
9969
1838
2088
32663
19427
10787
29997
5408
23231
24424
16142
19632
32188
32174
8647
29214
4580
27684
11488
18344
15884
11672
12793
2615
30217
9951
423
2789
15905
9336
27262
444
17088
25452
11887
32192
6252
8568
25173
5680
14331
30830
27594
16650
2820
2265
4415
29389
7315
14304
20556
27522
16929
1133
28228
21757
20675
14222
30477
5729
12961
29723
7726
226
28842
27033
13866
14799
1158
11870
12813
1487
1740
1270
25924
22891
3446
4294
30129
21196
20114
15855
13311
198
23354
24693
20019
6934
1733
20129
4228
4072
20031
31395
10349
2717
21527
20348
7680
22474
17432
21787
30589
19076
13210
24518
15139
1755
20986
20156
17222
21924
32071
7705
6306
25980
3902
20473
18159
7433
30329
28896
24502
25219
28643
15194
8034
31859
29807
7902
26778
28603
12042
11768
2510
32471
3790
14248
272
11874
18808
4101
12838
29404
25116
19493
17117
27562
2071
30017
4512
20318
25158
30485
31304
27961
6773
19846
23862
26606
15642
13703
7327
3497
16708
25917
1064
29008
19662
3937
20147
10505
2264
13799
15992
22012
6775
4061
31575
22874
5036
1685
11116
23198
28819
3590
31205
787
29917
23664
16
4758
32128
17727
17592
12701
6829
15154
17842
9336
1539
15804
16307
17367
18690
13739
10341
24205
10178
1287
3769
26771
9189
20029
21886
6992
11210
13948
31795
27415
18947
10080
27161
30194
26890
21454
28557
20382
32559
1055
29077
20182
14037
28032
29625
16341
26334
6296
29716
8214
28516
7020
19882
18270
20138
10880
5372
8700
594
17727
8922
24655
2256
413
16761
16266
5918
15099
12229
20404
22193
10315
28408
23283
16301
7540
3692
21001
25429
31736
27053
25119
15045
5844
3283
6082
19939
3496
13071
13099
18067
25367
4995
4547
17450
21105
28759
20710
806
10383
7177
3559
11548
9215
26884
26453
25841
8290
14197
9085
25421
4369
5466
8240
14157
3847
9435
28615
32632
32251
15582
18275
12021
3276
30678
8826
13051
5410
9435
16271
3208
7763
20224
23104
12886
1923
20193
18054
20235
7440
6779
20793
12207
7469
18241
2514
30308
28620
29292
22901
25937
5570
914
2863
21984
4901
32122
10620
12329
22777
20783
21772
30382
29196
26451
30918
14920
30495
21430
32526
2657
3654
26407
27715
13668
31122
5002
652
28018
30956
22059
21205
9559
836
7250
24340
14780
6892
22040
12753
15005
16702
11128
3813
26878
19845
1961
8578
15578
11035
28331
19315
1885
17102
20769
31141
1363
5000
21086
8679
30175
15920
13506
19950
2416
2251
24647
22428
15601
7399
14167
14978
30016
1337
11745
7843
28386
11909
22187
122
22005
28606
23274
6719
6757
23919
4112
29287
21603
27737
8165
13162
19731
10077
30425
12488
32645
31901
27800
15694
9703
26079
23264
13973
9977
28722
5775
27085
30657
26323
32513
13752
17791
9553
6040
3577
31715
21744
24476
17295
31614
6475
23622
13981
5239
28734
2327
21868
6527
18691
8814
3250
7942
5787
32346
3349
15023
24944
26541
2539
22274
7224
12114
21828
28514
16412
26592
32042
18494
29722
32622
20007
30603
17320
11178
24328
20849
10394
23589
2529
3396
27717
9969
30289
14007
9189
25454
6407
16204
19516
26465
19589
17423
18556
6726
26404
23428
18535
21224
29273
32734
22965
13102
26422
26993
10422
30264
5172
28010
13368
25770
4143
13502
30891
25416
24242
24416
22147
20420
10613
26551
14302
8147
13092
23119
14695
30342
26466
13775
23162
9176
11278
1835
30857
17028
22469
5658
6590
26649
29096
13771
19169
6991
7775
3539
5245
1180
24158
28523
19262
3331
358
2776
16286
24365
29519
6442
4288
32442
17926
20009
9884
27097
7378
9869
5981
30998
23771
26221
31751
29044
18156
23546
30813
31932
24184
14957
31234
31764
16859
8510
29406
26835
22499
9111
4803
14228
30351
25608
17489
29066
26390
6268
28951
30739
27435
2668
20730
9871
10112
26450
18651
18034
6025
30049
7284
2456
28290
115
30595
32473
2483
4931
4651
13534
22515
20700
29847
32562
23147
593
7648
4508
8860
11439
4657
26029
29092
17200
5161
7829
23740
18865
3456
24379
6918
31590
27374
18060
24710
18893
28488
1554
27245
18400
16877
18121
8350
21903
15456
20527
28779
8045
15158
9627
17567
18090
30259
3535
16066
17729
9136
14544
5528
25202
27455
30710
15595
19315
27538
15423
14986
9315
22425
20200
19602
9599
28395
30783
17644
6296
21863
2227
15895
19141
3611
30765
3368
18005
7525
4003
5391
26887
5719
20714
24347
10878
5984
4299
7361
9967
31273
30554
30361
16925
15038
23171
19625
30343
23022
9958
19430
9439
16116
19173
31992
30655
23639
22522
12350
12184
7182
20046
27410
27371
22248
18056
14926
16059
23339
28131
3598
13122
18043
2180
696
30947
14078
28170
15162
26976
6078
13414
12435
10573
3151
31981
6805
32196
16305
6059
21993
10843
6775
28923
27475
27475
9257
32085
7223
24594
5096
5990
6237
31187
21584
1126
16625
17053
32419
4774
7374
4209
4387
1640
25084
30920
25791
18676
14454
6205
9714
3560
6705
646
21737
25296
29787
28328
4324
23798
28128
29547
13022
22908
30515
26636
31600
935
1867
15667
22515
5502
10732
25124
741
1684
17191
2617
909
7458
11300
26256
20706
5464
3359
10241
7082
21237
6321
23891
991
20758
3153
431
15702
17483
6682
20308
26531
8944
8143
10893
7479
1979
20252
14560
32203
8849
11038
30857
14338
11166
32550
27687
22089
3236
12986
11956
21250
13459
7901
954
14307
18779
18577
14276
19608
11262
9369
25875
6320
745
18563
28819
15542
16004
11494
21262
26270
19464
25833
670
25956
27281
28420
4200
8175
22132
779
20103
29499
16082
360
4679
15287
14701
26535
26260
3564
10427
28217
17074
25184
18489
13169
6446
14522
21250
6099
21268
30246
30880
12174
2914
763
5154
27975
7869
27548
22894
27160
25443
2204
27865
28377
7521
29221
6389
8862
774
17050
5802
640
26007
27771
7049
1697
21060
10121
8796
6250
16219
14635
8706
15895
6588
7185
9850
8054
18061
19223
61
18411
27950
13164
32209
18872
7535
4595
25499
9851
9729
16361
5621
8440
12075
13001
10624
23577
28094
13164
19899
27443
587
4213
17877
14219
22675
20460
25536
24345
6975
9257
14727
28812
4050
10228
29921
10382
28379
9706
6406
5192
3183
28451
2753
15657
25814
1297
8903
16867
24965
6827
14919
183
27212
12491
26050
14067
5841
20949
21021
14777
5181
12442
30709
11265
4917
11900
6450
21985
21004
3282
15583
269
5943
19854
7481
32410
12289
1821
15365
14855
18304
12174
4391
32125
10695
8951
1905
19286
18269
26900
15289
28893
3310
32306
12846
13908
25409
9035
30188
20540
27498
31091
22221
30160
19265
27762
14722
16595
7698
12467
11747
14987
23958
22621
16260
14862
22306
17343
13449
30652
287
28913
11963
31245
17594
28344
25307
16269
4060
30379
23094
18980
17245
29332
29305
28571
20853
28953
4039
4956
8307
19868
13577
11641
1457
3935
30341
17136
27847
17388
31411
13102
32511
22708
32075
32465
24329
14326
2211
27570
19696
11490
22840
10787
17997
21247
8074
24437
30395
5322
5166
14782
3210
32160
4638
28888
17848
25309
11091
22701
18716
10310
27542
26802
8165
9124
15763
23730
25411
25522
9775
21197
29284
24121
18971
2752
17570
18810
29097
10855
11259
9420
32479
11136
7105
13446
2507
22193
18322
29983
5909
28621
11915
18836
7387
30547
26297
26890
18872
9527
15568
20405
16934
229
31776
14072
18439
14980
29380
22734
126
10615
1565
616
19459
5162
27519
14872
25783
9483
22825
31853
14068
12502
17275
21664
10281
12822
31331
21550
16357
7657
15129
11719
26417
30211
2572
30567
12835
15349
26908
22467
26544
10671
15881
8934
15298
21316
32043
10780
28554
5614
27748
17167
19480
30802
4692
18992
11049
24581
9675
9304
576
16462
4484
943
9208
9774
24592
29646
11160
17821
9232
28960
18152
27671
12455
3982
21059
31831
13871
29787
31470
22371
5931
10060
23464
22216
2429
32525
18306
15399
22490
11472
14065
14832
22394
11063
2850
31086
26132
5236
7053
16900
1033
9135
16845
9654
24288
26023
22447
22250
24562
23709
23433
2928
4966
7022
11981
4289
31584
7167
8925
30084
9078
21725
18465
27735
2148
21029
13144
19403
10240
21922
11563
20400
19824
16950
8
32660
28058
22139
22573
24198
10204
31401
27139
18464
16125
9659
21166
7876
7780
7629
26338
12069
16264
6089
25592
27913
936
31298
14145
27982
21948
18336
20378
16683
10411
29566
11584
5817
9662
10064
9190
17074
8021
14921
773
6008
7129
24700
6260
11609
3313
21825
16696
17
1785
1242
31901
1424
3248
31062
13702
8702
17200
3766
13825
7421
8740
12879
31006
31790
29749
12655
20226
26358
15301
23363
1847
30594
20448
31224
5446
7432
17775
26401
25480
29520
30895
16217
18489
13172
19170
31017
20686
8676
26693
25388
22408
7596
10817
19824
5962
13562
27109
25120
12712
25306
22164
29024
23360
23109
9467
13433
8781
602
10822
19510
889
2027
14228
32398
16627
10299
18856
30594
12226
6406
24801
4425
28505
12738
5484
26539
16235
14885
15288
15019
26624
487
11562
25704
26569
9673
2323
26181
23728
9686
479
20808
23220
12521
2703
3520
9460
18799
30825
17963
32009
10094
27885
31062
31897
31687
7180
30662
11561
30904
17045
20567
21043
17316
24816
28707
6521
13335
3598
31141
9624
1029
30368
5919
9952
21842
23687
19512
30307
12439
10892
2794
26444
24868
28754
3995
17011
21057
23176
18570
8238
20922
31587
19565
5225
23450
30540
9305
24825
21302
27094
27873
8749
19821
5874
4738
10662
20527
15462
11583
31593
11068
6011
16264
8499
20014
29430
23648
18445
16314
20810
30911
23583
6707
1804
27701
5833
12623
22951
25809
13040
17710
30289
21057
15254
26264
21822
3130
10414
28807
23827
14363
15918
15077
23197
12749
24933
27286
8387
31725
22671
697
25785
31533
10407
6955
10871
247
1404
24653
21866
26964
2055
16392
12649
20493
7932
26638
2026
8464
28063
31074
5494
2068
3289
5402
29530
896
25227
9828
18848
7817
802
3527
23869
5787
20844
4523
20108
28667
20650
14364
7163
15786
23782
28107
15621
8332
15750
7765
26976
16841
17954
8648
24695
19572
31123
9060
17690
10859
25420
26014
24948
2174
6894
1899
26430
26067
9750
11962
51
12936
11385
15426
17092
16795
12852
27775
24332
4615
19549
2551
6150
13104
990
5314
23806
18561
23171
841
5957
28756
9809
78
41
4626
14106
18989
4900
22427
31310
5985
28756
21992
4372
9289
17195
10479
3225
20012
360
1734
17576
24444
5702
3596
31868
29015
19955
21381
18898
1619
5443
29444
29250
17019
24998
10126
13006
25749
21848
11964
9660
25767
29655
31585
15009
23481
31386
31597
29887
6363
12800
29969
25488
1898
19079
16164
2467
19088
6718
22726
9639
12810
20093
9283
4550
27694
26067
18746
11572
6444
1600
510
1031
9108
932
22588
10569
536
10872
5342
30539
18068
8892
26416
10813
7755
32560
1857
2300
10099
19655
22413
4139
16373
13913
18904
21381
12654
4248
2909
2417
24185
25157
15400
29911
21808
15524
13761
8499
27376
30765
9482
9448
17757
10628
31594
24022
29862
25259
31531
23598
779
5239
25377
28549
7580
9280
32141
2600
14915
2525
5696
28336
24324
2511
7172
23510
28292
24509
28983
10888
7624
27937
12217
4668
30528
16448
25609
1924
3844
1887
938
26850
19549
17460
8908
28126
27783
21403
11560
3159
8885
7562
9772
18455
31062
327
13400
8362
22679
20952
31720
4463
22057
30396
3251
22511
12868
1240
26451
29806
9708
25524
23942
6336
26227
21223
20948
31070
575
25552
6770
13497
31437
15239
2919
17614
16374
12563
27629
12027
28785
7134
23322
26129
922
26214
26559
4778
16497
14644
24465
13757
9702
21010
6534
22895
10324
23417
16258
17452
26699
22601
23347
25079
18066
30652
10809
22526
31084
26013
32139
30322
1819
27317
10262
31893
18851
29063
16551
25365
24528
17213
15114
8344
12154
4321
7284
7320
23816
7376
20254
17521
23603
6252
22835
30392
32269
2578
31468
14543
8257
20300
30713
27318
24988
3911
4132
27940
32716
12679
27441
28119
17000
11481
31752
20008
5937
17033
7958
22498
17304
31190
30704
13396
20352
28579
21049
22949
3396
20079
2503
25192
25340
647
15873
880
14588
32378
21643
5094
12702
9166
3878
23448
3650
9201
14545
7060
26002
28018
11828
1270
3851
31089
17727
4606
26553
3413
22543
30054
21569
17597
30481
5106
9253
30648
1641
15432
14916
20792
19093
4354
7840
10692
10317
22786
23908
31342
7086
10757
22310
31749
10904
8571
26217
18059
22101
8087
32358
1257
20603
14498
9996
4322
30483
20628
31301
2886
23546
5349
1659
17512
23432
18593
14939
2257
1648
5819
15832
9782
25319
24227
23667
15528
18697
12058
25786
12299
24184
25414
8463
19913
30022
5633
19883
31432
21013
24439
12259
32153
7548
4336
12969
14578
1197
25322
11349
27230
19797
18795
12710
16691
24772
25237
6659
25028
4686
13179
6407
10457
9457
10035
4413
17244
21560
1069
1064
28245
25694
19394
17287
29465
32183
14352
18390
13245
22348
19462
20504
23505
29893
10683
11988
2379
31629
8964
26718
450
25392
14405
1623
18397
1288
31111
17527
9482
20248
32203
31370
31603
7736
25758
26553
29742
883
5614
17163
23987
30893
13340
13612
20116
18568
29778
8044
24680
11657
20759
21514
5896
27767
19233
9139
18431
28164
11370
25670
5691
7088
390
21722
22025
1001
15667
770
27968
2423
14898
5456
955
8727
3925
7959
6157
26726
27098
24949
19569
1281
25079
7569
0
13035
32182
23586
2087
25391
22019
20017
7767
17350
4611
11039
22014
11706
11432
12265
11959
16012
14467
9131
5821
8404
5593
1379
29094
18471
20216
18168
30542
9277
3787
14715
32529
3923
26029
3756
2877
31695
20603
5056
10438
9507
13805
2401
30524
18419
20006
15607
27899
9594
10377
18214
11170
22058
17359
5015
30918
12178
27734
5628
12007
16773
21692
20558
15010
11897
7341
3673
30761
25389
14841
31355
1265
29071
30698
28585
22954
4828
212
11442
16500
5385
9709
19656
31568
14178
22879
10556
11988
14961
3740
2185
25892
10017
29938
16020
15645
4387
16479
8754
6611
22673
29862
31723
26174
11985
26274
20990
16688
25277
26587
