26718
9735
8591
13214
18668
23110
22362
7653
23901
16479
25352
18481
24759
28883
24167
31528
30426
18064
9466
8015
13575
21864
16541
1824
5022
9410
2412
8029
11564
655
31970
31139
28324
640
4158
25922
7405
32118
555
2636
21405
9531
28575
15084
24837
111
12292
28409
9069
25285
15510
7627
19360
13679
9996
27214
10412
9174
25466
21844
24803
143
26998
27184
15397
30346
28794
6528
25442
23181
19337
13898
14682
12513
10261
18763
12455
15180
13345
11915
17150
9023
28579
12597
28082
5199
11564
6566
22393
23273
1482
25028
883
23362
17454
913
13672
29838
2826
5632
27474
9330
15037
11271
4123
32443
23090
10741
19367
19792
1797
1286
5141
27749
12520
8500
25666
14066
9286
16721
15247
5988
10278
15699
19173
4242
13137
29423
29430
21234
31927
9321
30661
12813
27407
14762
3432
3632
10174
6035
8716
1637
22778
401
2363
1697
18223
14705
27738
1599
29089
20854
9334
2733
22100
25769
24896
16998
28969
10609
16725
19488
13897
4707
16323
32326
3014
29019
6857
17064
1664
20684
6111
23154
28230
30548
18678
7770
19774
18836
14081
3870
3719
32318
5556
18990
28700
22639
25740
13989
19452
23616
8463
32382
31880
12696
28245
10245
24620
10564
21959
25483
16449
6217
1319
24926
7986
32120
11729
17401
12766
9540
26944
631
2110
16337
18131
20302
10568
7501
26321
22329
9747
1155
18092
27766
26683
22445
8834
29234
16263
31626
4073
7234
29385
13489
13804
22291
22534
28453
18001
27620
14295
9257
7198
13618
15
21078
9051
30580
2462
15338
28184
12809
30134
24419
6834
31855
26156
24141
28499
17333
5408
18008
20152
31795
4064
28845
27191
7032
6410
27522
21760
28292
30193
8684
23715
8248
11074
13813
19154
1034
27880
16623
29800
30973
17708
28168
14763
30929
14113
8990
23502
10102
24639
11220
19387
30407
23886
6885
22031
12917
30342
21944
20581
2113
22260
32309
11223
24687
21279
11992
4290
6775
748
15619
26570
509
12991
30105
29726
4099
28643
1992
25341
19550
13356
4646
29818
25446
29914
1536
8572
17394
6337
21742
25352
22916
6567
7339
32451
14016
21742
17700
31922
17443
20339
17615
10821
18161
28853
32574
20116
21615
31034
29172
29672
1363
14382
9079
27261
32121
17486
2215
26758
7127
15364
21581
27506
26291
20691
25847
15982
2067
8694
17668
18987
28278
10820
28923
4577
26049
17751
22561
404
15484
4077
19274
29078
18750
10126
19951
845
25702
3440
32129
15158
10764
12439
765
31786
6200
25408
17089
18400
23889
16256
16030
26804
27352
16169
24110
26790
8278
2797
4455
31142
8850
17606
369
13071
13064
20885
17333
18545
7063
26121
17207
7571
634
23234
21541
23480
14969
2998
9648
27682
25440
18132
1562
31701
28337
3560
11536
27805
23702
12223
59
22354
17689
31883
1554
859
407
6536
31474
30577
2674
14304
15472
1957
23815
13005
32494
1189
32224
22781
364
28731
27434
25914
13217
23318
4969
27210
586
20429
9322
13844
15811
28449
18041
28677
20180
8579
6101
30386
11725
470
31841
16575
20437
25973
5532
17663
32383
9592
30419
11740
19870
3379
27030
23546
9051
4608
22120
31767
1668
14399
9658
13366
10023
18842
11547
11260
21856
16526
31913
29786
23151
3366
8395
4716
26637
5898
11298
12705
4609
8377
7612
16669
1518
28691
30603
91
30063
24602
6422
16151
26213
16377
12911
21611
23952
9030
25445
4408
5981
1924
23290
12743
17151
29420
2840
4784
29633
28781
17535
11515
15515
3313
20226
7558
10755
14818
20979
15270
3589
14572
8412
785
21142
29957
16495
21756
17958
27819
14272
21632
5748
4461
434
25154
28070
16557
12975
31571
26009
14756
9885
32597
17782
13479
19213
8672
15750
32680
22965
2852
5447
17407
5920
27599
32703
22891
27044
2097
2576
19027
23701
32413
22605
27986
25528
19731
9356
14323
29434
23069
13372
11961
15970
1271
14265
5731
13893
242
18462
19053
5049
26
30555
23770
2379
28951
9863
25393
27637
21585
5751
5318
26698
27736
26255
7738
6132
19842
30168
20037
2912
4310
23123
32691
7096
11816
25229
25773
6418
16774
21876
5946
10471
16339
25705
4870
26822
24242
918
31841
10569
13222
7298
22666
21833
20087
20194
6958
22862
21207
13235
11564
8009
21829
22149
20635
29318
32562
22810
1550
24540
15970
29999
22294
26151
918
20634
10761
2808
21608
22421
770
10122
13430
4442
22057
504
10690
8944
20277
1710
24665
29764
12847
13853
12595
11131
14712
6836
4187
29319
5389
23307
9807
15096
28426
15457
6314
29717
6509
10568
17920
26412
18717
4255
30986
11814
555
12481
22275
30814
6487
8956
3409
4532
28374
15173
616
24541
18002
4137
3564
18941
24627
16135
31765
15991
14365
16509
24664
19203
3257
24864
31556
31490
5305
12912
14250
28687
1302
2059
768
26839
19612
21792
1287
10794
10409
32295
31404
32338
30514
29391
14380
16035
27142
9272
5756
6995
32599
11107
20456
5516
25462
13287
4090
24512
8158
32485
15005
6205
15220
4669
11906
4609
12301
26626
1731
8143
22833
12844
8135
5506
16415
1677
25445
29602
26896
1799
8268
28981
1472
23035
28834
22487
12587
1796
29675
26125
6292
3046
24621
11223
13772
15809
11857
5508
32433
19083
26061
6346
11765
28348
19328
14358
2337
13131
30685
20513
18393
18394
6220
25540
97
19758
24525
23053
15712
9185
27359
25234
8420
4955
6816
29701
14503
23806
11061
6409
26513
4001
2412
32580
2173
12096
11168
31926
11840
1265
29150
32585
9447
11034
20805
6825
6209
10722
20147
10325
926
14309
3230
11767
20181
29484
28735
32241
15500
9820
8694
17976
3507
28205
27882
357
32338
21278
16880
32265
32645
11112
25006
28737
21188
22832
29184
16779
27240
14592
666
4824
13163
21624
17647
9443
11376
11585
31570
6848
28163
13379
25435
19128
2081
16664
8077
4436
22779
7616
25653
23224
16631
31382
27541
22066
22520
24194
30018
2067
2015
26481
21707
11710
12370
28418
21403
10238
14268
26498
27169
24477
11668
1307
5166
22578
25059
1864
17566
25914
5632
13964
15418
13674
10910
27236
18397
10308
28425
11130
10710
8681
30125
17947
12942
20782
4568
24811
19563
7153
25281
27608
32499
9646
4040
31564
11573
9293
6655
25511
4964
30526
26346
10476
18374
13512
26755
5818
17100
8606
1665
5247
12931
18100
11482
2536
7467
6480
9095
26524
5924
26980
4999
10281
4114
2587
23846
23870
31545
26802
9087
7452
22313
1417
12608
25671
22688
890
6829
16257
15532
16745
16616
20984
1552
12828
6767
3007
10729
26189
25830
9339
28561
31998
9239
11871
1988
28173
4663
21850
7937
25352
25962
7822
28467
4674
3722
15365
5265
20519
21796
18591
10691
19148
29892
79
28486
9163
8051
18567
529
23629
2429
7409
25977
18280
25208
13408
25682
30380
24449
29190
3415
21752
15049
30439
20172
25490
19537
26509
30049
19831
8177
14846
4698
17648
11423
8171
3309
24422
4334
24874
25323
25463
30933
14951
23715
15690
4274
5142
14340
3359
10638
9643
3841
1066
29347
22798
32058
929
27675
585
18648
12820
30491
16260
4792
31485
9984
5428
20941
11416
14313
6799
7615
10228
20085
19011
3288
22346
25806
19303
10529
24207
2278
18098
16584
14917
20480
7147
5573
16534
9075
2976
12477
14499
19114
10523
23335
31770
22128
10386
1197
22278
20842
23966
6101
6636
23013
32238
480
4627
2259
31805
29171
23587
18959
3969
4980
17650
2537
14950
18359
11418
23518
26362
8922
8143
32423
27306
12269
7023
24950
1645
16470
11867
3708
14143
19060
28038
7854
27345
7043
28235
6857
27775
24768
15108
28051
7810
19405
30168
19300
21351
22102
7636
13030
23487
26869
10813
27417
7193
26963
28709
8858
16173
29585
1597
5156
22618
17126
6890
21591
2643
3465
28827
11448
1557
22481
29785
10234
30236
666
8864
13180
10710
6380
11885
31250
5464
8407
7832
23560
31056
29601
21860
10340
18234
24868
13909
31596
5591
8817
24129
26216
14811
24505
8618
17577
22246
19822
17739
25034
31926
9381
9457
21814
9371
31423
15500
14058
9003
15432
18310
4477
25142
20255
27219
13661
30461
8151
6730
20827
26782
7774
14259
29802
15059
28124
3617
23715
4316
19422
12034
14221
31930
29364
23156
14236
20126
31511
27226
8951
30881
272
29615
16254
23221
4117
4635
16396
2780
6772
4548
5881
28056
32757
27495
20964
12962
26554
18087
25263
2526
29035
30373
31178
9359
400
9424
21941
22216
11582
7679
11200
27939
2294
30141
3606
2740
24266
29667
29433
9024
4033
109
16719
26027
9341
390
1630
10928
20763
24549
14548
15317
28763
9564
11530
1693
14849
27054
7817
4095
14459
418
29390
15383
16835
9301
6474
15900
30599
31444
11437
17554
4744
19946
14692
13760
32064
17975
19808
4197
455
29314
13594
17575
3831
2129
2516
6476
22735
4790
29985
28972
22549
875
19879
1254
27967
23073
28964
25811
10900
22038
32687
22328
2447
26086
23617
26304
3972
18851
5747
13609
9605
6951
8585
26173
10119
12457
31920
14084
28353
3471
12420
5432
23381
21891
17877
19193
8498
30153
6571
4802
23609
30928
12935
10140
12191
14343
31468
9617
29842
24561
1310
20068
15391
31356
15402
1663
10323
29583
9766
7725
24736
19426
7098
15113
9603
28178
6368
30135
18276
23029
2791
32721
1214
6699
16318
26148
4991
14325
23151
17181
22962
8522
28906
30078
6491
13608
14084
12117
5026
27177
23231
28975
26420
17238
30156
17801
11751
1855
14414
20615
7581
27980
12513
2025
12394
13646
21979
10042
6137
23897
13266
13386
43
27094
25950
10207
25858
29652
14367
3752
32702
29087
8962
13938
3909
28052
29121
15262
32712
7987
18857
2771
13732
6774
27552
10992
32646
2401
22374
25413
29651
9179
13339
4610
15687
22972
8706
18159
6876
25383
22916
30302
5869
11034
15224
22623
14747
18499
13985
18482
14960
30742
9848
14338
30018
20508
3884
3280
9818
6542
23272
30381
12758
2850
31828
6444
31308
21797
6750
6167
2736
13258
10554
23649
6008
31682
5287
9564
6909
21772
24437
14892
4389
6159
23620
20348
5695
230
25486
30063
27950
11515
10984
8665
12490
5847
8580
10928
13443
1080
30203
17597
22600
6756
10569
23191
21415
3262
21273
20434
15413
6551
31556
1140
19248
18758
11412
11432
9827
9083
9421
20663
12362
20176
17902
2355
9079
20129
11444
19318
32052
21278
4192
23115
31594
20382
20410
12010
12737
19255
20310
28202
31241
8075
3350
15858
17369
6628
3312
3824
1909
12932
753
11918
24565
20022
24194
13602
4260
15913
6891
9317
31143
29182
30997
18983
16351
4128
1684
15169
11280
26708
5604
31434
1346
29841
3059
8590
27239
23569
9952
6587
28479
11432
8707
17118
121
15957
23341
4622
21275
29975
23857
615
25379
21761
29603
27067
17774
7313
11231
1411
20698
22846
26445
21532
25256
10832
25316
3632
16932
9716
22509
21618
26503
5264
6666
25998
10780
30292
22134
28767
6562
1810
22670
22115
1778
13391
30609
29293
32737
14746
4516
14234
17000
22300
14361
15494
27394
22129
28912
1728
25174
20918
12702
10875
19990
28899
30478
4742
2343
4443
7910
1150
26370
3010
26123
13634
18010
3087
12391
423
14079
12258
32234
8045
14082
24343
12494
23154
19226
4763
2336
12838
30278
32126
31100
27455
21684
19530
14616
27054
24034
28308
14083
26321
4611
7888
21167
22506
5796
7274
32174
6352
1679
19474
10937
12004
30959
12887
11766
14407
950
31863
29307
23370
15676
2933
10510
18982
296
13677
21550
12014
31892
12581
21848
5057
17772
24548
24451
6980
279
27015
29421
7503
24154
24273
17945
31719
26233
22019
16408
17517
27039
13740
26633
28948
2687
8643
28124
24217
11580
16115
12379
18990
19846
16438
25706
27575
7
29349
16781
56
8957
15247
22444
22670
552
15560
29203
16478
29158
4931
11197
20812
9629
25571
6354
1645
17753
10895
10606
9214
1718
32645
10660
18262
19713
18160
707
13081
5274
32444
8663
11183
11676
7849
10099
30708
2496
16030
17582
23089
8575
30529
26988
5452
13431
12484
10207
21051
26896
21505
29005
31166
3935
4554
4115
22094
2891
13434
746
4688
10734
12240
7529
26255
26174
25342
4555
3305
24812
16636
18419
19273
3980
21282
9645
10965
26359
18934
11319
12136
1261
4163
3840
9026
7423
5227
10159
19198
11436
15357
27495
5573
15051
13706
17737
7618
9769
7349
31291
3285
18290
9354
31208
14732
27221
15377
16648
4175
25059
24866
12514
7386
15416
5498
15
18417
22878
10767
10368
7502
26990
21665
30403
11743
5624
17298
7809
25134
23205
9207
30796
20769
20763
19951
19607
28387
29729
2868
20486
10274
7684
11247
13545
15739
17977
24017
30211
29490
16963
31071
16015
26919
3544
14733
4997
12037
24127
4495
8729
26813
1276
5356
22404
5939
26031
9684
9736
22838
826
23987
6958
14518
26658
25606
11091
22577
28216
10094
22114
5231
10616
11522
2531
28271
31281
27114
25653
20897
2662
23338
15639
2646
14964
20411
5998
116
16630
6368
24642
2670
486
5303
7945
27763
24837
18190
31528
22502
4988
29817
15031
32527
13507
29601
7812
4368
8898
10463
16219
12826
25910
24586
20613
17376
9303
30861
27535
4684
29368
6076
18765
14449
28270
21864
3101
20930
32116
5808
32624
19329
10574
2843
28807
27258
24045
32740
1147
22768
4051
32149
12160
20696
3447
25559
12650
13893
32747
30601
15217
13860
24252
5903
9009
15657
23322
2285
18165
23305
1592
6292
1844
26090
14070
30075
31068
29207
29374
2162
14287
29177
23979
13108
29483
4675
30193
11835
10447
9836
7801
30936
8859
14690
15563
3970
9206
5757
28209
23663
26646
24241
6169
5729
21884
32265
22460
451
2749
5456
5373
18420
10376
11281
15508
22755
31973
16067
25963
2780
29627
32061
25928
27809
28821
19824
6317
32189
30117
26196
25085
16661
15370
5923
9183
24000
8526
3782
15079
16920
3635
14220
14964
32017
15023
31522
28884
16842
29493
704
30383
18786
17206
18336
19874
1805
10472
1972
21034
25191
13894
29336
1220
27656
17240
8902
28242
16472
5556
14089
9153
3236
8517
8244
11497
27250
17995
30483
21172
1298
12451
28322
6275
15734
15433
13949
25805
16452
795
24984
7433
16936
30687
9520
14543
22127
12936
1025
4154
5074
20917
14778
27024
31631
5499
31406
2597
22207
5988
23500
20092
32227
17335
30417
3504
16064
30714
7868
19474
21613
27318
14466
276
9642
16506
3076
29798
15731
29218
8510
30302
12757
26713
32193
30621
27905
28765
22115
17392
3231
28163
2357
25716
19300
28410
29621
27902
10471
851
31045
14521
17328
32577
19932
23057
6546
2590
22780
16848
8764
7855
17636
24967
30730
24745
3590
19760
801
27508
9915
8209
23226
32302
822
10468
20670
10483
8630
8500
23444
24412
25344
29706
21046
5189
18189
22473
11915
17108
25088
16215
18929
2231
7515
26237
18456
13740
6513
32145
9239
29767
17183
14418
5049
28656
29111
17427
13592
7211
8509
26908
14958
284
7382
23373
2087
12618
11645
32260
31035
19619
8440
8001
15802
13504
15626
28168
1961
22123
29419
12295
31244
11358
26357
31353
3652
24398
8352
29258
25499
10024
30384
22396
11550
20891
2989
24521
12715
4566
28308
9354
4682
32147
13260
10199
19136
23380
6747
13552
8290
9708
4442
8155
29480
26946
12710
10319
9474
23634
32729
977
2927
23668
2681
21277
8011
11745
14447
1735
24296
9587
23482
30498
5729
8108
23652
13153
555
26874
4021
19452
32749
31545
4008
7254
16786
13434
9883
22428
13980
27395
9034
23792
8123
663
10494
5831
158
26359
20482
27023
25609
4008
10839
30102
9768
28919
168
12327
14627
32315
23424
6134
6130
8538
11451
2237
23411
19342
11579
29224
9657
873
17116
30191
22439
5143
681
12609
17598
16868
9040
13673
22836
10237
29651
29612
26182
9083
10881
8304
2255
28573
8229
20900
24088
22357
19325
23643
31474
8199
4333
13754
22786
4493
14965
23317
11869
16254
11233
1365
25429
30640
10047
11165
6802
31227
13718
6445
32612
23872
2005
6790
20055
17834
25610
1486
19464
20532
29396
8823
7736
22380
283
13340
15135
30070
2558
11435
25346
26451
7437
18889
22536
13668
29881
8562
18506
17705
20744
25056
7721
14415
27278
18607
10980
15594
4504
5438
24426
13055
19882
31320
1900
19269
4396
21268
15031
812
21856
7929
30913
8735
12951
2406
8833
7174
18597
49
18052
32016
2962
7567
29502
17071
18578
26932
926
17892
30519
13499
6629
6844
10982
5959
15543
2331
14472
19563
19058
696
25729
31303
14016
14953
11494
8948
18024
16545
1002
17699
15722
18742
3738
28672
13130
32360
15307
20061
428
1312
18256
27916
289
5749
32112
16524
2113
21108
21143
11753
24826
12321
9035
6877
10279
11961
12386
18747
19300
11322
11122
397
6433
1317
26506
20732
5878
24963
543
24177
4662
21286
6217
6906
7879
10545
23600
20847
30769
7387
7872
22869
30964
15215
8613
28930
7199
12695
17779
770
15646
23515
26660
23226
2516
16485
1992
3147
23274
22023
32120
5050
26214
15487
25740
28493
127
18937
526
14648
24239
4565
16494
1144
4363
18603
4982
256
9680
10636
22657
11027
11070
16523
1768
2545
937
15996
17598
16821
16333
14844
13245
31870
29538
434
2687
28365
14320
25556
19954
31534
20965
3820
16134
14619
11237
28636
20648
25373
7265
12575
14836
28724
10603
16211
30886
23673
16072
30452
22482
25858
2631
24427
20182
15110
29266
5959
19596
29249
23235
21962
17092
11930
11257
9639
1521
21764
20522
15626
21794
17314
6906
5849
7732
21806
20301
12601
21062
13211
14170
5461
24174
15865
770
3163
7338
1434
24671
9670
20762
9843
671
29411
1900
32452
2835
7054
25751
2556
2179
12349
16588
25303
197
23873
7593
12489
14477
25416
19633
1183
11655
31013
23033
26724
30371
31444
3875
9857
32433
2488
8848
3113
19757
552
26322
10996
20828
27178
3680
24010
25496
15742
22414
5379
28903
15071
13500
11724
1235
5765
17613
22733
9590
13806
12251
21513
13781
22750
15400
31749
21103
21413
12120
30764
23573
16032
20446
1650
9467
16130
6837
10808
29712
19668
336
17007
21131
6715
17363
19201
22470
32762
15235
19820
26448
4919
10619
17584
5438
18562
23970
30828
9409
18451
18905
4932
21758
22355
21881
30853
28697
31647
1276
7436
20627
14920
18938
26468
20695
6622
3928
23342
22799
18606
21948
5062
32572
3209
29763
21027
28038
24519
20855
8703
720
24460
10363
23096
24976
28490
11913
31863
24798
13703
11423
14351
5067
21985
24948
5160
23283
3151
16305
1308
13398
3497
23646
28961
15715
20843
8602
26665
6998
10422
6544
4870
15812
18071
26022
7634
12148
7564
13815
8590
26993
13892
21764
20745
23645
25511
7078
27907
9224
30742
24904
17299
6466
24564
15442
16070
13805
17765
9960
18057
32598
8533
23509
31177
27333
23997
32706
728
28754
27937
27308
2835
16379
31582
9621
4546
19700
7074
28793
10815
9022
6076
25731
25947
15227
17558
1665
27133
16641
32767
23958
268
32301
15278
25134
6287
25337
14724
22839
531
22993
23826
28559
28749
24227
13915
10680
30721
3126
10715
31699
6179
5052
22984
7628
3387
21162
13463
28626
29710
31431
19650
778
32634
131
24009
6788
17826
17291
8823
14446
26699
9626
24678
2951
7302
914
19653
20695
21904
17611
11865
32158
5878
29867
24770
17802
12796
6775
7424
20780
29248
17256
11061
14509
32155
29442
25004
5821
27464
28065
5403
18381
22088
4437
24101
10622
28420
12527
22563
28249
20533
9564
15652
22976
6913
2354
818
30756
7782
21129
24280
10105
3548
16140
20193
999
2870
18000
5473
3267
1994
1636
16890
5565
16593
24233
12632
22619
23313
11491
9726
14758
25017
24721
24133
6179
11404
22650
19361
13828
28993
16009
20263
5024
1066
21978
8012
20001
3093
28437
15088
22140
11632
30459
3483
5287
28848
21310
10502
19206
26611
406
14301
20006
22499
11537
3523
25773
26590
11691
30871
25489
7509
9758
14069
23177
9842
13307
14336
25793
14334
26106
2143
29138
641
27790
4230
6897
683
14525
2103
22630
12530
32047
17224
11073
21629
17797
15270
3912
32065
6124
31898
18739
26986
21745
21323
25884
23036
18839
26757
31025
6842
10150
10168
172
16711
22599
5956
25349
26507
23758
1523
31589
25944
12759
12743
13407
19789
26772
19447
3035
12539
27237
32308
4946
28743
6825
21808
16449
6159
19157
13409
8407
5137
13507
14083
18673
14344
28492
8796
2889
25623
4376
19779
21226
18539
30133
8419
12520
3101
22759
5821
29261
23381
15423
22508
21078
8373
19183
25005
7392
28149
12253
21278
21789
22474
4598
18502
13451
18701
10949
26198
5671
4377
11076
32046
8670
12661
25330
25123
19524
11955
23845
26624
32392
26775
26786
6218
31400
15740
15723
4553
20449
31988
13528
12355
29546
28079
18409
24971
20833
27294
18395
19387
27142
23383
1273
10429
20263
3004
22453
31504
5595
9943
16375
32712
4211
22793
3765
471
25774
23908
19908
29324
21036
31317
23022
27481
15653
12678
25412
31961
20827
9986
18357
28433
20813
923
31712
22263
26030
22153
30247
9520
277
14931
20485
4638
11254
16627
4513
2842
19665
27445
23459
1278
16553
12128
25414
22503
22456
21272
29870
2105
2657
7299
28541
8419
31334
7851
29089
740
5211
9507
9327
19982
25947
750
24566
18185
30969
18588
6285
24220
21369
9654
19119
15912
23617
31068
22793
32117
19594
22061
4304
26033
30299
32103
18520
26038
30648
5455
19427
7052
11799
7892
3255
5935
32275
28271
18035
14994
17252
11341
3746
23267
32015
8112
657
1809
2522
18835
1886
6028
2307
4749
20562
27468
13105
4087
8048
30228
16299
9297
29774
1016
10696
32482
7460
22045
27303
16031
24099
31936
31519
15438
8968
4729
12793
16363
28400
15553
21085
9547
32366
5555
24203
13311
20443
25359
716
11899
1517
16004
11431
23672
22667
4911
8791
5270
2016
5215
11901
2374
1455
4507
13331
23783
18662
19430
16033
16687
32629
12353
25267
9677
4704
7026
650
14924
12307
2820
19218
18235
20727
24463
32020
8843
27202
5177
22189
17208
17171
3965
12543
14380
8126
28971
9766
1632
14180
432
21357
12868
10184
9880
3010
30817
23389
81
3688
31036
5540
5426
5612
23678
6580
11707
21338
12115
7962
17951
10672
528
2276
14591
15763
2328
4857
1913
11585
17664
27052
25185
1223
30193
24464
22734
17012
24142
13709
20441
32653
6295
10547
10145
4418
1166
15695
12691
13793
3992
28860
23528
8778
23653
22396
13934
931
3539
18951
13452
18765
14608
7907
20608
19222
17151
8821
29676
8112
11486
16663
18833
14178
5157
5995
23642
3837
27057
23790
10140
3858
9249
23760
31900
27490
29057
28931
24914
5782
11302
13202
19564
7728
5848
23092
25238
706
9271
28705
6393
24669
19799
25124
24833
31565
15278
4337
16740
1283
18992
23994
96
11603
8632
25853
17220
21472
29866
23456
18225
28116
7638
16959
5922
29652
9888
25285
25386
27699
30814
19513
23805
25957
15618
16603
15794
29879
13049
19056
22727
3390
30803
26842
24678
17165
4387
3819
16102
20139
11561
24955
10645
25797
28846
27832
20661
13855
17584
17342
20676
11216
29247
15976
18689
13231
3367
18789
15147
12553
29135
31886
6284
26005
23137
27510
8246
26281
20267
25667
29325
29357
30278
4285
32261
15057
1653
11685
10541
29947
24911
19528
24045
18947
6305
21076
23051
29731
25358
11241
26868
8617
17400
25587
27322
28655
27300
5816
19545
4749
3224
29357
21822
31437
16200
15246
28170
4960
5362
941
17555
25679
199
3979
28971
13108
17995
6053
294
29609
30718
23696
2710
7169
18748
16712
11609
12854
14178
24518
9558
9507
20018
19408
20995
17907
2937
30741
22315
30170
9710
29049
15086
23555
15198
25774
9481
14281
10758
8708
9047
9001
6465
4994
6040
22903
30051
22837
12914
22097
25316
32712
8117
24786
27841
1365
18403
22279
29215
8315
19184
19879
5937
32177
6214
22526
15709
26329
18444
3115
18074
2329
6568
6027
10269
19686
15234
30581
4148
29793
16395
10792
9074
29671
25599
27649
5388
14563
2535
21746
7811
21223
3809
27183
6787
13052
23715
30762
18188
30006
23742
18626
29391
26763
12576
2487
6619
18660
21981
30562
13688
24437
4143
8099
17235
32074
20155
20762
18396
1059
24341
2714
20461
29058
7303
32474
13740
8194
31758
110
11442
13034
6566
27126
22893
24578
10951
22166
30658
2982
31280
16038
21751
27416
20707
19626
8401
8475
28785
32388
23033
2237
631
26344
22948
8820
8553
8977
17011
22380
24206
22706
22168
1824
26956
20528
31035
4904
15270
32526
24348
23889
28675
5801
12921
27635
9265
27429
11826
10367
3497
18087
29739
27736
8981
31940
8946
20452
32527
21050
28322
28642
24620
3294
16647
7422
27193
16342
9474
10658
3268
10248
303
18960
13023
11474
26054
15022
8224
22780
29119
8352
7916
24555
4922
22684
25589
791
10013
10234
19202
27583
15359
1035
20719
19675
31813
25516
28404
24914
906
20251
15146
6765
9029
8713
29258
4747
23205
13296
20152
6167
1472
23206
20673
25784
2029
31539
23585
21703
30062
7392
20169
13062
83
12944
29919
27791
11418
3667
32261
16650
3995
13113
22494
17187
7844
31076
4558
15676
20704
14433
11778
20062
6269
27577
945
21366
30477
1474
5793
28862
12589
25787
2028
20345
25957
7704
1028
25571
2640
5147
20981
20328
6141
2468
26602
13076
24724
10314
10483
1611
23613
11434
12293
17850
27709
11519
19523
3725
22882
11764
4731
31202
4514
31158
10228
19582
26879
27980
10855
20159
25006
12331
22859
24786
16247
2565
25685
7974
27231
19171
832
11041
25733
31091
15050
27665
22346
15267
29439
23653
31668
11630
17081
14109
25109
6646
5224
6527
23783
19156
2063
27916
4859
25004
13967
11698
31955
28676
14888
24643
20812
16726
8253
19750
9599
2915
10327
21325
17386
30923
29805
26470
32459
16859
3683
4950
461
18342
26320
2531
26342
25943
12548
8880
4736
27589
16458
21103
6871
31560
19050
29522
16034
12236
13170
29122
12021
21283
18102
12628
12390
2464
278
15865
22383
11489
20607
7541
25619
18668
27829
21778
196
28542
11599
30613
26757
21919
259
20337
14412
28538
27171
31035
28586
32364
9320
606
25773
17755
22511
24592
12038
22345
32129
21124
20071
13352
22551
2145
4143
10224
10141
5748
30793
8176
30967
6049
12625
27233
14146
2336
18425
5185
25180
14054
13740
22879
3750
19552
32369
23218
4616
23911
26129
3822
566
31601
124
8537
26674
11012
8553
13019
19731
19825
28477
12629
1028
21182
7470
14644
21903
18404
4264
13638
28700
5435
30191
12492
16820
306
2055
4048
7947
19267
4049
8633
23486
29478
24182
16924
14297
69
18184
31701
18076
23921
23399
25175
12927
7379
28770
5440
627
14373
11551
8753
17515
8482
10685
14556
16667
13882
24887
25950
7423
28555
31372
17616
2720
22541
11549
26648
29203
9996
17494
22789
12738
3548
1680
30108
23663
3528
822
5548
6261
27211
3111
11945
1105
2947
24156
27062
17506
25826
15819
24580
7661
13351
2187
29019
17252
11404
1336
26870
13800
25153
28825
25748
24588
2586
3712
12748
19932
24965
16882
5537
9758
21182
28808
12886
18647
10566
13589
32644
14097
27281
9609
2153
10204
9982
12310
25731
28307
22285
21393
7773
5728
6349
14106
31914
22274
24979
25855
24976
18126
30705
11486
13382
28148
18918
28938
2273
7940
29523
25392
31339
14513
2222
29755
27446
13524
31226
31604
8047
10420
8695
22766
26102
6788
21910
5921
17261
20525
1967
20437
21392
31566
21750
22594
21700
26241
3116
30837
4594
2017
1682
12789
7829
7369
25763
22951
6418
13022
770
2287
26441
16975
15282
10776
8553
15707
18309
9206
7944
14612
21463
26825
23155
4963
8315
27749
7746
14925
14838
17808
12592
30836
9195
32428
29738
27361
2007
22934
9894
1024
15359
2765
17718
16364
13990
12247
13917
28141
16770
1248
14753
13120
369
7589
19681
11030
9833
9616
31721
18398
22445
27428
20036
22983
12359
15004
18257
24193
24498
19407
11418
32324
17111
18263
1632
23060
2363
9970
3707
3907
14966
29992
353
5175
12263
12335
1412
21102
22182
21515
7393
8638
19898
20473
21717
2274
13452
27406
10291
26418
15772
23580
18325
27570
22899
6357
15343
32078
3545
8243
5994
30820
19783
17431
10351
25987
25247
13872
25345
3443
17691
23582
29777
3701
26755
11991
13452
22219
23972
10570
27384
10363
22269
2627
6207
2641
26043
28047
15115
18979
744
96
17106
29784
14559
21747
9460
25771
259
6511
18435
21549
10672
13841
14689
2185
22642
5766
24849
2188
31861
8856
10183
31205
17725
10765
17217
3113
29079
18380
7386
5402
2768
66
1629
16936
24612
7940
12567
824
22137
6070
6960
4773
24654
28203
26427
16004
12782
27085
21003
22317
1513
6208
15048
26359
1476
25410
28995
5954
10992
15830
16007
26299
11257
11425
23473
5339
18944
11668
19201
26289
4715
17099
18224
10466
26843
9397
15620
4846
27998
24438
803
28596
4839
24457
17445
12089
31227
12714
20204
17829
25516
31219
16696
31630
20683
26181
16502
4985
8538
8169
13529
26782
18496
119
15020
27372
26432
3575
15847
7245
26412
583
29696
29483
24662
25021
10243
17971
26440
25868
3301
9561
4533
14956
2582
17436
18351
25077
13909
22795
13593
10572
29896
5768
28512
2690
26700
8396
9062
29241
12554
9515
24511
12553
10315
30361
20256
7202
3725
21358
30484
8498
24533
14438
20209
20873
16968
25836
17163
10363
17141
29848
30759
4357
21750
12790
25395
28340
18103
1673
2356
11715
8597
11279
31615
7811
10155
775
25644
8192
25576
12913
14024
24034
101
29909
22858
9617
22262
13958
22856
5789
28672
26920
363
12892
25482
12400
25377
3797
20630
19499
10385
12508
24241
25474
17108
20863
32201
5500
18530
4769
22591
29380
6090
26341
11069
17581
4775
12494
31050
17779
1231
23844
19227
11716
3021
31897
29356
15230
4754
8364
1168
5563
13671
32718
31622
12811
8742
9411
14924
7936
18602
11596
24504
22512
28548
23555
8452
1526
239
390
7786
21050
9223
215
26096
11634
30261
29443
6278
12457
30958
11778
25934
31551
1949
13023
20283
12850
27101
18201
28893
1179
21996
15688
12923
22908
30556
12547
9827
2744
19980
14850
32638
20835
31063
23168
22055
18236
17291
11491
12093
8568
413
5279
31095
2242
6939
30296
29944
12927
20065
15175
14628
8022
1296
9182
19633
8944
19644
11695
1025
6396
18405
4234
6575
27511
11049
5861
13672
20010
6839
21889
21756
21364
31751
1611
19380
15945
4041
2689
19431
13691
26651
22549
11976
15416
3838
22102
28290
5077
28939
28109
1671
27337
24674
20325
11812
31997
17380
14032
8538
2371
18082
11301
27625
16419
7060
2254
27309
4062
10639
17313
30509
29101
13169
18509
29042
7242
20639
24056
7189
16305
18865
24870
32412
11816
11627
21725
16903
5757
12783
3847
15269
13199
13874
1047
6700
5391
30637
30191
26889
25992
20565
2561
24053
20893
4300
2741
9417
29843
19161
22539
7571
28175
8214
19330
16617
1312
26856
4920
7805
31871
18356
18514
10738
31766
31824
17566
18926
13248
3000
31607
23921
6992
4099
23018
11109
29652
17557
29207
28790
28187
8853
30169
32547
6772
8610
17577
9749
1465
28865
4287
20656
10124
15258
24443
5609
1505
20453
26884
10583
12733
14111
6959
25228
316
6273
17314
20133
10969
30514
9529
32
9706
8380
31912
4334
29802
24509
14434
2761
14843
18143
26554
10696
17451
10249
9544
11569
26615
3031
143
10894
22670
15688
10972
5891
23383
15799
27505
31454
32052
13581
7907
880
11529
12852
17857
26396
24440
20431
26230
20397
8175
4392
18033
16108
13029
2921
16003
8563
11616
12048
11912
956
9659
17821
21577
7549
24998
30605
2465
10040
9582
28300
11743
11789
2175
26599
15980
22996
29479
19264
25262
22888
10652
6533
28459
26949
2113
18467
9202
10326
21797
23670
10807
12040
19148
23428
5437
7331
16435
25068
27257
3802
4622
30745
29940
14241
12628
30395
26609
1342
31485
3960
5328
4259
15627
19934
14386
17915
3271
9373
8798
31619
21069
23283
16099
27291
11594
28263
16255
16157
5893
15546
28224
12525
26012
2587
27369
23505
5264
14234
22423
18819
30340
15839
14500
25093
13378
16412
3020
13877
15615
19264
23182
22689
3040
5486
19413
14492
26301
20909
30936
13202
31268
27617
2367
20632
30369
16634
23175
23111
4924
10091
13991
19147
6468
23517
24052
15927
23883
9765
26690
24347
18802
19060
16716
345
23783
6862
17494
24372
17579
15550
15120
11434
29081
30535
17342
29956
20388
7453
25238
30379
608
26390
17001
28989
19140
21211
26758
6624
31278
23011
24540
10711
5799
5282
8030
15187
5224
7677
12204
26763
18590
19202
21487
24846
31083
2774
14852
26968
12077
750
30174
30884
11010
15234
19493
26882
9868
28735
4131
28073
16625
22845
6369
17294
15654
48
4493
20534
30062
30178
10527
8904
10269
31713
25917
2918
418
30324
7259
15549
1988
15060
23334
11227
18988
3481
14627
8769
31780
25971
24723
13882
23454
17946
19867
7531
2424
18312
2209
3498
14078
7525
24569
8212
19633
12995
25793
27225
28231
11787
12041
16987
32754
28983
11576
24568
4325
27202
682
20771
20245
18397
14750
29754
26684
26212
19536
27795
31780
2320
18786
17753
1058
13166
6016
13974
21472
14096
7236
16528
5984
18818
19031
4441
29246
13951
23258
26786
9270
613
13828
28112
22245
4327
20236
11346
30932
9218
30537
10801
18866
18226
27800
19688
31713
31461
9982
119
3893
13360
10638
21683
18680
1217
23181
1248
27953
32533
9941
7553
7461
10987
29815
13423
32543
7672
10404
26409
4973
3292
17614
4971
23211
26709
24330
32258
12612
23218
31161
23518
1077
14731
32359
29033
17172
16304
24563
15383
13137
9055
10224
23102
2237
23738
29516
9513
26440
12407
8751
12648
12815
21210
16166
10601
19350
14048
24961
13901
11089
23998
3834
27380
27754
14985
24727
25946
14782
32311
28369
6695
15145
24518
18677
32385
26627
13499
31691
1061
25322
28110
27510
7094
17090
19428
1179
12628
27899
24893
2245
22385
25874
13039
31240
5088
13659
3731
27109
815
21757
26686
12142
17975
12094
21683
18602
28145
12289
29654
27451
22924
31116
24420
2110
15036
10127
29154
18291
13396
17250
31187
15774
18199
19855
11566
25133
203
144
28943
2074
8592
12506
18861
24083
11120
28186
1676
14809
4151
18878
32500
13030
29061
26295
29345
20562
10017
13949
25276
19959
32656
1876
30474
15572
28391
18383
17252
687
8157
9106
359
31998
6948
23899
4716
19208
30970
2628
23994
840
20731
4674
24315
22546
23609
6642
30957
28537
32142
14741
24666
29295
9265
9560
13130
5934
15496
10970
4215
10967
9021
10216
17153
24153
20116
24203
22115
23189
8700
19012
9894
24512
8164
23190
16597
29704
28111
14021
10160
25978
24235
28382
20644
8995
30558
15863
27899
12661
8611
16824
21329
15853
276
19226
7495
5619
7815
11375
19835
1282
23966
10403
4535
24072
28826
26561
30056
13328
15984
5304
6226
1566
28447
2144
15747
25178
4672
9656
18053
17521
5087
19314
28376
13113
29577
32433
23455
24980
29094
13073
21402
22166
9994
21480
13140
24810
15046
29387
29086
22897
10820
16212
18491
31021
22419
11299
21725
18014
20991
25891
18001
23786
3301
31502
27126
5634
30917
26676
11635
21251
12953
21112
26793
28570
15717
11931
999
7980
31248
10429
20061
14709
20850
30240
6356
14959
17582
29744
26780
31093
22466
14528
22213
23464
2652
30615
28562
1426
21232
24875
9770
20489
20487
24236
12433
1110
9178
20292
24535
9111
11807
10910
18575
15714
6179
11429
20355
6571
26393
28302
28326
14824
2225
4376
17994
30066
3565
23570
20115
13615
2097
30494
15660
4718
15513
8118
29496
23826
8590
108
1932
19699
23196
3446
16667
25217
9854
2665
5553
15019
29563
7493
229
23039
3574
4786
18249
13074
7488
14217
31203
27682
25264
27542
19937
10234
28406
20893
7304
22038
16812
16538
8046
19976
1838
23117
15593
14874
26796
27382
30919
5429
8829
30302
23871
16385
21686
5654
28712
29006
16892
3331
2153
1459
28822
13339
6065
29300
25030
9321
15464
24489
21338
16983
12261
11677
16254
3628
25825
26997
3796
24020
27179
29970
12487
25568
26014
26168
3612
10189
15185
24815
2505
21385
13581
28969
1035
31283
15876
10150
5043
15394
1727
32277
27072
27690
9561
18044
4915
6682
1515
10713
3359
9865
16199
31242
24320
17363
8169
23274
12109
2142
1834
1725
1617
30242
24247
12750
13110
7016
18498
20822
1891
12497
21367
18848
23560
22683
20530
18283
5622
25376
4335
18576
7093
15519
12674
6116
29136
26687
13832
16480
29044
11345
5661
15231
19769
21462
2127
24296
22592
10561
8659
19789
17278
3710
7799
28307
17751
22066
25816
13107
24431
16965
6869
9952
14013
19358
24131
5738
12769
5933
30178
19682
20919
15407
3728
11263
30764
16301
22717
9152
4432
26950
6687
19795
21165
21807
1959
11574
1240
26488
31667
24732
2885
1169
23685
14866
7775
13068
18164
4450
27608
2724
20833
19127
4414
5247
31469
22787
9424
176
6889
16286
16527
21760
25743
22320
17304
30958
21231
22992
15792
17140
4395
31341
14625
27404
13031
2925
22213
1651
20732
30869
28768
28845
24172
6185
13618
17865
18843
5972
29901
20966
15804
1481
3109
6646
6281
17579
10470
25026
26679
23723
22282
21295
1449
32624
3242
10943
7908
14395
10260
3418
17859
4043
5151
27471
22251
10110
1723
5270
19714
4026
3532
25176
21532
23947
24121
6576
12662
17293
6463
27572
21351
12813
31756
13999
7571
17003
11657
27825
17762
29122
7799
17226
21169
28363
12221
4242
6343
32511
4864
31084
15242
16124
6517
21772
5362
16938
25843
27063
3775
21918
12109
26314
17511
27199
7134
16382
339
27175
18277
19946
28490
32076
2580
22474
2350
351
8163
27262
9702
14580
11050
8406
12187
30180
17775
16652
23335
17135
4732
21394
29642
20646
2485
5902
3871
10633
27049
30116
15695
29036
2535
24435
2437
13343
32531
11874
24226
1869
17721
30492
9265
933
25696
27481
10141
22840
17251
12640
9633
802
7420
21705
2049
24173
19234
13448
11128
10290
23701
4647
16881
9985
10423
9811
9466
899
21917
24218
11381
5214
1126
10355
23952
8537
6091
28031
1528
25025
18680
9486
5962
14859
32410
7909
22219
31930
6714
27455
13656
12932
12233
1041
25504
11696
23420
7058
30352
27842
10714
13307
12303
4186
17939
25739
16364
26714
25235
28623
4372
23623
4055
3872
30473
13042
30079
5997
20367
32087
8613
23355
27817
10437
25198
28137
23235
31807
24030
11321
22321
1315
23537
11788
2776
14089
30439
1389
23851
17134
9695
28369
29530
27026
21927
22173
12229
19742
979
22505
17847
1546
4108
6276
13649
32574
14251
9784
17348
23927
28551
14671
17348
30189
4106
85
16953
6195
1931
22816
27447
12126
1751
6926
15152
32361
23569
22158
20584
31704
28605
11746
28842
4252
6167
11043
5946
15927
13993
14213
7946
28704
21532
6108
23856
31849
11855
4703
16280
6047
27814
8620
17398
16370
28325
22797
23295
25493
26813
24058
3033
18024
17253
6879
27600
27349
28781
3871
15946
503
10895
24664
20733
9986
21320
4329
26719
27103
25318
32689
20574
27926
7905
5402
25938
6897
2670
16726
10544
13791
17746
12265
14592
18454
19700
21608
13969
13948
21431
13440
31339
31432
8838
4921
8709
18660
14513
24956
20024
9110
7671
6100
9716
9312
6884
23921
28978
31397
19293
8306
24617
26124
16249
868
21189
12330
7826
17413
13397
26971
156
32590
16260
27888
29110
30385
16010
28816
21503
15008
7075
8920
5035
24142
21952
7493
24918
6329
11645
11604
26263
30440
7764
14567
10457
881
30736
16875
3686
1855
11396
19768
14789
18322
9596
12472
12102
25927
14068
3276
30939
16730
392
29931
15401
2729
22828
2957
30431
22779
1053
5447
21831
31040
26136
18231
22299
20251
27593
21666
13977
28573
19078
32732
17881
22868
26685
12904
13919
28036
32683
24673
32493
3764
21711
15128
21402
2156
3487
30463
25640
9278
761
10438
21651
4099
7644
32195
9190
31079
5336
21399
30034
680
7619
29455
28545
29850
26542
29256
9768
20975
28951
535
16860
12213
3681
10919
23078
30496
13441
15204
13785
29834
23545
29208
26019
22456
4106
7508
27875
2399
32293
15890
27834
31206
6564
27800
1381
19822
10167
1184
25034
2320
18337
23733
8528
9573
19236
3296
5108
10828
29497
2180
31898
14311
25861
3975
19872
8423
27401
15026
5049
31242
22169
10075
761
17121
5519
1601
23084
3031
20544
4535
4204
15727
9135
12037
243
25805
19457
16139
2349
10616
21297
25127
19729
20574
6149
13145
5554
28697
16705
16037
32273
14960
28954
14009
25142
32545
19693
11728
17535
19422
11569
21974
7479
19861
2475
3021
18538
22260
30176
12911
1528
12333
16848
8213
16361
5110
4833
9175
2816
32212
2330
26101
5523
11674
17553
10102
30874
1068
24359
9486
7941
7561
11890
8517
14163
19465
25083
22998
25440
22755
20906
27733
6782
11761
4222
28181
29128
19640
6017
15177
16051
13987
7420
16745
18406
10895
27623
18648
30796
23436
20387
451
18535
1250
26604
22604
20967
32595
30985
21480
16763
15264
3141
1541
6887
17999
29859
19441
855
14506
3022
26615
1522
15115
15183
13771
1715
31831
9730
32296
22388
17097
1483
11703
9036
31217
4485
29491
9243
25084
32571
2251
22115
17461
30363
11463
8026
20684
1959
3439
6461
2518
31150
11304
31206
24470
1659
31713
18337
25083
21964
16045
20540
11113
19718
26289
5725
26813
1830
32321
10520
8843
2299
23366
6593
11177
1427
8675
1023
22770
18163
23128
23586
26180
3850
7718
30647
11467
1256
8308
1113
3714
556
5553
24778
15094
21691
15995
3138
12622
18616
6591
8198
9096
3760
546
1853
7941
21012
15008
26879
7752
5101
11891
30896
26619
7627
26679
8332
24370
8446
1099
14978
10484
22025
8826
19270
19192
12372
6875
29602
10156
31265
31221
3085
31611
27841
2087
7806
16208
6408
24648
12930
5206
13310
22922
8077
7427
7127
18596
22925
26452
10534
23600
27589
19546
8269
6225
5593
26869
22328
13722
16165
5088
25419
26411
13395
29933
25496
19485
25389
8594
15190
4129
2223
25253
20622
32611
1377
1892
8984
4533
19428
27064
20422
12521
7626
1979
21471
15998
2731
22135
9423
7296
25972
12785
28700
15785
9219
3686
6044
204
23793
20180
15846
23412
22447
25788
30470
6088
25301
7462
29045
10673
25782
16103
11080
24383
23096
24095
1959
28745
14307
2309
22657
12628
24887
12775
12414
28086
10819
31340
4405
11516
6003
17437
18848
26504
20394
10787
6348
28287
29840
18514
26837
2786
21806
29543
13842
6138
11960
18062
30349
7418
28585
10792
5558
10720
12565
14282
22616
31644
23099
8073
15563
11124
8795
29301
11116
28071
25799
30307
2890
9040
31547
26352
3874
17294
4721
18370
20110
24546
11505
11281
32633
18392
18471
5990
25558
4074
22455
23459
16273
32673
2837
6212
27334
11005
4432
16100
21554
15127
20270
16643
2023
10757
15230
19206
3651
30206
21930
12415
14114
4030
27276
28079
9555
2092
7042
25162
11849
16699
23493
10617
25107
9742
22518
13093
20367
11871
31738
627
22746
12577
2824
13707
11274
19044
32256
15006
13344
22650
7167
22055
5688
21592
304
24177
3843
2366
2021
20569
17527
28571
18406
8533
24517
12075
8200
29365
908
3170
32258
2601
29260
17677
22653
13188
31005
8247
3946
28607
29345
13641
9880
5441
30263
11894
3718
17757
1905
2646
28534
23325
22985
8401
10946
14142
31887
28479
1651
3451
806
28621
14096
5903
32112
35
15284
20085
21639
6980
16483
6258
24494
27317
31390
32341
17799
29409
13365
23934
32134
24252
30813
12317
1445
11943
5890
21308
8281
20116
29279
28160
11973
22378
19147
24107
31534
32683
31958
19942
1968
32596
26004
22206
13615
27396
24889
21996
22160
19041
6118
21977
1064
28087
3267
12513
17268
18147
9038
20823
22283
18800
3827
13002
19154
5631
24796
2183
4207
29932
10250
11615
16384
25646
22437
16555
20748
15487
26512
5261
24505
12734
25409
20856
21056
12945
23248
29426
29343
27470
27213
408
20622
28700
19287
11875
32691
21077
9450
13099
1561
9519
3449
7273
3807
13724
29501
24641
13613
31086
24268
26304
31596
31167
17389
26466
17079
15504
21675
16343
22156
29104
2728
10246
24776
26336
23220
26451
22994
1844
18078
28445
18710
27068
16714
32395
27061
13156
6404
13193
1914
20505
23572
11533
10257
18221
27539
8863
21619
12029
12413
5400
5797
977
9991
31914
32674
26115
13362
6176
18838
868
31136
16743
27212
12251
7078
27470
10730
29007
11684
11402
4572
711
14481
31741
18446
4816
4058
568
10846
16672
26733
9278
15953
8056
26128
11146
18692
14799
4856
12116
9062
27052
30103
8977
7845
30932
14517
11833
3302
22309
6594
12620
16953
26562
4459
7191
8652
10608
27243
31028
2911
15936
15012
21200
15607
5743
29294
21680
31959
17034
30255
20342
8108
12501
30252
289
16136
23022
30878
18132
13329
8366
18953
7128
10875
26960
18377
2531
24499
11221
14573
28315
25181
1446
10569
14934
26113
3708
31431
3108
32513
29821
8446
20239
23247
9128
15110
15521
18524
31858
32650
26791
9428
23985
12062
14901
136
1466
211
30186
4140
3782
15625
15733
15938
2715
31365
10328
28886
360
12740
23020
22380
22512
6798
14502
21815
24810
1998
10904
23435
7592
13728
31547
18581
29176
15788
20075
7754
20296
9651
17587
9629
6925
15463
13515
20981
21605
14464
7775
30942
15610
19980
14866
12798
2346
11782
19139
29516
23398
9259
5135
15740
3800
18185
6679
27837
5449
28249
3715
423
27713
25486
3783
30319
28016
174
6052
29790
32332
12641
20978
32129
25340
2632
7326
24225
14453
27279
30703
32117
23011
23494
13837
22295
13642
9196
5315
17077
21357
15821
9348
19593
5871
11151
8364
15627
30392
22407
7433
8293
14234
30545
11418
25127
26932
9503
26006
20796
10775
9041
26288
8221
30504
32326
16794
13636
2630
114
28360
24548
3116
11441
11894
17623
7576
13019
31468
6103
31661
4761
28673
29938
17301
24695
19422
28216
6508
24890
27908
8631
13913
28531
29073
27561
8702
24404
23486
2283
6931
21699
24493
15793
29517
16301
15970
21625
25221
29341
21007
2365
5398
1933
12180
13549
31111
1788
326
19740
4458
1344
32495
3066
18819
10782
10007
21634
7469
22168
7554
9972
2298
23814
21242
14726
4250
32616
23119
2390
23550
10235
3739
30628
12220
4106
28362
18238
17590
18695
21082
3643
17143
23514
23392
28652
25565
29305
18892
13072
32637
16313
5101
2119
2371
6500
26680
5322
16345
30859
31813
5464
5194
21533
19738
11636
3176
2489
13484
14029
9323
18625
30883
9470
29658
13232
13918
20855
6575
11181
20535
17339
13238
31328
16392
18893
25910
19972
29422
29924
12499
15293
4684
20070
10675
15404
24083
22804
16352
22081
31809
12930
11245
27729
25000
26827
15837
24425
14321
22658
4928
31969
25824
9964
30879
27188
5850
11372
31258
783
31396
25406
26448
23975
32365
11880
20095
26960
17935
3310
13036
23372
13458
3398
646
24032
12017
5387
3782
13741
31777
20726
3289
20798
26192
24841
24833
30430
363
5389
14649
1196
15074
19775
15128
30449
5807
21319
18679
10416
15765
16233
8790
639
16549
15871
25468
2966
13831
18727
10334
4390
4855
10937
22210
22508
26382
23164
21412
3077
23747
3225
10201
25348
9009
1103
22514
9282
9499
32489
29539
2933
12589
19181
7909
14724
30596
24471
7704
10138
113
2181
8301
20602
122
31156
21827
1042
11682
24491
2896
6482
31211
16374
24387
29246
22296
15830
15783
1602
26551
5943
15371
26310
16735
28130
3424
29187
9271
12532
5538
10261
19383
14991
24763
22097
15539
30159
164
3288
13461
8448
5837
4716
7658
14
3263
19075
11808
4924
16384
16794
4237
9753
9526
21452
17076
19121
9872
8611
1476
5376
16738
18222
2402
10924
9999
2388
13224
31475
25900
28007
10862
13025
22754
28413
456
16839
29076
18427
13263
490
1730
32498
17829
22904
17710
12207
15795
26560
30525
16909
20277
4769
11423
782
24313
2115
1330
21546
17763
2310
8996
25831
29109
3512
2137
10922
21133
7691
25356
2765
10160
27462
3512
27377
8453
826
17977
7062
28389
12152
24622
20713
10130
21697
30371
7644
9732
26302
24813
9596
17900
17393
28372
30336
8435
3564
12280
17693
12610
20929
19053
30498
32072
5305
9385
13888
12471
6473
26272
31913
18128
28737
5677
20446
10721
10823
21172
7617
27660
15748
29702
28658
32073
29597
4228
26968
686
29669
11912
16894
13039
15825
9472
13601
23585
10156
28508
5511
30403
13707
30891
31762
27134
23684
8704
17556
25900
1563
2075
19685
29336
26621
19525
10803
10116
1009
25724
18586
5489
25611
14032
10484
24730
26402
1037
12531
8130
12677
26010
16749
26927
5610
25249
1782
12535
2727
24688
14516
23674
32549
29216
14703
12080
9617
19316
20200
29861
1236
23299
25452
3009
26310
20378
1448
14157
30366
3292
6847
22451
9134
21291
30362
29189
7245
7884
20096
10305
29972
581
14822
1748
20557
10
13704
19292
6568
10073
23736
2226
10800
30819
19702
19496
26750
21420
26562
10255
14636
30900
26286
18301
21389
22487
30135
28493
20123
15218
18389
4198
31281
3143
22993
20289
22651
13603
22359
9381
19370
27070
22092
31669
19436
21730
23649
28973
14747
29135
25321
6121
8116
5343
19688
26279
31372
26470
876
13069
22206
23260
11296
24046
23656
22334
11806
5321
6807
10417
30981
19602
9983
28777
16971
22965
26096
7369
11477
18777
3717
11467
3781
24545
16159
17059
18836
24761
13841
18847
26720
847
669
13138
30855
14687
16928
4081
20596
10868
15753
1533
14521
2220
31503
27938
11102
8891
6180
4192
7545
22322
32676
23400
1791
19714
20563
30537
7386
5435
1926
6731
28988
6682
17440
3867
28210
32579
13760
14121
24188
22347
3129
3151
30876
21113
31555
26035
8237
19150
9840
1006
20854
20802
2401
10350
27455
8273
12345
15384
19171
6070
21586
18738
28327
9591
12591
19585
4682
16417
9650
8622
31198
22101
30095
3823
24278
22403
16129
13283
13151
14838
30908
24509
12276
8721
3106
4772
24364
3800
24505
11866
7127
12210
26077
6684
13642
18284
946
24010
11767
16514
25693
30792
18497
22170
3188
29988
21902
31058
16818
1401
31645
19515
6896
8211
25626
26661
19536
27859
2671
16798
956
32597
7134
22709
27023
9425
7628
5636
6545
18751
20064
30957
10281
14271
29517
31523
1998
14903
2796
19820
25279
23614
5006
20902
15604
21817
23824
30216
29268
24003
6320
21931
25896
29779
6942
16969
28880
21784
1239
6980
29876
10536
17582
5610
2942
12506
10411
23287
17031
28016
28953
7515
25998
3578
6619
3646
12976
9079
19967
21058
2708
24636
14742
23560
28903
26266
11714
20469
28936
27323
19216
21814
15108
11213
9736
30721
3268
2146
6659
286
15237
12823
15933
26279
29065
17524
12587
14860
29708
17172
11791
14169
1402
17158
8393
22972
14303
17266
11248
6466
17311
31104
21793
13793
13927
4981
19351
13243
3683
14112
31996
27809
5554
16244
27775
23254
4631
32118
39
278
7409
90
14439
5079
14189
10472
1522
18383
28410
3109
12752
27062
9725
26928
2994
9037
21702
13930
21123
4511
22211
2521
2879
4231
6132
24783
14856
24434
13983
2758
12663
870
27973
15247
27696
2628
22740
2220
9401
4938
28446
22010
8076
16603
14730
30099
23402
30595
10250
32498
7155
3638
4173
8536
628
21464
11573
30063
10496
3587
12939
4653
29634
21764
18674
26876
3217
28966
1561
11544
15557
7476
13621
19000
6473
21049
943
11888
13554
138
26137
27478
19727
23046
18791
29284
9282
4509
25692
28829
32654
13327
15682
3443
31152
32246
14302
4329
8371
21255
16291
13557
4543
14997
25126
9768
1842
1366
28114
30608
3313
106
26845
3550
20225
22937
29818
17860
13905
6365
28753
22945
18394
21280
29228
19040
31210
31302
26099
20381
29629
28270
27098
4874
27470
13429
15065
15122
5484
30140
17757
2236
23568
11564
11837
3281
20206
9591
26607
14401
586
11424
10236
19395
20493
8381
20657
27324
12056
14844
8983
21858
5336
13796
19750
3617
5403
18397
10294
28222
13346
29427
15286
28090
7927
12503
22560
8825
15873
2598
24108
15011
21973
1006
1605
30283
10831
1647
15417
25678
22498
8478
25396
26238
22316
20464
5615
16640
24269
9684
14117
14579
6010
129
26183
1618
22093
10611
11376
7452
20831
2096
30107
4530
665
18896
10772
7296
11463
8636
31788
223
14062
1974
15921
23354
20960
5914
21661
6768
7181
29539
6286
10362
14236
22000
15990
1614
1723
10505
5396
24323
563
21533
12451
22069
24127
7501
22097
5547
29086
17455
15346
24119
4839
14795
28662
8158
24605
6634
32152
23865
9347
18833
8537
24091
20657
24264
8621
30069
14568
13727
8180
24182
3491
22131
30123
29942
17006
4462
29156
19732
22267
29517
2803
28190
13939
30566
22635
13490
8458
6889
26953
8227
21462
13670
19054
3870
25313
14991
20819
12174
31101
18752
32504
9660
29911
11196
3869
11963
3279
11578
1973
16899
32519
26784
23704
30300
28730
29838
31608
11774
30672
4254
21526
19958
2479
14314
12469
1227
12883
15567
29391
25698
22817
20977
2056
21279
31992
9343
11104
6221
7946
27577
18092
1984
20458
4527
2119
4280
4837
22859
261
13321
2966
9617
24168
9593
10677
17958
5399
7274
18224
27919
3979
6073
27773
12732
13580
6373
12078
17733
23772
6772
24262
15347
434
17810
29643
4098
18793
11004
29980
16805
13562
796
18309
14411
3240
14709
7057
18721
23674
18242
28063
1752
5358
8538
19512
16040
9196
15703
22688
18069
6649
29175
13739
241
12205
14019
22738
14626
16231
1774
29062
15781
1855
27519
23237
23379
18236
28851
19178
7651
4040
2716
13769
31153
21600
11535
5371
17085
5776
6845
2679
5367
15647
12192
4450
4538
27527
10905
12585
5782
28071
14935
26316
20818
3004
20858
14461
21809
23182
1528
10089
5493
23527
32704
29654
26914
841
15006
26478
31748
29408
8031
6618
20723
1206
14389
25491
14678
29734
1117
29429
26086
15251
12030
14230
29877
31322
11605
6101
8302
30468
2063
9398
29918
4545
21494
16365
11443
15122
7632
26680
7300
17093
19844
8178
20242
4902
17535
8678
14030
11380
15190
22625
6299
29842
8877
19083
5076
12031
2903
29686
27537
12552
22975
14968
29990
9788
18566
30262
20461
31009
32365
16386
19014
13349
15222
31207
6107
28375
24902
17921
15657
6999
23246
24466
21564
18443
10026
2643
3769
10644
3017
3080
6434
257
12751
25687
17238
12866
12983
14042
4695
7903
22589
7027
8016
6378
4987
18656
26583
562
28498
19855
29551
27577
523
19123
29265
18792
8766
26007
14700
3586
25331
25394
16298
17239
6920
8701
117
29370
31699
26113
26490
29108
31495
11060
10668
26362
5084
29189
12172
7069
9066
14902
29864
27777
25686
8170
98
28688
19889
20223
23539
9263
22813
16541
10672
14449
29746
30479
16779
18571
8480
11218
30428
6921
2709
9196
27490
14399
3809
7807
4996
28033
1624
4510
20445
4247
18679
10591
16376
5995
14155
15666
12888
22533
19087
12145
21948
1209
28693
27448
4001
14495
13287
29814
7175
10308
32429
15940
23160
19103
27345
15222
27719
3655
29922
23920
2070
28387
2870
30012
9882
32481
16596
10969
27811
14699
10128
32469
30294
12438
5496
2590
26557
27613
22895
28693
26243
2767
8984
14052
24824
4
8694
31249
18011
30805
8145
11092
5209
16972
6747
21926
24017
18906
8211
5787
11994
31816
29802
16881
29191
10352
16164
25449
15082
12077
19202
4821
6614
6160
6046
20083
23785
24149
17046
20345
25162
2581
3052
3313
24496
27069
31149
24775
17188
32702
24273
801
4359
30854
18787
20462
25430
15536
7138
2754
28205
29559
21990
5345
11658
2417
20486
18842
8276
3962
28410
29910
13468
1517
4605
6128
18722
26651
16501
28871
26651
3061
23254
30482
7985
10764
21188
17396
6348
8636
11896
6097
23184
19875
23396
29279
19751
31832
5146
28928
28992
24922
23914
26447
26071
4679
24266
26104
9143
25679
6652
9166
4670
15847
17898
32023
22881
12482
20693
32042
5359
28669
19886
9789
19738
30362
20676
27512
22579
29231
32672
4430
2485
17887
22573
26636
21125
14730
29469
5298
13944
10561
17799
23555
15126
18685
9685
9176
13214
20624
6109
7865
3658
9179
9294
21934
1747
19266
16206
1107
25144
20573
609
31531
6076
21232
15757
31798
2861
27166
9148
17862
15468
9689
5729
16270
4138
17565
21598
32252
5616
29022
4134
4041
28514
7615
12574
18894
15556
19588
17482
1305
12989
24650
24613
832
15707
17013
32720
27893
21592
30315
6511
7899
25756
27904
29649
14488
29442
11312
32591
8748
23647
7956
13814
31617
22209
8719
18152
10818
6132
8009
4351
31217
17739
20318
12468
564
4252
29271
9535
18288
9869
5337
20736
18841
21006
13724
22814
30025
31015
24351
10350
11023
22260
2458
6550
20745
5870
22837
3186
8885
13675
3191
27318
13060
18793
12033
24533
21680
7047
25724
18466
23760
11860
24528
6965
29610
7116
23190
21905
26568
27680
8401
9604
14158
18870
1240
24398
17290
13937
20375
31877
25293
9778
247
10935
17529
8863
29851
11602
23388
23587
16077
5825
16956
19509
21944
7384
20147
19678
23255
3186
17982
18805
6317
8280
27024
27822
2231
16229
18988
28627
30111
26088
7730
28496
3506
15946
1657
26741
31124
11505
31455
17528
19250
21347
20701
5305
22777
20143
4191
25674
22854
13577
2770
17071
21021
5812
26750
27618
12573
1573
8214
12699
8115
27493
3213
2509
26511
9911
5420
26228
31572
18043
7138
14990
30612
21586
9691
20583
12283
32131
29267
21786
7370
6813
29613
15701
15495
23134
24255
26460
15859
5076
17521
7761
1597
962
27014
25266
26485
31045
20665
7203
6979
13751
11020
6254
21977
980
8797
31688
1318
18971
12858
1622
4173
7287
758
21231
11093
4383
31484
29476
4898
23739
31332
3197
17828
31176
29892
23302
2638
24381
23881
15626
24266
2671
6406
11295
7147
24626
27531
18274
26339
10561
4538
21252
17078
11744
32470
20742
21998
13503
28637
5952
14481
26914
18712
1704
24144
27711
29168
18385
28929
5607
8963
12466
12111
10345
23159
14249
9136
31668
27278
6080
18328
25531
22139
2606
26349
22046
29045
14625
22458
4870
29705
20410
23079
21840
31668
19289
13481
19951
10417
29212
24694
28299
19984
4770
23100
18286
26632
28949
27410
31905
19598
1383
32175
5714
18982
28379
21465
12409
10490
16584
12321
19900
16937
3226
18382
20879
8545
19737
4375
26015
25776
5870
16789
20081
20119
12898
4343
29510
15969
618
5112
7491
690
23777
17294
12750
14947
14356
1124
27707
14221
20867
17035
23208
6372
12774
30061
8741
3399
12911
8194
19993
30101
26447
8518
12001
22721
4987
26858
3001
24105
2480
25673
11232
16931
7860
14239
31479
30937
4320
6005
19626
29528
2267
22112
915
15075
6056
31467
8027
22157
21987
29138
30243
12039
2119
12401
7458
25782
28020
23419
17551
19464
6383
17903
2753
1033
32619
23624
2709
23345
6215
20469
10512
30336
14423
5896
26181
28366
2535
5170
13689
22620
17917
31471
8326
26798
4831
17406
14973
11933
11221
17940
9615
4264
13872
18129
12334
1419
26507
6131
19823
15123
24913
5322
27827
7984
25984
5100
29830
32588
18604
8489
25799
12763
17734
5057
25610
32307
5150
21717
15418
13982
28199
27164
2691
14510
23418
6359
9838
18385
29598
13575
1102
30245
29447
28893
5852
3982
18908
16498
29726
15109
2046
9656
16781
17971
19013
30897
11126
20286
3341
32734
27553
16611
2033
27899
9009
21701
30422
4585
3019
4100
29740
25068
17402
28178
18544
4886
15058
11714
21237
29699
32468
29858
28645
18887
29714
15499
32642
18981
13716
16246
29362
1538
9721
21905
187
22552
29537
31123
27211
11247
4747
26444
28091
12553
30011
2176
20628
20061
32735
9205
8787
27144
625
715
7273
22846
14495
12
17286
3206
5418
13956
11799
19495
23692
16595
5134
6365
21213
16320
3041
1233
247
6864
6357
6344
21721
12056
28284
6555
8521
24655
3452
16871
16574
16423
7571
17413
24444
16349
10456
10301
12545
8207
7236
23350
5280
4815
12656
177
28012
17397
9632
24183
12631
15289
25089
29584
29595
20353
31023
4022
28249
5367
7674
32522
20352
2911
30570
7685
19697
28456
30209
27056
17377
27584
3647
24600
26494
8109
31852
17660
17109
9946
30097
7882
4595
7982
27080
32714
13898
23395
15285
28568
19031
14358
4437
2263
6274
18202
8694
7972
31046
17682
9607
329
23697
3391
18706
11187
622
32662
19591
32551
9953
3350
11707
20400
9490
24152
1200
24540
21934
18536
29975
7207
11403
979
22803
10936
22923
23041
2368
9035
28866
15557
26100
879
24027
31795
1477
13041
9911
3762
11595
11416
16728
8018
29735
7954
254
22111
15171
6703
24207
4150
22620
7245
8252
30295
6846
5140
9314
11964
3407
10851
21422
5481
6607
26761
32389
13381
29022
3769
10659
27944
24127
11960
3586
2613
25307
24281
20477
10346
18953
6443
12725
12405
3212
6897
17588
20937
12253
22610
24272
13298
556
22610
22098
21029
22433
3329
18776
13596
11495
31730
29816
32545
21227
19183
23718
32360
2017
1259
20568
14753
8585
11064
1000
10958
11440
26363
19769
7250
9721
28380
17053
23627
12253
29954
16630
14882
27121
12606
7452
609
19815
23430
1151
27844
13016
10918
20750
12434
25921
11058
21591
13101
26187
703
24047
1256
18383
29522
276
8218
16025
13081
23953
7793
21100
27737
28642
22664
20295
31144
11417
9147
23527
12892
27392
8762
22925
23363
25344
22876
28929
3989
16961
566
28887
13862
7315
18541
24817
22240
15245
27464
28485
25713
4467
29961
6624
20033
21341
31870
14891
28327
32406
9427
21870
10588
19779
20394
22162
20016
24133
13677
5419
5115
5216
22499
19894
16343
28828
770
28446
19596
27627
20485
24966
9804
5133
24254
10818
20129
28593
14636
4390
31907
28125
5456
11012
3438
25743
26941
28016
22739
25253
1391
12230
15950
22778
10589
15727
32312
24274
18001
23903
13118
5496
25720
29410
18
28453
24117
7065
17760
23844
26043
28351
29700
10548
2267
16817
20346
32302
10010
5550
13462
25575
3591
4827
14453
12888
12236
13450
13235
16380
10242
2747
3550
20346
714
13539
23851
132
31257
31213
11880
18431
7507
8575
2354
13156
5916
29310
1128
31590
1387
31444
32480
10709
6111
1137
20568
22210
26711
23439
1711
16612
16829
19003
853
17722
18722
27921
3328
31218
15632
17735
10656
28810
16155
