18368
10515
5850
12913
8789
30307
3067
24353
3667
6525
13739
20556
31321
30741
3621
21849
32257
31211
4725
6704
27750
24899
2339
25421
28643
1941
7185
20498
4893
21125
18854
5986
23363
29973
28972
29291
22420
20762
32375
10691
18978
3309
30920
30903
19926
12642
30961
15072
7605
25598
19129
6135
24929
4452
15745
8681
8931
7185
26664
6446
20903
25417
25645
19287
30408
13905
17427
16359
32399
2015
18698
10084
15158
30159
7115
16558
1265
30999
3268
10383
6959
20989
8053
18322
11036
1160
25882
21017
8043
31028
27274
3754
7508
5609
15711
22154
21208
25390
19543
1165
31308
4507
9978
17964
14101
29580
24701
728
12209
16157
6631
19854
2295
11346
30578
5292
9887
17301
1332
1027
21764
28774
20222
19757
16425
11342
12165
18976
23546
22036
6847
11780
8661
2356
26512
14402
18249
2445
23718
7646
21022
5978
1186
7430
11669
16227
3448
28395
9456
31605
14104
3023
26421
14095
5454
30047
30768
3166
10470
31556
12983
19819
5141
11765
16434
11668
28180
29647
10586
7993
31246
29799
25664
14775
17724
19999
913
15258
28751
18935
27417
32014
10254
422
11655
26263
4416
11242
30576
16386
11212
796
11158
27548
28959
31239
5225
24993
12750
13050
20174
32759
30332
27932
21024
540
26623
23552
14708
13662
702
7545
12834
15690
6493
16816
13185
31846
27293
6515
25585
29987
20093
16080
20255
14093
16038
3043
20868
11333
15877
29676
23855
23345
25530
29348
31685
28786
3377
1490
12742
9494
31630
25881
10001
21775
24655
27668
14507
23012
7468
27301
22460
32167
15170
20361
23002
6695
23921
24880
7818
14438
12803
30924
11780
17486
10126
29609
13623
10399
26907
20156
781
26412
25991
8318
27376
327
26154
25851
12429
17530
30903
20517
24792
20344
12387
6767
15440
25426
586
31639
5764
21742
16654
18371
20182
12982
31681
25296
18047
29325
17413
32231
30675
15367
8049
21329
4806
8921
10295
21644
17072
25998
8452
32414
333
1148
40
18601
6920
17655
13815
24768
18553
29892
12911
11001
300
464
28187
14019
27556
14882
31286
7802
3743
18447
23572
1337
10140
16045
14270
9968
19099
19082
3549
11958
12068
23197
4313
18272
20106
21884
21825
6738
14193
11984
24942
12437
14990
28934
24675
27178
21678
3912
31736
32670
31226
5036
8760
16863
9849
32171
14855
3150
22486
25812
2824
7445
21604
13249
23741
18363
25439
3915
4336
13814
23157
15866
15698
10944
9348
9151
2147
31660
9638
9702
19857
13435
8299
2886
19620
6378
101
11451
26713
30927
11754
2518
14413
2660
20245
5586
29213
16099
6670
20682
28108
17747
7307
298
18789
12193
7319
8548
28641
28146
30355
21988
1866
5176
7290
32581
2593
7683
6761
15557
4094
9371
17502
29430
2422
15179
28991
10935
29505
26111
26399
23651
17564
24082
23742
31560
7405
6497
13390
21851
29862
18340
21373
6953
21867
14846
15535
9233
23927
26834
19851
17073
4668
3033
18106
15774
17993
30833
235
16472
5745
14904
29467
22653
16938
6618
28179
21308
25395
1575
12594
3853
18554
4969
15468
5535
30780
1268
915
4626
7534
5374
26325
30567
25692
28337
5255
27445
2704
3711
14369
18589
9717
31926
6793
20351
26428
5716
6036
21486
23423
22556
3274
482
28964
24553
9577
2349
17413
6211
10157
17841
29901
16944
10063
14287
4005
20812
16715
24867
17937
19996
17639
22894
20
12960
28145
12243
2203
29991
5192
27719
22809
13671
29854
17731
18542
16333
30331
23995
8461
23314
4997
8020
25182
5135
17408
1234
12641
31698
5265
26831
15509
3057
18759
11443
5912
9502
12763
19424
20239
23548
4919
12077
17224
2098
18998
21654
31774
18877
2987
7986
2973
30858
26020
25445
14567
12868
26096
854
31446
31339
2526
12195
1507
8358
23368
8276
28999
24922
24272
23054
14176
29819
14186
21385
5461
32418
8987
3908
3581
6240
13568
32120
5117
24531
28817
14922
7985
18550
10791
31812
12622
7485
20668
18182
3525
26850
1266
13881
10474
14457
8535
29893
4693
27723
6120
13380
24200
2785
18644
14518
21459
19039
13954
19574
24181
17428
15060
12397
4100
1614
8622
23685
11791
30835
19634
9312
5121
17741
17486
5195
27720
16294
23033
6765
1207
29973
16313
20548
16937
25367
14569
30803
30568
609
18489
1044
9037
7285
32502
13876
23080
8052
20876
13567
24161
25651
5449
8474
11360
6800
2915
1136
32171
20487
7485
11630
1870
17536
11750
19059
30592
363
9442
22914
30339
26383
5678
16443
11980
9247
11134
8201
8292
19343
13001
15004
17294
31909
30215
31386
16042
20819
16442
29841
13145
1732
13227
29745
26338
5173
21878
27064
18901
9222
29256
19373
8942
8977
16488
16593
24891
23098
25332
9811
22913
17991
12910
17987
29405
8691
28279
21065
1703
22077
15577
30359
30619
17670
6603
6428
17467
8667
7537
6394
6255
19728
15011
8763
8815
25870
23279
27071
12002
493
31713
25977
20552
20294
12673
21724
5525
30786
12830
11663
5150
6647
20298
16488
18617
12277
38
10904
5152
12059
24800
26403
22167
17072
19321
5268
28367
24495
28108
17134
8201
8801
204
24037
9086
10801
1293
1870
26879
26557
10374
30165
19161
4393
14741
11246
14587
12472
19267
6926
8027
413
28362
1818
2965
3854
9812
15904
21973
18843
29958
30789
20728
1726
12349
29694
17902
7859
30231
8835
15971
7305
27958
30849
25246
13434
12736
14095
28329
29816
5034
16612
690
25352
2615
20423
21169
83
187
7750
31051
23930
24741
22955
29174
15915
31932
28716
32351
30834
16809
3938
31497
1745
20406
26365
26422
146
25045
949
9226
27740
9700
22148
12014
8453
27183
15378
23347
10407
17463
6257
20215
23030
5298
23306
18253
7120
3282
32471
26520
1814
6346
23251
6200
23227
21391
22191
14441
30234
26587
22471
10087
19853
632
31316
26839
3387
14779
27363
26722
24113
3663
29702
8355
437
26931
5193
10563
14038
15110
12391
28770
7752
8323
13758
9017
4207
12360
16641
2558
6586
21979
7469
23304
4402
24046
11966
18740
32083
6114
7970
20871
15130
12427
23662
3093
7007
10803
16720
1057
27237
5601
31044
23429
5552
29147
29963
15701
25622
20841
858
25535
29721
12764
25039
13621
29812
8399
23080
15567
19188
6061
16311
490
7561
12403
24849
790
29085
6071
16903
22575
21924
24554
12759
16329
18677
6618
4515
7121
21976
22138
24353
8562
4576
30182
22421
16438
30843
26530
18172
1134
21447
16418
22410
30931
10151
18320
30039
19309
21271
26057
6742
14772
23484
4009
5766
2038
6079
6536
10348
2040
10716
4868
31168
29408
950
4097
21607
6738
25198
751
9121
13530
31091
3148
5508
18826
16284
25449
28841
32484
4724
15472
29221
20730
9173
20390
18362
29395
26040
26094
31311
24337
26699
3727
23710
23505
24132
25142
21037
30163
15221
30527
639
14043
8609
27440
19595
6998
3983
9606
3693
2881
1628
14261
5468
23111
6421
32362
18908
4905
6790
26643
27700
4707
23884
1185
29987
13325
14898
17036
28367
6399
20666
32024
23038
18232
13817
16344
29576
10625
1448
25456
28173
12877
2425
26526
29667
9700
27303
11900
1362
20416
8657
31999
1796
10039
6408
25796
5303
10075
13351
31500
27701
24095
13154
261
1158
30395
9250
24907
9572
17233
21521
9902
4847
2512
31344
20534
8610
6169
2993
9828
18054
25440
27458
30139
30629
14037
28583
21119
28866
13700
27851
18877
12359
13178
14488
9099
16511
10794
24005
6801
8453
19471
28911
11464
25725
31634
15340
27010
22145
10541
13148
24747
15838
23761
27264
5966
3841
28293
31056
9562
8876
12881
2247
24743
17646
7002
31106
14644
12369
6734
22665
10931
18773
15106
5741
26439
11805
17754
13459
8076
28265
25962
23759
3032
32708
7898
5940
6848
16895
3983
4651
26846
10205
17799
12483
26066
22544
11269
21320
19079
23140
21487
3607
17592
9531
7028
17072
31666
7993
30961
20237
21083
26944
27926
18227
2675
1183
24645
27910
11546
10630
28474
23137
23698
25022
27377
4454
29511
15254
4036
26387
5132
10529
14293
31766
4008
24478
3243
14307
17297
19256
31776
31235
22007
27376
29818
30127
29444
10455
11224
27549
28515
640
30416
13850
29695
5557
29270
23385
5901
25961
1247
6667
1612
27374
31431
9263
9867
18280
16880
31788
19565
10626
2221
10269
29289
15199
17374
12140
4116
11476
24668
5794
30371
11732
9111
19837
22187
27947
32637
17220
21292
28527
23966
5463
17870
21044
9614
3082
6250
20352
651
22963
22476
5503
11360
20482
25528
18039
14217
32657
24618
13565
12440
30140
19426
12394
1752
3251
24608
30089
2607
461
7597
6034
73
17952
11034
30044
5362
15694
26700
3790
10692
24225
23353
20119
18691
27739
23020
7198
16325
13639
5583
18876
9046
5268
27689
13098
17882
9187
8166
8245
24116
21407
24727
16313
26407
23949
17081
20172
31163
17828
3386
16442
9955
23838
57
30770
5212
31695
30990
28734
24792
25526
6026
22392
4956
722
18559
764
6631
1846
22915
17049
6996
31072
31218
28108
8321
20679
19762
15598
22705
14003
29243
17068
32047
27473
9302
6584
6197
263
22820
6846
13067
25093
32739
11930
12147
21533
17901
4296
20549
28372
1153
5659
13655
14265
15302
19378
20127
22773
16141
553
2716
9764
30295
6412
17393
25443
22807
7825
12884
682
1593
6022
25254
19293
7522
904
31331
8221
15738
29046
19005
22244
19560
14373
29700
22353
27676
10069
10185
29504
16595
17636
15427
11678
27798
27202
9842
25468
25604
22053
5249
2913
82
1662
12273
32485
29328
28331
19188
635
31790
24046
32023
32655
4286
10782
29476
9425
17659
29340
30279
24784
12043
3977
28271
27338
7169
310
25591
19906
16038
29660
17542
10708
15225
11150
28468
8134
13812
27755
19438
6879
17169
13080
29211
27900
25869
20846
8831
28896
29804
17263
6240
9932
6717
20607
30184
32591
16287
19665
20427
18528
5764
3871
7210
28842
8117
28318
2230
5415
21015
23857
31768
3312
18220
29148
18065
26452
4316
30588
17885
4135
7286
21430
94
3676
18162
23086
31606
4311
1657
24569
20789
15740
19751
9044
18740
30348
2319
23446
30912
2609
25983
1379
11835
87
12678
16163
11200
31422
4020
18866
29958
23373
21281
345
13447
9386
11696
25342
31713
18695
5013
29079
25468
23359
30741
4069
19821
22049
18317
8798
20378
28171
17078
3435
2335
8380
7975
25555
26353
30563
4380
22903
7105
12027
8821
20033
20260
15067
31490
1367
18416
21897
32253
23700
5609
5072
24792
6200
32413
11794
7994
5854
12684
29663
28740
431
1932
7621
8472
19670
20844
29034
30876
7219
31192
27609
2171
24660
32380
26138
3949
16289
1133
26629
20665
8150
3012
7511
1272
25527
1676
8454
18459
12543
22238
4818
10415
21145
30794
11037
15456
2834
22649
16636
23996
27471
8977
30350
30522
379
1241
32653
32635
29764
10782
13858
2767
24135
31829
29182
5627
32200
25345
21926
28218
3239
3031
1550
23169
21647
32288
106
27143
21361
32096
577
3077
1073
32565
14275
21690
8095
14465
9308
5043
27048
1483
31113
8009
24270
13027
20459
31083
21973
26053
30362
12702
27071
12480
19643
10305
16379
4056
22869
5910
32474
21864
5472
766
2114
18956
7199
31492
19622
957
13744
18589
18997
14398
28642
29998
3154
3768
14662
18639
16197
13473
12937
9807
11312
14817
10752
26744
12612
30776
30085
9364
2612
2522
7810
30256
31978
4957
5195
14367
15994
25813
22705
20162
9300
13886
23252
26503
30141
794
29752
20912
29056
18778
15387
21590
23520
12162
9478
9645
10450
22025
6307
26505
5737
22526
1486
19745
19346
16114
5358
19987
20225
28177
30342
2729
27243
18578
7
17755
19958
5970
2793
5525
2030
29115
18937
14266
9401
11755
2293
7784
2829
7186
2646
10494
26720
4380
30573
9051
16800
1169
5809
29417
31781
17849
15448
5339
29412
3075
10532
20914
27621
26279
19328
18950
503
20363
5835
16515
22178
25956
25844
17714
8285
4381
5703
9721
26881
6780
25478
18534
4222
28675
5692
20648
26572
9748
6990
14814
30757
29017
9171
17301
19058
8291
18469
22667
17155
22673
24888
21177
25986
6708
3115
16529
5418
20464
3101
3973
9524
28006
32322
16328
19858
24847
5174
1368
22496
23915
18577
31292
6296
15708
16827
17930
2181
1996
22274
24237
4730
22166
27625
18021
26947
9380
5571
27407
31196
18261
16257
2727
19937
5921
16329
16651
29254
2943
5448
8962
13896
19974
15688
2684
22179
2259
22661
30748
26886
29740
4668
11763
7108
26466
32134
26511
7628
28924
23780
21300
17115
14865
2075
12393
14320
14582
25666
14262
23553
30490
8729
12205
4332
28205
13980
21287
6320
16520
16856
27856
21213
20681
22526
19430
28233
31933
24758
30269
25349
32644
181
15239
18575
16111
16786
3538
23625
2093
27605
17234
19498
32679
18258
9569
6580
18472
13749
28868
10534
9537
23389
11056
20722
7404
19054
29196
32113
23663
25633
9849
15574
25731
25695
6800
18273
16566
19343
9194
22485
19982
6828
14182
26667
21743
5530
29222
9864
31294
32698
13275
13933
19399
1724
11843
4653
27612
20404
3568
8357
8255
23152
8266
21287
18499
12041
6871
24503
32301
2489
26554
27514
26592
30956
7034
14699
31418
8602
30725
12624
14009
7635
8437
21229
7394
10652
25873
26999
25827
4601
16663
4939
13815
6731
32697
29152
26378
19420
6885
5626
2590
25529
16969
31777
18157
21184
11031
11602
18639
1017
3333
22516
17375
23850
28825
29965
21849
11685
12963
19894
17223
32613
24843
29901
24413
32345
21708
2281
4385
27136
11585
21139
19279
17718
4256
4787
28795
14414
21956
5448
27384
22880
31535
23644
31737
20196
3919
30520
1526
128
28160
22996
22097
18975
30547
18577
12858
25923
9101
11306
10960
31900
6259
25064
31880
7641
9157
23574
32211
32190
16137
9909
24827
17015
137
9329
19790
18476
7583
6099
4991
5077
25136
19639
329
26704
16759
30209
6229
12720
25604
5004
11358
15065
22276
29795
11411
24906
16578
10548
7229
15161
15982
31489
32417
25573
20254
14873
14888
25128
28690
31047
14013
23883
20028
2377
15223
5151
12543
18563
20344
19017
568
6901
8725
8158
6011
7787
15927
1840
8351
28403
3328
19687
24444
3988
27570
26195
3315
19261
22733
31232
3887
8700
31864
22155
25899
5744
4130
19381
27508
28545
26985
6582
24113
16974
11323
27348
15456
22631
26683
2867
28770
17981
9574
21231
25018
17879
9206
30312
21522
10694
21382
12509
14206
31834
17784
32061
19973
7958
7828
20793
19038
32354
19441
3742
19447
11648
32537
7906
23612
32449
13672
27900
20757
27641
20149
12665
14512
25392
30517
17613
12930
19354
26779
27623
22920
22218
18052
21256
9171
29218
6675
10964
23363
27790
12504
7082
5011
9330
25335
817
16789
20960
1158
12339
22463
16655
1590
4271
3047
4360
2358
1577
10827
19107
27220
21573
6612
25522
2150
23956
30108
636
18920
8878
24493
5485
9702
14209
28940
4875
13341
8936
27382
30252
2141
23680
3433
19046
23857
23735
14054
23752
20930
29477
12662
25799
16121
22304
20715
14715
26596
9866
18024
26380
2395
18158
19747
14439
3299
23755
5226
2357
25298
19760
2788
29709
18356
32137
28442
12520
30958
17849
18741
14294
7329
18537
12809
31728
24785
9631
2899
21134
5575
15250
3391
23226
18355
27069
19758
30948
7062
2610
8629
15063
29535
5425
2025
14315
7508
8953
28122
16764
4788
16350
1629
30620
2459
18076
2575
5637
24101
13547
2454
3409
5846
11859
13610
15470
2106
8514
15701
24140
23496
16988
12534
32728
32268
21010
31884
4654
14342
24694
28337
27914
30669
845
26085
21888
3191
12902
2957
23790
22845
15915
16443
11310
17371
5238
7472
3856
25142
18342
12064
21511
11073
3057
20021
21538
12065
7932
14166
14142
6800
19880
19112
18555
2431
3119
4949
28396
27903
21617
31885
7827
2145
16008
22475
21900
18844
1954
6234
31112
240
31504
26647
10621
15305
29082
31096
22428
18150
23318
15053
16260
7098
1593
20166
3253
15635
6828
28214
17735
18169
31074
5910
19676
13785
30506
11469
5075
10467
9600
28079
18110
9136
7593
25027
4630
4904
511
9929
20014
6563
10633
15739
10086
26190
10702
15380
5793
7121
13035
2575
15865
2606
29156
2353
32177
16364
27960
20425
21866
13942
4024
22583
26010
7614
21912
18859
9531
2853
20423
15919
8128
3999
29052
10728
20301
30994
23570
18328
26407
17152
7445
11880
8810
31334
4765
29925
27386
6372
27098
1352
27835
6941
27633
1786
26885
22113
3334
343
24146
20874
29082
7091
22586
9507
24088
7834
31650
9936
17578
6748
9008
25577
25937
22217
8194
12137
13365
28730
29343
18183
31290
17873
4141
21410
25555
7425
2021
18658
29211
7760
7365
26653
546
3931
10116
27255
24196
28187
21707
5710
3905
20840
5026
17365
23496
12987
18473
5374
13141
1336
5768
25758
28541
15852
23080
12492
9480
12627
7460
1161
30462
27165
9210
9383
8196
23857
24967
995
9705
7923
26418
16981
27517
32194
9575
15370
5282
9669
4167
27375
28837
12776
31901
8176
24270
20001
18708
22370
24885
20216
10152
11422
20952
25158
7003
12527
28139
15677
32297
10671
11119
27560
9021
31148
3334
9332
26981
14801
26630
18288
20932
17666
20684
26705
28359
15175
8531
2809
16218
16429
19973
29945
19035
30825
31952
14420
3662
2751
4733
23430
6483
10274
10813
17092
23894
24349
11141
16006
5254
15985
29212
25411
18952
2816
15475
3707
23276
3305
21556
15611
864
14325
9501
5725
19491
13106
13839
20942
27709
989
14434
22548
29422
24453
8572
18127
19940
26990
674
14590
32688
24372
4877
30918
6779
30896
8257
32367
21237
32543
22682
24752
16271
24449
9256
6700
6122
15424
32701
18492
2191
16914
3651
18159
28384
17440
21587
20047
4431
25448
20996
29926
10189
17760
28417
15233
18565
7644
27871
1588
3275
4145
21421
9886
591
11163
3276
23406
15511
1756
8193
26918
6828
16166
18120
12320
5395
24123
18923
25550
10238
27603
23892
18245
11716
11838
28191
4861
15759
24138
5876
26578
25172
21095
11924
29519
15881
25865
9393
10540
27922
6734
8451
13845
15868
18657
6296
4014
4461
18974
19820
17875
30299
30071
27705
31012
22141
27414
15504
6849
18175
29123
5929
22866
20858
27657
5752
24395
18723
10388
13696
18030
67
4574
20716
25745
29159
267
15964
21921
13272
14353
28157
26343
17613
18203
19036
18314
2784
24880
19068
8789
5695
25615
27174
1211
31780
5982
31872
14104
24071
26372
3297
27194
28946
7380
16868
24096
6613
23915
30395
26113
28731
27739
32454
28049
16316
31625
18276
25471
22485
2515
19466
11586
16565
5366
4242
2069
10298
8879
5589
31552
6939
25889
31867
16282
24167
32375
18962
16460
32046
10186
1118
6359
24189
16197
5872
13401
30608
391
14074
29196
28228
29256
14690
29455
16331
14400
3861
30057
16291
28740
23454
24651
713
15283
23031
26005
2858
3600
927
23708
18266
32240
11756
14890
14984
7447
4515
18887
24754
7134
28870
3127
8981
15320
20141
24388
28904
21940
28248
21182
20553
30309
2820
20159
31608
22401
32508
28467
24131
14055
19634
14488
1985
20901
15886
2563
25667
1561
3590
28772
21384
24918
20591
16138
28464
7112
3091
4458
5491
18716
15107
6684
3091
16218
9519
25382
20367
31060
18739
25469
25242
30788
18292
3529
12747
26801
876
15465
24470
3730
28482
7863
3195
15542
13726
2957
28541
23395
13755
23816
21206
16958
1470
14731
18665
26986
28486
28167
11640
13812
6724
15738
18199
25967
23053
18870
7393
23771
20653
31076
21609
24268
23678
32584
11252
27848
1018
26311
25829
22512
21454
18854
12920
17634
25391
4884
179
9951
29297
29675
10138
30249
22486
27699
24227
9647
11940
3560
1129
7148
31866
23804
3748
13069
16611
28832
13913
1106
9004
14784
13390
694
12915
4812
8641
10450
27649
31934
20825
15871
31706
11609
13405
30395
27537
21166
8228
29774
13153
12261
1997
26541
24954
30522
32304
23454
19353
1350
5139
27165
32475
24960
26274
24830
25043
10243
29209
6613
15578
16530
31940
2323
7334
1753
11817
18545
17183
18421
9860
8338
6765
14647
10867
21987
24150
19493
14067
15559
28615
962
4491
22769
1712
12048
10439
3088
13845
11474
22760
6066
30307
7318
26842
30306
10752
8435
21350
20500
20517
5904
12457
3524
23024
26469
21445
20569
21941
21446
28886
20175
25750
26269
24360
24469
11859
26487
19367
12596
18275
30914
28566
30258
15683
17108
8068
2102
15630
20528
18044
18028
2126
32517
8573
13099
11281
11256
20265
5334
11840
31267
1985
7680
9517
23646
4433
24787
28011
17341
17448
4530
29154
5978
13195
23837
14882
22868
20139
21717
13048
7447
3540
14401
25919
13022
32742
7185
3833
11383
19465
13601
21151
8006
31645
19104
28853
18317
8304
4977
16288
28907
11060
721
21948
18466
1584
18491
6570
31261
18485
1672
11495
17457
5076
1627
25763
22947
30414
26556
17616
17002
24012
5891
12665
5943
28752
2296
19029
16051
26860
568
9372
4103
15794
28123
22297
32418
11499
1875
3201
13110
524
23447
4099
13828
9957
25986
2080
3674
21788
18805
21437
31578
31706
29764
15734
10748
11716
8528
31030
3159
11053
3056
8196
13852
23689
20502
7712
25187
20773
15919
18255
1706
5654
9802
1395
5914
31088
24189
21854
24589
3512
2180
1512
6350
411
23212
27967
5023
8159
28656
2175
12033
2971
25441
14723
27695
3235
15051
5882
20204
71
25749
701
27262
16957
19689
31328
16379
8667
19989
22022
20931
14217
49
27002
4174
11895
11266
15228
1064
22155
25887
18265
22841
4766
3922
31935
12106
30439
21313
29134
21445
11191
17998
31602
18620
26727
18875
8177
15661
6799
25874
6080
23173
3449
8132
20635
2914
9686
7696
9940
8093
1455
1318
18668
29064
11422
27277
31072
28788
26685
21186
8901
13431
10463
802
29207
32620
3710
11017
27471
20282
16885
10300
11315
25946
28271
27268
20850
26515
28448
15004
12784
32264
1331
26701
25695
4725
10755
9176
17167
5302
20877
1684
25095
26761
12582
3800
11092
24724
24169
4891
5537
27306
23156
28762
10504
20810
23892
30651
17960
13928
30141
24431
25464
11120
20734
15068
13530
2697
16181
15868
29044
29975
18367
20480
11195
7043
25075
12602
28624
12862
9744
14393
7184
14339
2675
27190
10215
29021
270
29359
19684
15722
2325
15953
17939
10206
2298
15643
6535
23626
1180
4033
8246
24223
956
9294
16394
11502
15536
1550
3124
11889
22363
25771
16324
5071
23644
5782
18038
3228
9350
6824
18383
30239
23696
23818
26729
26457
28942
17234
13708
15938
30368
17390
28413
4694
25194
3270
8987
12368
9924
32029
20775
822
2098
30392
1508
3733
16022
19011
9824
24078
13988
17136
23825
3601
1943
5473
23843
20969
28962
13768
28689
6905
30122
22861
371
17733
25778
9904
7447
27956
27031
23087
4946
21140
29309
24746
14232
27870
905
11781
27979
5307
19025
21198
30417
26312
1424
5407
15081
17302
5407
4294
29759
4342
17952
8868
32574
8307
12156
9043
14885
24351
12945
13580
11101
12947
29732
10439
25098
10033
24989
16035
17632
21420
5747
17801
17207
5579
13797
24076
7266
3177
3307
25748
12605
29377
4204
18108
5126
16616
2993
18424
19054
13723
4890
31099
30191
11579
3855
26968
22111
27158
29498
19687
23238
12776
30195
10858
13421
25762
23548
17904
8247
28777
11375
21882
23092
18146
24820
16477
28532
14253
26167
28135
25113
21551
154
26437
21424
16533
26919
20644
10690
5653
14024
32151
24741
14967
26554
9401
152
20693
7999
30355
26896
10143
27539
7104
26188
18401
10274
24142
17711
2505
20472
616
22863
21092
21625
4658
10570
24232
19538
8437
13657
16311
3759
18812
3111
27746
3759
27582
8675
3052
2836
28093
7571
24081
26176
941
4268
25671
14941
17241
19680
12356
32219
1731
19512
31680
19487
25098
24418
28028
9849
12433
5708
12163
16727
32094
5874
15024
12729
19136
22132
31600
3813
32053
26731
13257
23644
28042
22653
16028
20492
26180
16943
6183
18631
4159
6907
20429
2292
4757
25251
18202
2437
27073
11716
25090
31017
14853
16046
3177
15298
8457
8307
14569
32281
19140
30782
15567
12752
19871
230
11622
1433
4568
25795
8825
11686
18469
27073
531
4193
13211
9138
14729
11100
19149
8425
1978
17547
29752
17668
15510
15281
25055
17929
4573
4120
20530
32693
297
28293
11316
4368
15151
23403
25821
30789
9282
19807
27581
8369
31257
19404
10467
5946
1745
26088
26109
22754
1333
5606
29889
28571
6718
25710
5259
20830
2006
24650
23367
13687
31969
15970
9617
21539
9854
13802
21019
17500
26250
27866
19535
27636
21351
2206
10806
13793
25851
14095
24985
728
29435
17315
22630
2077
26729
3296
21588
4249
20571
28183
3530
21549
8191
29006
27134
22854
25052
23934
8282
5297
9818
29951
20259
15281
23941
30784
17244
31823
32270
16571
30696
4082
7570
2088
4080
23599
24095
12273
20612
5602
21749
7399
23941
6782
20105
31539
15810
29601
5072
32399
27233
14572
5305
29366
28033
17425
7164
12312
21533
27437
28690
18643
30515
13657
1412
479
24614
15739
9833
27784
19554
14179
13098
13346
5182
19219
24713
29688
31014
14941
5858
10629
7929
1204
22192
5863
13488
32060
18002
10640
4161
1827
19728
14655
16834
27700
24409
13102
25042
425
24654
1421
7989
3905
15493
24368
20414
11411
8710
6021
2162
2210
31130
21192
234
20401
1350
13946
17913
9049
18450
16911
32655
22744
6926
8167
19933
29100
5015
639
442
609
7895
25065
13382
31655
30347
11641
461
2471
21257
17858
27630
32151
32385
21184
9980
30092
11651
19031
22180
13968
16577
15100
32208
27893
21527
11955
9676
18153
16072
14905
167
7498
26891
3202
2781
7867
6854
4710
28722
12535
10137
663
14305
31845
7198
26070
31734
21997
20591
28518
12281
31499
1001
14785
15052
21537
26160
15243
26582
12562
12659
2244
29538
13324
14834
13377
13889
24229
5821
25949
13495
29994
18366
30188
5269
11315
31993
11376
16034
21627
25363
26256
12095
30959
6417
18373
14923
8965
13155
16471
17989
14671
28705
136
17072
11344
148
11278
23996
25998
3064
25031
15650
11496
20352
27561
15952
30762
32667
11000
454
22751
20086
5307
17856
31847
15298
21104
21525
29257
4535
23295
1887
11466
13145
6125
11100
28606
8186
27346
15508
8606
20480
9997
19260
13019
20200
21430
1371
3954
13963
18900
11307
20161
28576
720
30914
5528
23427
11050
13297
24212
19253
19819
1389
7336
26531
10587
15916
27645
28459
2931
8722
17660
27740
14485
29901
26025
18941
16891
19966
25906
26705
21870
30873
9671
6042
23992
24974
6317
7132
1883
22953
2190
7651
32131
11958
24084
11655
29498
24554
4790
14639
19675
29054
17873
7828
32201
9117
10234
14536
28256
4224
12435
3958
32300
30168
20892
2923
30297
11628
7628
21589
107
6403
5344
15307
30000
1412
2612
22926
6130
18780
22928
15631
4592
8736
24132
22577
16912
5491
24695
1871
13518
22827
27836
23169
22648
1711
18918
1051
16797
7587
286
4215
5059
6600
11314
19189
25176
8221
32304
29759
7659
1867
14900
11730
24988
16191
3198
16058
13521
23577
31175
5532
5419
18501
22741
11258
23737
25063
2638
11955
22635
1917
25290
4041
8905
22464
31531
25959
5860
10442
23345
14883
28557
31358
12873
12928
26310
26661
4774
11191
26998
23893
25235
14263
13153
4631
30728
6762
26454
4680
4731
11322
30634
21568
9976
17876
29414
8882
12916
6443
2237
24019
1631
7104
23361
22463
17272
26146
28758
20504
30437
11440
22374
21232
3459
13734
22358
32489
4475
28760
14521
30362
26134
4536
68
309
30162
23070
11650
7783
1717
26697
20937
4480
10465
15777
4973
10196
29545
22462
28979
15969
867
814
23049
19122
28990
19315
27892
27395
12374
11340
30025
16805
3270
26678
30496
8100
15229
10289
24582
17064
12437
18631
12274
10777
12256
30795
11899
18310
19395
2655
71
3656
17991
9400
12487
9826
2157
10534
1057
18092
9154
206
9582
31281
4660
11450
1318
21717
10276
16277
31704
23355
27836
9391
1311
8677
19587
22600
9937
26525
23086
29962
22649
12052
4538
15063
32520
7114
20919
29381
20679
5677
32487
21607
13712
31493
1543
20559
30526
23055
12269
25552
22114
2024
31699
23049
22328
1837
29683
7710
23257
3297
12372
713
22705
9231
31715
8978
19508
13488
20421
16474
10957
29134
6380
16798
30231
29418
31720
14330
15952
31900
2816
3180
10507
15481
8834
15067
20516
31801
24407
15960
3321
4122
25562
4771
983
1151
24299
28401
947
20189
2366
7660
3611
1495
3321
5884
7020
25768
2943
15557
28484
7618
13702
25841
4410
16564
10608
3375
15821
14161
3032
24955
25499
7695
3691
30625
212
31661
22777
25596
29933
7193
2251
2948
6809
4752
14904
22280
15861
9991
20595
11191
17154
13002
28583
19685
4185
12387
23878
2828
4634
701
15006
25617
26918
14217
19885
30921
6798
18657
19510
31676
21323
8747
23828
32041
5167
27713
17359
14410
23067
25807
27245
17880
5747
17660
15754
22482
3023
31564
3755
25211
25331
15556
28880
22178
3074
12624
17224
20773
16366
16227
24265
25528
13875
15069
6336
23267
25285
31537
4326
9546
20550
7367
32020
16433
27261
29087
26456
19775
19716
25912
4680
13698
27200
22448
30614
32180
7830
13356
5349
12221
988
18042
31451
32120
6414
5109
21112
186
4675
15273
19622
15505
25823
8632
12305
17353
25609
27133
31032
10421
352
1518
16581
6700
1513
22983
23577
20945
22348
15589
27692
14231
7489
22895
20116
24197
23365
12092
9443
16055
21137
15857
26166
20646
16460
6762
12043
28073
19456
29532
17235
6587
14923
18744
30409
6782
14295
23890
28545
32640
20619
7234
30404
32701
26371
1930
19483
20582
16446
25210
11946
22753
30615
9809
4287
26641
28407
421
10667
20183
3912
26373
22993
985
27949
28380
5372
13442
9712
4248
18166
26442
2236
30476
26198
4919
24588
29715
10649
20643
28515
22391
4724
1857
31038
11537
17257
15707
24902
9777
21401
27741
16075
12864
5337
32407
29550
2723
7
23103
6685
13795
15263
7605
25157
17931
28809
28939
11074
22098
24885
4293
29723
3066
30442
30173
29548
7800
14683
16139
27555
10965
25724
16195
3951
22100
4243
21886
2678
1109
8338
29117
583
9081
27300
27467
9103
22023
20230
3139
3983
31119
12568
30291
15821
20941
1716
17599
9738
23247
29118
4009
18037
1626
6140
13455
23070
26763
11560
2069
21421
6074
25412
21765
28756
17315
13614
19604
30466
18376
16244
19431
30682
15633
7017
6869
8163
20150
28793
2031
29953
22110
12217
1469
3620
905
11714
11595
7103
4651
3776
18916
21628
21657
14534
21022
6702
5289
16485
29207
27398
4117
892
2813
29451
5153
26193
19412
20932
31870
26337
18291
26679
6509
31349
11216
17176
16680
26998
32382
30010
4221
7554
628
30281
7868
5567
11024
22971
10451
30064
16476
29188
30648
24774
6287
13321
1543
7160
2775
28376
10477
8342
32597
11158
16452
7450
16489
18872
12799
4800
28977
11127
13513
1431
19788
1661
11753
29400
5604
11493
9833
375
20459
25186
7031
8441
14244
4542
11787
2693
3430
30343
30154
22589
8093
3845
31531
9935
13841
27246
7384
30022
17003
10077
25687
14119
31221
13953
3561
19641
15521
13714
18354
21924
27981
30346
27675
4541
8005
1809
15221
17441
15625
19513
22751
19585
3153
1643
3689
27324
13135
20898
7289
24755
9012
30166
6254
26201
3061
7100
7812
9225
15695
14764
23287
10013
6409
19682
11884
1212
31353
13034
29068
7923
14153
14166
7154
16391
7547
10674
21063
10
4779
4026
8107
10413
14484
18378
24151
2901
15062
12181
4993
32113
10743
8986
17024
28426
1959
26580
31537
20379
26696
22577
10137
13604
19885
25414
23756
31098
7970
13505
13069
16865
25261
6431
26934
9436
7060
29215
22363
25156
29215
20342
29866
24984
2207
32708
29845
27284
8623
11719
16180
19461
31674
24014
18660
25819
1470
24433
3381
17280
20815
1920
12547
20328
26078
17977
4066
12522
22843
28094
14528
27470
20825
15558
7621
23847
21330
402
31614
6883
938
26915
15163
22432
15320
20138
21685
20545
6402
8000
29428
27841
26633
9687
24688
3016
4805
21360
32375
11388
29330
22415
19406
27290
11275
7404
16027
197
30741
32364
30082
17694
32288
18511
1039
21524
9129
22955
24148
23934
29955
31257
10195
18407
2904
14254
27038
7720
5099
24877
29628
31549
23711
28794
28111
26705
2493
31058
23284
24859
22770
28730
5355
29293
5527
23989
632
9994
8757
20922
3336
14009
15177
11109
6552
11159
22340
2285
2259
29105
18390
29654
634
1234
108
7528
4105
12442
9720
16223
19096
5840
19440
29924
8191
28665
665
8124
29501
14890
6789
11712
7195
18970
16730
21133
2572
29307
23510
2428
3672
13707
16656
29653
4473
13542
15105
26431
14277
21406
28738
16507
14670
16013
6935
20050
28935
20202
12717
26828
26408
31515
25504
2211
23251
18890
4288
29431
3831
31547
7445
19779
24181
23773
17953
11664
23425
31519
23908
31465
32331
9604
3110
12814
9951
30970
1136
25197
30282
25704
17244
30541
17151
23430
18574
8525
11385
11249
26371
29709
4641
10367
4874
3115
29041
7887
20879
20849
28506
19237
11423
10572
4323
15989
20777
11648
26388
27326
14850
15131
12818
18842
3116
28071
16267
20754
2136
23204
2132
10934
13737
8502
20817
24814
10683
8730
21398
30347
4580
29662
12235
7329
25018
26450
12501
31385
19157
12346
8627
15490
25046
1605
15013
23464
5287
21059
27028
21864
22021
15250
31150
17474
8764
10713
24145
3888
16690
3833
9514
9014
27047
3393
21406
27451
10683
19938
13160
31255
14513
7074
21124
6893
5618
5588
14924
15291
6485
3975
8674
26159
22685
28414
8141
15037
1604
8544
7911
8686
11639
30385
6774
10235
28513
31233
26009
13978
9644
6627
486
8472
3653
13601
18769
13992
25696
24494
28495
20219
2749
29660
7484
1296
11049
17359
11770
5198
28487
32562
19676
3024
13968
8488
31682
19456
28057
31366
17541
615
27284
11327
6549
6083
29466
9760
10720
17498
20264
32189
11254
16015
3431
12715
25707
14259
23728
11503
27517
6941
7887
7863
30199
17277
6279
31304
9558
6765
25303
13112
9001
22089
380
2525
3006
19009
17079
31749
27642
31916
19536
11751
22153
30623
31195
24410
21560
1983
28730
16709
13214
23891
2659
16215
31746
17310
868
4600
1913
25195
420
11391
2127
15849
26475
23461
32168
26809
3236
10297
23399
7238
17890
21014
26959
11093
23714
30547
7528
733
23760
15289
30117
11544
23436
1146
5315
2778
6957
7199
9844
14114
12422
21187
20157
18670
3433
28287
10397
26452
5226
37
6127
25551
6629
28721
29329
20183
30275
22524
17606
15028
3448
31539
13529
8339
28624
30088
18948
7130
30700
28839
6799
28601
2567
30316
9532
2817
22655
13139
23011
32314
20880
15664
5466
6128
6754
12832
5271
6989
15174
17343
8985
17645
24892
667
2180
4589
22714
32233
31115
32069
9640
2935
4114
10072
23727
19426
3732
7114
8627
16137
29379
10642
28574
31937
7023
336
3424
26059
1449
3552
21556
24835
25896
15151
11044
30937
7148
8013
23503
27909
21792
14788
9322
3191
18245
15657
11013
27533
24973
5872
13839
19081
26757
10628
19997
16450
17911
27800
11495
32026
4111
26551
7571
14895
3004
15139
12855
10454
11865
10972
29337
30277
25229
24575
26681
14223
5232
21585
11153
20950
18671
7196
22171
12987
17521
570
148
27930
1211
10863
9984
3573
4624
11772
10222
15789
27549
26224
12669
376
4885
23234
19103
12559
31641
669
22813
29863
24538
21499
18651
24355
17281
20213
14430
30856
9167
31705
20107
19633
7040
3966
7601
21060
32246
10708
14282
15844
11667
25279
22526
5544
12647
6438
17769
6348
19979
14407
21278
20391
9676
26445
8556
22493
9228
22308
1120
16598
14310
8844
13194
3183
8721
29804
9988
10223
23047
26729
17841
28988
20070
22968
18627
7247
1174
5168
30848
3301
23468
7076
9797
30839
30350
32111
1995
25709
4440
24656
22441
21647
17919
18041
24346
15804
1077
13794
19713
4318
16524
15075
32298
29213
7901
30978
6867
28755
7147
15882
11627
20672
31300
19293
5785
17152
30312
18826
640
4409
1581
6690
17218
8345
10082
31688
13506
22016
435
13448
3503
13049
24524
13930
16830
16111
17346
29254
22838
4254
6830
19673
25010
3015
21403
27161
23586
10024
23970
17094
19476
20139
20819
14402
19506
13790
18775
6818
19467
11939
11860
21765
23318
22569
31249
13348
9459
14874
13787
31531
757
8214
14375
15048
18142
18785
25976
7809
8937
16600
30851
9290
21262
28970
5521
29271
27521
18756
11558
16175
28796
1293
29152
2
6974
28244
26017
20796
28756
10758
16881
19802
2839
26021
16285
17916
17014
30965
420
4924
2805
20473
10068
27967
14838
12573
18865
1033
3639
13237
26646
18838
8605
31398
2079
8742
10288
1891
3269
28376
8294
14620
2251
9850
22692
19506
4186
28832
28162
28141
19944
30451
10319
14449
24158
24780
22357
10990
14457
11522
5469
29208
9072
24064
4854
5335
216
11290
20467
22847
28101
12833
26035
30146
32563
18484
18085
25252
7588
218
5898
24496
17418
31822
765
554
9702
1562
13745
24324
178
12519
22011
9556
7293
25748
11280
15622
16341
4741
21647
15822
6889
1086
9410
21089
28143
30768
9249
23525
28356
210
16151
27046
12754
23028
5897
22794
6711
10321
5013
12743
5412
22371
6423
4691
9346
2427
2162
16541
31964
19984
27661
13050
14969
4695
30235
9570
29128
21
13344
3804
7938
16050
7088
2871
14602
19086
21626
3323
27544
22168
25478
27551
15510
27676
7099
8700
8394
15580
30628
20738
17334
23395
16500
23210
1724
19862
9799
10539
31622
11660
11690
30321
23973
19615
5726
10187
20344
3267
8025
4580
24144
25623
19470
14580
4561
16058
3822
24887
2716
13024
32047
927
29739
15141
28620
31430
19963
27425
13773
31782
20465
21052
15304
12684
28151
195
19624
1738
16102
25404
20397
32684
19112
26615
10164
10798
926
8934
6073
236
28479
25518
20634
20954
16898
29182
3101
32053
29310
25632
22837
8378
2000
17358
32129
789
10046
30022
4118
21404
9498
5281
12670
4669
7400
15712
1280
13237
21699
28744
20258
22019
28668
2928
23917
6429
13573
2200
7024
28641
27277
30140
30984
32078
4077
23529
1502
20980
29891
2128
26160
7593
29660
27545
1237
10622
21848
889
9851
11762
7176
647
16948
22885
16923
10827
17201
6863
10490
2968
6092
1201
16496
8476
12748
23628
10510
30774
23525
10514
21966
23559
2175
22618
28918
14028
32185
18775
2111
7531
684
21835
17463
14667
29172
10232
12004
1129
21869
31831
19882
2985
28474
4493
4718
11114
21516
27675
26620
31324
31392
14165
23974
22166
25738
23317
13870
18659
17458
6576
24039
12893
17436
18985
3094
30782
21356
677
5022
8690
7081
18207
9949
7537
961
4189
4817
7627
25677
16163
13695
18436
20759
20390
13205
8739
7129
24899
12622
30854
29768
26225
4758
11640
18769
4341
1647
9990
20387
20053
24979
20238
20845
26766
3162
22936
11113
7945
2015
17769
6937
19404
20062
19158
16977
26862
4833
11479
1013
2637
9244
8284
7684
8067
30357
15844
9429
4629
6664
12619
17313
5102
7689
7139
26178
12812
10731
23751
12346
32634
19425
13164
25847
27774
17251
28793
9558
7699
19155
10457
9829
22937
9313
7950
17773
22732
28204
22216
7472
6643
425
1718
111
89
25161
23708
32175
22785
32598
18342
20541
6038
19742
15612
25200
24481
31060
10902
17710
11775
16051
3154
16561
13969
7140
22339
25227
18997
29090
12108
11496
22773
19484
6894
19220
25727
23451
10591
28477
30421
24676
16092
15737
28998
3552
31551
26635
18333
10490
28372
24802
31640
26057
4457
17506
27804
18543
12196
24935
20390
3393
17050
647
25477
23592
26012
23704
13639
19270
24148
18034
2289
29917
27410
7670
14963
9325
19296
32336
10970
24349
14044
11128
3528
19292
13895
22271
11041
15304
4825
8712
26888
24911
20439
149
12810
26772
25192
25092
2968
1684
7077
17113
28859
14473
30959
3005
17667
15119
20101
25031
29633
31877
85
19451
3957
3766
15635
21008
1418
23480
28553
30839
14913
8725
23086
15768
8428
31785
4345
31839
9308
30411
17783
22519
29596
31536
6428
5333
1760
4107
27095
761
28856
13817
19688
23920
20361
25373
11254
17182
29502
25095
14428
11450
2875
6107
10437
1050
28818
30127
29944
16561
24698
6452
1013
11606
15101
24729
64
15174
6640
30124
18045
1645
21544
5187
8765
28385
16619
4058
19736
27568
20389
23677
25596
31451
18396
7913
18116
21154
17766
2030
5644
14338
17626
32535
17220
7805
21572
24717
26372
29977
15389
21049
20895
17579
13434
29737
2555
853
31363
28725
11936
16718
23079
11490
27918
4833
14
10118
852
23481
10191
14765
32734
24411
31332
19900
13199
15092
12507
18132
2576
11349
20301
8185
15463
19004
3092
1652
4555
4565
14137
29557
8886
28032
13868
2301
21053
6357
26552
13819
29085
1509
1077
26038
16918
10179
19968
15978
18684
17988
9768
13110
10763
16130
22890
27957
31739
22439
14688
20460
19284
1384
22005
7396
16260
19919
27420
31383
5678
9406
22210
25233
26822
27569
11008
15055
28763
30275
12438
7787
15283
14324
28053
6523
2973
32553
1115
23606
18819
24948
32452
10584
19519
15638
22943
968
24367
29634
25695
24440
16268
17060
18707
22925
1015
23458
20633
15297
8789
9186
14094
20229
2013
15244
9352
16746
30575
13009
7688
9025
8744
4140
682
16257
11827
3047
26911
21354
8162
9442
29021
26984
22781
29328
24213
23354
8794
22594
3430
16211
29613
32168
6736
17793
28066
12436
19563
18124
14889
5122
6233
3233
18193
16470
20345
4912
3801
14564
20317
19218
25539
23221
17791
7727
28969
10376
23343
15327
26388
6168
24016
28751
1035
17565
14148
2855
28969
10901
19109
6505
9331
20676
2358
30364
15720
634
21401
31019
4057
32532
31554
15880
20730
17093
30763
22420
6842
19607
9929
25539
14672
1452
8768
19835
30486
11722
3795
15678
23195
28951
26782
32009
2803
2848
10887
21372
20050
6944
24946
6714
22234
3456
32692
5011
20912
16026
1226
17249
27733
15042
19788
20271
17460
16263
7964
10657
29815
25142
17891
3344
13855
32672
21438
2420
18004
22813
23092
10631
1785
721
12140
29479
3460
1838
5020
18172
5133
25530
19141
25436
164
17171
32414
3691
30440
6192
31949
11143
10198
32489
9565
16355
21470
1466
7533
10865
13116
17604
6693
4870
14469
26132
22511
21689
24960
808
4579
26508
2616
31663
3458
3406
30287
10641
3752
17855
1173
5679
18364
19958
16601
5356
6698
12032
18432
26348
15123
8138
12884
19484
4163
15936
30750
9586
22883
25527
1142
3190
31087
6280
27226
1025
29803
27390
28670
9796
30034
11635
25699
29709
28752
24501
29483
10566
13616
18351
27308
15038
1560
32069
10307
24877
1652
28031
7914
21874
5680
6378
11277
8734
27946
4411
11930
11830
2791
31286
5208
25909
20101
4558
20857
8273
19184
910
30322
13567
11097
2871
22538
19641
15332
10923
32177
27135
27297
30473
18964
16028
21694
16666
4590
14122
13307
7404
5409
24536
16477
3260
3589
1643
23079
21273
19200
15747
4102
12359
1623
9504
21900
3810
28739
7268
32223
25539
8008
16539
20147
17704
23234
23928
16245
32014
29633
12961
14537
6882
8214
12911
26679
18521
2990
7662
31777
26013
5151
8748
23545
12457
25217
23216
12465
31734
22399
23880
20850
14423
32173
13064
26768
22049
30237
25231
25790
16784
4909
28556
2686
32358
5538
29569
14812
9941
16379
13255
15452
20895
13311
22739
12081
9084
20121
10935
23983
4028
30181
30443
8195
3117
3467
846
4642
15423
1356
12904
14079
22374
13786
15602
23553
20160
32749
9368
20660
30200
24979
17405
18111
13162
30151
8192
28182
31624
4678
24126
8560
7036
30622
1239
14076
5903
18312
26486
18767
7625
13687
25995
3233
23385
9585
24027
1082
10040
11550
31547
11303
22410
11039
16024
27441
15173
26784
27195
24848
32660
31025
12875
25819
1150
19665
22164
18371
25795
10316
2438
12289
13574
30664
18561
8205
15921
12186
2384
32273
14102
12126
24819
12189
16722
23366
1953
7580
11639
24498
24077
13447
19050
21249
22505
13528
17417
10663
28584
26562
21777
12416
1929
3103
20543
357
23505
4010
17590
9724
27223
26734
16801
23764
29510
8830
32025
13489
30495
30183
25161
29220
22013
30947
19152
29535
29725
16975
26470
1608
1949
4191
7107
25804
29572
18321
20925
19318
21507
24031
1968
24128
8187
1593
7714
20393
958
12338
10407
32263
22810
12282
17923
31519
24724
8844
17295
12787
8177
25128
4062
7899
2555
7940
16543
19927
21377
28735
12229
4900
6560
28950
29670
12813
15681
15962
14305
26116
6115
26657
13764
497
28059
11197
22765
6602
16472
2538
19311
27236
26732
3403
29367
29577
5704
21784
8047
30794
8583
14353
29858
22934
18735
5046
18977
32524
18739
7097
3622
16910
26940
15796
27192
3863
26792
27928
12110
12622
27603
27493
19767
31835
20118
24737
22841
18553
14
22531
26617
29900
19359
29935
16026
25590
13112
29735
7977
9957
16088
19775
13369
18926
25937
2129
24522
30752
29260
7155
29040
26834
3469
26470
1969
19327
18296
7440
8366
9684
20180
12588
7686
22534
13264
8385
16375
15209
23619
9424
23494
3903
3384
9682
20833
10189
11690
866
1092
5045
9868
1078
23449
11135
1037
595
3491
16249
15385
10113
14940
22465
15907
19965
6493
15008
12322
22895
16127
11545
31961
7195
15552
8642
5980
7259
8424
18899
6096
20045
6508
15485
5490
5577
15890
10365
25051
9366
17878
17392
2434
2269
11148
28265
15746
32733
1480
14657
2717
24801
5627
18990
385
13423
21214
19479
13387
19395
29204
25127
11594
27772
13579
20769
17157
25748
32035
21235
28031
6805
27410
18573
185
28170
3463
15859
28793
31796
25357
29841
330
7423
13106
26576
2756
11316
745
32742
12045
29424
10286
26354
11168
17749
16616
13384
10061
10367
4371
25097
8577
5306
3102
16632
26312
10226
3474
24200
11920
23659
1269
4410
17968
6066
6382
7973
27945
9683
1450
13014
18091
29900
14973
4699
1115
9282
31437
19611
11859
15731
1580
20713
11370
10092
3012
9432
29878
11131
27896
11344
848
7656
4936
14305
32599
32480
23925
19800
12600
10162
26598
24208
11820
22590
13387
25227
23810
14505
29824
1217
14366
9046
31924
24248
28866
19218
8394
28629
22412
4495
255
18290
11840
8724
2510
5425
18120
9330
11025
5007
4985
7226
2664
188
3224
18477
13534
6570
3869
5620
5066
19299
6326
32274
10484
3745
1295
23574
22009
8600
12369
5909
13041
5143
8937
11863
14414
22991
10890
32337
16391
22258
1141
20947
8695
6913
31992
4995
28544
15839
10292
13194
4723
4905
6180
5517
21300
10186
13275
6879
2585
15817
5133
7413
20
14950
2257
27674
17042
14950
11429
9827
28322
16555
10419
31462
14170
13063
3667
11559
11126
6482
27088
27859
32323
21178
29295
21937
22460
13659
31661
11221
28658
19472
3017
10263
31153
9864
15234
26819
8288
28572
17186
23186
7465
15839
22715
11737
10074
21111
17329
11265
17419
14892
18808
311
14594
1215
22431
20068
9939
1661
3854
5984
3659
22547
5260
24931
17679
2212
19076
5564
7553
13849
22536
31941
17891
32697
8470
25878
8895
1785
5146
19193
10374
29333
28853
5150
30839
10207
27581
13200
17602
11863
21637
18920
16366
29053
8030
5569
7032
21731
31069
18539
22973
20102
18783
4836
30489
31582
16971
32515
11857
25140
27287
26871
23598
22708
15630
11504
18027
16067
18128
23836
18898
1043
26266
5077
13217
11252
4423
13849
18994
17261
16279
14906
18651
32139
26928
18134
21268
27129
12514
15882
8919
31185
9775
2275
30285
18098
16395
14101
166
20499
29920
18160
25160
8918
5077
10639
27693
7968
17232
22355
12934
20585
18617
2192
12965
3023
32130
26245
4121
18608
5476
18578
11547
26487
6635
20901
8745
23222
16180
502
22768
26230
30198
4340
20079
27083
24255
9086
16474
26283
640
12887
18876
15359
29772
13524
13025
17915
16477
25560
30835
22699
19544
10498
19939
18639
3281
3621
7946
30441
13330
16633
21777
4244
15896
32528
25230
31767
32223
32267
23279
8762
4064
9229
6428
2649
21975
9328
14680
31926
24521
21687
27240
7955
26182
19908
23032
16257
14828
11596
16442
16755
19500
2951
20176
24854
13649
31020
1772
16613
23485
6556
15030
30072
8310
11613
15854
924
13538
8395
2514
1193
32207
29450
22594
25872
10166
2367
31266
28980
20545
16896
27904
9339
26890
23817
29686
28324
14246
2864
14290
25435
5858
15003
12917
2058
23884
29488
27001
13299
3318
22349
15383
13948
12406
7353
18503
14281
2353
4571
11048
1936
29402
810
8355
20009
8245
5349
17995
21477
5409
25860
1416
21153
469
2414
26869
1435
25450
15980
24838
27524
3482
22878
15342
28374
455
21421
21696
26727
14142
512
15828
12351
14526
19379
27244
12454
15156
30341
7063
12162
4553
23184
5206
16864
8990
4735
22782
7633
17366
31739
32221
15991
6742
7270
18720
3679
28616
15820
11252
3089
4710
22550
22252
7398
11509
6785
28067
538
14223
10575
7586
9250
26022
25533
7300
10304
13638
17972
20824
1108
922
15555
11590
1269
19122
31181
30582
31168
27779
9471
4141
31728
12080
30341
28473
816
20104
4734
24976
15533
18127
14509
18996
22638
15553
7281
27225
16616
9940
30967
29898
28877
7102
13742
28809
23334
27191
12027
11957
6561
24064
30511
22449
21804
22052
9142
21379
7362
4222
31376
4474
7813
20091
5126
29460
30478
14113
17557
24094
2817
6736
25391
14877
7908
31048
16291
23789
8497
30828
23897
10920
23209
7750
17986
27850
30956
970
2575
9362
10055
23007
15777
23723
10701
26651
3777
15883
11945
26830
16402
27676
18866
26179
8515
27673
20032
32066
22409
7099
31550
10457
2637
31510
11649
31581
18466
19901
3160
26795
14329
22317
25701
1459
27288
13929
9387
24888
24648
9441
12775
22993
5838
7320
1060
5428
13213
10630
17034
31923
7754
27196
20855
25351
8000
966
1745
14157
22197
3285
30874
26958
8157
13342
6596
25347
13405
9725
6471
15193
9218
30046
14194
1585
29875
3037
1406
26027
32420
25900
17257
16548
22733
6581
20482
17021
27035
31873
24384
2078
28645
20569
27351
7739
6177
22571
4365
13526
29144
18095
21962
11270
22871
20809
31215
24054
10664
27186
23785
18992
19136
26067
7302
1564
28666
3953
26375
5827
6852
28943
13174
6105
13720
21136
21562
21499
23343
13341
6120
12853
7665
18374
27740
7367
25519
11884
14345
17705
10644
31710
23949
26956
17497
17986
7560
32291
28857
17591
19119
25442
18469
16696
1052
1158
28088
25027
27112
2837
1901
3259
32764
1575
22416
27788
13092
11045
2674
22157
13414
5073
3169
6442
7825
7558
31703
30018
6680
19905
3058
18126
29473
24545
27428
8388
21978
24619
556
24635
9484
30737
8005
31439
7922
20404
24989
3143
17483
10407
30984
26485
13742
5622
3574
11870
31518
30055
26019
13723
27102
3583
5773
14079
7302
30664
24875
6010
12631
12498
220
17469
17100
888
2334
27423
20081
8676
8960
4672
32248
6870
16090
21228
1674
2976
3643
15298
4699
13174
23075
7701
26753
19428
2418
19090
18182
19104
27553
291
9020
28802
7088
6164
17488
18897
3935
7797
27682
960
9889
32191
596
15160
20302
24250
30114
10456
4376
21917
18289
20027
5568
6519
30122
2169
394
19151
14024
11248
12270
3463
15408
3396
10384
31239
28353
7076
24690
10647
22957
28751
7016
25099
14215
30551
461
9382
21917
5541
15989
9273
16775
28734
14562
26251
29952
14533
16315
5373
29685
9024
14201
16494
4316
26911
8548
7261
19271
32122
3774
30029
31929
22170
21566
26222
18360
28859
4544
4729
32035
28176
25146
25564
27590
30728
18418
6167
20012
17872
10478
6758
19124
27673
28588
29088
14823
23067
9236
17759
9993
10201
4267
15969
16110
6567
18441
17966
8464
31978
7821
27131
18142
16928
27727
25807
30038
30752
11094
5348
27861
3234
17932
24656
19246
30209
10734
19684
21498
10816
29320
20309
4912
1868
16545
5529
3574
4224
4531
20628
30134
9582
11166
16628
4467
5597
28828
2906
20830
14094
12152
6074
16548
24132
17403
4
18827
25730
7080
20996
32701
6039
29353
10375
25827
15448
23816
24511
23414
1581
28706
26856
15314
10191
8281
300
16269
24911
9994
20420
14086
12123
1215
12129
15681
32701
29605
9930
24050
3876
24128
21702
25047
21543
11869
21308
13643
7047
2120
21913
7449
14772
17984
1650
11662
30099
18472
26731
14290
4223
27519
15959
8568
3982
16274
16032
23123
10773
18928
5609
25739
366
28447
31987
8945
1528
21389
26045
24976
11616
18633
1008
19588
24095
6899
13433
18704
13380
21106
2168
25834
884
15844
30553
20441
14895
22619
31808
4994
2644
24518
8875
32127
31464
12205
18003
28594
18195
13346
2643
2777
11883
2292
19339
26466
6774
6437
4679
20608
15721
21150
18204
13694
3638
16930
12051
17748
17862
11137
29450
26744
16771
29198
13910
3318
28442
25938
173
30915
9599
17922
32580
5710
3889
5935
24884
28505
2495
4029
21282
18951
7819
16406
24095
7222
30926
16415
11725
18702
31964
31084
451
23770
25770
25008
20019
15127
1421
14711
20426
29387
9028
8983
5848
11545
29753
9699
19889
27153
15108
29091
15955
32717
6449
30273
23369
4025
32579
9157
20431
26162
24056
26243
23350
30803
31951
13203
31626
29707
6600
14722
11123
5747
13931
2375
14169
15455
13835
19321
28107
24884
12620
21951
12066
32761
8931
13447
8289
2736
20893
31995
1376
27622
7075
31536
1578
18057
1788
4257
25507
26618
15187
22237
24430
8291
18683
23164
23309
30027
24880
599
29258
25191
25504
30457
5334
7347
25898
7760
25393
3010
5093
32680
21193
27986
7268
9179
23910
22308
29752
17857
16325
2827
11703
26350
2947
20802
14588
7325
4158
19714
13871
10471
24566
32596
15623
13369
29369
27685
15756
15108
11647
5528
24098
950
20563
16800
31427
12522
4019
15821
10636
17371
23866
5478
26747
8991
9084
28089
22647
31122
31026
31919
10640
400
3991
19875
7305
4199
24593
18548
15763
30219
23828
11993
15452
1292
10819
1013
1352
22214
8153
4652
32766
8152
7496
820
5927
10455
28448
15983
28018
16195
19505
376
25564
12985
11764
26364
21806
12907
2087
20427
10951
7886
9144
25134
11931
9106
8420
4988
15996
11735
25760
28648
17561
4766
30008
5277
6468
31101
2614
4109
12792
24472
21381
7301
16794
18124
15318
26885
11775
25901
10819
25680
32431
26803
1842
15935
10472
9008
2173
4954
23782
12933
2256
30377
14434
30998
28242
19912
601
31355
25735
13114
21518
28793
28021
21247
21330
11312
3589
30057
25091
6037
6573
11307
26323
27427
24908
21939
4938
27598
18773
27322
19215
17721
2864
18969
4195
21544
9693
30430
6638
30008
16859
31903
30142
11214
3144
28174
23949
13645
19785
12750
8258
23692
15788
4485
17595
8583
24524
16179
18890
2388
24501
17602
10109
10841
16009
4574
30115
18621
19747
7174
23435
5916
14841
17635
11535
28543
13895
31449
22737
6283
30314
18397
3013
27384
4489
17030
11760
27461
1147
5478
7279
11178
23525
4250
17594
2639
18851
31136
1322
8123
10602
3433
30393
29071
14507
26799
1034
15732
1466
19081
29097
28754
23087
25917
15251
7619
9357
12629
27641
3015
9505
30453
20289
9913
25133
363
10574
29057
10054
12552
20481
17932
5115
24366
20223
31225
32183
18603
30901
15253
10473
29253
2202
15114
7521
15254
15028
29651
6653
5147
31838
10867
27526
1671
6728
29287
10965
3677
4031
20569
9786
27581
23343
19606
31262
27006
31718
2498
7398
18814
32026
13259
25115
19254
12846
23323
14536
146
2097
4114
10532
25855
4264
21171
21873
27333
10637
10909
548
29335
26263
31549
26950
24936
8124
26691
23834
18561
18677
24146
32256
21457
30529
5116
1945
29316
14060
5869
31020
28119
5905
14694
7497
25130
3678
29678
13484
20054
7447
3908
18531
11586
20573
10903
26420
19889
2737
29177
21049
23646
13748
6418
23757
21579
16688
28177
940
18774
4956
6376
32597
16653
20060
23225
21939
3523
3848
24971
12029
24548
2286
1090
29147
389
9114
31438
27338
28735
32021
26274
705
18750
30123
16232
18709
15253
10481
30707
21658
29908
30727
28533
16395
15325
2331
754
17835
11763
24622
21236
15917
21012
29979
4481
1745
30345
27349
27722
4817
3259
19440
26405
11259
30536
28771
15037
9887
32342
28812
2952
3243
24104
18804
3322
1045
9199
5717
25849
29817
19682
857
25488
12292
23440
23973
25319
9104
22389
25750
25459
21008
27340
16458
14442
7983
4773
16739
22650
11572
5431
19975
9914
21033
12919
8235
18401
26684
17130
14610
22454
32101
14519
11792
4807
9801
14080
12948
18526
30815
13170
870
10417
28497
22043
5932
17241
16805
2940
14387
18949
26780
31968
27500
27504
24410
25324
18613
23184
23880
26230
10330
22033
4023
923
18908
17409
5830
8971
22513
13773
18821
23976
28107
26732
1370
7760
413
5338
3236
5622
22620
9416
14495
13816
26307
8082
648
9388
17305
25457
10241
24636
3894
32498
28342
949
29764
16038
19265
25178
9667
17179
28491
27966
32335
13068
756
5906
9382
24021
3445
10811
22885
25129
20740
17704
21010
11527
7673
28898
17759
25834
24878
1508
3245
5441
29099
21294
32464
11806
24963
15253
26642
11314
22009
15709
17274
31993
10983
6153
6478
29490
25953
1138
9942
24466
14741
13079
13155
8633
10229
1204
13968
17765
30105
12566
13256
32742
990
20525
28424
8658
19284
31075
24294
20729
32215
27948
32723
7835
5115
31966
27805
19929
18862
9412
24632
24170
19992
3181
1213
12175
10950
24906
13235
20297
9736
16249
2958
18889
9367
7387
32373
3368
20091
27244
15944
13656
31532
24532
10722
21595
10488
9529
8091
2738
932
20312
22801
1049
15958
25044
13353
11377
17587
19405
3408
12542
1860
4789
3847
8658
26398
8031
6814
18313
1218
24921
11839
311
30274
15484
27695
16031
10405
29889
10065
27302
28813
3159
6380
23047
3607
18418
9133
4679
10243
19813
18416
31980
533
4211
11579
23274
29370
482
25867
3166
23535
13522
19156
126
11103
28237
9539
25040
9675
21279
27846
21147
431
10216
23374
19868
5411
22383
10580
32505
6911
13113
7194
10619
21314
8795
18739
27639
693
12940
13125
31501
5579
16254
9230
8981
27340
9327
26533
9815
1842
11259
19714
19322
15444
12852
4033
12352
32577
11508
3875
13424
30703
3698
30294
4371
2965
13844
14838
28642
26197
25476
3795
5888
18462
24582
15861
31973
6353
21001
31197
22682
1954
28411
6414
556
14786
32610
22988
14171
19515
26921
4900
6290
11547
13367
30508
29212
4052
15687
19084
9620
227
2803
13629
18333
23728
30993
4241
17876
11701
11843
22132
10499
13795
4042
5617
18328
10049
10139
4344
31829
20439
12469
26462
13640
15562
15793
29477
28414
6344
11675
14846
28660
18854
25344
6156
22606
4424
29000
2027
22987
13762
13382
11249
11257
29884
1550
31923
4261
17947
1799
16587
31894
12766
11329
12761
14459
15685
2056
29384
3617
13113
185
15187
21993
19432
27092
23751
30842
30640
13139
1034
14515
20798
9018
23772
23011
31479
19824
31325
30269
27542
15821
10447
6534
28183
2164
3230
29713
22741
13411
12957
14829
16367
13384
30099
605
9967
24982
23798
15240
30126
11737
22774
1650
13426
32327
32702
3883
21338
26007
12278
13639
252
12310
15500
6285
21580
30199
1460
24052
19904
10218
9005
16587
29617
18929
966
17463
3589
20591
9762
6370
17675
21378
20152
2802
10150
3219
24349
3128
23726
21036
12934
11946
915
1545
9097
8980
2115
10609
7971
4106
28238
3015
26879
21793
22344
18268
29941
3679
18544
135
31186
27631
29582
6904
8535
12825
1826
22857
31108
30066
18874
6870
2838
26448
1188
11215
14670
18049
453
23435
20212
18493
8393
19743
23708
3416
18301
13872
19496
30652
12664
5
19854
29719
25345
32480
219
3025
17197
13199
376
21313
8520
19262
13996
2080
10614
20879
3427
29758
3226
18669
32558
26739
24439
7453
2698
25561
29974
9237
101
15160
14439
8466
19166
21698
18730
32229
4429
19457
24592
11917
23939
4621
15902
29451
9811
24066
11091
27506
25425
433
18570
12862
3545
30358
14498
28902
13139
14091
25819
8885
31926
14266
24707
31189
20299
5464
12243
6829
27316
19089
30228
8557
10284
574
20229
9702
16144
23006
22401
12704
12959
10308
10589
23590
19710
7309
20112
421
19326
18773
28566
18357
8226
28715
16662
25719
27740
8513
29890
23520
6424
872
12670
10068
12283
22588
22213
31607
23021
4252
3913
8256
9941
1374
30426
3919
675
10304
22409
19584
31636
16673
16909
11456
15793
2929
1382
32543
26522
18406
18880
19495
7297
5744
21145
8044
30585
11376
11302
3941
17393
15141
18419
30586
8059
6758
19659
6238
26835
2967
7639
4767
8220
10454
23817
28540
7276
21621
27836
11254
14987
15533
13460
31274
26872
18320
11692
11485
13613
31552
31216
345
15908
13919
2759
15224
12314
19654
6902
18430
11667
23674
32705
22827
18846
28379
5458
12689
30554
14879
19039
4388
4793
5887
3848
30864
26244
32432
11006
14031
21408
9493
16106
29946
32143
819
29965
13407
8249
26085
9507
29397
29421
21713
28558
26956
15523
26010
5040
6312
32132
20312
1433
6352
20908
21061
1762
24065
28974
18360
18136
26729
29016
28248
19934
4593
11065
18057
14348
28250
27489
4907
796
29067
20200
21124
29575
20521
29106
17274
21739
20073
20976
19206
6576
28962
3306
19941
7659
17703
22781
21137
4482
12499
24799
32623
19858
997
25643
18762
6413
14734
16665
26112
8360
8393
19340
22395
9716
24299
5459
8931
10698
123
2984
2066
5613
3139
3581
19785
10731
19623
25081
29473
12100
17206
10429
25796
14542
31359
14699
30812
29016
10790
1257
21452
15758
24887
26338
2463
13597
10937
2062
573
14103
24711
13748
1381
7576
8283
21101
30679
21674
5932
17450
8529
22630
5818
888
3773
24156
10599
12291
25769
11829
6216
20057
13815
28055
6012
4849
13014
25417
3260
24172
17393
30104
9268
20250
26086
26617
10129
3008
22777
7151
19292
11161
30986
22831
26246
24474
20932
24835
18500
16634
17176
20716
8221
26866
18921
6283
11328
13762
16649
1729
8732
24820
11877
12822
1323
19172
28796
16471
24590
8064
24598
20867
5087
14413
14898
4585
12739
24491
26176
14218
4798
22873
27792
28356
8652
21563
12555
31282
3117
10587
17953
2510
19456
3119
27650
3416
16659
4122
4113
1532
19450
10036
24725
6959
8030
32334
18610
30426
15256
