949
24479
10224
1285
11544
4759
13799
18879
26953
15402
9983
5190
31370
22302
1587
4534
12124
13962
24212
21482
30970
21058
9710
8593
19239
14230
15016
3204
10537
29244
30956
16983
1046
394
11016
19245
20046
11752
22804
10961
26697
21126
15317
6147
19091
28490
22242
15888
4372
5901
32261
15526
19349
3590
18916
23013
14208
11398
16353
6841
18151
23014
12606
13672
6344
13246
5509
4711
18064
13656
25639
20338
10973
29541
12643
30939
1416
16366
4713
27939
8419
19085
3264
7879
23615
4316
5349
10332
16306
13102
24629
26334
32023
381
3596
3654
597
21668
27695
27738
229
1998
23143
19913
3726
9775
4463
14711
17267
8434
20752
30230
31056
8562
14731
3574
4097
19372
21559
17694
23364
1269
3947
13723
7615
4840
12702
1560
13637
9891
1997
28335
23637
10291
21278
32767
9443
22092
14786
24703
4187
3645
16159
29713
26852
20516
1839
8667
16354
21342
26915
11346
13758
16194
5453
20375
28393
23567
21052
6663
23070
20514
5417
13070
11240
15725
31122
1083
13157
21284
23588
30874
27721
10169
7390
17982
29221
28427
19572
30237
14570
24795
18673
7713
11945
25471
3489
379
10908
20186
14894
2875
19818
23435
5385
22301
13991
4709
3339
15526
13210
20511
32349
4208
19268
12621
16021
4035
19357
31375
13345
10852
15393
20745
31977
7858
22923
22291
26672
7150
32481
305
18363
24283
8112
14149
23606
31879
14233
5635
24787
20328
21260
25766
31284
15018
5460
4833
3211
14280
24532
21273
15616
25178
32400
9425
8787
30254
32239
25446
26818
29593
3519
11516
27949
24079
5497
13752
4984
18674
24006
23344
23601
9896
29507
3103
32114
3568
9857
22622
777
26998
19793
15631
14807
17829
10558
283
27254
12476
5978
13792
10015
24868
27966
12323
12490
5633
10060
3404
14230
26119
19511
6354
31340
28814
10694
9716
2527
9449
20180
12714
12887
5108
26268
24795
20847
32749
22835
11984
6811
7813
21846
24553
3854
16694
10086
3214
11483
22486
433
22633
6490
365
6643
10706
19149
8004
16413
30091
30019
7742
21076
29358
16061
27243
12861
19171
32400
16603
8056
6870
3082
21424
7018
22249
24664
29815
14912
26662
4007
14521
1328
5495
23946
19660
20994
3353
28828
26863
13264
8782
26982
7319
26890
4946
24707
25603
27324
27537
4097
15382
276
22039
11275
10342
287
29768
11973
24465
6099
3281
7032
4560
18002
9950
31983
32206
29549
25998
8993
18362
13927
14243
25616
18074
16124
12159
25584
15331
32418
5964
10380
10567
30479
5498
31718
14543
20987
30062
25117
27433
9767
26744
9876
67
3486
21254
17489
19993
28987
31256
11683
31179
11627
9460
14088
18162
29748
1819
10573
28980
4215
1659
16119
17430
28274
12774
4322
25874
3464
31683
13864
1002
16197
3332
6980
25915
22429
17496
21624
31573
12916
13729
28524
330
12900
15784
2071
19525
7354
32271
9442
18205
30401
21896
7691
19498
18500
10309
5192
20824
26446
3248
15022
6777
12596
12379
30672
26080
21717
2362
8747
18219
4641
10000
23490
9312
4824
14631
20741
2364
16532
7236
24311
17607
15370
1242
25744
1324
22925
6526
17248
26056
18132
4507
21366
9089
15868
11367
20096
27481
27088
5141
30260
30530
24393
333
31214
27957
20561
13017
24474
13438
23500
3489
29652
13658
7897
30937
1358
14019
27477
19065
28530
20107
18338
22509
14409
6056
7078
32526
17820
8911
12054
15186
27993
21828
23796
6975
25911
10736
8278
10790
21917
2228
24170
8717
5057
10237
4535
31213
18189
11416
15013
9246
32198
31688
14656
4367
29935
29590
29753
19002
5995
32105
28973
14679
30819
11990
16938
28624
19687
27833
27760
630
10456
17541
11380
19826
773
28632
15147
13438
17556
13907
30852
13141
26532
8616
7991
21095
26928
14324
26045
21458
4662
12368
12447
11406
23577
21922
14836
7655
29765
3002
21029
817
8977
10906
7668
10167
6633
9236
30141
14580
27820
10139
18939
10502
14931
14419
12557
5471
18644
26986
571
1470
6213
13483
8692
5981
12613
8016
25433
26732
12952
8472
8960
22463
25105
410
32497
27844
17589
8153
20469
31671
541
22552
18449
23065
5916
31728
23117
14174
7074
4255
20409
28134
8160
18339
11698
24622
25773
25992
20834
13896
29481
2814
25734
3976
22432
5166
3956
31873
945
590
3164
21807
7087
9075
32718
16246
13127
27815
14972
31179
15715
14908
18498
15922
13135
27232
28771
20840
14106
1521
2838
4705
13632
27538
20545
7669
18821
12542
900
23254
27428
11932
8569
453
9257
26964
29242
30213
22556
20130
9508
528
24031
30440
23003
19594
28889
25097
14990
6515
15701
25139
2941
11168
3108
10492
21432
23148
20874
10929
809
12203
9048
19434
14804
8671
23125
3426
5214
16047
25314
10758
8652
22932
222
23372
26254
4822
2760
14278
4284
19127
24611
24567
16799
21741
7967
28005
4211
86
23925
22511
10859
18152
26771
17761
13302
14823
20729
30534
20289
32346
17635
19198
27645
28095
32296
16
17506
12030
18274
14529
11124
23452
23631
26853
4229
1329
10615
9973
23547
12060
12047
4962
2387
4213
2846
18985
8806
12867
28382
4776
32747
15855
869
16815
29502
4089
388
475
15712
25322
240
30239
30526
9866
17055
27300
20278
22354
31349
2003
16343
27172
23584
15280
9192
8250
28481
19817
19372
22365
28364
20270
30565
10839
14257
25156
23319
30122
2748
341
3982
5250
9657
17675
5282
27113
30685
22237
18618
2618
30049
1576
31119
6360
20080
13185
29235
11807
3395
1610
10833
22939
24459
8323
31414
5240
3855
17635
31504
14394
28054
8999
27894
19887
14343
16043
22569
18465
13519
9015
15386
207
4483
23579
31404
1695
17350
24958
24634
5645
29038
28659
27868
19815
9186
32333
17126
28988
19142
17845
24242
21778
20955
4089
31648
15447
20000
16423
19034
18330
1598
18779
23645
16891
23074
2005
26805
25312
19948
12366
19975
22506
15368
18828
30165
11048
29338
25653
31998
22922
16416
1249
17796
11672
13139
29810
21906
12899
4685
27304
10174
21180
19697
18160
20619
30885
28296
19325
7474
16645
21160
3738
4002
6048
8538
5695
23493
20293
22139
20962
18949
2633
22627
26255
8975
1845
25029
315
2262
9660
17110
9046
24795
14320
15794
7583
13229
29621
507
11580
9643
6261
3011
28426
27921
7445
27052
7474
26931
31272
11853
19197
16131
25699
4312
4841
7897
2897
250
27388
6004
12360
12803
4952
6716
10652
24903
21264
5321
9746
23492
30522
17321
17560
1797
18501
8798
21555
28998
27021
7335
20536
11480
22317
25857
27839
31431
30228
5228
18261
2235
27228
30578
4081
17948
10199
11366
15914
5241
28906
30442
9894
22315
14238
27827
1238
9781
5364
24465
19680
10351
19065
10409
23005
22756
539
14597
19525
15224
16443
4944
11431
17614
15363
4826
9886
31080
4602
9187
28672
2064
1237
20757
12376
25463
16529
19026
31895
7965
21438
18608
15110
4976
21278
29634
895
3384
23406
11290
20445
3122
25988
24331
4273
21755
8346
18356
31287
23088
18154
16697
7560
16596
8315
3668
8720
1010
10298
14861
13123
31619
1868
30149
30348
19089
23203
6265
7558
30877
30415
9029
26735
14911
7703
28455
11482
11532
23753
26630
13475
2748
32718
30963
2344
6029
22913
3502
32438
20450
18626
19820
5186
6448
13893
29399
31578
31258
31792
25943
23643
7643
27622
30608
10979
9957
26141
28460
7817
5319
14647
14810
9164
16724
14799
29590
22858
14594
18834
8748
27955
29328
16464
18935
28412
10732
27474
16367
26968
25171
5871
23779
22628
21434
22106
30210
20513
18285
32190
16032
26408
10230
653
30519
14745
18496
13845
3500
6229
9724
3668
4820
14445
11076
28941
10551
30426
13182
13595
20756
1134
22404
19974
13733
3594
17666
21972
24483
13586
9503
26913
28941
27678
22111
2418
20006
3058
32199
31175
22461
13489
13123
18799
6832
20301
19782
288
6323
17218
4016
9799
3662
13444
16884
2205
23077
23989
28794
3579
27004
23196
23874
28783
19962
30419
25547
8847
24749
21695
21555
19981
5711
197
2463
8332
26824
17595
16349
23218
31219
20381
27720
21887
21413
1410
7660
29149
26860
3022
10475
9848
15508
26024
8480
8143
20720
13487
26625
9868
17623
29160
20938
16400
16876
13051
9688
15699
8226
20384
32338
11243
25216
31572
19215
23914
28962
10064
31668
30957
13441
16571
5405
19186
30196
7967
13823
18282
10614
14106
20171
29200
1193
25942
4309
8440
1819
26042
22709
19819
22472
19170
6125
26354
7137
2509
461
23729
10956
28118
32660
20726
17260
2278
12248
11026
9890
29671
29992
31592
15124
29564
22511
26051
7725
21743
16283
1517
18021
5995
18175
637
6850
13675
12278
16880
9118
8818
14922
30203
14508
20733
25044
28960
20534
21685
18404
31360
21416
29930
19427
5104
7506
17213
5942
26190
874
2716
8294
18454
5200
10868
27006
4656
26646
12833
32181
14092
11072
20650
29261
20465
18120
27819
28347
5266
18790
30866
8
28899
30222
22286
15223
11562
7097
25541
29800
23641
6760
29766
2428
1179
14694
25918
3322
13869
13006
2030
19570
1135
6222
988
31648
5435
29994
201
1682
14965
20868
11492
20237
18915
31450
29501
22830
10047
13776
30332
11085
13451
15664
9171
25894
7333
12847
29233
21051
11291
25074
8633
31604
11328
1104
3954
31753
29824
22490
28992
7585
9712
16152
3603
32700
17705
17174
18014
20046
9815
7967
203
19372
24461
14793
20269
12716
13660
12082
24501
11784
13731
20616
3690
32260
29864
15567
10963
27985
8296
30430
17910
15408
24108
7339
7303
12507
9821
9161
29017
22560
4761
16175
27672
14671
20998
21051
20538
342
14311
5367
8243
26923
6253
19866
232
23402
26575
17234
29031
7488
20381
20032
10965
32391
11857
10436
15527
21810
13607
26108
14614
18412
6190
12679
1484
11260
1183
15503
9444
31340
20846
31750
2577
8298
7712
7215
20509
12014
21468
19809
25238
11677
15556
19976
28612
5358
9606
21996
14045
13195
15661
18102
1660
762
10046
17840
32592
12156
29696
8908
28433
22325
29467
12520
22457
17550
5220
29520
30448
10200
19192
17540
25032
5170
9864
23100
2218
17324
5875
19114
14225
26284
3610
30463
26229
657
29680
32560
28171
9111
8400
8954
29867
26106
21012
13348
10129
6751
19683
32260
5193
2415
9034
17988
13925
6853
20366
19174
3441
25354
6593
24966
20265
23902
31636
7135
2537
21498
30316
5521
19300
15380
4024
20258
8089
2307
26497
14914
31747
15012
7490
23379
27408
11004
30459
9256
3029
24351
32385
27661
14848
24400
2328
10504
29198
23145
23875
20063
17854
6270
27355
29786
29893
189
18783
11594
32195
13976
28811
11210
15222
4647
24364
7749
25133
30663
9266
25529
29056
21256
32263
32186
28223
14534
1055
25529
30888
29845
3793
7046
4829
1379
20837
15124
11157
19800
23150
14205
16657
30977
28250
9541
12370
25006
28743
19939
1161
28440
19736
15997
23247
15431
7368
13300
11798
947
28159
2080
8031
5802
28643
1117
3630
25585
28209
15686
5435
20910
21388
23488
16235
28293
9749
30523
2302
15874
12859
25908
266
9271
22485
8702
7976
13478
11630
14019
8557
26721
28127
16582
1692
32623
25636
32234
30873
4466
18792
632
15137
4487
18786
31773
29369
18798
8420
9778
22500
4075
2737
21312
10905
15979
28304
12228
31220
10731
1694
8751
5164
8982
28392
27697
12997
16813
21305
28983
14087
32556
12081
17971
2734
25771
21655
28315
30947
20482
11248
27316
4971
5168
25425
31504
30751
30974
32625
15701
2716
24031
770
1601
30267
1051
8258
7403
3140
17452
10445
15180
21086
12904
12213
30717
21834
30433
4564
32066
5073
23690
22625
12616
5627
23451
10690
13227
1154
9014
15521
21563
21638
26186
322
26368
23426
28600
29972
6524
24447
16820
21638
11567
30600
17518
7963
15201
20573
18418
8641
26139
10604
23885
31583
6775
7676
19186
20397
18457
3756
8284
7240
12798
16156
11508
25606
15477
31722
24116
9350
23658
23776
18701
18956
3050
30571
25222
5516
26596
5455
11175
10501
23341
17306
21653
11793
31431
19926
6910
19129
30563
31107
26551
22669
18468
5573
28580
4597
29350
13145
23513
10690
5183
6349
15614
264
4229
18161
19960
28464
2320
8585
18886
20553
641
4164
22696
19871
23234
11250
22663
5263
29840
19441
1169
28569
15415
2024
16420
30135
27037
440
2285
17389
9090
2992
21585
29986
26630
32513
23563
19502
24172
22129
7703
17460
30237
24915
5071
31538
30448
8886
25685
10966
26280
12509
5680
9108
26559
10479
1082
32245
30050
2800
6585
30258
8380
4592
6604
9729
13175
23682
30217
4271
23424
31088
30820
13679
17419
11437
17490
7154
16344
139
29487
3895
26804
30510
20445
31397
22594
28737
30127
7511
24059
5863
22149
1975
22132
27637
27704
5966
2015
16478
6456
25818
10197
13295
31859
22689
28243
3132
15481
22790
23042
30682
3550
18266
2491
4558
30944
16116
20298
14662
8778
19076
24434
4487
7065
932
17202
15911
32348
20656
28231
12156
22241
13528
7922
4948
8717
26227
27387
15846
25228
8086
7670
7945
4395
23782
19653
6052
27777
32426
16990
17254
27605
37
10703
2743
22844
14626
6527
4334
22274
24016
25526
21188
21579
12496
20575
2312
13562
7053
9229
9109
12498
8396
6205
28802
11739
23940
10459
17304
6664
3055
23303
12809
2070
15585
24856
13918
5047
15193
16353
20658
20720
20053
22836
30494
19136
19691
32677
27252
21762
14486
30608
17200
13716
20942
2398
19115
26809
23259
2307
29842
1212
31978
30411
3223
215
865
7511
27750
25426
24944
20706
19931
6895
13800
13258
3442
1926
16721
9291
28927
30189
567
14221
18079
4890
27588
26081
28654
6796
27284
19527
11642
17383
11204
10037
15992
13278
23116
27283
10422
29781
18063
6922
15569
14279
11313
19582
10920
27622
2601
27097
14864
24450
16663
10763
31690
32684
27607
22095
1714
28699
9814
17839
5432
719
13988
12746
5908
21235
19531
18645
2870
1800
18912
8416
13820
32320
19671
28762
1960
27944
26523
12248
18193
11658
16863
2322
21657
17810
4910
14126
6494
27183
11210
15426
30389
188
32691
4116
18900
25568
26630
11300
22478
28595
3720
6380
13765
6434
14211
24678
346
5268
24017
2511
32105
20430
21814
683
26356
17171
26355
6409
5724
23952
7319
27400
16599
4344
11545
28570
28190
16492
16420
31880
30310
5789
31666
28086
7314
1844
4060
20905
6311
32626
13552
16198
9856
2579
20421
14556
27843
27257
12363
16485
20499
29446
7782
265
1671
6858
10493
12772
32603
5726
27470
5641
29414
30735
15492
15815
11980
6975
32139
27947
29301
24329
31011
19397
28606
29732
2611
16815
17390
16906
31840
9676
31979
10073
23263
8526
32430
6521
8583
27771
23796
26495
1067
18608
32054
9297
16422
23462
5340
31755
11319
20468
22446
30882
31376
24277
27275
31176
24873
10028
28253
25615
7258
30149
14156
19280
32681
25310
1074
7246
2273
26854
19023
2455
10596
22660
26943
16299
14785
19931
23336
9312
19337
2829
13624
9605
19807
23549
3151
23238
13647
26458
4600
32463
9569
4313
32158
949
15981
20673
5629
18065
5424
9389
28374
9838
32160
32141
12007
613
8317
20207
29210
25350
3881
9085
7165
21242
18873
23238
11890
10983
27468
29761
30888
21652
28827
2958
12873
18766
19666
27136
22261
20362
16543
20825
22000
15307
10120
25556
27159
14534
12161
19817
11801
23236
11966
4684
16611
585
3014
9911
3676
20979
27593
13289
4179
15268
6963
11887
7093
26852
25729
8610
3588
640
18771
21617
28420
7031
20931
11104
23224
17175
26102
27601
18316
612
26096
17538
31956
18617
29613
16216
19829
2994
9069
91
27362
7752
1615
30209
25675
830
17185
24239
9745
16061
12663
18301
3452
27451
11002
26682
25776
5537
1795
176
23261
9388
29801
6952
19639
20371
9623
22577
28966
26603
737
10142
15934
31432
22296
4814
6769
3366
10843
31792
11779
30599
16177
30725
26815
9437
26069
8808
4073
14505
6609
5772
26739
24677
7630
27462
20851
21536
2475
22731
25301
19048
32460
27578
25677
25452
30389
26973
12432
20322
24535
18732
22724
13351
31913
26514
7221
5669
14587
22004
2121
18554
27016
27632
21686
10327
10698
32226
20466
10149
19474
23725
28652
27375
4055
696
23289
32380
4686
4662
32017
26299
11580
2219
32059
4069
14345
19371
10054
24797
24341
29413
7610
30043
1359
29537
26638
17225
25603
4102
12571
12141
23795
13151
18897
21833
12970
5791
17449
1599
6925
23010
14938
17401
24627
29109
5712
14856
886
3545
27994
31435
5834
23876
17443
915
16462
21353
20195
19460
7201
21177
470
25791
28791
24682
1518
26942
26604
17783
26053
18686
17944
16616
1749
11236
19043
12115
17131
30170
13594
19363
13785
11705
8899
27928
4971
19307
12718
26255
6557
12625
9677
27396
29451
21730
32453
6997
7593
23189
13381
8520
10676
10497
3223
31696
25833
14147
16757
24716
17908
6817
26397
22161
11307
5997
18856
28265
18300
14635
13463
15195
15524
13814
22703
29165
22946
8479
17415
20392
28268
12568
8287
12315
7648
7312
11187
29475
15101
21216
7952
6249
1619
5030
30631
13355
24504
10671
22048
8512
16445
19739
26672
5206
4193
28859
4206
29823
11908
32446
16482
7404
14750
18573
14559
27639
29744
11763
9363
17255
21371
16257
16605
24048
3825
24625
2270
7674
17385
10825
5843
14756
406
7042
12194
26631
20794
19562
11442
29631
3735
14087
14336
22184
9382
20669
3696
17125
652
31601
15457
15655
23754
4591
2179
11307
3764
5001
237
389
12324
13057
24170
24477
13167
19626
12820
24823
8088
1993
4389
25783
15044
10049
13065
1124
14574
19824
13752
5868
17116
14164
31810
25832
26962
13042
23467
29218
22661
21752
2554
84
24530
12705
909
12083
8624
7385
23215
23980
32740
13730
9581
12398
6132
16566
32165
25000
25565
5741
18271
15892
21256
10210
12640
29492
28539
24401
9213
4828
25421
24516
4654
28656
29276
26607
24803
14447
15426
23640
22683
28848
23172
15547
21810
13292
12045
2220
10234
24061
30427
22398
24590
613
29945
10084
27875
21650
18861
10198
20256
25953
18930
822
19376
23008
27432
27572
21781
32600
5899
28527
7935
24715
31714
22492
4125
16442
11512
6252
1587
7402
10064
4201
8301
8680
3733
9249
1011
10635
13904
28999
20157
13497
19294
8854
11433
31660
12704
9911
17098
31734
27124
20069
25859
10179
5220
5583
18901
6751
25246
7486
12406
30200
3748
5367
11555
20132
10693
8291
4022
18086
22476
29805
6267
16365
19063
13612
28480
18141
4395
22210
4267
6738
4325
1412
9681
29922
14452
22875
31235
31587
17638
22633
747
29869
10816
3312
11993
11937
29810
12912
27991
13419
13449
15888
9731
14851
20007
17983
4510
24826
14640
3483
10592
14963
3015
13586
8334
10864
24697
22855
7247
4175
27831
7991
7612
22676
23434
29724
21046
23528
16514
1170
15868
12130
14064
12024
29948
18950
340
29977
21994
9099
15641
12555
31632
12386
32384
4440
22629
24307
26843
8284
12384
31274
5883
23278
25870
5426
26603
6723
18403
25728
991
21774
26318
10260
11623
31724
1807
2811
13032
29952
16973
7193
5197
31450
31203
17445
12538
25246
5244
23797
4609
3426
14815
19964
9369
2263
268
21009
30924
9004
17543
19057
22639
30255
4340
17160
19031
11702
25060
3052
21962
3389
8431
3115
6708
30928
6915
12742
3867
1324
24571
8957
85
21281
16499
5325
6777
14906
24027
27320
7059
1696
203
964
31772
20028
10646
22726
9257
8476
3874
20448
226
6424
32759
26953
3638
3253
22933
10572
10445
26953
2571
25492
15422
30816
20421
19366
8579
5215
11174
28335
16810
4199
14679
31360
20684
22396
25054
30167
13635
1767
7282
19936
28440
2008
12685
23803
5051
27728
13380
20160
12791
4926
9684
1344
12836
22505
30589
25486
1695
20621
24211
8575
16503
24649
11986
3245
23657
8248
12018
23234
23567
25567
7035
28915
32596
23751
19419
17610
12843
8554
11701
14889
641
6996
2685
8844
12911
8322
19266
16782
15029
15374
11978
31407
20836
27150
9700
3156
18650
19129
18938
31759
23283
4299
8678
6177
13438
12075
10502
12861
21742
2507
19603
30607
5714
11728
21294
2557
29064
21748
25276
16045
21165
14376
6260
9671
4567
30077
26422
16252
25607
3396
12319
583
22617
14964
18778
5746
13694
10829
26425
27357
19308
22331
7044
1787
3412
2813
24337
15901
2005
19462
22932
10227
1903
14884
23481
591
826
7775
16240
24621
8152
12836
8840
18929
24232
24995
12160
13039
19772
3445
26778
26672
18702
3970
10544
23667
11118
1826
20811
30067
29119
12418
20338
15976
13795
19274
31936
9168
2804
21628
32570
7279
4661
6047
9823
25493
23624
23326
30208
10399
27297
11243
21329
22464
25914
3175
2113
24578
22664
2694
4359
6791
4015
302
26621
14101
24306
2273
17330
20946
29293
23452
31546
5707
29958
12287
1225
5051
9121
20397
17025
9867
8339
27894
4487
6933
7001
31668
20316
28077
8331
4466
18795
19426
9739
4308
19166
15105
10114
9267
15542
2011
26381
19335
3099
25544
9779
394
19184
21228
27419
15386
16043
20409
9723
19423
20836
18357
19156
24367
6443
21886
13149
11310
27039
23563
23868
1594
9149
26420
22652
25222
14325
30069
31292
4100
3715
3823
10148
9865
18940
19887
19742
28972
6183
15155
21954
22511
1295
10026
14097
3233
1110
23420
25831
32514
9420
20874
16811
23593
8768
19639
24265
7459
18839
32295
8546
26845
25371
5575
8002
19779
5909
25741
18450
5034
157
29697
11982
13419
25265
14076
1914
11729
13189
14255
11537
16950
29210
26344
17343
24936
31250
28817
19279
16722
18883
14713
13799
27096
28298
27224
22259
14338
2913
11277
15967
7261
11700
31017
21513
6302
25713
10417
18294
16521
19807
5664
10180
16913
3248
2732
14303
14529
25305
19402
21240
20570
21665
29428
30003
31422
6520
29354
15520
15628
17419
27831
30317
22541
22805
15797
3162
20431
18552
25043
26220
5775
31884
5846
5350
24284
29623
24414
22133
22778
6206
19307
20139
24453
19034
10783
174
22358
20623
2246
25138
18091
8761
8979
6820
26497
16488
10412
17064
14661
4333
31722
14278
21932
28597
19929
22624
3296
27222
15239
15336
3292
23016
20603
15184
6169
20246
4739
24001
3946
1140
31411
32143
21284
19220
32682
14701
16259
9556
5399
1501
18505
1017
17532
29419
30632
22914
17202
31259
21602
30646
10670
26784
29487
27520
12290
14798
14175
19196
5030
30162
1728
10706
2681
26785
29890
10179
26371
17710
10457
19841
20989
2272
1059
11204
15635
13123
19019
28826
29416
9726
20909
26366
26715
16645
32443
5293
13065
3855
3743
27189
18706
5707
29986
14671
28193
8526
20940
25966
29094
5200
16460
664
8806
8857
2075
22133
6966
30774
28509
28582
19715
11248
13576
18263
27158
3455
30279
8472
5782
9210
801
7400
591
28818
26198
12179
20401
18816
9353
30015
27676
24892
30372
4673
15707
19952
889
5685
18542
9516
23717
5453
13708
32731
17082
27625
21864
31350
29853
24680
2996
1399
3628
5950
17123
6673
14884
3399
19764
10014
15170
3164
22252
19033
4265
20003
19938
10701
14724
16683
25153
397
23532
9272
1162
14758
21260
27611
1240
6226
26755
9798
14184
25710
15625
20831
16984
3118
9302
22291
30895
9232
30784
9197
26270
21006
10019
3047
29446
31000
389
29056
14905
14529
2810
25358
1541
5433
21062
8790
1775
23419
5314
19034
12988
5575
12545
1906
27702
9299
11442
5534
22572
20030
20936
31003
955
24261
9945
9524
16332
8889
18116
1371
21982
23088
23447
7288
31238
29308
16560
11905
7731
7257
4130
10315
2743
4714
8026
14752
24579
9191
12034
21905
26034
22416
21029
3341
19146
15077
20628
30643
15166
12696
2185
7909
28343
22851
5003
7966
5267
21847
12945
29573
16686
5972
17770
8130
16481
30528
20828
11280
29001
12370
23308
10131
3914
5614
6045
9453
3155
5334
14620
25868
24675
21662
23068
9285
29260
3424
19613
15783
32183
26034
20531
6281
6760
27861
29540
5222
18627
1327
9297
26347
10127
21243
13465
8269
14075
832
21626
18912
19678
32511
18745
21222
7747
24241
25284
16292
549
12785
29847
20156
20855
28533
21980
2230
2152
8514
11478
28128
3300
8480
2431
13912
15966
31052
4976
22631
13005
15726
20226
18704
17652
28618
15795
10985
22503
18106
24011
24362
29643
26204
19775
11524
8157
25224
5077
29492
7606
7429
22665
6103
27085
21500
1583
10880
9533
29868
9051
27784
19656
1632
24958
13221
24860
16798
10065
23230
25686
10146
6775
13566
20677
11787
27742
14120
27888
21203
28262
19242
8410
11396
12613
500
12420
19113
13226
6026
32692
31363
25632
32088
17141
17406
31285
24263
16863
13027
27356
21517
3736
16463
31761
14153
22171
28772
15291
20431
12472
30782
24022
18368
3164
41
17873
8159
9747
22033
16181
5535
9547
9274
10632
12161
18267
49
7025
25500
15300
26114
16669
3197
5558
29611
31200
8242
30422
30929
31008
23970
22334
11954
28271
25632
3781
11355
30967
26943
897
27418
27163
231
8587
28471
7003
11176
2
26847
23416
8015
22355
24929
14041
32183
11447
18589
7982
28130
22269
30392
13907
19272
16521
30229
16503
24431
2717
10625
381
22972
30167
8878
2466
31113
13307
15587
13665
7800
1779
20465
25748
13062
20756
3945
11483
9571
31395
27148
2881
25217
20632
32131
22813
1898
16545
29265
2103
15576
5738
21509
27180
28927
7708
14772
1812
25518
20516
21158
18273
14486
27189
11088
29962
1001
6544
16002
22506
1320
6787
9954
29027
1078
28975
1177
6982
1200
8079
27468
3575
17281
31926
27726
4556
12976
4440
4372
24503
26493
7564
23017
29989
11949
11216
5346
24357
15138
21838
8469
16589
8878
7006
29190
6361
7465
31307
26466
2710
14785
6490
19696
11775
32402
15368
5828
11045
9847
22676
11702
9428
28959
30653
24594
13939
14691
16845
19089
2348
17878
23766
19848
17485
1950
60
25184
23790
15235
24947
25926
2261
8518
24074
10019
22678
15668
1769
23503
15614
22522
28887
14466
31666
12475
28223
22155
22292
5472
5683
11844
28006
21808
15537
15941
4914
16800
16421
13016
11497
12652
20528
8621
19402
14822
4520
11727
4613
4750
17376
10199
8737
22244
19241
32352
7579
6778
17560
4794
30416
845
1802
17891
6684
24149
13670
20914
12868
25179
17954
16982
3089
5387
9225
9215
23870
1610
19515
14555
29333
21962
3445
19268
2388
14043
19602
28728
22485
26244
29266
19977
2414
18386
26203
15189
12695
6768
15229
19001
31306
32632
28986
5058
4528
16521
28294
22436
6905
3354
6603
17455
9867
8717
12848
31358
30048
3975
19995
8946
2985
4352
8948
9695
22200
11158
31277
23684
27164
1703
30591
20033
6158
12958
5238
19972
26892
21005
29999
3077
14019
22781
31329
28595
28210
22146
13466
19949
15629
31890
7371
20342
11871
23062
13831
7075
31348
31554
31880
6999
3574
25634
17907
26673
3158
6518
30428
15364
20845
11200
12685
29832
13924
30875
25091
32591
7633
5710
19258
16890
2850
7585
31147
21164
18751
17904
16146
5311
25707
1917
7028
3510
31595
14346
14177
1651
11243
21928
21367
19627
7709
29642
20775
10390
29603
32413
14524
23275
7599
18588
24728
14091
24169
5727
6593
11644
31121
7347
1437
23194
22629
9456
30970
28041
9413
19335
4177
31598
8085
3291
22860
4831
13923
5202
13701
9112
7241
427
23185
3695
27157
6290
4925
29066
2472
3697
9751
1231
28828
27274
1329
6812
28202
11331
11041
6328
4170
11200
18764
32138
25627
26807
11109
17801
5510
15232
29744
17652
12830
7276
6028
18883
4939
30040
13744
6621
13224
12674
15285
8587
29609
32667
27989
26157
4481
31261
15346
4396
22595
10718
3801
10031
19015
5862
24777
16274
19151
23421
22191
20500
2794
28041
13236
24783
15769
4631
20089
15470
22321
12088
27553
28826
23552
28686
8593
12981
563
28454
10611
31947
10999
23304
16769
30405
30431
18701
1152
32736
31110
10865
23178
27742
20597
6057
26385
19324
8519
26103
6177
18851
17163
15163
15077
738
5865
5132
14701
22940
21513
28679
26030
9598
19120
6247
30155
20148
25260
13527
5523
10589
22771
8836
12618
9532
135
16757
23980
9648
2716
11295
303
5606
6653
3380
8841
3405
9644
1981
114
6218
28360
25960
22187
31022
3508
32547
29759
30053
23158
5097
1801
751
13405
476
16502
27157
27879
5525
14220
12116
23009
25528
11307
22942
21200
24779
3987
26818
7568
11080
30247
4136
3643
15344
22129
2497
24141
28771
14693
5438
32517
9198
16362
30592
27406
19108
8598
3664
15198
17072
2233
19537
863
20457
28574
12594
14412
30119
25357
4648
10206
8917
19988
18076
16937
25672
13064
3361
15040
4431
30150
15528
17696
9868
6974
5623
28748
17154
8755
18775
26036
31598
22844
1165
3931
30683
22031
7436
26937
3953
29182
10857
479
22158
28610
9487
28249
21272
11896
23860
13656
19217
3561
24076
30097
24939
26638
4412
19296
29982
17364
13969
14769
30329
9500
1010
6688
9909
7686
403
22623
30160
1391
30316
31960
29337
30392
30954
19092
263
32457
30692
29788
19150
6742
20432
11550
7732
26977
16439
6034
12065
15361
21862
22812
28278
23649
6759
21493
27552
14859
10031
19590
29805
23143
24345
32276
26398
12926
29587
25250
27325
19972
32535
12819
433
26518
19550
23696
10895
22080
7632
1065
819
29762
2366
14783
8720
25364
15315
289
6596
20647
14920
24693
23279
8686
29016
32474
26694
9885
10868
5707
4323
14897
14519
15558
9439
30256
29212
18606
22563
22962
18671
21615
18299
2592
6529
9568
21485
4412
32
31213
18504
15457
19270
757
31999
268
24081
3185
28216
2716
5875
6487
30753
21846
3755
30398
11651
31404
17268
2626
31897
4799
1148
24490
5666
20258
12695
14792
19125
13025
9013
10913
21077
3010
20114
30414
12869
4298
31276
18466
13597
18947
5754
29581
10526
9597
3803
22080
22723
23955
9933
3602
29080
5231
14175
4387
19791
18641
24809
26815
20753
2059
1274
4997
22290
337
7314
21192
22120
24111
16017
26421
15645
1115
27248
182
12419
9389
27439
26007
10183
15212
26254
5352
5321
26059
27776
26658
3883
12467
6877
30733
13737
17603
10583
18656
14760
5014
29103
426
18705
27204
18473
13042
19039
3371
14397
28826
7927
16623
31119
17162
24504
25791
12577
13194
18388
474
21191
30702
16862
29778
14044
377
19236
4368
14388
29436
8510
27929
28241
16958
28135
10768
22490
2208
25868
27643
2376
18177
2339
23626
13283
8416
2494
24085
6381
21184
28768
22437
15645
26577
3983
13622
28751
29388
26666
2299
32121
19999
30973
27747
5857
10058
11411
1691
21133
22921
22859
23636
19195
23475
1966
19654
14355
17762
29440
24564
5210
12116
30741
18994
8808
29457
26215
18661
26268
3534
26469
15499
26894
10898
28685
9211
21445
6039
28860
23789
16683
10995
14149
19900
20157
23159
14145
23659
18439
2776
11431
22247
32208
23052
19613
12427
7570
26871
30861
14569
7469
26695
10106
12232
3803
27805
31125
23145
29031
19949
10763
32271
20634
5671
21282
25533
18935
17175
14468
18754
18856
24458
3034
25459
5047
14258
24477
21944
28033
11467
15401
17098
31592
27647
2836
23226
9929
3207
19645
2614
8238
22804
19496
12040
20932
18541
17673
30175
22031
26969
12318
17746
18140
17855
10690
23074
30839
268
9920
30911
29983
13781
27493
22542
19639
22206
30937
10602
3262
5786
25775
25065
29825
7123
20154
10464
14735
780
26914
4009
28782
29958
18104
30371
28044
21440
25479
17275
12920
17123
7083
19626
15186
3932
1127
7743
16513
14923
23409
31711
16547
11036
144
17418
26314
19699
11625
6303
8421
6990
24470
28835
31356
25062
10489
30526
4001
13270
23120
23558
11299
24062
15369
30849
27396
22698
18775
28388
27181
31855
8581
9761
26209
32342
9099
18209
21360
30525
26591
8014
17581
31353
3213
3157
14753
32704
1930
21802
8961
9287
29509
5196
13278
1831
2432
5962
21276
17669
16478
22406
16677
22258
15805
28729
17886
22672
5317
13751
31451
31094
449
20981
1487
7638
6190
2632
22342
29277
5906
4719
16790
30555
22416
4308
31762
18212
2488
14351
26242
7094
13220
6572
8400
22428
9920
5678
19204
5650
24425
3667
370
1641
698
14746
26930
5805
28322
17923
24785
12678
4154
9494
10566
4956
29782
10790
6952
31422
18011
24023
15390
14341
12624
10974
18582
24628
22327
18440
1466
10019
21149
894
28575
9437
30320
21319
6080
2630
16401
20238
18348
2305
12202
30502
15355
29328
31426
27851
2950
21181
19726
32683
3800
2361
2954
13477
23519
9860
19913
10704
10727
4108
393
31679
12746
12185
27787
4099
24160
12776
162
26866
24893
6294
13833
26279
32668
9025
24569
6474
11158
21481
12155
2194
15768
4764
22652
5255
25107
13394
3359
21389
3957
26902
17239
4510
6233
21862
30900
21719
11770
23261
26749
2870
26350
21519
26624
17826
7697
18357
23846
9259
15807
22282
842
22420
19270
27508
29259
23566
18074
26471
7136
20807
12875
24198
13100
5027
22453
6412
12947
31433
7031
26219
29643
24930
30246
819
3638
23069
25922
5684
28527
13815
26728
2279
25123
16313
24266
16138
30498
20674
22749
29067
1205
8966
12881
12455
12339
1111
2118
20819
13775
20196
24509
18907
25268
19199
4172
16841
30036
24099
18199
22792
22524
11061
13819
27209
27052
2058
17164
19622
18727
27690
19522
22661
22086
15571
21359
13248
23953
6721
9844
10499
8720
4653
22453
3701
14687
23444
6858
32666
28161
32697
22904
28280
7158
5229
5343
20472
15248
27534
26356
26512
3714
23502
14386
30239
9018
1717
32141
20504
8817
16362
4776
7907
6912
31150
1095
20864
16373
23209
24327
110
19686
24809
22093
18635
1157
13864
22396
25276
32117
6477
23915
30479
12636
310
6166
30751
570
23733
15507
504
10745
5080
4424
1468
18501
11886
2652
17478
669
17350
2667
23564
27306
6074
7038
28234
7888
2284
13370
8029
22788
13392
23895
30316
24541
29163
19284
24654
3565
3802
16489
22952
25425
26773
19134
1110
21895
19829
13018
11277
20864
18036
11870
32318
9206
11829
10995
31037
15360
14660
17793
22178
31716
21406
16802
29936
3116
30580
5462
1140
25852
24876
23800
31600
418
17577
19312
5497
29295
26572
27307
25118
16581
17978
16456
9930
22898
8800
10900
6124
28988
10165
2489
11604
6077
575
2354
5600
27762
3929
7554
3673
10766
2995
2598
8088
31764
25242
968
2029
21156
634
17077
21441
10389
23201
6545
27001
28613
26181
25674
3230
6061
26825
25418
7227
25145
16188
22257
4231
31446
27427
28482
31684
972
14968
25564
4711
3534
12530
18476
32377
11727
5767
28642
573
9496
20272
30625
11795
20376
24556
17915
11676
19579
17671
6300
28703
5374
32156
29125
12332
30081
28761
31229
7807
7389
3458
10755
13350
13817
21048
20742
28647
16280
4348
19224
732
5749
9071
31713
12384
26002
26971
24976
25903
28877
14583
21527
18888
28084
9319
17560
21526
24218
14467
4378
7248
9195
6361
16513
31006
14268
7413
15037
9981
18342
21216
20801
32484
8405
2790
11191
40
8796
20636
27890
12701
10699
29986
9252
7678
11780
3750
24145
28558
31818
4393
27651
28416
19355
25734
12096
27028
6720
7088
1465
17028
2466
12603
9028
13214
11359
27934
28812
306
31389
22455
16903
9518
24735
24079
31529
13704
7062
2912
29144
2524
22713
31700
9759
25687
19095
27792
8742
8659
10412
3313
5730
13635
19763
29973
1545
29266
25916
26014
6089
27463
26366
13490
24249
26156
17006
3142
12176
11567
17
23965
22037
15944
16910
11787
16086
7708
23431
8447
26909
21026
29225
25409
13600
17924
24066
23415
25208
8264
15251
17390
21204
18991
25639
4503
25839
11997
16483
19536
31679
30139
10525
15461
1520
15386
19058
4439
6544
4633
15634
26076
30732
16072
18911
17702
3675
3981
2999
5480
17785
14023
25485
2967
14103
32178
29375
3182
6801
19851
4003
7860
32288
21492
26723
21185
8273
18073
18444
17215
32181
2580
12769
4910
26330
16398
18165
3370
12923
167
10745
18417
24564
17176
21842
29728
15864
14743
5999
14141
27014
9340
10585
14330
14617
24737
5003
16312
26656
13582
21765
5451
5805
9174
156
29949
29041
16956
17556
18901
5608
23578
4208
3097
1745
26244
19721
26897
17633
1448
23262
6158
24504
10744
19115
171
4884
2188
1085
5715
17477
29377
20356
3331
29665
20775
29674
19281
30648
17818
25059
15790
4362
14510
6853
28392
13048
22097
19163
2547
3385
15787
18868
10472
12046
26697
29889
5454
22136
3195
6176
23961
16296
32506
22962
25584
2231
22478
23155
18995
32151
24175
523
24381
24650
299
10400
29030
337
23495
4847
10828
15464
4457
29851
22484
11632
32182
27844
18027
12717
311
12508
4242
2353
27905
22966
1945
11416
20885
1760
6570
10998
13573
19507
22794
9230
29784
7592
2204
12997
21552
11630
20903
23510
1194
28729
1752
21702
7302
15324
6283
14107
20360
13338
7750
29641
25629
31161
6534
6893
11330
20441
21951
19389
1442
11140
2462
24767
9470
24966
7569
11322
12498
26239
15241
22763
28470
21814
3071
17144
2818
12080
17461
23850
13365
2946
27070
30294
8088
10211
28480
29468
10654
4101
3705
20436
8335
20262
896
32454
31205
24546
3405
30361
30455
20043
22396
1295
31956
16443
12622
14831
9074
22505
13809
32322
16392
9403
18945
11201
28344
5723
4686
14479
24433
9741
18400
19236
27156
10816
3384
19081
11733
2146
10457
16075
16357
14585
18695
5546
11598
20976
13519
8081
21534
2862
3655
22731
22471
29038
2583
21235
13510
15178
16440
21164
14211
29848
31228
30099
23160
29690
8527
29810
20374
20145
13628
21943
14564
16050
26547
9252
21610
12028
18569
32199
8013
25128
8640
3885
13371
26434
26889
20179
26889
20695
27271
3293
28571
25167
4310
11018
32261
10109
28236
4328
16879
10869
27518
12356
9022
15262
16134
11749
6641
8
4740
634
6984
14847
30947
10192
25132
32736
6622
9800
5835
21803
14018
5769
6531
23002
27765
27506
29953
1009
22199
6226
15274
5975
30888
26460
21561
20452
3722
5205
31146
29115
11465
32656
29272
13274
20536
3356
16994
14575
17310
1084
23890
2669
32369
791
6913
18912
24801
23217
29621
3198
28953
26394
18317
5374
32193
14310
13599
24493
18887
7388
17247
13502
9567
27379
25283
13537
6216
3450
2468
5144
337
14230
28648
30406
20253
18929
11742
9481
13859
16561
17001
2122
2040
15783
17505
10003
4049
713
17206
4896
6212
28899
6870
32184
32334
24201
16081
26174
30106
23376
16571
5891
25088
13118
5587
25694
27213
18046
24545
25087
10306
2392
15717
640
6623
16481
25837
21821
14305
19695
4039
22118
21897
7632
30680
1362
11679
6204
27852
13590
16567
3335
17520
19287
26803
3611
10843
24924
17801
14374
4820
31591
26438
17552
21744
19014
22867
30640
12283
11045
29431
16191
16409
22950
4382
5389
9773
2100
7513
31218
26362
21140
1573
7432
17801
16060
3184
791
7370
16361
2649
16977
31869
28652
5944
9792
3411
29380
11486
20476
81
14450
12830
9889
3446
4361
3724
11264
17821
18181
11140
2453
15269
13277
1646
27066
18638
732
14401
28953
28774
5676
5702
27751
9894
16948
20511
1616
32471
21284
12039
6573
1208
4301
23131
29693
17700
13495
17754
7187
18928
1645
10793
28940
3347
4636
13849
13700
9993
11612
19245
23306
15481
15950
31447
8656
28437
30951
7683
24743
21953
1675
11862
2347
16376
19422
17592
15419
18540
16599
24848
685
31469
3862
24398
32319
4492
27255
15791
9936
3328
22503
6204
26576
11337
22134
32149
12789
1939
7854
236
21807
21084
27683
11604
14047
2265
1356
15932
14404
3222
30097
16694
24885
29790
11685
1278
8982
4954
32278
31159
18437
31612
8227
26231
25172
32543
16589
6150
20540
30183
16945
27875
10191
18671
10004
25224
7983
2595
23744
2031
17662
6890
22287
31061
7445
9737
12997
18750
30073
28868
21026
31417
1930
18245
10168
28901
14718
2114
9083
30644
5134
5083
30231
18927
16495
8641
7814
14459
8836
17053
30177
22234
25426
4272
11638
20724
32692
21430
29468
19992
12112
7185
12227
1342
14281
6435
5199
26255
55
12028
26791
32295
30932
3893
20744
29721
10999
22811
32160
19891
1351
1297
30808
21508
14376
7983
1265
17308
13946
5423
18258
10643
11907
7050
9248
4557
3881
28126
3984
27259
28005
28307
15993
16613
24052
27070
28078
15208
5968
32581
13194
29882
28638
30789
4044
7286
3177
2992
11685
212
21199
22075
3088
26039
29946
2423
98
19694
10258
5693
18210
5043
23537
22096
5914
2424
1752
31038
27310
25572
22880
14471
29549
13336
28339
5889
27622
16694
19707
12155
15293
27684
18971
22177
8702
141
10398
5152
22960
5929
236
14090
27822
27967
19140
2427
10418
21864
6886
26493
27315
9621
26896
15657
13425
18003
29228
12303
16462
18254
2760
30680
1887
7444
30150
10794
28099
27676
4949
32204
2355
1287
31776
18699
13787
30245
23749
16220
28008
22075
9608
12866
5219
11396
25161
22898
12733
6645
20147
26166
17579
10181
31415
26127
11444
24365
4920
14494
22535
3693
8968
7364
11283
24335
24596
6409
23634
8559
22747
17210
9061
29051
5669
11094
4710
6328
1265
28076
27258
20870
15535
12349
13477
20388
30127
3943
3043
12790
17370
15813
19828
16774
27040
23377
9079
8650
22321
18379
7610
22053
10736
29791
19665
16559
16420
30850
4965
32313
13553
28189
8655
17292
22664
22765
20453
8178
30874
7465
18708
18680
3346
18790
16048
21361
7427
14265
5255
32190
28639
18971
15292
28493
24299
17937
12243
4448
23279
5004
18952
25872
31282
25357
24293
31377
8869
32526
23059
28087
9311
19614
19569
3001
22601
16203
8291
1590
5915
17476
26733
22389
7303
26815
31744
15345
10931
16281
22163
25877
493
19004
27894
18756
155
26822
27875
13596
32624
5480
6871
508
15846
28427
16927
5571
29416
22330
27446
4059
21966
10044
19534
18295
13199
16512
10285
32536
25650
31807
3898
29014
13446
15964
14040
6877
6163
12175
23282
26038
14160
25282
24023
6600
11799
27067
6729
13982
3669
7420
7120
6762
31494
6887
12629
6730
28513
16934
3563
28619
1615
11082
27632
8108
22050
26034
26197
15844
13444
31663
31802
13029
30381
485
29374
26147
474
13813
2325
29136
16378
28761
13019
17386
19626
28047
19623
20600
28259
12921
32484
14609
12274
4100
17116
3485
11817
2568
15894
2656
28117
9583
26594
30516
19952
24986
11570
3093
27159
24832
1707
32483
318
1304
13564
7780
13474
378
5999
7817
13055
10817
20669
31218
9219
435
11815
3251
26627
18724
1218
19545
32750
6423
30995
16680
12671
17575
25819
9383
15286
3109
20276
18783
12168
25347
10973
12255
16598
19696
20179
27907
9116
5701
23841
17782
18795
27552
3064
8822
4889
5326
1282
17367
19127
22255
20212
21323
31171
16852
30051
15584
28575
27820
25304
28874
3138
26080
8486
29283
9006
23099
29691
22640
2721
14158
438
8870
11024
19731
32376
2157
8913
13008
3454
9443
21016
29502
19630
9252
25380
17387
15983
21961
8890
19421
1470
18606
15571
15736
10367
21497
12690
18338
19472
12631
5752
8740
8228
3209
30683
14675
27599
11296
28308
15601
28893
6020
15865
5710
6504
24123
3595
2482
9130
25704
5616
1791
16399
22674
19107
28051
21902
13991
26090
18284
24634
31809
22920
16271
7700
29223
692
22442
32292
12055
12747
8440
1480
14275
23106
31845
8267
24601
32478
9715
3257
20935
11815
3932
24050
23551
8986
19961
16638
28791
24094
8162
32160
29109
19001
19543
25902
13961
17028
25438
9119
26331
3036
8366
9958
5542
5851
30156
4223
15429
7686
32628
25927
31470
29768
27194
28560
17020
6048
2673
1909
19313
23574
11084
13675
32315
17139
22851
25369
12470
21041
11192
3690
23795
49
20955
13024
13624
1964
26315
23851
14663
14316
20734
7418
12515
5436
12514
18705
12177
23965
8900
18843
1436
17850
22514
23746
16987
542
19228
2430
11190
28837
5120
13482
20199
30256
7751
3165
3710
25757
18345
15735
20904
31991
10584
10106
14512
25065
4252
668
31430
3705
27322
11290
20736
9459
10267
3278
4766
10786
23210
19972
26258
198
4990
20618
11840
14659
17337
6662
3458
2455
9392
11404
13295
398
27468
31856
19293
20281
19120
30809
12196
10140
2587
22423
21413
10151
12816
8887
30603
16744
5301
10836
5201
2430
13690
24624
8325
30929
21498
18051
4683
30336
7718
27026
17060
15899
19872
6020
5616
30227
13413
19057
3506
2670
31919
30909
10132
8127
8218
16292
11691
12886
23045
7189
23547
13748
6459
9668
32574
18498
13523
123
28897
20290
26708
30640
5200
3845
23325
30813
14707
4958
14084
23820
2168
31832
4670
16433
23252
804
12415
18621
9604
19285
24417
9456
22681
21584
29194
10095
22515
7933
8201
14998
29005
23491
19330
7695
29562
13492
29323
8868
19181
2052
20437
22609
18303
9920
28303
25246
28525
27580
13703
26412
928
16078
11667
19085
6450
22585
1839
12120
27693
22636
9063
27517
20374
2029
9208
26583
24234
21392
18098
7680
21351
22764
4128
10345
9806
5903
2411
6314
23400
6001
5500
2070
8327
8999
8545
5779
8398
22617
13298
19369
12659
13302
8372
3544
15300
25510
25085
9263
2152
29697
24153
30234
20456
12030
7469
32124
13422
16046
11930
7933
2252
26666
19108
23718
2239
29386
27540
5803
26229
3991
26522
20103
20814
21763
19895
8270
23008
8920
2522
26175
22333
623
5194
15001
12664
22306
12355
19377
13669
29443
32228
13888
21921
25551
25417
23041
31954
3101
4340
23676
21808
23771
9585
19996
10565
17147
13369
9608
16880
7530
13272
1328
26032
20290
5963
32550
23839
16960
5804
19248
8381
28024
27409
8987
5103
13383
433
14674
29000
12682
27208
32175
19462
17165
1213
9360
19168
26951
12802
9262
32767
20292
3133
7210
586
3810
27173
23401
11238
1344
12718
30754
8701
19316
15848
11829
2495
10108
23588
30655
3751
2423
9306
5099
7680
26902
12487
28683
31655
5965
30938
9959
5138
22606
21329
2644
12177
22967
25504
27401
27348
22794
30354
4783
6318
3679
4658
9271
28952
12117
15596
22128
12665
7758
16368
15577
4645
6620
26839
4788
13603
118
3721
15451
29235
31856
23902
29399
9231
11306
11907
19887
23282
6791
28320
7934
6231
7072
22455
21960
30723
25018
592
23182
27205
24182
4563
6688
25469
17480
53
12979
9435
15402
19670
30515
617
9106
4778
15579
19020
26273
18840
9986
12615
19101
14111
25912
26752
15521
21055
6033
16519
30867
7831
19777
32148
7255
17099
20841
16656
31554
24104
14897
11351
17874
24971
28183
8381
22940
28542
4999
16591
19845
1957
7851
5851
3637
345
29060
1202
7881
6546
16954
24748
20936
6154
15280
25581
3673
20383
3164
19943
30131
32249
22358
24864
31956
20078
15278
7477
20086
1058
26115
23072
2367
3955
24657
10422
11832
4756
5131
7283
21376
6519
12906
25210
28482
2289
30468
18904
20196
2329
30880
8457
3713
28401
31817
3261
9370
26952
32417
15324
22024
29918
26488
7367
9781
23498
7069
30689
6028
17433
24820
4942
20526
4536
18633
17402
30439
8084
5220
4061
23648
5119
18398
17790
17558
21590
24371
11446
25738
23520
22935
13495
26683
31226
3854
17228
5329
15217
1079
2403
23323
816
12392
200
28219
5659
27136
30515
12960
7738
27897
19077
6453
26906
12221
14927
15064
25968
31291
29332
18446
9216
29497
13264
8437
24509
6124
15416
10618
20786
20934
22084
11723
20768
7823
12395
27408
3689
32439
25133
4182
23340
7659
16983
19403
21810
27110
29315
14385
28041
2954
17374
16013
4974
30255
22830
16415
1649
315
10771
7319
5075
16370
19340
26758
17203
2960
8638
26643
13929
29589
24305
8687
16563
2145
29660
7819
30991
13312
21794
10120
19431
5447
14876
7023
20467
4384
14553
10658
25180
3618
25443
2706
19997
3685
19012
2099
687
7060
2121
27309
7653
14659
15238
7509
19733
20867
3994
8155
18808
20404
15669
6084
29651
23963
8919
5659
21335
30389
23258
25956
31686
17866
29362
29650
7896
196
10100
11706
19677
14018
19349
23622
10403
17513
14836
23662
4762
25210
31259
16932
3894
682
31170
15311
27797
28334
32661
18939
27490
23957
15160
8015
28409
29530
5767
15551
30924
24250
11298
7683
29445
2371
1833
2631
3693
3502
4164
23844
14220
26734
19431
23503
26386
5769
19924
27280
20853
5799
1505
13942
14812
104
18939
10058
27708
9723
16747
11713
8896
29677
5464
16885
23151
830
2701
9750
23305
4538
26749
16733
30257
21638
20868
10050
16849
22778
28784
7919
20923
26542
8000
16116
13452
7640
27436
28988
14294
12501
6629
29504
14206
4101
5149
9850
31842
22748
22858
17693
28223
20790
24743
20227
7379
23531
2940
17127
25662
7076
3232
30676
12462
14317
26940
10973
9531
30859
30417
5391
10768
11023
31357
7588
9676
1707
19834
31865
26152
581
10983
24771
31705
20682
2763
28669
3512
30661
11863
12581
26400
13360
16747
14375
17815
8585
13660
9626
10673
22313
14581
20138
12082
28626
29115
8533
12403
12167
23157
6363
14599
15264
27372
22127
2973
6429
27888
12851
16168
25915
8859
22627
14142
31813
8666
18128
31678
685
2344
16017
13238
1115
29085
32245
18308
7749
16936
22204
28219
26176
18457
29830
10824
1301
14562
26507
31061
14040
286
18317
15213
9589
1234
779
5473
20876
13555
11960
21099
32127
7721
26923
2322
20169
21715
9944
1869
6545
25163
31295
18923
2686
5995
11363
818
8910
26704
14718
29895
15010
13661
1523
8398
32156
9603
24452
5713
5548
30144
7877
23782
30759
25062
31952
17292
2330
2718
28987
5847
2269
31916
11335
589
32747
15733
346
8463
7408
190
21936
444
14628
27574
26445
8594
30424
2359
54
8918
11854
21321
27104
17014
7374
30184
13545
20718
2550
12039
10502
12904
22354
28628
28989
10791
11821
9022
22612
29989
16294
15796
10633
30715
19206
31280
2435
1026
24144
26741
23433
30648
1306
12437
1778
15973
22940
12213
12508
29438
11271
21012
15905
10825
13336
20042
12679
10306
236
9678
14903
1214
6934
3771
1649
846
3311
10964
11901
8806
17709
12229
19429
9662
1975
25772
4321
8185
24760
6359
29715
16261
19954
30671
17524
25282
4694
24214
14735
14182
26577
5678
21485
26912
872
5978
8656
9083
8071
15273
15396
27398
150
32687
4018
4530
10190
14998
18071
19067
10315
28374
26100
8266
21090
6208
29672
21530
10548
6977
14779
26202
22147
14693
30300
20371
4293
12058
5390
11339
10103
24247
15454
24617
10676
11452
18776
29786
23302
29019
2810
13618
27260
9016
20969
21271
8189
8046
10339
2715
29659
13010
18037
6120
17579
18555
5742
31073
8021
24962
23955
17798
19815
14854
23828
6168
7599
16243
32575
23166
6920
15364
25844
27496
9588
23431
26457
27058
8555
28001
25038
9867
12659
2001
22564
726
11761
28793
19721
15312
20287
28186
23751
27380
15870
26527
28719
15644
32174
29789
7119
9448
25980
16793
32620
3171
7002
29002
14764
18916
17749
22049
17426
23603
25891
12487
19247
12781
4604
21094
22295
42
1196
18538
22547
27740
10725
30089
27541
3451
11993
15360
28017
2143
15368
7456
10569
19309
21079
29194
16457
11637
32355
8631
5909
29659
22036
30779
24576
1013
29813
842
5503
17333
26563
6139
30941
28040
17860
26060
26928
23421
23129
15078
9867
3498
9303
23971
21877
28620
5267
8014
22170
8749
17212
3114
18113
18891
3950
23733
15102
11190
23811
3117
3369
6074
25773
14420
19598
26174
19010
11889
9958
3436
27990
18839
23943
4498
10255
1577
6871
21704
28725
28318
15366
2516
3721
17794
25341
20042
24664
4285
25745
12280
22351
27160
26365
8576
11153
14589
17551
8775
29703
14718
1697
7566
6391
29850
3275
17631
21721
3515
13399
27051
14182
2434
5109
6705
24305
29127
8112
1441
23546
31452
18721
27522
29441
3602
28643
6737
12440
23935
13895
16747
956
25854
3656
6701
21093
31862
4801
11353
15452
24416
221
12731
77
19843
26063
23821
14109
10498
21700
2073
22909
13721
14614
3357
17344
23844
6339
20339
11241
7521
23325
14193
15881
758
26563
9615
21192
21942
12751
8391
29761
23072
849
17474
9491
19496
7421
12336
7604
30523
32288
504
29705
3965
26841
6033
24884
12373
30341
8751
6574
9259
20603
19491
27541
22896
24826
30204
5959
10463
4191
20211
5679
20739
25243
19590
17375
19194
2277
17762
7519
23672
15276
13190
2757
2831
28880
24998
26374
21677
16913
1997
14860
20838
6088
6983
22793
8819
27605
21950
24842
21115
14552
14243
16335
2834
27044
2512
16090
17280
23792
8811
17606
19651
20816
28941
16602
24279
19812
5667
29918
2868
22607
2453
4397
14489
5739
5286
22284
3080
7740
8988
13626
25361
6562
12192
4809
17236
1874
20327
15403
25410
12422
8466
9872
12323
9972
8915
32112
30045
24317
13266
11875
2291
14888
17615
26425
8524
5582
31752
14919
14390
12823
20573
23807
7978
1317
24498
13508
10450
20110
1173
9724
3016
32528
28448
22886
25249
18560
17697
27565
27946
27140
3449
15166
30449
3202
27330
18519
1799
17240
26933
23393
15621
1358
25546
25984
32589
12744
17568
20328
24210
30273
9376
10866
21147
10228
3678
30703
13379
26076
26687
31420
6341
5855
18913
18199
29238
6215
16567
1200
6483
12401
18420
5891
9341
6601
30635
8166
12290
14838
12084
4190
31646
22865
16081
15287
322
28316
21649
8404
26899
21233
12405
24003
32438
29176
25554
404
3019
19037
8182
12396
15287
21121
22542
19925
27815
5488
14920
8536
4562
7188
17460
10574
2814
30376
30320
4083
5445
31342
27524
30396
14617
1957
22027
3051
22918
27574
10772
7776
18615
13230
30151
9138
1468
752
11596
25726
1930
16940
28136
17151
14659
14987
31849
20447
3000
28972
709
8525
16429
22228
20734
8272
20572
8161
9544
16475
6076
22656
16238
21793
8706
2336
17266
31402
17128
32551
12148
17319
23342
3555
26836
8707
28383
23491
9371
15802
28886
4039
12055
11758
26496
29493
22214
18488
20196
23438
32374
31292
23520
28864
6825
24960
1205
9117
7742
5502
29382
26764
6734
22519
16796
2686
5461
8075
12078
10788
23954
12423
8543
15712
23216
14334
9417
8953
8869
7451
18617
7826
21979
31925
31866
20701
1677
804
20951
12
12149
6227
18651
17544
32164
4631
2267
28134
29105
24767
10935
13335
7189
27117
30812
2270
30934
1444
17805
7559
11875
20897
17892
28887
13247
20207
1043
31039
8674
32182
24176
16212
13405
27476
11441
31876
15676
26286
29427
4609
4144
20168
17922
27650
10478
12180
17620
9515
4306
8456
19286
32329
18376
7283
17004
32323
13420
15377
12594
20046
24432
6365
29577
9823
32318
15014
14799
24038
4319
20069
13805
29881
5916
5838
6551
10318
8419
19237
18895
26926
15852
22611
27563
17574
4251
14393
11865
5824
2089
21316
30304
6258
1535
8258
20008
7700
29282
30324
16317
6679
1109
17892
31696
14325
16571
10744
29183
9060
29885
2632
15958
20431
12139
15789
4117
21510
32422
25498
28083
11829
29501
26544
31268
1043
12374
25484
8024
13147
2576
21220
16900
18048
30566
19922
25252
8605
23383
15727
20417
31658
26947
16036
19823
30710
10393
10045
22043
29649
23471
24895
22659
23689
19953
4220
5894
8601
19774
13924
3102
5916
21135
18462
30763
23688
7642
27352
31858
7064
18742
19035
26469
13194
5951
15842
5669
9355
188
12076
3909
20336
17791
30672
15057
23974
1165
10449
23438
25964
8063
28786
11652
7743
27944
4683
19898
14742
32632
9629
20289
13264
160
3555
8563
12651
27511
25001
11133
15478
8989
13217
16667
30281
11742
29172
21667
4467
5977
20438
2629
10228
15841
27997
4241
16813
3875
12691
25145
7956
30729
2762
21785
7212
3039
2351
6772
16309
9909
1954
5249
19103
3844
22213
9510
23493
23188
7763
23043
31704
6812
26804
6578
9625
4908
3278
13901
7756
456
27165
2353
12905
14165
11014
31746
10900
2362
360
8944
3279
23999
4469
19512
32239
22456
32448
10477
22348
25960
20374
29432
17597
13984
6802
13406
32452
24103
12908
5057
29957
8798
17426
18986
31997
16676
6906
9733
22768
11000
32694
16237
11043
31069
25801
16810
10572
9347
21945
28152
9287
15395
23653
15242
14346
10155
20633
14543
14299
12699
17888
4596
10945
25135
2969
24746
27704
27966
29517
10537
17704
14178
20800
10357
4376
13913
27462
22496
17311
12459
18904
18896
25116
8333
8039
17346
17831
15878
14832
14735
14664
29776
13009
3566
18534
18049
20699
15419
20866
26475
20648
20343
12581
2240
1839
19087
6422
9594
4757
26081
26577
19321
3399
17916
5173
10350
30533
4007
381
24057
18881
32038
20337
24846
26856
22712
31453
26781
26624
100
25155
12146
21427
22261
717
3418
30378
17988
389
11143
19550
14005
21704
22581
5675
8196
8696
15758
18087
5954
9074
32715
14129
32282
10944
1693
23501
14169
4879
30155
26927
1198
14307
6428
8469
29101
17417
18295
14554
28698
27854
329
3656
2405
28014
20007
7855
18801
22223
7605
29747
18073
1903
12230
32106
27381
24475
18372
807
25305
1507
12115
12432
21663
20426
19505
24951
17831
8898
19808
10983
20635
24919
13192
20988
4344
14506
14487
9464
26570
25121
23210
27284
32183
11613
3632
23444
9790
26220
23372
23198
2113
27712
27260
24140
12225
2912
17529
16768
27882
28894
18782
28152
9295
18825
8971
5410
29814
24931
14028
27441
21655
22358
23094
6256
4257
14626
20306
21718
18046
7066
19454
25051
18584
784
4239
22155
2460
12302
20923
29145
30078
9287
31159
26421
23485
29644
1180
22881
20200
13955
31759
30592
7521
11734
22049
28784
18273
29352
15220
12377
5692
16269
30880
7302
14566
11066
7892
16756
2486
26426
6081
10025
24939
22243
12467
16327
7021
4745
24833
9313
12117
10993
20392
5133
942
16648
23603
26939
24061
17877
11998
31045
5120
30381
5114
4679
25140
27046
9875
2864
2969
15950
3665
6681
9913
18076
21660
25814
15335
15398
5379
32715
6341
21909
3295
20225
32009
20566
20019
32122
1152
17043
6615
32449
29267
18786
9430
20164
16777
26428
19732
25574
7885
9904
308
1873
12145
21848
24504
1929
18868
27405
20842
31047
576
29015
8955
31364
13047
32551
25067
11220
24303
7369
168
21493
6075
9236
1530
25000
18413
28900
19358
16319
1752
30154
4146
12152
22939
2305
24657
7433
1371
32164
6910
8828
22223
23839
5446
11453
770
21732
8481
30450
1364
11359
31642
20490
7874
22315
26159
24217
23144
30598
28539
22243
15172
25858
12050
22326
30525
2942
30893
24190
25444
13909
19079
4371
30073
7125
31494
16341
32433
15603
27038
25979
950
27964
14067
3624
22000
5903
18493
23871
20995
4106
6641
9593
26521
4546
9630
18229
20065
10935
24340
18703
3160
15239
3276
24243
12615
21601
32644
20980
27532
1725
27946
536
23070
32586
29435
28022
16332
31784
748
31044
31685
29528
16457
27562
27485
32113
3996
19482
6414
22676
24016
7652
23741
6049
25238
10501
20799
20907
25096
17728
17180
26026
12684
23409
31891
9840
1020
4381
4830
735
16644
21069
6327
32344
27595
11677
23066
3446
23765
13968
1357
11005
21288
25126
25886
14605
8365
4529
4204
668
30170
16356
13032
28963
4238
1069
21277
19094
21052
24645
14766
2970
332
3077
24031
12787
14782
13179
31575
2875
20753
23357
13605
23514
12643
24317
27136
29234
28633
15966
7635
31258
8769
11270
7289
9358
14326
4852
14788
30628
23044
1556
21189
23234
5773
19985
29767
13071
23404
2411
19101
9255
1047
4809
16030
18707
32458
8592
25581
31096
19682
22708
7294
28430
25223
14287
5461
24404
10637
8816
145
23939
11164
29109
12458
6336
10127
17436
30967
19093
5659
32662
30579
27042
25009
14813
11200
29840
21925
31496
32620
26951
2191
3677
9076
15457
17906
21862
26374
25822
15131
20807
27531
20505
27468
22094
23013
20986
12058
7628
31989
25966
17172
10787
25953
20756
10661
12577
31380
1082
25660
140
7430
16391
18345
4350
15805
24825
28619
15091
3860
23699
5736
16929
12987
18255
20828
11016
2303
30426
31734
3785
1355
5248
20383
24891
11247
13285
28604
23868
7457
16887
27862
2885
20801
24608
760
5698
27234
32704
5977
25248
16133
20954
14651
7079
551
24334
10771
11018
11391
23495
12522
20156
2817
3253
15619
16646
5798
20350
7102
9943
31087
7088
17852
14427
25768
4091
1860
22478
7274
24477
2022
2707
23651
13341
30046
2176
31193
22332
21947
21885
26349
14633
17600
6477
31517
9972
8330
10667
9485
17733
26995
31385
27015
9038
22839
26869
21440
31230
30037
4941
15069
27511
8376
13556
181
22211
28823
14165
11737
5058
18586
28040
3794
11111
574
11811
13993
24612
9082
16211
2733
6819
26787
18731
15216
3767
9613
16955
20243
11410
16883
2661
8387
12856
21784
10220
31108
28980
9391
23246
9773
7305
2808
31316
11956
13035
2093
20711
4780
22831
796
27173
12044
14593
32021
1844
12594
14293
15622
11606
15144
6688
13797
702
7461
26311
11342
28067
18519
7895
24430
10642
24287
7544
14623
18184
1310
13340
18772
18752
22575
22268
4280
22090
11700
28101
24210
11613
214
7310
17900
22382
12423
6414
28148
17921
29450
24588
16802
21568
8886
24342
17051
24138
18423
26230
854
25293
1173
30562
3197
25303
17465
17011
12694
29673
22061
27225
6370
14414
21603
24268
31365
12714
31673
25541
23272
8662
22907
6383
17500
28139
29225
5464
17408
14237
17787
27501
11748
8395
21411
10533
27758
27987
2002
10364
24317
30507
11261
17443
3021
10414
18913
17526
10523
28979
7493
6318
16777
26596
31615
12376
30659
4302
21561
2310
11619
30772
12149
17476
4370
6185
19663
22989
22512
15454
18434
14847
9783
22584
26286
29837
27419
805
29529
14196
13300
3889
18867
14896
15006
28116
30750
26927
13088
22286
6765
25990
7309
26294
20972
11491
6440
9232
32417
32194
4555
10141
7634
19428
10378
21303
29128
22781
16019
20573
22226
17838
4440
18635
27020
11954
13041
3405
25184
10844
25019
7894
19022
14913
838
19916
27881
1330
18030
25511
11170
28013
12487
2746
5705
22291
6975
26704
27857
13021
25086
7419
28244
8459
19345
7977
6486
16542
27464
9208
16718
32455
732
2636
7523
31391
10069
31774
13427
20760
11563
14871
19033
25908
8108
17757
12912
30837
18333
23469
11091
10132
1316
31146
10215
8054
230
22388
10652
7771
30828
4989
4079
5465
10699
32664
308
32265
8836
17491
20626
14464
30121
20103
1359
1408
7489
15149
26445
28912
2798
13683
13525
16522
11213
31504
26004
15060
25502
31444
7907
23121
17189
16771
15692
16632
32207
10467
5961
32741
25241
32020
23886
1871
23598
3104
