22267
32504
1126
11801
11390
646
437
24963
18037
30014
20469
19146
14544
5342
2367
25006
2589
17488
24867
13968
18438
24098
32075
30856
17690
2870
16730
8626
25552
29115
4634
15816
4808
20571
21463
32502
24149
22966
10246
5353
15161
25616
11819
31274
28335
16710
19449
11178
14255
21255
16570
32414
7533
12096
2033
2188
1827
26840
20286
19878
272
20638
899
10584
21184
17024
14661
9501
19087
21245
29781
12694
25193
28893
4783
30173
8659
20255
24226
10519
24879
11059
3121
10824
21051
17257
9658
19052
29148
4522
11221
31939
18202
7782
27775
24940
4971
32717
21880
24117
22580
22850
17897
14770
21901
28428
9034
27788
26181
8783
13699
7452
23845
26939
3665
31032
18297
6020
32748
25165
14541
2834
26343
8110
1013
4345
19287
2860
1360
5803
7479
27623
25165
31597
4107
29540
25133
5639
22980
4319
17419
17088
22756
3810
13850
3465
26082
12054
21039
19577
21456
14426
17279
15993
25659
11026
31145
577
12883
4033
3319
31107
22859
5083
14304
27749
23043
26836
2514
309
997
6525
14127
23640
25869
18832
10902
31876
1452
5001
15203
10032
29358
30904
11641
31048
23450
6037
24127
28708
18362
7251
17128
32443
9853
8120
7160
788
16153
26667
515
12286
17268
16655
12216
16129
2629
23631
11551
32404
13430
29242
16415
4240
16846
5010
17987
27877
22732
25055
23486
31884
17878
8713
29612
24765
30099
23846
17818
14945
28309
913
13385
1482
3643
17980
4527
24226
3285
6727
25663
16417
3338
6865
4458
5507
14967
15630
4454
11962
15257
2713
4142
28000
31469
22028
8138
15855
2901
7631
24528
12596
11198
4397
15915
18945
11776
27565
13595
21283
17669
6815
10877
20883
32302
24821
21581
26353
27122
27988
18025
14381
14281
5739
3479
11400
18760
12676
31690
6331
141
14168
2465
10869
19933
11048
28977
10251
16524
30729
26116
22635
7965
14464
3681
10067
19115
7246
8654
22976
29064
24717
20692
26280
21795
3580
23042
18411
10031
29080
28725
22408
16897
876
22038
3340
16442
12201
21219
12113
14247
13817
25715
20068
7013
4881
21108
6599
2377
10373
1784
26329
1662
5857
20528
31634
28528
32245
28534
29043
7913
6000
6545
17597
4218
24497
19509
25570
541
16601
7370
21305
22808
29733
25710
14581
20005
3451
27965
25944
9423
25922
1232
11044
29215
21623
6147
7251
13944
30461
15356
32519
20160
26677
18537
3780
192
11727
26376
24029
9934
17632
15469
27436
16041
1332
3584
16390
24484
20197
2373
10862
23559
13868
4192
26505
4530
8568
12248
21075
11779
3517
8603
27279
26874
27919
322
18436
31643
21359
5527
19942
21908
26085
21332
12947
22048
16335
32046
12160
3115
17016
1298
28018
16823
748
4783
241
22142
18955
21300
2809
11737
23261
30299
20980
13280
29477
31910
26341
15827
14905
15080
10982
18873
4624
14088
18644
24902
32413
16898
30537
9218
5979
29486
5834
15528
14122
26821
66
17868
24153
29089
6063
25025
31492
1092
30492
2490
2976
10012
17871
22575
20436
11782
4035
21123
31626
28944
12633
30179
8263
24707
11082
2929
16567
6689
29408
1954
17037
25515
4710
30948
12938
11942
11741
18821
3802
2399
16368
22736
2983
8493
9002
12153
1513
14838
15207
21307
6267
16116
21384
32191
1908
20665
875
15040
30132
29809
12827
12653
6333
18536
2115
7438
24261
25036
26345
14571
15113
14259
13912
9065
3171
16223
8542
31863
21023
7617
4280
17192
8971
4669
31435
13985
6861
32429
23445
15926
12665
12456
26850
7376
12643
20484
22211
29586
16178
5785
16444
22460
10294
13640
2109
32719
27388
2621
18131
19442
11807
3184
5792
11668
6496
4210
22153
12883
17657
19046
13230
13852
13103
12621
3999
148
2087
10120
5837
20919
29690
3223
6974
8639
779
7207
1925
6216
18585
15948
32242
32433
6032
11531
30726
12741
15781
4891
31273
22171
29857
2028
12191
22202
32253
3305
697
26497
7344
28667
1352
8391
24901
14158
15703
26302
31792
31319
10778
11037
2658
19478
5409
18814
4123
6808
977
772
5632
10177
23829
23874
7277
32584
5969
26712
22796
3587
664
12383
29351
15973
798
24072
12090
15941
20464
19071
18509
20960
2530
2710
22912
22562
16073
13599
7528
25633
11499
26777
27801
4075
23220
21520
13060
27777
22187
18238
20356
13091
13220
3574
4531
7118
5430
6851
18946
32004
24687
17612
8201
6347
25799
7418
8987
15096
4435
7773
18718
3245
2619
15820
20377
16673
12910
7372
13071
32671
32148
25524
12428
11986
7749
1806
1405
1343
25720
31807
25028
787
24638
8555
16396
14623
7344
23699
6234
289
1829
13824
8421
2885
22185
29157
4392
25835
1963
27968
6965
23723
16374
16897
3916
26518
12003
30318
23980
27583
15820
15302
27305
5115
9411
36
26879
4324
14212
22439
11878
27428
32425
208
13927
19184
28957
2091
18285
22738
25043
20274
28191
7084
30136
31342
17133
30714
13798
2783
11753
13399
4634
9886
7385
10051
26472
21697
24458
29219
24365
12415
7783
28041
14918
22421
8009
10934
23679
6119
19601
11869
11342
8299
12917
18602
6850
14659
26263
11907
26550
18217
3548
14350
30282
7696
29819
26739
17812
26376
27732
8931
24978
7523
25988
12505
24675
26390
30006
32159
16311
19554
16059
11029
13957
4787
29406
25518
20220
16072
22897
3515
23739
532
6444
17388
9028
5988
12728
14099
16558
21187
23558
23852
12443
26778
17637
4507
31594
12316
21972
2740
26030
25825
20
18560
13278
11217
15874
24766
22094
24388
16036
19497
4445
26216
28546
6393
30192
7138
22711
9900
15904
1976
32583
20230
25136
28782
16819
8279
31170
1903
25291
3324
15690
13487
14020
13352
15298
17807
9866
10213
6304
769
32087
21589
26117
29420
13445
27710
28471
18642
12705
32453
1873
18864
10944
6778
12345
10021
9494
8597
11731
5591
16836
13183
22900
8979
19698
20373
18842
3507
17182
5416
8666
9797
16563
17608
7961
31337
4062
26306
13311
20347
18589
15079
18857
12402
14105
21903
30878
4872
31797
3550
19973
22556
7271
8518
28949
11092
28871
12365
15564
1542
11877
30865
8676
22873
30688
28681
25859
9127
11572
9613
3378
29990
28116
2713
5776
10184
249
2638
15687
20063
6201
4537
29888
7941
8283
27992
24339
23739
5226
8154
22722
1104
1800
5671
27814
16517
22021
23712
17449
26990
15408
14760
26550
4891
13677
20835
25454
28536
26888
14013
9245
1906
3657
3503
8300
3931
32585
8894
8792
23184
28163
7108
17634
12889
28590
9714
31240
5136
21067
17686
11509
6790
28794
10266
21621
5794
30609
9933
2475
6987
21487
19687
30470
136
14222
5703
13169
8678
28376
16510
24010
23579
30652
21905
3222
3560
3840
21499
26099
8260
10201
6130
29645
22966
441
27115
2133
259
20584
22112
18095
4873
10838
13009
9195
4075
12592
29705
29751
9070
10417
14754
22611
11427
28603
13003
8005
26823
4006
16457
28749
17767
21976
30652
20763
7623
11157
27684
23616
26501
8217
24483
15331
4730
22756
17029
15541
8161
23638
9085
3367
13499
27259
30001
31962
11122
22568
19705
20566
26812
8263
32484
32000
30658
8047
15101
24902
12674
11704
4044
19741
29553
2765
30239
28333
10597
20546
18954
30538
11955
24104
21804
3239
19092
30175
20020
23110
19406
30508
29092
22323
1936
29579
6101
5106
16285
3015
27707
9398
13228
19399
10731
31700
25103
30891
346
18550
15252
1304
2920
11668
20137
8143
28061
25888
11715
4229
5042
9089
5376
22255
8787
20291
4875
16412
1827
24845
14656
26119
18945
32723
5904
19821
906
11596
1191
5596
7390
5799
205
28685
15527
23930
9738
20083
1368
27899
31502
1044
2227
12146
8783
17816
5262
14318
11508
16543
15574
13367
5362
15704
18132
15109
8821
32336
22959
19055
16513
21127
6195
2726
1241
3529
2000
10467
28448
23355
26854
24222
9022
7733
25664
30977
8965
21839
12766
29852
19221
13247
7415
346
5884
25826
2366
692
28834
11800
23909
24612
3813
25301
30431
14813
10112
24309
2795
21945
30769
31568
6350
22643
27419
12431
20831
7958
23145
23614
6089
19637
14132
23586
32653
24669
6054
29644
27590
26440
28768
12398
13233
8019
32026
16110
28780
7602
7305
26681
22526
19939
9094
10202
18840
23776
27500
4299
28443
25753
8130
29834
6105
27553
3866
112
12448
3368
824
17727
31989
23849
25719
23802
30109
23780
11369
8953
28770
5007
27582
12860
29971
8009
26471
7680
25549
21071
4347
6288
20601
12402
24153
31838
14230
24777
17551
27474
28729
26531
23034
30818
32593
15551
25519
3939
12336
4544
21018
3870
5703
23771
28901
18855
23601
31699
19995
24298
1012
807
7310
9607
31875
3466
5494
5600
12423
8083
7514
27503
29278
29622
12340
28766
26980
17011
22736
10065
25714
23245
14197
18311
13733
7934
23495
16161
31585
14697
30188
12225
31381
7632
8942
6487
28224
10951
22624
10040
28724
32616
13125
21361
24346
22857
11821
21594
26038
3755
673
2158
1900
30964
14785
21593
22019
25440
12332
10067
13482
20979
4384
6573
19512
13490
3299
22953
5304
23314
20065
23183
6181
15281
29718
31229
21106
25668
4142
3967
21197
9680
29675
6751
549
20766
19016
447
13034
5993
17884
6884
24084
25433
26112
27093
12646
15925
5940
20517
21236
5460
12991
7693
32227
29652
8598
14782
23664
1167
9855
20724
17203
28747
4982
18639
12709
27697
28240
24543
15329
3201
18590
13949
16807
12163
20180
12642
5798
5313
21163
27250
32763
29811
21699
9177
10997
11067
20877
29017
283
19986
21864
3042
32112
14978
7178
868
26357
30487
16162
17121
5232
30736
14395
6854
7532
7257
14820
17787
7297
30398
9230
6713
26325
14169
6069
25116
23779
18764
28099
889
14459
30902
5425
30577
31754
13535
7279
15814
26396
17078
27142
17134
5151
29566
26748
27750
9066
13252
10615
16201
6014
1684
17446
21793
18059
16620
29405
4861
1334
6513
13311
22212
28313
24673
29217
3784
28043
29641
30572
28574
27426
17400
12355
15406
18039
31795
294
21510
31145
9130
13271
31732
4133
19115
16315
5331
21028
6166
29058
13477
18805
19217
13835
21986
892
1276
3201
4368
13435
28584
25547
5268
8208
5059
26403
20168
27391
29591
32260
32333
14898
15861
842
7331
17150
11627
30613
22262
12456
26557
13038
2363
808
29075
22957
28540
19244
2672
6297
368
26464
1251
27730
11343
9965
28417
30700
24292
30015
7954
11997
7140
29452
30859
22041
1662
8338
32061
8315
7475
32032
32459
27239
5864
16343
1121
22702
5690
3506
14499
24241
10001
20676
29668
28618
14968
5313
13977
24551
5292
3264
10253
14200
24946
9791
27990
32396
25262
19816
27783
17206
27954
18067
20519
24374
10196
16651
24290
16597
16579
1813
31615
15121
3355
28462
24850
8442
18102
29333
28531
12380
23622
3337
7150
3998
1952
18900
23100
25322
7771
8712
4530
15503
20634
4105
29369
27811
18982
31819
16510
29676
27072
26461
25323
7681
693
29991
21717
1708
23730
15728
17015
3731
26074
1443
27679
791
19222
18386
8487
32125
27308
11003
26407
15691
21780
20618
8553
501
20487
6944
19613
10169
4056
21139
8910
3016
6919
18742
15253
31654
3092
26202
31885
13267
9617
14868
28166
12715
27771
32321
18430
23691
15562
10440
19277
18997
3143
29471
15135
8822
20382
31505
2727
26118
13748
24766
4882
7343
11578
1507
26042
11953
26755
21083
3741
28006
21394
8678
23309
3874
12408
16170
30889
8797
19933
4087
139
15380
3036
22223
17091
25964
8980
11686
26116
3225
25083
7654
12190
31998
21622
31158
1964
8853
2471
23164
3471
7314
27654
26784
20635
25411
24500
20628
271
1339
6924
2321
11595
16303
28026
20131
24381
30240
26768
30823
11805
19770
8022
2579
6234
27901
28642
10040
14804
11802
2857
19396
12875
13984
12053
28107
20503
18903
18136
27783
21274
20332
25983
28829
23540
21967
20170
8609
23413
5082
571
21725
5720
11699
31853
6478
4398
16627
8871
17648
30872
31752
3249
26428
22969
17624
8422
17646
16107
12966
13963
16651
1201
24378
12895
22307
31470
21308
20851
2771
9812
4578
5692
28815
13854
1995
3047
13214
514
24874
21484
15718
9313
2854
12774
25066
1218
25729
2466
13713
26238
24952
886
28713
20412
9963
19156
299
23712
24766
6942
14657
21184
22399
3772
11525
2264
2377
25709
13580
30398
18920
11994
12067
408
11837
8817
25816
22604
18148
30064
15165
29752
28181
1600
4072
4644
11464
15365
26430
14196
31517
21875
20466
6050
24570
6627
8136
28140
13302
8358
28063
8010
2934
8857
27822
14499
3093
2553
3342
7488
12618
13433
1400
31105
17477
7058
10833
19919
2841
22299
13795
9681
29472
11801
26094
20451
15003
10712
4703
10436
23962
24379
8543
20366
18972
25168
31887
21996
8054
6183
27538
16519
31993
23269
30669
27585
9167
9236
15722
10406
28710
12605
19875
9759
28049
22201
1597
31337
2730
29892
594
24774
12285
17107
2132
32627
15905
25896
6479
18905
14120
163
1390
21255
5946
16603
10689
9312
8316
1133
15165
27793
7734
9108
17157
6855
25398
1274
12264
14878
1903
29902
8490
8540
10470
29207
20103
19167
13263
26184
12661
26836
30194
31508
21418
2474
340
643
26334
24774
8724
9542
2514
1913
27539
19272
24209
18991
8407
29317
22005
21993
31794
26655
21614
23021
6686
6062
5119
29115
2924
25816
26505
27460
21150
17187
17228
15703
20625
6
11947
16988
25695
29510
815
2884
17027
2432
7375
24256
18238
23809
24431
14513
18490
20702
13734
24032
10606
25154
27844
22512
14657
9218
4628
28049
6130
6263
13662
27382
11831
23948
13488
20104
30500
24342
30046
11740
8527
868
11848
26338
19250
1559
10075
29024
24272
30004
4699
25759
20636
1144
24799
1381
17814
10988
15261
28706
25783
16057
32487
13166
22415
828
24694
28339
15917
23901
8807
18727
6719
8733
30595
21758
30074
13167
31939
13021
18236
24393
27667
2449
23920
13562
27735
9729
19635
17598
8876
22369
11188
32144
26864
23465
7649
7487
19844
28742
28992
26308
16464
23311
21402
4819
4360
32634
25311
11952
8878
21520
7366
23876
30809
19486
29108
11888
32564
2478
32479
161
14793
27573
13235
8357
12416
19598
26229
7101
19298
1191
7206
30707
31011
1403
1962
18093
18272
8384
1065
17795
20517
20449
3766
334
8370
4014
814
12161
32127
9299
8291
12733
10109
22918
6010
30623
1695
4869
10898
13021
23961
16704
7847
4497
27368
3666
1205
29396
6930
22326
7712
18831
12335
17720
24659
8590
680
7081
23463
31446
16191
3543
2439
28473
17999
12605
17875
22055
4181
24566
30593
23239
15280
8056
11402
14406
10149
24446
11524
4208
16550
9542
18827
4221
25044
30461
26854
22573
28610
7032
6376
22295
4220
548
9875
5181
9416
26432
388
5093
26283
2121
28299
20388
20783
31926
19865
29884
13668
1766
30431
23720
8357
29015
29492
29684
30748
19480
5047
850
28041
7809
11446
3819
12606
24865
30671
16371
1390
21496
24917
3200
5800
1254
17654
4508
15775
6756
23962
21400
3628
13938
27789
22692
22422
1488
23521
20893
31248
20337
24590
17702
13699
6189
23772
28922
21902
11958
4483
21889
24268
13261
20496
8097
8533
29366
17418
25814
21639
7657
3158
25989
8198
17418
11352
18829
13825
4379
6235
2848
25271
12273
24883
977
13626
24548
17184
20461
9587
4811
7158
31759
23399
10024
3195
12527
31672
4767
18705
20859
7535
4269
23957
16169
19704
10646
26758
14475
16494
9631
4458
1572
8474
16510
15981
27002
3638
12559
19788
620
15606
22856
21361
7878
22985
12911
10592
10259
3804
18826
17745
9138
21471
24600
10526
31020
27405
1278
26464
29381
12134
14788
981
11345
6207
30721
13062
25673
5629
11028
15654
25374
11294
29205
2108
27853
27769
15884
3461
28852
14278
8288
15891
27556
26464
23954
6843
12343
17482
6186
814
2404
28528
10226
102
27472
7984
29027
3652
9831
22041
20829
10359
20652
30451
28955
7839
22861
23039
5733
29618
31355
18304
17415
19615
32120
31609
16003
12850
1266
5817
18691
10808
20879
8469
11921
27619
13513
245
27530
13168
9724
3090
2896
30982
11709
5501
3648
3810
7022
7396
27620
27313
14607
785
1385
7741
29015
26547
7251
17228
7172
5217
8559
24261
25711
6364
28681
32533
32355
31892
18784
6609
7471
10606
9303
27805
24826
29637
9581
25932
11863
25519
21231
21833
9242
9089
22893
29749
9065
14229
29802
30161
7702
25418
20311
14111
7980
24397
29379
18116
16839
17687
4556
19633
2601
21431
19417
5378
21771
29138
13963
16934
20785
4328
17392
27201
14145
21976
22778
9166
13269
10919
10288
17801
14287
7549
9380
23948
8941
12528
8485
9144
31901
389
28597
27478
12050
25716
5438
22526
30871
25516
25984
22968
1827
15127
6990
13410
29230
15135
16634
5714
1732
13425
32014
572
6616
20737
5948
4181
21722
32334
18840
19128
12428
19687
12805
10505
4625
26926
30701
28505
15942
4444
31286
29770
5974
11461
6513
4724
22665
26718
29268
18695
17501
31868
7274
20401
30936
32734
16649
8642
24092
27630
7813
17550
25404
13892
19363
19730
32078
9068
20304
26843
7362
14057
24723
28196
3314
25721
25281
14143
29177
26267
29168
19766
22729
24143
5037
9649
3448
8221
24562
30746
11227
21080
13906
28160
7766
16548
21367
12985
32498
2230
23246
9804
3760
1115
10369
14222
14110
5308
32678
10634
18983
13024
26806
18470
29743
26994
21568
20484
5216
7109
21982
3495
28478
15893
2921
30679
28546
25360
1129
18758
26917
17044
15823
23923
4795
7611
1511
21711
10498
9237
23688
17439
28859
15924
9102
29473
2744
24942
13193
28274
20023
20702
10423
28847
7534
28588
31792
26330
26727
2190
15713
5120
21006
11919
32699
6169
11145
6928
20652
24112
14791
11532
18895
13764
31068
28064
4960
7021
21644
15818
27378
29891
32677
4465
612
17275
28563
23461
19217
5075
7854
4137
327
10801
5078
24110
3067
13318
24514
2146
1210
32761
1173
32297
31715
322
31666
6698
19732
8787
19922
10766
6114
10942
29012
9092
12493
15443
25300
10889
7794
11144
11262
19686
30467
14111
19620
5882
12789
25346
14863
26041
16888
31346
26771
6645
2860
32096
4966
4317
2450
32027
14003
1475
15297
11308
28649
16674
9690
9598
14425
14559
189
11971
11776
1487
27005
31250
24225
21114
9490
10965
18712
10014
19534
8674
2282
14071
29715
21736
24608
4798
9666
13581
4950
25712
15350
26837
19471
6224
30579
23878
30027
5935
24665
29258
18012
30187
18334
18004
28661
15926
31930
25926
8068
13464
2980
24211
19649
16311
5886
1696
1415
21719
8844
26481
11236
3485
25067
9345
23148
19224
24448
22001
25298
2562
4014
7909
6841
19522
9292
812
27335
15286
13398
16415
21499
27184
3042
11467
24385
21182
14422
25938
11076
47
9433
17806
3204
31954
23303
30456
29608
28545
15337
5576
3605
2526
17700
12638
21695
11229
13936
11233
32063
24707
11084
15654
295
6125
31985
7379
12178
17043
132
6084
31999
12750
30095
5293
1375
24984
14514
19457
29804
3987
3734
14099
18493
17230
6947
31356
8727
11203
22771
20412
6535
30244
9478
12836
17837
471
12983
21235
28891
5567
31726
6335
10847
31421
408
11798
10908
8054
28756
25446
15712
10583
32111
26650
9841
5847
4115
7942
13417
22268
2747
4613
30148
31265
18666
18656
17464
24566
9501
1906
6725
1736
6910
14090
26380
24579
23002
32529
21604
19957
23381
20717
13099
11988
21085
27428
474
6403
1628
6085
16732
11409
28338
10756
3105
7683
8802
32548
9070
24147
28683
1690
26359
1080
12827
5487
27311
23208
13119
2278
7903
14491
14110
31839
15989
1555
31558
5755
30623
4697
17510
12673
665
8073
19391
25344
6852
18256
8405
9910
3575
7413
21354
12465
22041
12438
31148
10932
28912
22453
26286
24796
27188
24307
9493
8579
19432
2330
2580
21605
26858
32609
29850
3329
13768
5868
3273
7235
9173
3987
6059
25951
12924
12260
13088
31232
10965
25195
3611
16802
14710
14385
28942
12348
23180
29826
10915
20515
19498
1523
13485
9003
31456
4260
9566
7951
7312
28099
16570
18707
28029
17489
15947
13543
17317
7977
5911
27343
27729
9278
28623
30977
2026
20772
29513
13390
22542
24786
12592
27653
13283
16038
21755
5397
5803
10921
18715
12401
31897
29461
6777
28857
483
26388
12319
25366
30745
26315
11061
8038
26037
13463
816
17305
9203
27542
12870
15962
3811
16234
1573
11506
31676
26937
26852
20586
26995
26104
13882
24048
8076
27114
28910
11901
12081
11619
27790
4532
2689
30418
16228
18444
9770
1534
4262
26673
22842
17552
5869
13224
28466
24530
23272
7858
8284
12214
4690
3956
25695
3866
10017
6228
21265
2378
16129
12710
1932
199
22272
13960
14724
13127
18315
10506
216
16124
17561
403
30566
3353
11814
3456
11556
17811
17635
8461
8813
12324
5932
8313
15512
9878
14906
9317
26831
31806
9114
15742
24862
32455
14045
7003
18379
29745
23442
6824
3302
14872
12145
32389
21024
27194
10457
22825
16609
10292
15741
26571
1684
31884
24922
26050
27462
24820
29164
6891
13935
25037
24993
10571
22031
30955
14222
24053
31741
1432
14176
2350
9596
1499
17814
8656
16656
29946
23534
14316
26256
29501
8733
31411
21883
6901
32451
21911
11663
9917
13470
26797
5528
19712
24574
24662
17543
29883
26745
28702
8387
10116
15071
29924
27076
25804
24433
572
8157
14945
16461
24337
7769
17974
13357
13711
7114
1383
8529
31295
1182
5240
19642
20084
25587
17630
10649
25063
20141
11200
15623
6046
1221
3582
27126
29202
15587
19827
14696
2704
20016
15223
29407
6112
11365
29864
6420
18469
27177
10731
7915
29188
13721
31405
26791
24840
808
17519
27994
16709
23209
2945
3232
28220
31402
24845
27789
10495
17924
27224
29668
31126
12208
27973
13450
16288
6364
1563
23098
13885
21822
27271
29049
28460
18857
24037
6861
2353
22750
15035
32298
9658
4772
13702
4781
25025
22811
15546
3725
22004
28749
6660
4942
25108
11270
14546
27191
18331
12262
13845
25863
22433
30132
7493
14052
14336
3573
30374
22932
951
20157
2763
21231
19084
25798
32600
28308
13302
31423
12556
16348
18745
27366
28414
12
10963
11993
31526
7375
13591
425
29728
2787
22552
26673
3117
12562
9928
5030
12667
32612
24929
21103
2982
1683
32516
822
29310
9151
31392
15935
16907
5219
26390
10488
12238
1672
3739
10194
1354
31032
8541
25168
25539
310
14185
19805
30022
17900
10700
12259
12009
19109
1784
21913
2132
22524
9834
25629
19584
6548
8074
1602
26559
17418
10195
25003
22269
22312
7219
2713
7237
20572
14773
27137
23687
24936
18781
18914
2712
32602
17235
31701
17274
23999
11589
19942
16350
10772
14342
16802
32487
7037
24699
14705
3633
10938
6071
4134
4882
1622
13925
20181
31007
5921
16230
29924
27122
10465
13756
1637
29227
2885
2471
21667
30645
16154
24845
13563
25931
961
16159
6638
12090
22753
20282
17012
5480
18521
22283
29586
18069
3193
5111
28718
18657
26225
1978
8995
19342
14601
30798
12177
17928
15251
9998
23414
2082
22814
795
2179
8099
4077
23295
12072
14081
25896
20880
4082
20844
16592
6679
3862
2062
17912
16306
28238
11410
31539
31735
22755
29923
22345
24794
30219
5174
1582
22993
30070
25930
31284
18486
18980
2542
7551
16108
1913
9157
14265
8517
5267
2630
23560
10531
10715
8710
29501
6238
19674
14650
13903
6502
15951
3447
11527
4906
3710
24253
1276
29752
19402
13236
21698
14629
32646
13109
8031
12847
27913
14092
11262
19489
18176
31741
1512
24695
20233
4869
14511
20675
4989
30689
7340
29007
16268
28885
18348
1796
12688
7078
30183
23690
19355
19432
32562
12977
12882
7808
11381
4112
28159
26209
350
13292
8673
22169
20055
12379
19911
3473
7862
28584
19933
26000
22324
10490
3269
11906
6305
2097
7145
13560
15062
3345
9744
14959
29674
26018
28720
17109
32681
18390
23683
23369
23361
3693
9181
15907
26943
7446
14653
30772
4538
20439
2978
29519
13006
31150
6688
2567
30029
13945
3634
2235
22960
5139
20562
16336
4436
22208
19143
2878
30691
23755
20159
29518
16655
25965
20381
19106
11911
16113
26772
28021
25123
8214
24693
1572
8290
12469
8133
31469
5911
1443
19731
26871
31839
5081
904
20627
6614
24274
22464
22210
6155
26165
7896
16375
7729
5812
11209
2078
6679
16948
30452
15324
17498
25390
25598
30489
13529
12117
6621
11452
7017
15737
8499
7093
28874
17067
15579
5441
13274
10914
12482
30825
1801
3933
27385
1740
16909
21514
17160
30367
19415
26407
17284
26098
20677
28647
12772
4917
10521
27351
18576
32506
938
31169
22331
23293
10457
27344
15731
27233
27079
15094
29558
14140
4037
6027
5448
16726
24588
9015
9218
2606
1967
529
29037
8766
973
28936
27087
7040
23051
27779
12293
1329
13633
10820
16338
21717
14964
27282
2679
24699
10757
25751
16772
20034
8487
20999
17389
7452
3990
24066
24928
10962
13703
31548
26582
23369
15834
25947
12137
17667
18583
20896
6245
1768
31128
4810
12193
11079
24451
13367
27920
15384
18172
20557
16531
27780
19992
9752
24849
31655
19476
12852
4554
13460
24903
20206
20968
12185
17237
8102
10839
14533
6566
19320
3543
32680
32278
19227
32592
29786
30190
19976
29285
30143
30484
31455
6731
13576
19838
3847
6876
29309
29932
8597
20455
30586
15063
3440
7883
29112
15524
18098
1604
5070
5662
8017
24708
7928
21539
16126
2950
14870
32669
21069
27551
14840
21685
13591
31830
16088
31299
7197
25461
19240
19848
493
14944
14223
5663
23306
422
10286
13873
21831
29398
26407
10985
9844
9364
18528
28967
11836
13547
31364
8825
28494
28133
26955
24135
9147
6233
5372
21325
28831
28933
816
32078
32004
29660
11480
27399
28675
29089
3457
8291
6700
9141
14295
26861
20009
12846
4968
11914
11421
24616
10155
10344
26450
21088
6209
30258
16276
9215
13946
31622
17368
15795
19483
4008
4258
8964
863
21880
6309
10726
4155
20385
14379
20618
32486
1300
6071
9594
19353
18869
8681
30181
10132
32595
4259
13879
3937
25310
21866
22765
5724
14804
24847
1960
2931
29693
3726
29312
23339
5464
13622
10650
21219
31829
9738
13565
10589
22596
6248
24225
28794
25614
18920
25289
21573
14627
21895
31379
19251
20147
1541
29902
7082
31009
10123
20747
23231
32181
7313
4343
18500
3729
14847
13288
11266
17126
11922
4277
6211
24423
31106
459
13716
766
13410
6013
31688
3006
13383
17564
31808
18458
17964
14664
8554
18516
2709
24581
1928
25656
13427
12562
21171
18697
12104
20470
9759
9148
28811
10075
8352
15204
30798
30495
621
4078
17694
2217
24613
20750
16171
32121
1807
16761
24233
27651
30374
23125
4469
16062
4949
17133
9212
2424
30335
28842
12633
18668
32706
831
24253
16534
2941
12579
26132
27334
29327
22596
13285
12020
14178
1786
7290
21075
1065
4409
27714
22184
24165
1548
22387
15197
13230
6462
3315
21713
9136
21850
28793
11763
11124
10711
16368
10255
5601
10636
10268
19688
21890
3434
3199
1798
11145
20329
1662
13393
16404
29123
24512
18143
4016
18017
3031
26635
21019
19090
25890
20935
15951
27395
12529
21043
20411
17388
12011
11630
28884
12679
14253
20907
11980
17606
11956
4488
23201
28741
19325
22684
15194
382
32234
3663
13710
14908
29160
6895
3109
7762
30287
17152
7778
18828
19210
19667
18210
25062
6775
9306
16734
31228
8720
28986
13815
30658
20044
21282
22195
21365
19904
14427
10882
17105
24458
673
28423
9349
24815
28210
13139
16356
24131
28452
4084
11485
11017
30971
8238
30765
17756
25723
8328
22483
2190
26555
22155
964
29454
21627
9670
1761
911
4279
30229
7206
29030
32125
20259
27684
17460
16379
19758
16049
3782
8412
21258
29918
20793
30165
7529
24361
18018
18810
7001
17396
8301
13655
12302
10806
30915
8764
16866
15473
30514
25304
15002
22500
29768
23689
23787
7169
6911
12915
4925
3617
19872
9936
7086
9591
20961
9862
13658
21314
2128
13055
13018
23367
13045
7733
5642
4223
3891
19724
6415
18957
18160
29669
18585
9330
31990
368
4966
25348
30872
11201
29448
1437
13464
21415
4583
26256
21832
12857
4745
29921
18928
1201
23569
24245
7536
10878
4102
16391
14886
27028
3414
10653
9490
19719
9371
5178
29752
20952
24988
5142
1094
22031
3607
24715
12663
32265
20926
1041
6071
1044
4991
18540
7688
9785
8
13092
20772
9817
22923
9782
20836
4220
29886
30985
22496
15205
1831
7587
5848
14186
10902
9757
31059
8066
14835
15956
1541
160
27449
28130
26998
19263
19139
13901
27489
830
31687
24957
21338
8687
25120
5236
180
24171
6480
31289
14754
20520
23749
6933
30108
8141
17755
13314
9989
14916
35
8801
18442
14865
25187
14315
11981
31459
32477
2794
27843
2921
8276
5801
15706
29031
19789
16425
18400
29705
14611
4885
14496
24695
17917
19192
30030
31913
31987
31918
28837
7293
7727
29721
24910
3335
12097
6677
24580
18984
10838
30381
12534
12898
12985
9103
15468
11498
29338
17085
31406
30207
1551
19846
22306
1403
5976
20405
20148
17320
4199
25352
19834
84
1440
32483
3992
24616
15837
28742
2402
13365
31669
3581
6849
28624
27646
32022
4568
12448
23952
6552
16615
3317
9804
22386
11119
7259
22877
12210
3735
28272
12990
28151
18638
25586
23548
29225
25778
7708
28222
14951
19248
30771
21890
18753
24813
16220
31017
15400
4837
7344
19894
9762
5715
26002
13267
707
24528
17984
18581
21848
5566
31401
2816
18533
487
2431
31438
24914
18018
13708
5228
7265
22967
6473
20038
1251
3650
8365
31556
7596
10461
21827
13972
11716
19129
12415
15531
17759
12941
26706
21894
3855
6387
27132
13366
16697
11278
30498
28571
17350
28273
6432
30832
24090
32060
24224
12423
330
392
5996
1878
649
20742
640
16307
23012
482
8804
17116
14640
30190
11192
9402
3904
8444
16912
15719
19291
3723
30467
31725
29932
27303
16255
22097
27516
4618
21343
31440
25310
28039
11072
9832
28585
7337
4240
17562
14316
13207
29671
15471
7196
4154
32155
3769
27729
2722
3215
10651
32178
1190
5963
5451
13358
7371
9042
24087
21614
2152
18095
24486
12807
22791
26578
21889
3571
12557
12186
21713
14658
11166
25011
4971
20493
31675
3874
8201
8364
1709
22302
28634
4904
32167
10786
25918
9459
15015
17216
13258
19671
25757
19384
17811
23341
7887
23753
1449
10831
18300
21447
13281
13136
2495
11374
9688
23274
18103
21878
6452
2743
6629
13159
31533
27300
31957
17839
18765
20132
19969
8690
28531
11425
16114
14753
18206
11960
28072
7630
7144
13733
11580
13631
22865
24444
16836
6337
17854
26267
4983
2494
28354
27868
7442
14098
10907
1807
6522
17435
21248
7335
13474
17935
7450
28595
17327
11155
13008
24848
18522
17033
28999
17629
17302
20521
28841
23344
7027
28499
14630
16647
6211
10531
18745
28034
15611
31687
20781
3919
32476
17293
18399
24165
8274
14912
15557
13813
13084
181
2863
2717
1453
26273
21197
4320
32722
25773
22898
10195
12950
31949
14871
23576
8035
29901
1315
5904
31337
7981
13802
20045
27715
9774
8563
18246
5848
3373
17022
17231
24960
23600
1733
10184
20585
10687
387
30356
27448
30453
10035
10957
30451
4566
30362
19893
1822
29155
13063
22512
10788
17132
5082
13041
13561
4646
3395
28339
29182
20861
5708
32681
14117
9515
4122
6391
10069
12170
12911
30434
8976
20262
8564
11653
11347
791
4278
20422
16829
27022
5998
649
29940
3245
6661
20516
16453
29084
27863
20498
24458
7641
5176
30443
12369
1743
17844
8851
23866
8107
3739
14002
22689
31083
17342
23909
27261
10551
7795
16436
21896
26869
10975
19779
22433
9752
27508
23756
2414
29368
21944
19148
24901
3304
3144
22781
23885
28740
31261
27909
6368
9673
13071
32493
20788
17898
15767
19412
7483
24799
10713
8421
23751
16705
6626
21126
8946
15572
7982
13266
8125
1956
4461
8778
19703
15699
17030
31175
25185
5297
13277
1204
21775
29069
12498
15481
26129
18635
29322
28218
1107
2743
12529
6082
1474
1945
17663
4282
31664
650
16443
21535
9850
26245
7550
32243
19560
20929
28410
20786
30676
27454
11642
23047
24719
13982
3307
64
1152
23095
31260
7680
13198
2918
9666
28339
4801
5414
16575
27207
23203
11489
19876
24730
21741
2438
11124
26926
23903
28891
15787
31524
27120
12053
21886
16744
24103
11430
16485
32553
11721
5718
8151
6284
4788
19349
28244
5025
23051
1807
21929
9622
3219
30082
14960
8234
30301
11980
8406
21349
20902
17737
20129
14214
6395
24411
20081
29502
17569
3914
14405
4635
30515
23887
25410
32583
23949
14315
25776
6258
17897
15997
70
27917
12872
6676
28071
32185
27156
22658
5932
4095
20227
32178
13796
27201
31038
16187
28377
3056
24259
7732
21909
13824
2567
21323
30693
22425
9184
16657
22237
13072
21667
24728
28956
20245
16521
23616
16978
2094
9048
19662
23551
22116
20287
19646
31613
6971
4865
21979
16704
3048
19286
7436
27997
3007
9102
24689
17737
2795
18807
23470
1763
15713
6273
22151
3253
15895
32
430
1911
29296
10610
5592
28885
16891
8226
26902
7027
30302
652
28259
1069
22413
32033
21369
18595
22592
5389
12522
26357
26275
1560
107
10955
13647
14282
19827
27545
4217
3539
21509
33
4969
6058
457
2873
21038
25459
3426
1486
19345
30758
6140
10793
14151
15086
3364
9329
1131
17359
13533
11377
7211
25996
11248
27804
15553
27848
13955
23118
165
23147
8429
25429
26112
7495
8905
5296
27236
3836
30793
7830
3771
14360
9678
22971
22398
8067
6581
12750
7464
10523
8307
6470
16617
18331
24292
27230
6558
1473
18144
22878
11521
10928
14864
23581
2333
32147
20223
10948
20998
27779
27764
15828
22470
6827
12032
28011
18586
6569
19667
5571
21343
21048
27603
25851
20039
24588
7664
13850
13776
25854
30641
7505
6135
5993
29971
2432
16296
4052
8340
7932
13434
6609
12427
12176
25241
3108
3770
29633
32515
27688
32294
26966
31736
24687
21287
31512
8619
13993
29115
21975
7998
199
1567
3757
10221
3424
11169
32391
28810
16211
30128
30432
8489
2222
3893
13264
3868
3278
25638
12102
21282
11720
2391
14737
4059
2312
22164
31526
31871
10040
26350
17309
2000
25444
29522
18940
10061
19803
15200
16952
9897
2904
28793
27641
2939
32481
22298
32414
24887
12528
4713
5761
349
18769
19982
1916
11248
5451
14916
14508
1066
24962
3632
28020
17774
11036
1137
8133
17534
27683
1528
20381
4334
1834
30490
27598
19161
5684
23267
14337
210
8401
16558
21498
10781
32138
12274
18462
4384
25215
1631
15154
16916
26959
31786
13669
20992
2616
17061
5265
4584
21120
28946
5566
577
23059
13241
6120
6825
15469
28984
31746
14805
6330
23067
17978
20939
23868
5804
25727
9297
25070
1804
15936
9125
5735
18819
29047
19310
18176
31509
24807
1523
15673
26198
30625
29067
16217
5247
17869
6740
13141
29888
23207
31784
26867
3544
32712
24781
20271
28132
14759
28268
6366
19572
12639
31301
5265
4836
27571
29600
15292
16106
29007
31495
15640
21355
19536
31154
1605
19347
32519
19779
4276
17444
22522
23476
30148
20238
18220
9101
3627
9537
6303
7258
8344
10943
14358
31580
25495
30965
25119
12415
22196
25419
26193
12172
14051
10746
24275
22944
4639
20253
286
6877
15954
16908
27651
4191
14197
21733
5871
19057
10488
12395
18030
32513
9828
14868
10734
16466
22335
8285
1734
3057
6704
353
5238
17898
25443
24490
28208
29755
23087
22855
15768
20105
31222
21790
713
30226
14925
6788
7576
27107
605
1803
31772
2891
27529
22171
4718
18063
5970
12741
32685
13279
7287
30291
1093
17545
20320
28196
11633
20589
27068
26679
23039
6065
21866
26629
31828
3254
7829
24340
15791
31306
20772
9417
26290
23071
17745
8318
12574
28539
8087
22996
26334
31282
2002
25418
29255
5586
23458
21263
17310
6429
24592
15893
12250
2492
13940
26983
11436
30769
6294
9660
3517
22542
8211
2380
10039
10340
7426
31714
31110
127
16344
18739
19040
21712
6793
11630
20226
2091
15600
4116
19389
7475
28785
24842
19634
7186
22237
19437
23514
109
28821
13733
22601
17302
19955
14397
21171
22276
28645
4337
4911
8961
7131
13449
11323
23971
9956
32230
16128
19965
31763
10971
21720
20374
25128
6974
29198
10779
17516
1598
17893
4432
733
6646
7131
24908
3467
14659
29230
27366
20290
19411
22944
25707
11113
21631
631
21138
4906
16859
6857
32177
30164
11531
25078
18224
4221
31448
5494
29502
24811
4867
6869
15044
16309
8664
2811
14743
26021
6151
689
3314
24673
23728
23649
13859
14922
26045
14109
5508
22949
10868
28387
4525
23289
9292
27168
16104
27319
20992
24690
6886
25120
28899
32434
12464
11108
24691
3122
14559
12551
25648
30019
2576
23689
14255
24315
28051
26694
10474
10293
11363
2203
11482
31704
26715
12362
8776
22621
5542
29728
14048
12427
10360
20949
8839
2437
19195
24115
11502
14855
12173
7802
12647
12013
21288
4356
5368
22773
17441
10533
25262
10181
16662
16981
564
13872
17442
20113
15524
2997
20050
17406
925
5960
1885
3536
11926
18262
1423
1130
8818
25347
20999
12486
5972
2230
32034
24344
28852
30167
22327
17582
23475
31703
8581
15643
10155
18033
19305
25236
3339
22320
4053
1434
22114
23090
1789
18394
8121
14379
83
24145
8230
2476
14518
16051
12702
20390
16614
15374
2827
5418
10300
22186
24734
24178
16280
17205
24167
2341
2202
27932
12579
471
9493
30780
4437
29391
23232
1466
1176
20494
32559
16431
18739
25741
24578
29449
8174
17605
31581
12590
26660
19060
7320
20194
16922
32159
12599
13034
11151
3795
27164
17137
19092
18097
31995
28460
23198
3754
6671
8506
28634
30470
27147
4686
1216
24107
10324
19599
1515
7452
11629
23487
20520
23872
32178
28955
21709
31589
12362
32387
22604
7172
16983
3291
32519
21702
10863
20913
7270
3912
16464
18464
30759
2331
19663
20724
32246
5392
22034
7694
2878
434
31743
27915
20286
18707
30964
21792
29023
28108
6841
11336
29125
10559
18355
18338
30756
20255
25690
6932
1237
2611
11501
31797
14377
22102
22372
3178
9213
23491
4518
3663
23438
3983
12284
10840
13711
15735
8133
26296
29817
24284
29292
22145
18723
25356
5272
17421
25490
19651
1442
23198
1554
18674
9036
4929
20101
8894
23984
26872
10748
14540
26486
6167
9860
22460
13898
27887
5955
7667
26509
26026
16067
19614
23883
11126
29581
10739
10094
9958
29434
22714
3377
13204
22086
18701
19159
14092
24038
9820
22428
7909
1819
26292
18412
2609
8136
24384
8147
8728
19585
528
10677
26047
13540
10521
9535
28015
18988
4733
25245
26867
23555
29197
7661
23873
28568
15372
12020
25949
3314
3382
24848
31355
30340
21505
1902
1892
32513
7971
8573
19226
29041
13652
9123
20159
16261
23125
14382
29363
27175
25905
3213
22269
22614
3011
32448
8940
4145
1912
16141
28669
1617
30551
14837
23552
30556
9022
24166
1655
32727
1134
5170
32063
26172
14153
30400
23666
19277
14939
10242
9611
13479
7832
20390
4555
9626
3300
6801
25564
14904
17625
20105
31925
30892
30916
17969
14269
19662
10992
26939
21043
25076
28712
29913
25037
20234
15223
10356
7839
18661
5938
10913
1087
20180
28472
14929
3623
1400
20601
71
4954
13270
16821
5328
1355
5803
6534
3502
5626
32255
30113
10325
2400
26877
14169
25690
13837
5122
10597
8744
30992
11508
13026
6645
8471
8661
15260
16116
5335
15768
9609
25292
14510
1843
32662
11594
22407
5877
21926
15442
4863
22042
16856
28
7878
23709
8969
10141
19271
24909
7323
12610
9099
28707
17268
29668
8794
23251
7241
13305
17060
6049
20252
6407
28448
630
13315
5983
5427
13363
7468
8711
24339
25669
542
14584
22828
2170
28737
10121
1731
10002
25761
1836
10713
3866
29423
23128
16978
27381
24009
21446
2134
24892
1082
7648
26104
14280
18565
13943
13333
11532
21534
12980
15999
31656
23802
32593
21339
15420
20488
28936
25032
6522
1280
14668
27586
2688
24411
4920
20293
1892
162
15557
10933
27664
28652
4159
24701
32080
23203
20986
32247
17449
21126
1601
2444
13165
11508
25487
31772
19340
26471
13570
27039
12461
13631
16652
7437
26365
6849
2156
11132
10567
14687
29020
17032
3526
12601
13068
13816
27959
15333
5456
4255
16433
25707
22677
11391
26297
148
23066
5685
3602
20325
18525
16273
10450
24806
31699
17796
11579
11048
18395
19775
3527
28805
22517
15513
8197
23338
27951
20913
26020
29139
4065
24021
27597
18902
2458
10147
13495
6755
15194
14446
24437
5386
9218
6372
530
10109
11016
16621
27103
2712
879
16086
13836
17054
15095
22958
118
29894
18833
13040
2240
13814
13589
11107
5541
14030
7479
3903
140
28904
17336
19857
8029
14686
25817
16096
148
23693
29717
16145
11668
10009
4367
7816
26429
50
18634
11920
4288
30997
30488
27901
15538
30165
23637
4880
4192
21339
15188
2970
29027
11947
5018
5220
12660
12650
19402
3791
11393
1949
24673
17336
3328
25268
27299
7838
10883
11719
5078
9223
13964
22303
18605
10015
11171
21240
16647
675
12967
15237
12250
22781
29282
12853
12137
8113
32095
26165
15806
31223
20992
25654
23892
9897
8395
4976
11796
1376
19717
999
4738
30427
23426
29165
13625
7328
17339
8936
661
15333
22305
32597
27311
18352
12977
3597
32654
22078
28361
13511
17307
1442
314
25055
15446
5038
1438
854
7496
11542
24556
28441
7992
14291
27977
8326
22434
7366
14113
28460
9317
21662
23671
8914
32700
15355
9593
2235
20591
29395
30040
28201
2635
19222
3670
9248
13007
2701
23585
28780
7720
1032
14431
4070
30816
19384
23946
11762
28370
2778
31742
30028
3553
13973
9552
7685
9961
11814
482
7368
21110
1082
1204
22370
25268
30619
4477
641
23079
24335
18683
3260
15004
3198
28551
15060
16480
27474
8684
22842
23983
24099
19577
9937
2671
8084
6229
23796
15391
10872
17171
30907
6666
27962
5254
10618
16832
19579
26327
2187
12230
14588
29908
32334
8333
23743
25227
30829
32161
9065
13336
21861
11043
8683
9915
10562
18809
8545
8238
16297
16196
20794
10293
32540
8082
25754
8310
4474
16470
7932
11915
30149
5397
5148
3158
24360
8673
7956
12948
1337
6795
21701
4533
18811
533
30072
19692
22055
24166
8645
11138
6700
21569
22197
13423
18036
16248
29987
10283
12393
7005
22632
19650
15800
20346
16439
16423
15700
13442
4549
17610
20927
25991
13357
15468
20613
12652
3092
17714
15113
16542
23176
11513
13443
17151
814
12010
6474
14883
32157
12110
6991
13247
30213
27043
2026
2142
24852
17647
6874
29270
1818
16980
647
4347
19051
14821
31113
11282
11525
22968
6510
19337
22898
6972
19128
30565
13040
8909
30246
13307
12496
15750
23349
3683
2332
29015
12261
19754
28284
21335
28096
6471
25946
6235
28697
13136
29765
5063
18322
2286
13203
6308
26337
16015
75
28915
3283
346
22082
24385
3984
13672
5507
24188
27938
21553
14068
5125
17713
3908
13367
10246
8208
2876
9935
30726
9982
18159
25220
22459
12709
744
3848
21535
19687
15640
1242
11462
7898
5320
29035
30574
19473
10962
1664
8664
16926
21009
14551
17878
2900
9238
21005
934
4050
19996
22975
22142
26557
10814
6640
5992
8908
30952
17066
8784
10506
20108
28904
20827
6359
2454
7348
17019
17968
25761
12941
6977
16177
30955
23563
16114
31192
17670
15302
10972
3852
3025
8307
27882
9950
8103
29520
26743
31246
28118
26051
23904
3281
24147
8765
25949
1745
23468
1125
23441
19574
5949
7283
25183
15716
23975
473
31616
15429
3966
14633
26194
25544
4674
12595
14451
3305
19857
7021
25743
2676
2202
9113
9078
15812
15317
19105
29554
26833
10994
26822
8663
24938
23311
6905
4827
2494
14637
8073
15272
12833
1253
26111
688
18445
21335
22087
31297
30311
15972
4880
10585
6916
5149
15220
22203
13676
6778
28636
2626
13022
15184
7710
14454
15252
11389
22761
19549
25927
26725
15971
916
28406
2723
12816
20637
27108
25848
28150
14203
29664
24711
12031
22652
26312
32581
158
7511
8528
4523
27573
15478
19712
29870
3255
1685
17788
27632
21770
12940
1288
27704
31663
7017
14923
27168
24868
9410
27475
269
27273
14666
18906
1636
6147
6049
7368
23803
23134
24945
25337
7374
27638
8374
4927
25332
12503
14173
7595
24017
25123
27921
4616
27020
2228
3922
4009
20675
2819
22471
25189
1406
21064
3285
28895
26210
19171
4208
24587
25640
17403
20785
4077
6989
29285
20905
21924
13834
6855
14838
5800
10886
9981
10131
10576
10571
10939
12149
7831
20470
7028
18003
22815
29747
16251
837
5494
6889
6249
28816
18329
28594
19646
24256
29110
20622
21707
28152
22582
16856
28367
16775
14075
24185
7776
4539
23526
6235
15116
4090
19101
23841
21057
20750
19851
29461
24682
12737
6184
8801
9563
27050
24186
32387
6127
16454
1500
25595
15599
6219
21246
32326
25910
17720
14637
27152
5907
24369
11988
18342
9967
2314
11075
20906
17200
23714
12720
19466
30557
29042
3451
24370
27266
12645
9143
13185
23766
28650
32229
24826
10395
30536
29186
1853
19014
51
3013
8629
13280
18332
6946
27666
28588
14029
3090
27386
22026
20916
27542
27899
23195
24447
15865
6085
13478
362
2646
21910
26298
11221
16219
14069
27029
13722
21836
7331
32325
29085
20811
15823
27533
1701
3542
24201
10890
31082
27793
19065
18070
7407
21830
26577
29805
23825
9770
30336
9359
5984
31074
20393
5349
30255
25541
14675
9638
487
4324
8802
30076
23713
24647
23238
2275
23539
26618
7154
210
29961
73
30095
9374
12024
15559
29298
17179
3920
30357
2508
12036
13552
19424
12449
23197
5407
14508
8060
22166
3800
11472
8288
14387
18532
17218
30977
10922
2863
32405
17716
12237
4564
11968
21925
21480
31866
25633
26312
22765
24419
5058
17426
7374
8130
20698
11112
16171
4813
16279
1240
18989
4884
9498
17031
25266
17
14532
31978
17322
23552
6832
7993
2240
31729
4992
14369
3134
32283
349
17082
23594
31347
5689
31672
2741
8573
19287
5861
24023
15714
11790
26831
8755
18756
27082
22717
9536
4814
13139
12008
6826
6671
31058
4840
28918
9096
32273
20077
22886
12419
16002
10287
1820
20903
19075
27432
27009
1994
29280
28160
26088
9990
28057
11977
21615
28687
24294
22252
17446
21443
22905
15203
19060
5379
19331
11561
25014
15554
29177
11759
6952
5211
14744
23825
10249
6696
12583
12488
32250
9296
28924
20385
6824
9696
7105
7726
10922
18974
23672
21755
6061
23066
1469
12995
16846
8325
13899
7908
26695
16326
9922
20497
1358
11851
1192
19271
8506
19741
32429
20226
24808
19640
26163
32432
21341
21529
2573
25190
17068
7704
11911
3794
3098
248
18087
2417
17281
5181
21171
15617
9714
26813
2035
4666
8094
1786
9656
185
26871
10159
7070
11325
32530
23209
25869
25109
31568
4056
15878
2777
3645
13990
5404
25689
8632
26503
24256
6099
26197
19410
11714
105
20479
14287
13589
13777
17890
11025
5843
12111
2440
11014
9344
4832
6465
11212
29843
1208
4553
31558
28978
2799
21285
25200
17470
22904
27854
28911
17551
6738
5393
9965
18561
1538
12214
28963
431
24640
10208
11063
17918
11505
8500
7241
27102
12629
17469
8649
4044
5506
10767
31883
4379
14865
11051
29725
25589
5655
5539
17496
8861
12631
3711
2357
6134
3765
8798
7394
30025
6894
18785
7189
5443
29575
25156
1185
28733
6659
26830
8775
9665
26457
27500
15822
16201
21413
1049
16981
4169
26142
22656
19689
22384
24904
25957
23123
1323
32619
6465
1843
19308
21315
556
5715
23209
8441
4864
12597
28711
17234
17340
5870
6520
28967
4390
11575
20803
30485
8117
10178
22851
14709
1453
14794
30098
4750
140
1518
27944
24842
6565
16447
29598
23207
32267
13976
24632
30511
3504
13102
22051
1962
26062
28007
16891
19922
27270
31984
20625
10183
5064
778
17130
9220
370
32292
17291
4498
6844
31663
8435
24699
15571
7214
4458
26242
15556
7564
25593
23569
16540
24499
17082
9587
13261
5978
27218
15427
23252
8990
31419
19749
18969
14037
17735
23988
17431
20767
15329
3771
17084
12093
26006
20135
12307
13095
31829
4156
4640
28632
6131
22920
11788
20461
2674
16149
26242
2670
20867
8035
22872
23020
16713
12949
114
10700
19552
17003
23011
11746
3358
7792
23382
6210
29721
8309
13485
24914
16361
21821
9703
22052
8751
7546
27719
24835
13782
23288
2738
16460
10904
32281
29018
8064
18884
1921
18585
18070
14399
21010
25375
21398
6601
14619
6992
12899
31106
28364
8168
18136
7085
5870
29665
32023
7347
31185
9622
13342
363
25477
296
13980
7320
844
16929
13826
28084
24400
2135
31708
23788
12434
5140
17762
30827
15139
3443
32074
5851
30358
23309
18401
809
6837
19413
5466
5513
25715
6209
11878
23995
10018
32427
28421
17036
32230
32502
9115
15007
12650
31092
15430
621
9681
13575
19055
29579
25840
4231
31903
24876
6330
25444
3220
7654
2555
20877
21397
3769
30538
5776
30978
28493
22584
3074
28463
11131
24782
28449
12914
29199
22839
10680
32379
25804
7609
8771
28132
2481
23274
22356
14345
24955
23072
18997
282
18283
29225
31951
28783
32329
28732
1738
283
3753
3376
1526
16579
23149
17132
28138
28849
2443
5663
31467
15652
13329
10289
19471
32490
28006
9593
26785
15153
5330
25520
13512
21915
3904
17573
6500
10384
20035
12595
25401
30680
18520
16496
7503
29033
18027
24360
27288
12413
10908
2954
8916
30440
5186
31008
14002
4265
1328
12549
7992
5567
27704
594
23652
32318
14574
22233
18196
15521
23726
16406
14883
21090
23777
20578
22229
4808
23163
5226
26741
2049
13000
16608
11068
11888
7529
26736
31349
31304
27546
19958
10719
23386
19638
9966
3667
13099
15356
25131
31142
29002
31635
18125
11729
18912
16588
32621
2895
14985
30120
26010
32455
20834
13210
8585
29163
27236
23437
29192
17312
22256
28457
12468
2911
9130
3922
26220
11227
28811
17394
1029
30948
3890
28921
4927
29835
23419
7330
29688
26503
595
27383
31136
22743
10955
29335
31981
10409
13675
20151
13776
21115
1480
4711
29095
6784
2648
278
31156
10821
30342
12377
15822
24724
25346
30440
5974
22681
18523
19689
14445
27715
1999
370
7012
13805
30306
26953
1652
21822
7725
27374
30640
31565
10745
3035
3383
521
12044
25354
15790
4825
18755
5304
29934
8319
15713
15209
26873
14402
5543
25132
15155
28236
27813
29728
14799
26961
23119
17719
21895
20849
14163
6202
8080
9824
10922
17933
25549
16580
13677
27189
13123
734
12523
14487
29389
31853
29432
24706
16912
1487
3208
8432
20146
5738
22140
29193
26567
23114
16571
26601
25996
19211
6021
12963
14680
20474
13060
24454
14799
10615
17700
16287
32601
11166
14757
6014
25811
3110
23663
31805
132
18312
14885
447
10578
24932
28412
7734
23605
1057
22478
26344
5613
17365
22890
2610
29936
2148
12847
10957
14247
25323
2521
80
27353
21087
13210
24822
23656
15217
22125
6306
9787
6069
28583
12576
25979
8196
25550
4014
29186
30239
4527
3003
10768
4500
7083
25326
9792
29670
23378
11882
27067
26600
13107
15697
25260
20586
13041
30854
20212
18967
16794
13240
22814
9374
16949
3996
405
30480
26266
20857
10260
21385
9351
21482
18783
24083
239
29920
17713
19143
9621
9446
16501
1846
29914
31657
30648
4871
4051
30135
5599
19425
671
16263
25365
12427
2808
12730
24584
24401
11527
25248
8533
21418
2685
28926
32576
10009
12255
27662
28073
22865
19489
31944
4156
25500
1655
13408
24295
7037
26216
9232
28305
10388
548
8727
12809
4547
26391
24578
18236
9615
28862
13866
9388
16841
442
18558
15133
15981
21283
26754
24465
32714
19998
22680
4471
29667
9138
21631
28960
32534
5847
793
31346
7163
11472
13681
22496
12943
14267
5884
24986
27282
28519
13087
7424
32045
3173
29682
20573
18904
6498
32324
32466
12923
28340
3807
24720
723
3122
15628
11082
26392
17737
18010
16107
13789
29516
18332
2692
4407
8716
1841
15752
8993
27305
13448
6459
31007
28839
16610
30312
17186
13636
13658
21330
31148
13577
10787
32238
12084
928
17170
11855
4300
23013
21852
9570
23041
19007
6816
9179
16387
3889
5416
19823
6150
10284
2412
19524
15591
14504
12503
18598
30739
23923
2510
2299
29093
27720
26863
19961
27598
20899
12182
16150
19834
212
19366
31552
16432
10834
25734
8655
25914
11347
22889
26552
26119
29081
29907
3331
25549
12943
31065
18047
2674
19604
27560
28596
19117
9111
15816
6425
32617
16868
16290
18055
618
10813
30912
29166
29746
4141
20309
9799
15142
27289
8317
18121
32237
5272
11717
22112
7449
28805
1006
21339
28681
16722
16110
31588
18701
11806
20280
2998
1228
9226
9277
20874
10467
2633
24627
7890
21967
31863
30997
30506
4109
32556
27371
2316
9343
25296
24395
18243
11282
18609
28192
13986
29342
32338
23466
17397
17678
8967
30662
13880
27328
19390
624
4359
20015
6432
14726
31574
6351
29657
29646
32354
17976
25395
27963
12519
29319
12778
10348
8852
26625
21820
2422
7100
12282
19007
3555
1358
10998
23927
17915
3335
29709
4264
29506
23014
5012
4841
28737
25825
17657
32506
17801
18902
21487
21463
4086
9412
21707
23437
7217
20283
15406
29773
23416
4625
6629
28607
5538
8023
31501
31896
31837
26763
14203
20079
955
9487
11867
30669
9197
7386
13846
10883
26702
2926
17274
21056
28579
12042
3093
15714
16800
22560
10209
18445
7599
3337
30247
15738
9966
5624
18845
25490
4470
1325
8145
25788
13539
3947
26571
3059
10257
18603
7150
1819
18979
6418
13088
9109
23754
32289
11563
14609
5060
27692
15970
13987
15778
25613
24199
1562
27087
4377
16108
14733
12238
851
27609
14134
31683
23008
7470
22403
1077
29115
31305
10603
19730
27818
21802
20735
23539
9329
8405
13377
418
24133
9976
27192
23770
21123
16590
8260
31309
23714
5955
27056
13803
26471
11865
11654
16738
26967
16330
9895
29665
1394
10479
10778
18210
9246
28640
10149
9639
6242
9181
6298
28228
9556
7405
20724
20701
30677
24260
26274
26737
26747
8938
8995
13911
6607
19994
13139
25288
18105
21737
2437
26270
21816
21416
9681
603
342
23946
14512
9837
13404
18186
21446
12465
23618
28551
7422
9013
22377
20017
14300
14402
18573
17961
22799
30618
26357
1508
14406
12542
7916
30161
21573
32755
5749
31291
15672
15558
27195
3184
22855
32462
14023
28451
22378
5105
16885
527
17535
4457
22697
30941
30362
25032
13502
31048
17052
29754
32575
25727
12295
28939
17114
20426
7952
5993
25233
28785
5366
10346
26803
32474
8851
849
16907
21745
6449
22285
14679
19404
414
3330
18172
7312
2435
20748
2295
18574
23281
23233
30487
19634
4669
23543
10089
9246
17934
14471
14068
24082
21940
27472
10919
19215
29115
15486
23696
1340
4800
11532
18767
22536
21124
15239
20937
19217
23359
26133
17697
21573
24887
3511
18148
30022
23184
7883
25987
18451
26982
8917
29959
16102
11289
8062
512
7000
26600
26333
28862
24779
16834
15606
7364
17929
31064
30336
3194
27177
23159
29932
3362
20659
22677
9122
19213
26884
2218
23182
14863
9459
27969
18907
25136
25268
18638
21246
25764
11773
27202
29431
19710
7272
10205
8659
672
18713
31811
19318
28278
13216
31187
17815
10468
1568
2100
26380
17404
1713
8240
9288
1525
14340
31174
21794
10200
27974
24698
2008
27773
21830
8688
1363
9142
16601
19129
27308
28106
10366
9581
31728
21285
13630
12282
5152
1101
20694
31547
22140
22040
280
10445
1281
19997
4751
31518
8241
21352
22114
11206
13330
22386
30586
31771
30329
2896
10983
13311
6792
29994
16256
765
32118
31215
20682
30613
4238
12103
8476
211
9339
2505
24320
11815
31170
15215
23003
8560
14992
22086
27089
26458
16822
1898
3811
10730
21234
32306
2906
29015
10352
21416
32105
26396
31120
1596
15374
20299
24298
23993
31545
11300
14224
19319
31536
16358
29586
6867
18226
24805
26568
1500
18266
21469
3787
591
10695
8326
23365
23238
26362
5224
32619
26668
25983
26609
19911
32628
208
14789
5947
26506
30582
21589
10819
27530
1137
29107
22394
23857
10202
29093
8032
7057
25287
13816
27994
29192
27247
6422
1018
25458
5775
13019
32385
13726
3852
24485
2978
20735
31961
15786
17801
18596
16923
5263
19228
7786
32139
23350
32385
6001
23836
20439
3296
13516
991
22098
9066
9341
1827
4291
30106
16032
18144
26199
30906
25318
9558
27743
30890
19013
25073
26019
27101
8430
7024
19449
7332
31872
15686
6166
13743
635
23616
15267
4048
21239
18025
404
27395
2966
18987
18613
3244
30391
30902
19589
13599
15084
26534
28744
3685
7855
13791
16472
30782
13392
22460
7612
21858
562
28266
18427
15884
31543
11918
14642
15289
23417
6702
2149
29229
15675
4558
17939
22968
31263
217
1805
28343
11417
10563
4488
31325
26019
21101
24688
22708
27314
24393
28927
24542
4073
4030
3727
19617
653
29006
4268
22563
6074
17142
16238
23281
29524
20565
20997
8518
6975
2065
15254
21643
19155
20855
14918
7706
6794
25953
23700
26439
20476
11869
28907
23201
27150
29707
4983
2677
15718
21959
20025
24724
13602
22664
32598
15190
3017
3080
31157
23519
4225
2854
5064
2465
19587
23432
6314
3874
7373
28804
20331
29696
5142
21825
3240
6194
14599
16921
606
5264
29864
8514
16895
1174
17689
18094
9414
7525
2178
24367
3656
13834
29772
23263
15693
9475
3218
22207
7901
5887
12242
18846
22430
17126
2793
30781
30557
7961
2366
29872
2794
31739
5437
11527
41
10160
15623
19758
4198
32549
3943
30738
9449
4176
17673
7173
27082
12729
2534
26212
775
13113
31491
6775
6100
3073
11355
20376
10290
10719
19225
23192
24771
17853
12299
26206
24797
24939
30292
32721
9949
21150
27233
6393
5822
32568
25886
18272
20202
11977
26473
16831
16207
5462
2503
24790
14006
31578
5205
10140
23120
9995
21250
5784
15250
27358
31228
20111
67
32077
11880
18015
20692
32216
1878
6187
239
19274
6900
10680
9810
3901
27649
13335
4574
8928
19333
28293
24299
12536
704
24719
3295
14629
22880
8058
22271
22631
19447
31457
16005
31456
1707
23712
31474
23260
30768
24561
17573
28942
4339
25557
11693
14876
664
7350
31964
30047
5031
26954
16156
16612
23426
28346
774
14006
31387
16388
29361
28511
8931
5278
16328
3500
1158
21084
5600
14257
29397
28307
1800
8461
21891
27263
9889
2671
14869
28386
18032
23129
6548
19182
2545
13092
9861
23141
17390
10821
14107
5887
21073
1230
8106
22796
27703
7480
4447
2906
5701
22111
20783
22105
12607
16334
23309
1661
22230
20285
17760
12772
30914
21336
30900
24889
30225
962
4015
16344
6847
21082
29511
5938
15750
25021
1843
6515
28663
17676
31391
16227
29898
27887
4388
15754
28787
26073
30711
21656
2038
19342
31585
260
25083
5603
12399
19954
15909
8901
26346
20314
5792
8573
30601
1895
32761
17202
16998
15133
15155
21680
29103
31295
11799
9576
21662
24176
13771
24503
26283
17816
1958
13931
22272
2953
5187
2947
9261
1763
8404
29750
8221
19764
2745
15927
28744
612
26962
23096
24107
14161
529
20397
3061
7094
17107
7634
24964
1873
13936
11759
17807
7749
10128
15066
30501
5309
26049
20926
6998
21970
24775
20508
21296
4527
3635
783
28141
30450
19768
19412
2922
6998
15545
28041
17115
22415
14246
26677
8638
6774
27529
1289
5901
30566
15708
30694
7864
29670
28830
14879
16722
22664
17574
639
15370
2321
31798
32398
25822
10201
851
12560
7947
2165
10068
6607
29640
13716
5434
2714
9011
3623
4671
19854
16780
15813
8882
148
13473
5197
4865
18987
9609
205
5912
19304
14997
13218
29673
29498
11652
11233
26444
5875
4598
13302
16906
29700
24612
4491
26676
32520
6093
27820
11194
9221
3956
12840
13624
23534
17352
30010
28435
15212
15204
5224
9925
24285
21176
9644
22645
22430
1095
28114
22731
32389
276
26401
20738
20402
11606
6973
16703
13192
21875
21580
32033
22774
12076
26968
22169
1275
31509
10740
27388
31593
23113
11555
18006
25833
11355
1909
20738
22079
2448
11379
15223
23759
11595
32573
23653
13408
25800
22130
13569
2593
22029
30544
3996
28905
13086
19485
27771
27331
11633
22981
12515
11178
15777
14532
19571
31121
4966
5446
18615
19879
16837
31373
30457
6872
31620
28052
12378
23959
29665
6898
23586
22747
14212
7168
12373
9319
4529
5950
24711
28751
20930
16371
12016
8632
1237
30996
5059
11487
30658
8039
28348
20573
5456
16104
30456
5545
29864
14188
23818
15070
11273
5252
21323
27070
15294
7332
28785
24567
9549
23429
8292
27814
754
11207
5965
26394
13131
987
31471
730
27989
2592
13882
9449
20631
13388
11037
7752
17821
30222
13981
28605
17064
17138
15140
31443
18596
26500
9499
17442
11354
32184
7610
10960
32743
137
24607
14680
12397
17121
25758
29578
11272
19897
22105
17876
9220
27009
1808
31167
16205
22210
21818
21436
20774
31234
14420
15905
26654
32488
26489
9583
18752
13984
20019
27094
11147
13697
17297
2555
18338
29677
14201
27384
4036
30329
19008
24996
9213
16718
632
24854
22174
6864
5385
29284
21740
24957
29572
22960
18453
30999
5299
3174
616
4869
11125
23743
3268
22007
16328
32394
10321
10441
24104
18731
6255
9386
20760
23268
18668
29309
6398
339
9338
6015
5683
2876
12128
29994
6491
26505
14959
90
19954
13711
16952
29615
13096
10899
20092
306
5871
28813
26084
18235
18258
25131
27122
3218
28168
18457
28472
2004
19017
31616
26056
13848
15584
4557
9707
1235
23170
30131
13590
21241
30814
4467
22297
3429
26357
28251
16282
27259
20268
28044
30658
2316
26015
32257
19510
30329
26681
29645
22345
24604
6658
25764
31600
29667
12599
11677
25078
13374
27552
1590
20976
17212
15646
17561
29556
26865
19588
14110
21254
22810
12967
14096
14675
31748
12217
22708
11042
16041
19154
23687
9607
11804
4048
17864
27225
25128
24417
14902
28903
31540
1374
3867
20199
14186
2395
10121
11695
25369
28028
2020
8104
10327
20362
17056
27135
490
8261
8780
5789
21865
25852
13520
25178
30878
14172
7155
23405
9775
30598
18208
17447
9597
25700
31337
3554
10701
3644
18124
52
11430
22405
22453
24680
18297
30714
14789
11566
20616
13806
32466
17041
16128
18911
25391
31274
6760
8269
22573
7059
31039
28108
6113
12575
21217
18777
9768
5320
10411
16618
25321
18793
19039
7241
4506
29742
14794
16929
31238
2632
29092
29529
1613
1765
5047
20642
