23541
7909
19
28858
27547
14378
28634
12768
11519
17084
19502
28679
9049
20093
22708
18008
2816
15617
27907
31004
30181
31741
5451
9169
4448
17404
9786
3453
31024
12116
18464
5954
15293
15705
15697
31027
29599
5584
26571
16742
6756
8359
21016
18762
30862
17891
16246
5435
22236
27097
1846
21076
21707
31137
16226
26245
2139
7112
31394
18149
19222
22853
7520
2121
22607
21166
3627
24085
8360
21932
17753
31570
30423
26285
32753
2561
31145
4824
6600
11439
24390
7750
21225
15946
1464
25199
1082
17459
27815
28898
1885
18068
31846
20026
21973
756
15924
22861
9066
11529
27067
12966
30670
12749
27613
14390
2944
12500
19120
26950
27633
8156
2759
18096
10982
19622
31156
847
7453
12548
458
6324
27699
19764
27432
5146
32709
31852
11763
12188
470
30646
14818
2982
624
31486
22272
7338
32398
16489
941
8468
20026
17897
29670
13183
15859
4367
5575
19753
22353
25888
16206
19620
7404
8042
26978
21711
15737
11736
7188
6149
566
21445
28708
25492
31881
12558
18887
32625
14051
16235
12455
13866
27883
14847
26924
6427
3801
9005
13050
21733
5151
23726
20667
10780
24911
1504
15646
24128
17721
5217
12575
14575
20819
23261
24458
24920
4447
29220
2490
12275
26183
14464
20903
18544
2124
23365
27936
4077
29791
7849
7764
21355
18639
22486
5527
12931
21797
19774
8291
8789
24909
28975
18845
7362
28662
10919
20250
20443
58
8297
4194
24984
4738
14928
23220
7118
29860
19684
13898
5211
6479
9003
6365
9635
32425
23234
8556
19265
26678
17963
16698
14070
28668
18793
30230
12773
13029
25802
31198
7683
7268
25093
2886
11209
5467
22404
13270
6188
6717
30211
12082
1742
31856
21594
22430
19574
21237
11671
15297
15806
24138
17744
16809
22027
25487
26168
31504
19138
17129
12015
3806
24249
19748
8479
23535
2540
7324
9924
14613
18802
30045
459
30305
11183
28809
23007
926
27850
30458
23680
24607
14177
20265
9045
14267
23932
16974
21699
20757
7616
7369
12990
12577
18662
3521
3039
6115
23403
10763
17079
14970
24456
5709
24420
24158
11108
7267
24417
14822
20361
12289
14243
15885
18836
9882
15585
11637
20273
9857
26163
9388
17735
4431
7646
30639
14192
28036
5230
2220
25516
4977
18950
31756
11862
8533
16885
28081
4695
31430
5257
2940
24985
22354
21288
14611
27071
9319
29340
8417
20755
15984
12207
22110
16319
17729
8696
28048
10561
4021
28916
11218
18969
661
24409
13780
11716
20156
8358
24291
20718
23161
11519
32106
13284
23093
1848
26809
29000
23638
10544
1030
11528
19555
2656
31409
28560
12648
29875
4557
16703
11164
7064
13019
6680
30017
10582
5080
31163
27340
13985
8315
15251
24134
24682
2232
31568
14834
28667
6280
7576
13872
18754
15596
20729
9889
4973
23087
6947
8844
20408
22380
18004
3200
21123
849
17171
15675
21160
13858
21025
21963
779
21761
2733
31987
27251
6764
4295
3024
28056
18439
4119
28092
16253
9628
20175
14195
11263
29024
27870
14709
28846
9592
9063
4523
6109
14011
6257
76
2549
12474
6880
1026
18703
21245
23204
329
2753
5008
28976
31000
9271
10943
20013
4804
31878
3101
23664
32033
31038
28875
29482
27370
6462
22262
26463
11875
12749
6818
20890
14396
486
2982
23518
32185
4050
9464
11231
2576
1277
18731
15730
16147
31746
10294
16707
2318
29960
12919
21446
2547
25681
15608
8304
32692
3856
15088
17702
27121
10875
12429
2550
13011
28962
17136
16645
24376
8831
2426
25288
2576
8398
1094
14967
12038
8479
23542
14015
2148
8617
20147
12984
1072
6753
28271
19222
5275
7115
5229
5027
24477
20496
11780
16621
4569
4690
18080
6715
22726
4156
29449
18374
18448
10717
488
20774
11836
950
5511
24587
7308
32529
2776
6957
9762
3221
20921
11654
6759
3352
6774
19902
16046
13492
31887
23015
19221
9245
31420
23402
11948
11313
2095
1857
24282
28625
29465
3687
13820
22512
22639
21133
9550
3561
1262
21263
15887
28694
26461
26150
21984
13470
30738
4703
19054
11918
14775
7244
10320
26924
14158
7289
14643
3464
9075
12705
15668
18003
31969
8994
21389
5620
23608
1967
22132
21209
20222
17477
11840
15883
25571
30560
24526
26630
19529
9326
23075
22471
14083
13188
18258
10278
18525
6480
25760
3942
21341
15183
9703
1291
14409
25663
10296
31211
3177
23768
14276
22152
28430
31927
27901
13213
12244
18331
9464
247
10787
27347
22806
3718
31228
12023
6627
11188
28146
12759
12606
20725
23158
31921
12219
1952
12888
19111
26949
1021
2187
4975
9480
9631
24361
11853
1166
20980
26550
8510
26151
23834
6313
28790
18063
29940
15400
525
26059
17022
23572
27126
13140
13661
12101
12848
17783
11707
27671
29504
24572
30801
9253
20702
19974
20677
3412
12015
4922
24119
23572
12979
14371
24087
4834
25664
13781
28985
27409
1071
17617
16171
15051
27029
4905
25542
31827
31797
9701
23299
23180
7923
27044
24336
26303
7820
13959
27811
23449
30853
19274
24975
4467
3681
948
27029
2007
6423
20018
11644
10303
28867
9407
30819
9759
31900
3334
18263
8230
24358
25547
30497
26305
12969
30599
1121
3042
27105
13906
4577
8191
10487
29446
10531
16477
10928
1442
26940
23182
1509
19180
6117
18745
26419
18267
18640
11801
4851
28979
3896
11592
17260
26098
28092
28094
14152
3819
30829
788
1093
31025
23846
9358
557
25782
17948
21849
25096
20148
19125
25105
17808
31564
25246
22407
27365
17006
3864
22208
16514
9208
11922
27201
30064
26402
11901
16521
22969
18713
3932
28640
8992
32490
28442
10063
27151
3746
3489
28912
29393
17331
32680
26984
5889
17050
972
4273
25411
32703
11747
6173
15666
7581
23693
20887
9625
30242
11531
9260
27365
21337
24917
10699
24538
6982
27750
23113
27270
29458
6363
26536
32627
7528
32188
12185
23841
6174
13722
26175
7091
15640
3034
24118
25833
27241
5200
4564
26702
30140
24848
20911
24499
28403
19072
15455
14299
30221
32178
25477
12664
10317
17649
16908
3670
26776
16026
26542
7895
1824
30254
32186
17311
3135
5028
2325
14224
10917
5380
3455
13817
7350
17969
30232
20746
28974
27398
26403
3212
2823
20389
23817
4303
22684
13068
15521
2531
1550
16362
14510
1802
12007
1968
12458
28270
21245
13290
27842
22800
4762
25040
23329
27393
30169
23576
12913
31700
17235
9999
7583
9043
10747
4840
21727
32369
16967
18516
18417
16512
10897
851
15778
25764
17084
28745
3221
5000
19226
24404
20803
4431
27277
16861
17729
18382
24557
9837
7106
16632
25258
9922
1884
9625
30387
31779
19727
5192
14230
11760
2179
25750
24296
3709
1425
10892
2535
31264
21253
3669
606
3209
29346
19511
3785
16466
19047
28872
3514
11479
15121
9566
24699
22088
32737
8391
26869
17405
15263
4154
7888
20745
22239
3214
32732
27409
4995
28586
24496
13151
31105
7741
23185
13874
231
6575
28565
11352
7452
28247
1543
31487
3432
20974
25102
26057
5814
1603
19594
10014
2713
21553
29247
25286
16270
13006
15925
9911
24193
28390
13150
28203
10642
26280
2426
23286
8216
11678
4408
6423
9190
11491
9118
8333
974
5008
8362
18796
3940
11127
16698
26159
6148
26132
16425
22608
791
13760
7867
21270
20881
1832
2107
16559
16574
28414
6370
32126
26687
24558
3067
23990
31056
31956
5445
12584
844
23340
27033
14681
24946
18889
15052
17880
13801
28619
10967
27342
5634
22475
31285
1495
19390
15192
30093
1296
20624
8871
26257
9330
25955
11398
3110
5470
27615
4754
24005
17528
25832
15786
7713
12729
14440
32419
266
3776
10831
16189
26769
5993
8408
16214
32109
22689
8205
12894
9885
22905
7821
20747
9295
23161
6029
13134
20993
7990
32285
1669
21478
30246
30124
29682
13195
29364
29647
19308
12218
3472
12094
18004
17311
8009
31
30411
10537
26909
5512
14114
23219
8208
9279
11666
22500
11835
29380
14382
12755
7783
26257
21781
8815
26074
30368
23276
13087
113
10030
5516
13989
4847
29375
6903
6728
1941
17506
27793
21042
22771
26422
14477
25879
32509
3885
20389
23319
12897
24336
8974
5094
31256
4035
24235
18474
14139
7371
29569
14884
8985
6669
9835
22931
29574
5848
30478
24277
6518
12838
29456
8528
19914
17439
18821
11536
24681
16607
12970
23473
32147
14457
32726
29824
23922
6204
26541
6109
4594
4405
25239
31204
26323
18420
11121
12364
2045
12691
14466
6030
25107
16885
16560
4938
29002
20300
8435
11751
29308
20190
13835
23419
10872
20232
32366
25578
14237
21123
6277
14417
8615
28902
28951
14245
7112
24684
13830
9879
11515
19704
24889
24251
12949
8278
28633
30954
28956
8132
6592
30437
10077
689
7470
12346
22457
26308
29374
1644
15296
17696
32153
9294
5633
19687
3050
19632
22047
18172
15250
31805
17192
26382
5916
25252
8227
11730
32499
30454
32488
16527
13010
11087
13621
23008
3965
953
10237
14262
21679
5197
24835
10908
1875
10908
8872
10815
17398
9805
28161
4909
5501
17671
12077
29149
9235
26001
998
32496
20582
1591
20565
12470
3859
624
5675
1524
6238
21439
16877
28132
16423
22999
25231
29054
2586
28162
32581
502
20005
17859
32662
4230
303
26810
22962
21357
30215
15817
31493
23608
10906
29557
7948
25408
30058
18319
2152
27764
10043
29203
20529
10584
29967
14160
16268
15438
15957
25929
26496
16661
862
16476
27397
16015
8208
8993
12126
26055
7902
21909
26281
16946
14328
24440
10421
16181
20670
23027
3603
9960
3963
1150
368
32282
22352
8449
15138
24981
16494
23353
6912
18594
24712
16222
21623
20688
30601
1027
8410
30450
21634
11069
27642
24935
1766
16135
12023
8094
12281
11493
27989
728
2182
1224
2130
29744
28368
7986
23671
27609
4300
28314
23918
28072
1677
18
9235
11986
28928
28455
8909
18678
28889
20745
29727
7774
2509
23276
30586
21378
17922
18349
12374
461
11716
16569
7041
1956
26489
20011
28342
6565
5079
4660
30321
31020
14932
21440
1538
29724
23006
7254
11744
4572
29133
27968
11329
4511
5910
20461
19431
7657
27073
17811
9533
22863
32413
23064
30114
10366
4402
24115
261
23934
4599
3279
12722
10296
25797
8112
27243
28726
25484
5976
16059
31659
31045
14892
1415
1971
26919
3795
31206
13787
5662
21983
24115
29412
24185
18095
21856
15044
24546
5011
26252
24046
14228
31026
24280
11219
4808
23849
1399
9897
9072
16373
22021
9323
19752
1555
13594
289
7786
23653
21278
18017
27137
15320
12639
27670
5312
20548
32096
5760
27507
18068
13941
30076
5398
17958
20876
10502
30021
6517
20302
20220
4852
18933
30823
7716
22368
13118
13345
12913
14661
20845
11576
28290
10322
20167
14570
5740
19674
5280
13389
1977
28620
25468
19429
12977
7909
13939
24950
14552
24868
30170
1047
21687
3967
15647
11912
28383
9684
14325
16325
1068
8226
23217
25051
16711
14329
31220
21243
30574
5679
1419
17613
20088
19669
27283
17926
22547
11625
24801
27197
26705
20301
10145
9211
22371
23160
30012
1297
4260
27244
7808
22830
4825
7528
14587
20144
17846
9182
15527
8635
18597
25639
26829
32136
7876
1654
28707
2048
23596
32011
12343
19338
14457
23721
30737
29473
10887
6473
8724
3241
29049
31504
1318
17795
12032
24447
273
21855
30426
6890
10792
2897
30616
3627
22573
12584
8357
17559
7282
14587
27012
11825
25407
26884
7769
18974
17524
31153
21931
21849
18287
23033
29544
20904
7728
3565
23849
30927
7099
23439
17336
28675
27070
14822
9680
20385
16756
13906
28707
21280
11209
17438
24225
17733
3263
10836
760
31893
32272
981
5207
31760
15637
1448
27768
3100
12262
32659
21981
24512
17859
19176
3930
6674
14003
7074
10451
18419
26218
26544
7495
8697
28272
22673
19981
10925
4992
31521
17246
31991
10799
8627
22036
24278
11982
11359
9905
27732
5264
11166
1443
28346
4080
4372
12487
13312
24653
25260
2603
31367
23767
9194
11288
17675
18607
27005
32336
10963
12874
19220
12436
30762
25111
10099
15977
13075
7265
28358
24604
22585
14966
26421
3332
25637
24329
8120
29447
31923
18901
1325
1887
20167
3715
19880
5278
29756
13006
11786
27120
30237
30693
3541
4001
16152
21264
11582
9439
4655
22935
29060
19136
22961
9184
19329
16519
25193
27607
27775
5411
22293
27282
15692
4600
4122
14646
19345
17122
2933
14612
8543
16247
8437
18200
15115
6541
18087
15972
3900
5373
31122
3640
23874
3238
7845
26389
13737
10420
28654
17186
28942
18978
18957
19918
2354
20349
28135
28343
2125
5867
2719
31691
677
24941
9154
22188
20062
31585
10177
31065
28052
20043
19109
13836
24231
16340
30974
11870
18134
531
30492
17841
11024
14604
130
4815
11014
6518
31640
5327
29317
25794
5536
12089
21763
26200
23275
12650
18296
22052
8013
27961
11375
17489
19150
8410
9820
29268
24226
14339
25648
15661
18012
10318
7211
31977
18782
27871
10481
32108
12436
25926
31969
29805
29794
7078
24482
6338
1754
13847
10750
16094
3635
5962
29684
7832
9078
29292
26888
9774
27003
22092
14046
32393
4116
29631
18951
9410
6024
9028
19739
15590
26691
28132
7688
502
4811
7516
11689
30514
19446
6014
32155
16023
31067
2261
12364
14503
25094
8840
24404
20840
22384
28544
11273
7855
27310
1229
15949
13214
488
4422
9643
19820
25101
4208
20643
15716
197
9378
3649
13361
12967
23654
19957
21080
2477
26401
4510
8710
30692
31991
17896
24076
2664
32233
29912
10792
20624
3136
1701
8326
17254
9775
1226
22662
16730
692
4953
19136
29239
13759
5266
13894
10069
24470
10932
27432
3089
27512
3091
7742
14970
8576
23915
10785
2125
4045
1652
24955
8228
3808
13494
22145
15082
25925
159
15293
3474
20086
26835
16913
16136
26876
6083
6137
31336
20439
10113
28176
29039
25376
22483
9430
25391
1005
27270
1968
31494
18293
6660
14640
7120
25973
24105
13463
27484
26066
29523
2200
12829
20863
22456
12127
25378
27297
13053
10194
24648
12273
23556
13335
20143
12130
28933
24918
3946
27653
13792
15552
12411
23337
11441
22992
27134
15558
7333
3536
31652
21276
31501
1184
32355
15767
27313
4787
32364
31478
17767
26714
29022
22188
25572
2629
23737
17798
6097
13126
16533
30095
3106
857
6804
5425
32675
8162
5397
5532
3539
10549
13994
27756
31222
10587
9677
6277
12390
24596
21710
28226
29226
4120
10768
28368
24265
12706
30837
11988
20576
11823
23575
4180
15859
2435
20281
21460
6145
7150
2941
17599
21339
16845
2903
1289
5686
9299
16321
15379
15230
32650
20016
11471
8301
2452
27335
30500
28765
24375
8907
2196
25306
6553
11096
28
8188
28999
2130
2395
16115
4732
8093
29431
4836
1697
3217
1085
14836
22288
18344
22023
8866
19741
30330
13027
31577
29527
30700
17009
16453
15371
164
1037
23399
28938
23488
23726
2788
20652
9159
15374
419
31765
2015
7436
30230
6839
28993
25934
4952
22296
7403
26666
121
6358
32148
4295
29206
8168
31205
30591
31276
25894
23270
26248
2605
25612
32439
4564
23380
12731
9088
1589
12598
1344
24234
5061
10907
5401
5200
14213
5259
28149
752
18500
29612
9916
14183
27331
14283
5583
32028
4374
19896
27537
7803
2381
855
22054
2469
24404
29172
4731
11621
5656
25303
3718
8807
31723
25112
207
29860
7722
29621
6447
8481
8221
7906
11991
7129
31006
17312
3989
29175
24062
28305
21587
23625
22948
7947
24289
22002
22775
13163
25844
2911
11775
28588
11374
13692
20038
21048
23775
13607
20613
11005
2636
741
28028
10436
23856
18131
2082
20670
31681
11488
254
5216
6260
18746
22741
31089
18883
8454
26245
2146
3886
11092
9265
29917
10112
24146
22430
13472
7251
7359
6621
30860
9942
6051
555
15353
20942
30782
30741
24141
31963
26174
28896
31437
9469
15925
7207
29363
5718
3145
17350
23936
27442
7982
25335
21395
31812
18257
14523
18171
9778
5718
22908
24202
2133
12997
1008
1834
8378
5120
15680
12148
26988
14969
30826
24959
23285
14369
19684
12022
30754
7460
130
9070
18183
7379
26777
12534
23363
32481
26213
19183
21893
12499
680
8990
31823
2994
27796
15615
20986
8707
24555
19292
19451
10745
13925
3103
3940
22504
10322
5733
22190
15613
128
20179
25781
32301
18271
30253
10500
30571
10595
1572
31059
7966
7338
20592
1102
15826
2527
5151
24984
20013
31838
32045
25360
6437
7576
16980
2899
25201
32697
21797
19842
14653
31625
22616
31301
16674
9616
20577
32271
1877
7806
16964
21668
14367
17098
13481
21977
18573
32152
18227
16283
26728
17120
21518
8499
20583
29901
20423
3016
16548
14435
23393
11302
17229
32101
15525
12734
1948
15734
12473
9965
26889
13950
19700
7809
30398
9295
25073
23161
3915
15753
5346
20492
25755
30650
8999
11501
31782
22218
1056
16846
32617
19351
23871
30243
28819
26076
31841
10536
6018
23895
19550
9253
15085
13867
30686
496
31203
1155
11887
12212
22900
4984
16341
27378
23214
29493
417
24773
11467
12888
13062
21098
20392
18076
21223
25343
14969
26805
7220
29323
23228
26492
7287
10815
32619
13900
6314
7676
1142
15020
13388
10005
21104
7470
3764
23637
1672
8599
19108
19268
22204
19007
13345
22182
1609
19131
30850
24133
32358
3514
9416
5104
24369
21037
24109
8644
7402
9131
2304
1450
32095
12819
20911
17953
2471
19571
19494
25662
18451
808
7511
12016
21090
13639
25370
23433
7220
3388
20024
1914
32194
12465
8898
1886
22219
10162
4776
10043
24018
16142
9862
16388
28550
27136
10433
18018
29314
26382
18131
14003
9014
11314
23779
596
23589
24120
8089
25115
11858
22375
6192
12840
24052
355
9933
15070
6001
1618
32527
2860
28810
7486
21223
18449
2515
30138
8106
5471
25703
1737
20836
31679
16345
17659
12400
28661
5230
985
19781
24421
32137
1667
24211
26070
10342
920
17807
4215
6923
8278
11402
21023
26492
9987
29641
3289
7983
31883
24721
21664
6847
6506
17025
20327
27108
2508
805
22109
32675
14579
21447
15470
28354
3034
28040
24077
19071
3864
6064
24113
32642
15366
26691
13469
14607
6436
29397
29029
9856
14777
22942
22958
13555
24762
29905
16821
4416
19181
1066
18451
1582
25678
7878
22079
2790
27826
21816
2644
5543
20394
14809
28180
1724
13226
17247
7981
16299
1131
15794
19644
15024
31885
15611
11792
13929
29313
18173
22192
18899
27814
9896
2975
29813
16562
7659
32222
32475
16980
27083
3635
16198
17688
19634
32297
5794
30090
4873
12888
14776
19870
17928
27110
6821
10319
205
3918
1675
14471
7084
1632
19334
26431
8647
7050
31458
23783
17630
30805
7051
14856
17256
16690
24772
17192
29922
16503
14620
1006
28775
17061
18846
11654
385
2028
10569
13383
24383
28401
28864
28819
22919
15566
29250
18175
28846
9818
11739
7092
2886
32428
21980
5398
15927
11994
30602
29091
23314
23302
7187
29981
14497
22684
30150
12523
27075
22997
28034
11197
22134
29312
9327
11375
27446
23041
15853
11312
21126
3738
1482
13283
27852
15849
18104
10437
31329
5810
25854
19536
11241
26591
4461
29536
3296
12485
10390
14485
31862
1705
4666
11768
10397
29571
13570
20961
16224
12801
21104
19224
19062
27343
24342
12346
26903
22294
11014
24158
23566
27715
28297
8953
6160
29961
3860
15615
21068
15273
12407
31051
15171
10609
26200
28225
23514
32642
6624
6834
18605
3287
30644
27647
8103
1411
31271
28546
976
24378
25518
13097
2917
22291
15764
6500
21550
1164
12014
9282
12812
7631
16338
31703
11218
20788
23748
13280
14933
22534
11889
5290
32199
9866
6560
27439
23872
23869
31589
9346
17566
24414
30103
14446
29839
12972
24453
10074
6380
3185
12005
3952
6473
12223
27917
7423
22474
250
3174
23069
21048
29334
12829
8592
22867
12066
18459
14575
21098
9350
27448
22020
14122
21641
2475
4981
18356
3734
17861
6307
8946
30399
28896
30931
14634
32258
12946
3468
19667
12235
12326
20543
30120
30907
18508
30510
23036
19112
14095
22918
4685
16869
13832
24270
27419
12227
27857
32133
30970
11863
17853
3335
13031
8574
31430
28337
1752
18719
28359
21061
7319
18608
9964
6544
15055
18428
30822
8010
615
4387
15971
25917
29712
20450
11325
28074
29722
22036
4081
17384
16524
2425
6356
30798
3443
24247
30337
4947
15226
1438
25622
17396
23739
10928
29600
19798
31701
29153
11731
30637
22847
3739
23039
2140
4828
7429
575
1374
27087
8325
2036
18404
6800
19332
23665
8767
31551
29809
12792
7425
21561
23560
14566
3935
9962
10452
15658
5850
22242
15346
14331
12831
26922
17177
10699
811
19928
11223
20598
31922
26593
23581
3520
32450
18223
21502
4606
9892
18675
7348
7955
22019
4669
10468
30622
13647
6346
2595
20082
13668
11804
8120
19015
21607
16592
8867
29103
10737
18477
13023
4939
32368
3577
18917
32318
29130
19088
13937
7906
30019
18231
1416
21434
7328
31405
31930
3752
2700
21507
2469
5728
31804
10158
19130
31773
14415
29403
5444
6547
25848
26882
7333
11044
2398
32702
7907
23126
15939
27868
14948
19589
20964
19121
20726
2517
25377
22193
7187
20587
14302
32318
22114
10205
21161
11710
7808
18662
2973
5616
30465
11615
12422
23424
1970
23658
28742
25817
1057
18161
5495
14906
23392
18511
21585
11276
5381
8012
12238
13171
32629
29519
14861
16675
4963
14799
13300
28277
12435
4107
20506
17593
6116
23803
7396
3790
18061
20358
23022
26865
5799
3317
15532
723
18668
9128
26705
18414
23486
5639
7407
25112
21355
4540
25056
19033
22447
10016
12134
23546
19066
5362
23438
7646
15348
31823
20058
13846
24510
4318
16670
15279
26491
6476
3371
23246
26256
21496
19883
32512
8999
5103
22732
30667
30842
10778
21537
19337
11854
28342
26693
11382
27069
32517
22465
17415
6969
835
32047
18557
3534
4316
29856
4283
31655
31964
29756
6740
19412
12967
6184
13801
23883
25322
9645
19890
812
7889
2454
31322
5705
13179
5593
23056
16357
22955
17018
24027
25020
3520
30125
301
16196
9191
5947
8124
19507
27791
29478
23949
17473
32029
12176
21841
28719
28897
23001
245
15368
13897
20232
4213
679
15445
876
8945
12921
5195
28035
5634
12164
23468
6170
24398
5800
614
8118
9306
17957
16715
7987
1184
20318
21698
20395
18914
13789
20413
24473
29373
8086
6891
17726
19329
23152
29742
4164
2368
23297
591
32418
6949
6297
20721
22719
9735
27267
18627
22746
24126
19079
30714
8617
13238
8371
16127
2112
1090
31836
13668
13621
18482
24159
23325
24834
27943
30892
27117
12202
21286
1798
23326
28576
8172
9476
30069
16356
23681
17756
30565
24943
4368
11872
12675
14289
21238
8137
9530
15641
31001
1460
31680
27893
27259
23786
26952
27418
15119
11364
20602
26854
2763
14351
14880
3652
23294
20684
29986
27089
19940
26043
29364
11325
1143
15033
13006
13043
3721
26663
21724
9724
8464
2030
8376
11552
1729
13247
7125
79
32480
14496
32445
22336
32342
9124
7869
31832
1796
3065
8158
1741
2391
15912
792
11
1052
11417
25795
30807
22166
18774
32590
20146
30926
11536
17971
12288
3627
12135
11562
4457
1602
21606
28574
10752
16367
13133
27741
12194
25253
14996
27027
23329
25090
29996
21753
30626
24487
13576
21578
324
24390
18140
14839
5891
252
4901
12827
17371
13794
20585
15281
25392
8927
10944
16901
9325
9664
1171
27240
29164
12426
13476
27176
16150
28430
25934
30911
459
27327
30991
12875
23300
8385
6211
32318
12982
15938
19506
20055
19194
30477
19277
18897
3692
10844
23221
14554
7632
18926
26877
17478
24828
14170
17969
23941
7922
2979
7447
25298
24908
32012
4532
21422
9949
22318
10514
10637
10645
14663
24129
10447
15269
3797
2204
15857
32740
30308
30541
15109
369
2724
26132
2399
28314
16830
12100
9106
31485
22248
24334
27547
11501
29240
3073
12635
6680
693
6354
32075
22374
32436
17241
29547
8228
32354
9437
25211
30817
25757
1937
21358
20120
2568
13662
11548
24720
7774
9187
16439
26497
13318
8635
20352
20344
10728
26878
26682
32252
26496
15114
7903
27634
7984
27011
1043
5822
2779
28824
26070
3243
22191
1672
12541
6285
11842
17509
1763
20645
8161
19481
23388
3268
18981
4006
12010
1971
1990
7602
14644
12243
3508
5954
6067
27393
12132
12998
21679
20924
15720
28758
23146
9610
12867
25403
9883
1687
8571
13489
21021
11424
7408
17387
16617
9999
1131
1880
3650
26728
29562
4901
2351
8419
16764
26883
21806
11355
18424
29994
807
5990
25395
23709
13983
32710
24833
176
11054
21504
20955
23496
11827
13898
28722
7011
24774
1706
4611
7000
21998
22621
22700
9823
24852
22134
4862
8147
10424
23495
1427
31415
20835
16900
3425
8696
21725
11302
20624
13809
22943
20494
29065
17204
7819
875
30800
22152
20187
4061
26131
4654
21080
4699
9987
10345
28108
27090
22114
24381
18361
30990
2269
374
9547
16350
4381
24812
29580
3955
29337
19974
28887
24074
30382
10365
2703
32203
6129
28002
17168
15088
14276
26211
13286
9513
21031
24138
62
2111
9169
32454
19353
22520
30336
15214
2248
4924
1933
28163
13588
25205
15555
2037
21437
30012
7025
32041
15782
25393
13758
19450
6478
5162
573
18046
3842
29585
20929
266
3409
29447
22387
2552
12737
8269
30497
20135
10688
21093
19929
20932
8157
12788
10423
5832
2360
8427
24059
26306
26423
17766
15454
21079
20859
15317
1191
5383
23571
13401
8569
15794
11759
32625
4463
16474
23447
19925
14187
21802
23069
10146
1322
18615
7759
24248
13340
8583
15410
96
115
16080
6828
2611
6778
21633
3969
26167
16937
26758
30593
29258
16630
13640
7935
5828
13805
5492
3716
12376
26627
23806
4037
20795
4776
17253
32467
7560
24731
17208
15250
18148
2306
4825
20332
27486
17082
6785
6982
23448
492
2948
8627
3116
13281
31959
16744
13897
27927
12495
29681
27549
15764
26667
25762
8568
8058
26197
29647
30510
13276
2789
31296
15293
16848
9319
24799
30383
11205
24670
24756
30786
20247
31881
32531
13511
481
7524
6676
28488
8979
28146
6468
30573
28868
27834
5786
32416
6345
2575
5037
18544
14214
31637
3875
14899
14596
26881
3693
3568
20548
22048
28594
11388
30931
28187
6152
29410
13983
5113
20970
26376
2057
23653
28647
8080
15931
21682
1943
25341
12220
15132
22739
16919
31041
3153
13605
12688
16583
2608
31614
26343
11998
8144
31783
31885
4680
18116
22778
8519
25026
20893
13778
22227
4130
16305
19776
974
26274
32283
15744
23765
22908
14851
8619
26859
2743
10272
19245
9498
28480
25978
12154
2909
19004
21877
24061
190
29341
8459
4689
28348
5875
15193
14004
3055
29573
3933
27321
6127
11937
15102
25149
3697
20272
31564
12443
5555
397
11786
21540
11291
7832
3178
5577
22811
10502
791
4379
25943
13563
19320
30838
24074
28122
10804
27000
26533
11868
30449
26040
9146
24287
20834
17333
11801
3585
10112
11277
30009
30574
28951
30448
29145
27894
17541
32211
486
21987
10430
13673
27296
14473
18580
9167
17913
542
27446
1799
24381
204
22006
16295
17144
17413
31567
21458
1557
22295
6950
7784
2115
2560
14416
32378
13725
15491
1877
6913
2953
24443
14963
3791
25824
8304
20198
4293
20816
29544
16231
27719
31743
28415
16371
24045
25969
11962
26317
10363
29868
12185
26310
30228
9114
23275
16060
22954
19118
13158
609
1209
20426
22647
8253
1333
15457
21463
18679
8129
32473
25951
23504
6689
23347
16669
31856
2546
20205
29607
13797
31640
27687
24751
20201
1401
28678
4056
13155
7017
6230
15304
5937
13924
31859
22399
13861
9347
28009
32231
21837
5417
8538
32684
27000
13693
11808
845
1781
28958
5940
27508
32414
11026
29390
30595
19478
767
27214
21103
14670
31389
6619
977
23374
3947
4938
30522
19506
7329
2113
3527
18034
6502
24476
28150
1383
1860
14863
1464
3851
9433
10765
29384
19201
14543
8937
17722
2773
2318
25404
20567
26500
21039
24198
32168
6207
21300
27160
22097
9836
16759
12593
13985
8942
14561
13415
24550
16550
31836
22600
23686
30777
6795
18242
27211
6420
19128
10944
24319
27566
5646
32662
15161
18701
8456
2463
24438
19340
10537
10916
5995
31963
2798
8320
28570
9543
25601
28290
2340
8252
9647
30227
24542
23048
11164
665
13990
23265
10933
19611
7672
810
3175
14373
18620
23794
2574
21102
9058
9918
7345
21176
24881
31624
5356
8824
29660
15367
28461
12471
8535
7473
14372
5304
11240
32767
5492
17371
16513
30320
18095
24257
8013
6608
12929
22961
12937
5690
21547
1082
1941
3932
7475
13338
24139
17018
8026
5983
17039
2485
4815
29132
25639
9358
3234
18814
8398
27046
31099
18128
29827
17863
12428
19323
17447
11304
12996
1282
13895
23533
27206
32333
3639
7918
32281
29843
15712
26041
3617
29566
7898
25818
27470
31882
4414
5978
8211
15791
25269
19077
23834
6975
17237
5872
7734
4369
12718
27323
7065
11999
5535
2324
23367
13293
32111
8956
30410
3563
12568
27982
26919
16157
4070
22525
30994
28601
27713
19101
4958
11921
22983
2597
10679
9457
8607
11251
27027
16843
20745
14864
24422
8209
5689
27830
23061
11363
24421
7439
8878
19946
28701
21824
23638
5764
24795
8614
8323
15905
15579
1887
11115
28013
12844
17421
11452
7087
2056
15062
4237
1008
20321
12976
21652
30049
444
18907
15770
759
578
17070
301
22104
13588
3479
14229
10746
8416
13406
10761
11913
20146
2729
20770
24458
23564
18373
6031
2879
29496
28067
13579
4554
7645
8481
13708
8084
9681
22411
189
26352
30766
32098
30127
7420
16040
31324
28363
15816
8989
13995
16908
23483
29038
1410
4459
32306
2958
6358
32666
21353
25560
25186
7412
14751
29094
1517
8373
25461
21535
16591
16998
7064
5968
27314
18332
27551
20351
29590
6626
10807
32443
792
30964
13437
30904
7411
7470
22187
14554
28359
24131
10231
24208
11033
12850
23992
17379
5531
6262
22987
25167
9390
17789
30773
31185
23590
8796
24585
11841
17741
29889
23437
3810
10282
17193
31640
15416
27139
18771
2622
8217
13600
4340
4271
27655
19922
684
29789
20925
14516
825
28509
10760
5681
28907
26640
32216
22342
5463
27650
9623
12169
24400
21010
29369
26731
30995
18388
6037
31162
3778
20019
16755
2922
22804
26971
6374
17556
16458
2006
7260
3007
11109
25844
2291
7263
20374
27249
17806
5531
5110
21842
1065
26195
23927
8720
3433
14946
22298
1016
27255
19744
2659
27602
24847
17707
23563
25025
30164
32104
16628
13930
26855
24388
16226
20312
24759
12864
4199
4767
14107
1196
30111
13760
7326
4530
5918
29645
1561
18583
32167
28366
6280
22846
32030
16482
1814
27118
9024
32170
6010
23124
32402
12898
16518
14284
20887
5969
5885
18140
1606
2020
31910
17921
30139
31510
17822
19887
22573
914
18418
29075
28960
6940
2413
1819
19420
15661
32687
13624
7197
5341
5759
12643
5900
16902
28771
19934
22638
31143
5485
15676
10268
1414
1111
12067
13235
26394
22995
10833
4236
8615
540
18397
6639
28587
10449
13247
32643
26489
23299
5779
6153
21284
3981
19610
19530
16286
2467
3586
11854
1825
18862
27751
4303
23246
87
18841
13037
3989
14306
11168
21540
12884
10174
4605
17530
10051
26202
12339
17661
22671
27962
12678
19564
14405
9033
27139
1077
6514
24945
6336
4511
9353
9577
8037
32585
27396
26318
21227
23251
24142
17014
18852
23259
11745
28673
19068
8491
20651
13744
16766
27952
15799
20091
23962
21167
6153
30301
15269
18611
20938
4339
17057
9418
2725
7749
5439
22128
11632
29156
15522
30412
4367
24629
28774
154
8341
22028
8161
17513
20141
3708
8360
27910
22585
23278
9813
10296
6712
12657
26504
18349
32493
30033
5164
28213
17982
11755
252
7470
11610
8127
11333
13887
14750
31687
32749
17738
10938
6408
29876
9883
22543
27750
31418
23910
32092
12988
19266
11888
15002
300
1973
21260
19236
12212
18922
22601
14363
20994
2468
32362
2569
12938
31580
11414
15812
981
19521
19665
150
15388
24446
9259
30618
20245
28859
31543
5737
14861
16358
10943
18678
5687
10803
24758
29879
9540
21601
12654
5382
3123
19008
18700
30406
12395
14192
20792
22345
27399
7531
24345
27249
1649
10949
32128
3094
14898
6067
10083
8360
6408
11211
18062
26902
9529
20746
2709
19950
32552
22555
11277
26053
25126
20950
28667
15065
25482
8712
32653
5109
10244
12146
26632
17557
814
21780
22274
18507
13668
30891
26321
11617
15318
27256
3907
4800
26331
29251
3728
15632
10889
11680
24204
1825
23938
9073
2593
12682
23056
12460
30461
21904
13685
12894
30600
32585
380
4336
14617
13057
19540
4265
25193
25052
21150
2933
30280
4541
6085
30693
20110
15463
22670
24950
17237
10722
3056
13846
21093
18977
26149
3300
23280
20961
4609
19000
16768
7892
5251
17635
4141
9983
3754
20664
26387
30560
20873
21067
20739
1493
30878
16376
20601
23097
32352
13351
14542
21200
32535
29903
10159
2021
7664
5177
13006
4785
16465
3847
7639
15231
4970
2932
11430
21262
4109
7645
26039
15159
28863
13953
22750
25295
19983
7301
15928
14543
21798
6715
353
23218
19616
16035
3303
543
23450
22578
27135
30152
18188
3283
2167
402
6490
13100
17132
14838
26661
20770
29501
3751
11367
25503
11071
28789
24767
21394
26035
3697
23049
15416
17269
28242
3634
26267
10486
25623
15690
7768
20459
11502
12507
17316
8519
12629
1402
16017
27495
12927
12955
14222
18573
26361
17578
14637
18832
19085
32087
7978
14546
9575
20017
30376
2417
3702
24950
13245
18114
27925
9513
24625
6139
15851
3174
10115
11311
7951
31475
25645
8832
26480
3863
4649
17040
19829
15791
19124
6456
24800
29822
11602
19837
23544
14021
23058
16831
4071
26643
24851
21812
28769
14687
19271
22933
646
27732
8311
4375
13066
24812
3720
18589
22419
8512
5628
25132
24418
24479
24508
25503
30518
6877
8212
23964
9325
23789
11007
16070
7021
18354
7589
26420
21826
25619
16674
4131
10376
26446
2697
23527
27020
25230
23592
8744
21934
4287
27662
19530
19978
13985
29643
22061
9559
18715
3447
18199
1294
19923
25078
14062
11727
10747
3193
13227
5890
21358
22344
6923
12730
6139
13760
15495
21214
28416
8087
22407
2186
2363
12648
18899
24243
4830
13931
586
22282
23521
32643
3030
6179
23196
11135
17567
6103
15509
17561
5503
17639
31127
22339
15799
29665
7428
26148
1760
4936
14699
24413
29988
27375
14941
30480
18349
27302
2173
2851
23902
19480
13271
29761
20929
3060
6259
26658
26177
32331
12585
20749
2970
570
3254
16027
8077
6344
6416
21437
13016
25361
14583
22016
27493
19365
22477
16912
22210
24363
28583
2427
16593
6218
13732
23992
25281
8905
24702
11368
32316
23028
15710
12507
14562
1602
1781
16086
19447
7734
13000
10900
23640
3715
10443
29194
3764
19827
6450
2928
11256
15753
25732
31996
27147
9062
18929
8689
11452
13033
20453
16600
21241
30618
6877
22285
25665
7241
9850
15742
12891
22002
5331
2736
17225
30180
2064
22019
6008
26402
14901
16438
8249
6922
18235
25901
31349
10548
23909
6898
16795
9885
18385
8699
3806
30725
1870
10923
30878
9109
28013
21530
9763
26053
28123
2073
19345
3453
6637
22641
8728
25466
31357
16748
12396
8436
15349
30103
30581
14718
24745
5829
22343
31789
28010
87
16468
20476
17495
1723
1248
3951
8695
20531
24246
18295
28805
10968
32026
23958
25995
990
12030
24899
7603
25625
32121
3216
10969
5568
19060
14346
18532
22386
18343
17889
10711
16502
22980
18505
6051
14919
15345
26399
20032
13136
30588
18640
21371
28404
970
631
13842
5841
8849
21317
27518
28998
19527
12070
16400
24882
16603
23713
3391
4863
4258
10752
10817
31456
12692
32178
19160
2134
29880
17901
16495
13049
28637
2968
20837
17525
12171
11367
6825
979
17721
72
12167
9722
1472
28158
27585
10101
3088
13067
11234
29558
21538
25300
24527
31771
558
24832
11167
10225
10781
23329
2732
14519
11073
1430
10474
3940
29764
8112
26232
29035
17246
787
14709
13117
14027
16991
25109
27663
16765
6928
9460
5854
22542
16035
32682
17585
27128
14075
2975
17439
31496
27138
801
25104
28944
147
7347
10184
27101
13464
12456
14881
11624
19055
23793
15895
4176
14739
6964
26250
23176
18552
32030
3904
1613
8118
761
2346
27484
6250
16513
31720
10849
18905
17395
142
27826
6743
29544
22953
19517
22376
21601
27773
30656
6436
29091
24465
26424
29920
21317
622
13467
17162
15623
25251
27849
31829
9957
12812
27840
29206
9196
25172
7952
26094
11085
6585
11664
17578
30640
25871
31566
2151
28874
19208
31436
1530
21298
9394
13417
10639
2672
24385
4381
26255
29015
2831
15721
24264
27798
23521
14478
1224
5001
32364
25598
15753
23381
26392
10000
17748
30771
32259
31479
23519
26892
19529
29429
31673
24903
3715
5324
8423
1247
20621
5494
25296
10936
30349
19989
25942
6451
22320
32045
25926
28928
19255
10257
25586
14899
22067
12443
13852
18330
19596
29472
31254
25678
6856
163
14632
32649
4618
18761
14386
19127
24025
19213
15250
32208
1827
6325
16968
13796
10370
19717
31832
8696
14269
15922
112
29200
2194
1434
1227
15501
27827
12209
8021
19897
5390
10303
20752
5537
6225
14025
24758
10275
17070
8012
18592
839
4828
15154
15334
4051
2142
7806
1736
4121
9991
7498
20045
28948
21438
17779
29481
12723
28287
8339
7140
21621
19874
21039
10809
3894
32352
26162
8125
11593
28307
25498
13761
22470
25533
30578
11384
14373
25420
19456
5469
10508
28700
24639
7375
26982
16702
29584
5886
1461
22008
22956
21515
27561
2828
19165
32619
23537
5437
1134
3725
11857
1296
19807
700
7157
14288
13150
582
1029
22996
5107
3294
24185
24069
17915
20287
20783
3738
30551
23058
6970
6950
4837
16402
19070
18389
17071
24430
28538
8690
25187
23150
17252
23981
30212
858
29819
16668
30942
16280
3225
16511
6335
9748
9735
12232
12644
23781
25238
11611
7218
31277
22763
10770
10279
27712
27675
12932
19983
11529
16760
23943
29947
17578
18602
1011
23279
24419
2561
9641
30171
31413
12041
8148
24780
28103
31071
6255
10596
20744
7108
17160
4488
2326
10608
25283
6488
30943
4008
11681
25956
7942
19859
29954
21788
8840
24138
14185
23945
4767
2350
32640
31803
24038
3198
13404
22147
17598
22057
16129
22754
19185
16096
10537
27328
27798
31600
6465
2657
6709
14415
20405
25878
16427
4980
2413
16304
23887
26732
27544
17210
27861
8875
23720
488
10099
2592
28317
18506
24515
15884
16007
3781
32233
21011
27974
8004
24181
16788
5525
17195
6283
11574
25415
3469
28481
5827
12239
5534
29256
3898
18438
13675
4559
2847
16169
8392
10660
20758
29473
26762
18332
14000
9736
15863
12598
8069
20712
2683
27771
29315
5062
12189
20520
31109
26335
816
24335
24359
28977
23502
29371
16089
10301
16770
31059
31539
7436
5829
19136
20105
6768
19884
22802
18878
30860
32095
16416
13661
18838
27597
30831
2277
17372
24478
12630
27749
3333
20073
5727
30793
19098
15144
1007
10100
7109
22761
28458
12175
24664
17862
1297
13216
28944
29206
17645
1246
11548
2021
6641
26052
217
26274
14363
868
18912
1816
16475
6398
15426
23456
28663
29137
11538
148
24366
15665
26148
20742
4892
26842
26389
13234
26333
30084
14219
13362
4085
31159
11966
15473
16879
18145
21560
610
13637
25766
15833
32242
5504
22135
3869
31547
6816
24422
32162
7418
20926
14392
32484
25411
22768
27580
843
2675
4717
19804
25193
22119
4850
15858
23676
7659
20324
13021
21819
10869
19894
13139
11215
16404
23821
16376
21535
24995
6434
22704
5456
9538
15592
5298
4492
11527
2160
223
31491
6128
15881
14417
6704
32540
31403
27446
2398
21307
28054
18399
18794
11844
13110
31252
5066
28006
22346
13483
3534
10048
16965
31065
16678
21076
5620
4807
32165
12217
15714
29928
2117
19985
13305
30603
15210
14523
18409
7980
31851
10058
23502
26640
10830
16693
27533
18321
27091
18895
22654
22454
29365
18554
16593
24838
16940
280
26154
13982
22198
20675
26511
6274
22807
17086
21124
4145
22174
29099
20340
31612
28843
2302
27987
14743
9582
31409
20610
11889
5617
15674
18675
4161
27993
9658
5005
13153
19817
12919
19154
18528
25671
22924
19135
16467
3971
12255
3059
19307
12373
31828
14868
9677
5414
2880
2415
9885
7250
22049
4062
17756
29741
21388
9455
2421
7236
870
3394
6162
3045
2903
30003
21556
8673
30588
32441
17667
16784
29532
26254
13923
16662
3870
1169
18375
3301
25849
11112
23882
9347
13035
11113
9980
21646
15534
31931
12921
20989
2536
21688
15041
6824
21666
10902
10819
16139
15355
28487
827
31046
3869
31901
8766
13673
17521
32690
3859
28399
28943
25223
20421
1928
21625
30955
29174
31516
19592
29855
15990
5388
17830
25783
19221
2747
31550
17475
24245
8013
7281
23599
23459
13486
10507
31848
9255
28118
6837
20544
11609
17996
11884
21012
13367
17129
25137
8748
18677
8159
31490
17634
9364
8186
9994
3079
31926
24869
4117
12162
18865
23087
29254
22842
13026
26063
2828
10295
5444
32486
29778
28420
22592
4613
16374
12631
1223
2095
26493
9459
21151
28384
25605
14798
8186
24909
634
28015
1869
5870
18445
28059
1887
15162
31458
20016
29089
29362
8969
22097
4797
12576
6064
10435
18801
17697
27799
19351
32670
15585
21444
21258
14748
2086
18295
13225
12241
31632
4192
32697
9858
6431
31760
5077
30696
16885
22446
30425
1159
13661
747
28927
32187
269
12087
7752
16020
18088
7990
30
9955
31367
31341
21047
11413
32697
2370
9916
5952
17736
27939
3499
6652
18622
10501
19322
16244
8680
3600
25341
23613
31706
24728
30345
31590
7987
18768
17498
31056
29091
26298
16946
16575
3754
4834
7235
24114
23970
12620
6991
23920
18687
6443
13838
9572
31446
28627
20944
17962
17052
1905
30307
28010
2097
5626
31031
29925
28700
22625
25536
16205
5401
30221
6428
22362
31441
14474
32502
1306
7656
27519
11690
19849
17724
30944
27561
4193
30828
5476
30752
14387
16280
4410
26836
12471
4200
8440
8016
5985
3152
13012
6467
23092
29714
9238
8228
14555
29828
27341
7191
23542
12435
1985
3604
30386
11400
21674
30022
9884
32394
671
9137
1463
26724
23761
17944
8907
16009
9081
8990
21505
16469
4879
21931
6061
17814
27581
1681
30571
25931
3347
26992
8557
31148
31228
215
11283
9578
22769
28075
14268
15927
17516
19917
25309
16521
32672
28151
17488
12443
25447
21223
24558
3253
6012
24000
18783
13486
27626
4013
26929
27311
26308
12487
6184
20793
23063
24121
1237
2666
5661
17313
5994
23676
2995
954
18381
32654
29453
5177
6635
30887
19113
4340
13391
9720
17025
19017
17651
24673
26501
4798
10326
22071
9032
4069
1742
837
25594
4739
23584
27152
150
14832
7502
29280
11612
26305
28848
4347
5250
16549
11334
7348
26407
21389
3661
29860
31368
2064
25616
23480
17782
31501
4865
11628
21000
30866
14344
20437
30605
7676
20763
1765
28868
26464
9487
3307
8784
11306
23982
5209
9574
20228
2057
5834
27337
9466
28432
5443
2552
22491
1119
11705
4261
18402
19291
10708
26218
12437
31358
27379
6328
5358
18159
22384
8976
14009
3670
11557
1909
7485
21230
23855
19233
28446
15836
21745
11127
9090
7103
22620
7993
20083
1928
20846
30715
3205
14220
14585
14295
20920
8407
31910
28515
8095
25795
1593
14304
26306
15562
18455
7604
5954
22681
29445
3867
9403
25189
14642
8985
366
7554
17016
19635
21664
21298
13791
20062
28733
443
31843
440
18881
444
8439
18294
31320
5568
29129
13213
2628
6164
18120
18934
2944
15062
4452
24251
18339
3663
6548
28567
1286
16771
3102
2254
10025
20741
15891
2743
11859
6160
18840
25459
23161
30676
26604
4313
30049
2318
11431
32432
2056
3035
1600
5409
32576
2510
10194
2923
925
24128
16416
21209
2194
6375
8662
11762
22232
28331
16658
18415
5647
11444
10786
24690
6568
25032
21904
24436
29954
12756
32091
25983
6867
1992
22408
11294
3018
6568
23001
19091
22643
29408
27357
12999
31322
30937
9257
31367
18547
7625
2532
17644
2745
13775
23433
24603
28950
8767
25064
27439
29059
18235
24174
6260
20848
32643
32679
24534
24166
653
32513
13721
6635
28889
19411
6474
23718
31359
26525
4341
13507
21514
22418
25752
921
28040
20307
11736
7818
8162
30974
4083
30507
17514
32359
11254
3749
27315
14245
9520
14428
8357
8913
18918
28622
208
2314
13384
17853
31489
29884
30628
10384
2835
23842
11738
3063
21000
11018
30992
13262
17753
31449
19878
9796
26761
16334
6252
2364
17664
11403
5395
28403
5143
1233
26850
21987
20336
15499
21930
24552
7048
2062
6396
1186
16527
16799
19353
17178
9591
18485
21802
5800
331
15233
18482
13076
14018
14636
14912
19451
3604
32608
27753
27508
16652
6281
22517
7156
3422
29789
29529
26991
16700
4634
17254
32192
30244
8206
3263
23627
28156
13405
14736
225
18016
767
18301
26084
30267
13576
20953
13739
18836
17708
3097
11047
20395
1410
16520
26055
28485
12936
10044
13466
5444
14184
10568
7348
12666
1913
25651
7890
30143
12553
425
65
2881
3418
14193
6907
12828
12778
927
30996
32555
1783
30987
16212
11293
10051
12289
11046
11723
27925
12090
10160
1224
20608
24843
15940
31802
31463
26845
26103
19177
13249
27869
30351
19094
2714
10229
17059
14734
25178
22522
7421
14975
16842
23591
19779
1673
3412
6090
14295
1432
3595
27965
15611
16626
27115
25880
4921
25612
29025
21925
8450
16290
26126
7828
6549
774
7880
19696
24866
8121
11489
15186
31791
2872
26284
597
3644
21272
31550
19785
11170
14165
29554
26412
705
16104
17456
5078
8282
31383
21998
2419
21306
27153
9590
7734
29465
14138
25066
32332
3777
15300
11270
32271
17779
1279
23206
23677
20358
18930
26760
2536
31313
1962
28498
18158
6987
14290
21463
12204
15985
21892
1942
1839
5096
9311
899
22315
24804
28122
24587
14320
30664
10455
11858
21657
31631
16252
30399
32647
29290
26430
186
27406
27562
16190
18356
23149
15585
10457
16744
24324
6724
3706
22881
30145
3668
3251
17853
6364
5310
12685
6448
6596
23679
17948
13900
22361
30027
22102
2047
9307
27696
27429
9053
29218
7031
10938
13983
5008
12747
21285
26988
11333
13469
17186
4696
8209
454
1334
26027
5807
5230
4347
355
26544
4397
14008
31356
693
23921
26933
20334
10209
17952
22990
25592
1166
31102
6853
27164
2111
22608
15325
23659
1494
25154
5412
28034
29960
16774
13328
4309
26637
14782
7885
171
2460
32284
25046
25962
14102
12999
7107
533
2818
7553
31585
2579
27577
18824
25608
1074
29282
8889
11305
24299
15905
19451
10791
6632
1932
13531
872
10435
2143
12916
29099
29457
2928
8082
29340
5535
14565
18455
5541
18683
29348
9117
23560
4406
21771
9052
24363
6889
12258
5966
12594
26998
2957
28306
11219
14992
3718
22287
8550
17150
22283
89
9276
10395
7444
1496
22578
23970
12424
17447
646
16680
10160
7610
19433
10474
20972
29380
26837
14409
17061
20567
7200
10387
2178
6861
18386
26244
25823
14184
52
10509
6011
31029
21801
25939
4720
21814
17857
17403
10857
8639
4620
31653
5903
25889
24364
13494
22468
30598
25006
23131
20628
31772
539
31947
13160
30070
12233
10444
2429
31023
22007
22648
28949
18128
10009
24897
25453
17907
12913
819
5870
12201
30687
32121
20903
26394
28154
19491
16379
17771
11871
29478
9111
23781
15434
31396
28328
30547
6499
110
8010
21419
7386
712
28483
26353
16565
18540
11249
9305
22889
2513
19073
4268
27560
16300
3170
9452
5243
15032
18425
17467
14224
26802
10647
18681
26581
27304
168
27949
15942
24692
27949
4646
4866
3460
364
11106
19621
15068
11237
20654
14802
31325
32137
15247
10511
12103
8231
13281
13014
32765
4391
12222
27112
5384
29818
10913
26085
18783
5073
30667
23578
12261
24077
5094
15002
4660
31479
14825
31120
19609
18226
16187
5843
11103
19566
31515
28603
11601
2525
15679
27956
20346
8427
6075
13840
17967
14890
37
23458
18256
13963
3063
13448
18890
212
19508
22984
24160
4942
3151
31263
1452
1470
30792
30613
10080
14231
28184
853
3794
27246
32335
11196
4280
24750
24572
4272
15919
21645
23501
12851
18691
23359
29303
3383
32042
2153
16984
31412
29585
26072
28763
1273
25116
4979
6173
10048
11496
9070
1870
11140
7379
1729
18521
6807
24382
7641
16455
29295
13073
16781
25568
5824
26368
22611
18452
12241
3341
19380
4506
27528
1870
29181
2007
21702
20977
16440
20225
13563
11901
22618
3460
13297
5210
18366
165
10732
2708
2514
17509
22517
20188
8977
21160
31347
28112
26673
32150
27131
12412
17821
26946
15977
800
6949
18569
10288
14643
32756
24894
29678
21161
707
7044
27716
9842
14925
8314
3556
5699
14851
19486
16875
12184
16128
30315
4722
24058
10559
22469
3423
4733
5388
3223
18817
1166
10424
31803
16861
28651
27281
10010
31554
29683
13073
8212
10276
30752
3926
13602
16039
14802
10194
2873
13561
26446
32580
12658
22501
27654
7655
28521
28581
21019
31977
21218
9976
23840
17950
16563
26741
16929
15350
3294
9759
8419
23981
24061
16185
8814
7105
24547
30812
24777
12457
2432
14790
31749
29124
31237
2037
124
11408
12617
27253
603
25628
10091
13558
4702
704
1978
26273
28635
21515
4817
5036
7170
23293
27654
3372
12899
22646
22022
15147
10929
5615
8889
23803
26565
18536
23148
9161
14309
8097
24110
23413
10823
21901
2426
5538
24017
20996
5911
2825
11555
14008
19773
10002
23511
26474
13561
29093
10503
25182
24786
19261
27408
32012
1709
12095
6294
22808
28910
28811
25289
9604
2784
9296
17638
37
3159
12068
11520
2899
2196
10324
8704
3045
25704
1912
2795
9053
30621
20555
31587
31327
23953
12474
10609
28520
14628
17723
28801
7612
28628
30560
1454
20640
8231
10924
16704
14026
22346
11173
8563
27158
18935
5418
27259
8058
5275
8199
1988
4924
18105
4295
4734
1378
15753
14282
8537
23147
4582
14231
17805
13372
7527
1394
22814
5981
23243
22578
606
28773
9626
31053
4275
3507
7433
11317
5786
24927
11806
8167
25836
8048
2326
7872
19297
3152
1540
28819
16978
3965
15546
8954
25027
24192
21484
11241
18848
21539
19347
6793
24391
18399
18064
19011
1095
31124
6034
19482
10855
25981
5433
31295
26859
5218
31100
27103
30482
15375
20552
12096
12259
17414
14697
10252
809
625
430
16365
30653
17754
22344
25433
8963
31774
7540
5296
14775
5407
9050
22404
7658
25530
16948
26167
3655
8825
9906
26060
23195
25993
18845
3063
16789
4462
23484
27510
23498
10741
10484
23204
14331
3434
14002
10316
3227
28684
8590
4795
8844
11198
32296
13593
23850
14335
16726
24313
906
24092
29570
2606
12035
32164
13133
25312
750
29981
19320
5600
4523
757
24581
22841
4837
12988
30361
25352
20246
10896
24101
17037
25677
27864
14789
20353
18479
25141
13033
9130
11067
16309
5810
21166
8531
7498
25247
21541
13176
20603
1128
21489
16086
24410
20778
23762
17664
8118
30661
4405
4476
22161
29314
26189
22658
27604
15354
5477
13057
1602
19251
14197
7139
9131
6923
16115
21138
354
16602
17387
18107
26865
22099
22098
29010
13578
15019
19096
16086
8897
28414
13436
28374
17145
4590
1060
3252
8220
16013
31085
26025
27664
21117
24960
8201
19046
24405
21158
22472
2772
19271
23133
25662
26597
25856
20907
11047
7663
28368
19378
9454
28230
25867
21125
30251
25263
943
26170
17002
25879
20294
29248
7214
32645
9486
11507
13877
22606
5720
5486
14846
16008
4910
928
26505
23232
10296
32419
25182
22512
21473
19784
20432
6315
14005
29943
10883
19611
8973
6838
28460
31277
20463
31367
1688
20619
13104
26871
4336
21963
18139
4852
30267
17765
15831
28639
24612
13035
27587
6626
253
17652
25637
132
19461
7258
5316
10618
742
15269
24402
29632
15490
710
30286
4329
18671
4873
297
10420
5824
12101
19368
23263
32135
27733
1161
4928
4504
17868
20329
25617
25871
27365
11749
23180
23060
22457
1024
440
27229
3765
15300
1922
2037
1610
19501
14351
31548
7910
10050
17233
25136
13604
21381
216
13546
9280
13453
9707
29547
19661
18162
8664
24729
29610
21353
5256
28293
3378
23856
4950
16367
18611
20397
12321
25356
28705
12114
30368
10631
28684
20931
21494
16837
7120
24891
7303
30061
524
12076
9225
12584
25941
6693
7134
14757
11563
2809
11169
12769
25387
19742
30719
22181
4231
18003
3016
4944
4020
20869
22341
21462
9826
16628
14797
14345
31665
19346
18835
3095
16034
27051
19906
10836
4299
25803
7884
10810
2384
7901
24830
174
25614
21648
19801
30085
12569
24319
31901
4679
6249
14480
26790
28211
1488
18716
6139
31619
20783
15697
10149
14833
14058
27989
10045
29305
13465
5804
31561
24673
7681
27996
14793
27511
32322
18511
13580
22426
6481
27896
10440
3451
8617
15930
15722
24741
30270
21125
21931
30395
31923
13634
23140
13313
27596
22385
30883
20766
6694
29584
1534
32289
9510
26815
32551
14017
1071
20771
21697
11241
23576
22408
31346
26228
9949
4170
27706
1845
916
22901
7683
18490
17059
1579
2425
9041
561
22854
19995
16844
28378
4927
6034
6530
31911
5967
15938
23318
11325
27603
22048
5500
12372
6645
8131
12984
1899
12425
4029
12777
23994
28213
24619
17031
19305
22229
24715
9449
17151
14365
30670
29706
17437
24960
3246
15500
9836
4945
18498
1277
4308
26921
26320
11098
28911
17288
2786
15313
1725
29887
18076
9419
22681
13581
20300
27690
9067
8712
3907
18895
6944
19774
2532
19296
3927
7709
17914
25928
18525
2832
12879
5375
12380
28139
14458
30859
7375
30601
29176
32583
19513
1715
13182
6115
27671
26180
25230
32684
15123
13963
18761
5901
7034
1521
23684
24406
10736
23772
10269
1469
11363
16595
21903
8099
27965
29410
197
31768
22238
27968
20268
11936
25417
25647
32012
14135
13341
20004
21784
27540
26312
14120
17988
1451
30967
25470
3030
31605
20816
1414
7104
1011
16484
2785
20269
28017
3551
17622
31066
10504
26114
28660
24743
12134
15188
24313
19950
8914
28820
19699
9747
21098
24305
6821
16860
687
3198
31532
30723
8004
9952
21475
3466
14835
5705
21379
79
31473
15531
1167
24544
26211
13605
24303
10384
6944
10178
7386
21707
28345
1378
22266
6310
2743
16376
11211
31674
28451
21238
30277
17715
32332
12294
22458
28196
30148
25595
6401
3614
30892
2055
9940
30208
3889
21294
11639
27920
16215
24570
6042
17483
8950
31345
29825
13306
7937
2628
2402
14214
8206
27977
4623
23437
19
22059
29908
12853
31086
865
28067
25025
19241
25180
29806
354
29307
29445
25301
14415
7570
32614
7425
21271
15247
31655
16848
17206
19923
8765
9778
15591
24185
8286
8147
26426
16419
26296
25338
21094
31482
29282
30641
10336
2800
8723
2598
19373
21321
27538
6737
22644
27481
1389
20183
15319
10383
22766
28462
21891
2482
20555
18690
22406
26475
21789
1240
22626
3588
4883
11762
19295
9327
21224
29042
21285
1162
402
22722
8841
26785
14269
818
24488
4660
21879
8931
15666
19963
1581
16613
15881
31016
16598
3228
22283
27628
6254
14952
25387
27964
28838
13700
7623
5077
27354
10543
5942
14462
8003
9482
22432
23949
30318
24770
9234
12204
14060
25326
6609
989
6988
3899
5103
30396
1094
24518
3869
4356
6969
19913
32704
5461
30936
11642
20039
23349
9247
304
28091
23380
32141
1992
16535
20756
27277
2631
16347
5448
21813
11456
6236
5692
21554
18041
12894
4343
3843
1353
22372
28604
12902
24644
27207
29143
2320
7579
25990
150
3233
28605
5085
21909
727
28098
14105
22078
31490
27402
4394
18577
16312
29217
890
17697
4297
26342
14461
2655
14709
5101
2954
5403
22237
10017
8937
8776
25272
25006
28717
32256
22087
32542
2755
17352
31115
6081
6348
29716
12981
595
14888
782
27102
30937
10707
17555
21752
1228
2421
22910
16389
30329
2868
554
9607
27560
28109
31282
11063
10620
32483
16763
22265
19866
6039
30325
4112
6797
18264
9629
16526
25450
8444
12871
11023
23215
24080
15514
18599
18545
19565
10460
17177
27575
14860
11248
24394
2849
21276
284
27637
30925
9809
11536
2207
3450
17278
29220
22734
24302
10342
23010
30582
13718
28624
30660
16052
1389
30425
18750
14270
28190
27790
22271
18203
1645
32698
31605
26895
30419
7933
29327
4698
10088
32542
5830
2338
1287
23458
28510
18989
8620
9630
29673
20051
13344
5321
10510
17459
15065
20181
31368
4646
17947
6400
30321
13425
11620
18406
19905
19391
13319
24985
15890
28622
24855
9715
18598
6760
3718
28971
23210
16021
29582
11431
19132
24591
11856
16913
20396
16118
4284
17581
21631
27589
13488
17642
19898
22405
7012
567
29661
13376
23557
28439
1837
14777
9632
15224
182
8794
6210
22849
21649
29806
14686
12074
10595
27536
1902
28112
10534
5731
28893
15113
20268
31876
12837
10100
22368
24765
24373
8789
13008
29564
7189
24480
9576
2435
18636
25684
28928
10976
9346
11530
12698
3616
11234
8910
20196
21440
14018
21037
9989
5604
6406
6287
22165
8267
19137
15304
16877
25731
23454
8169
17314
32345
13695
3932
9292
23700
29283
18736
16268
25059
18829
18865
31309
4627
22499
316
28233
8069
18324
27985
28367
27872
6909
18410
19140
22275
7886
16651
28649
23358
18280
30363
21339
28097
32138
7794
17248
5204
7725
5811
1632
6473
12716
20572
27442
27311
7720
18459
11930
31177
22827
356
23055
11967
23691
14272
32705
17554
25234
14952
30682
8533
11611
9746
772
32411
23935
28939
30252
30252
7154
32134
21382
18172
6951
9780
29906
26205
13179
30996
10973
12659
7888
5261
30282
21224
6008
23226
15762
12514
24150
28421
9290
30514
27711
12791
26533
4559
21158
12110
25657
11138
3961
12880
10502
1250
22598
29792
15284
14211
8354
6607
29212
14699
24523
28916
1290
13509
22924
10111
16449
2010
28257
27146
29632
316
14044
8689
2628
11332
28231
17764
26894
16831
28811
28090
31974
4325
20305
10248
6240
29835
16998
13299
1886
10393
30564
9410
31702
5053
1167
6328
14294
22881
765
31392
6341
18395
5114
425
26603
30436
21930
25460
5172
10828
2800
27756
14640
19692
31375
29270
5983
6107
18831
21800
25004
14821
21731
543
1079
4920
20040
11532
18519
22881
8304
13295
31200
14199
24160
24774
29089
16022
16919
32167
10545
14991
32368
28429
15340
16094
26697
18544
31032
32733
15077
3864
27661
19511
31631
7986
31668
15006
16512
26404
2510
24513
24323
27934
12697
8312
17623
21233
3183
29762
213
19493
8079
11250
16082
14917
22304
4261
15047
25470
12915
28407
28464
30569
1417
25207
689
22052
29653
30040
14591
19879
2114
26729
27390
16725
3704
14151
18983
28626
4443
11472
29485
19221
8917
7132
5088
5822
20694
4136
10321
16553
27545
2963
4919
10179
296
9101
5521
17692
12834
4812
27021
27454
17340
4928
1193
4030
4870
5194
17688
21264
19824
8489
3687
15007
4748
2997
6496
20765
25365
12111
31535
8472
305
24600
10179
15823
9715
23137
29559
20035
12324
18019
22514
20113
12355
9264
75
31614
30154
13290
24689
7252
435
11827
23499
7917
571
24804
16155
14861
15334
1026
4520
2549
963
23278
412
23348
12017
30171
28587
6081
7010
10117
24053
2631
13791
801
17966
27584
8524
30351
6908
28485
25390
21719
30880
16420
14698
25811
18649
9780
32079
18473
24069
17509
14295
20093
18826
9627
19242
2276
29044
3005
21860
12699
10592
13576
12440
15353
21144
2986
13333
8354
18303
29580
6888
14846
5680
10863
13218
17641
20066
28218
15707
22956
26255
23954
5622
28972
31829
18092
7591
19042
29724
22623
29619
17419
15353
27006
28791
32417
13778
19044
172
23177
3267
21712
17897
9870
31169
11764
8297
4750
15229
28360
1551
14963
17803
9892
19111
23909
27332
27662
15727
5439
1769
28625
16342
8767
27529
17999
14723
7937
5156
23319
3481
12462
26000
17082
30010
1905
31900
24283
25418
17194
20468
2182
21877
4199
10564
13507
13939
4496
14752
18282
13706
26721
19748
2104
14165
29597
25047
28195
17349
5377
9685
13547
5477
4983
8366
28914
11746
28045
3081
5453
5066
12325
8077
8219
7572
9582
21505
24853
28129
28691
25009
3687
1281
26290
32276
7103
3001
17295
7341
1955
15171
31882
14127
4871
1687
22350
24804
5919
26857
3532
10575
28018
32115
5864
4625
7728
17524
26481
7177
18629
14713
16215
12223
31406
7899
22296
25859
26763
8841
380
28113
15734
16391
5506
10360
29844
951
13466
7419
28905
4952
16660
27064
18289
8140
6361
25415
28524
9246
26713
27557
19705
5571
10692
17554
18918
27168
9341
24887
28871
5453
204
31500
15941
26137
17363
28153
7353
25422
18371
8124
15866
3638
1103
30346
18290
11869
15201
8953
1144
2713
24076
16669
4826
13128
15811
5361
15800
16857
24008
26105
31385
12686
30950
15910
15544
13695
3939
4090
4767
12259
4401
2028
16887
11915
30820
3342
21919
4271
26601
13549
20987
14829
8820
11961
911
30351
28090
27046
7116
29965
13793
31377
4137
30930
1332
1255
28534
10819
9244
10947
8557
10238
30027
18518
17547
15711
25147
32396
7710
25161
27607
20716
20638
26659
13176
23233
19520
30752
4114
24439
11721
18116
944
14919
32672
8356
9501
28951
4392
13421
20964
28315
22604
15911
15483
10177
4444
30651
10940
12364
4375
29363
30868
702
32009
16194
13055
32636
24087
1156
24372
26413
16728
28166
16924
21603
23334
4745
15369
30845
24693
14339
3237
8140
2660
6375
4905
16628
30738
3750
24271
7061
25267
17782
9097
10795
22499
23890
26355
27443
28217
7234
31110
17808
10272
5596
4111
3116
30946
27659
4448
25826
8198
3343
27718
5788
20188
4805
2491
696
19542
10025
12124
19889
2841
4633
26141
31483
26068
21596
14651
46
30161
29666
24946
4967
14282
23885
12401
14571
29437
32433
20619
21518
5762
32664
11439
16212
221
14922
5274
12245
26064
23115
29003
26598
18035
17444
7607
31989
12166
10854
14271
13493
12805
29677
32095
15740
18941
22370
2600
17897
10143
20483
2288
14281
3730
20391
11720
6715
16270
20988
3118
24339
8231
13588
7556
8061
5350
31520
3009
3043
16798
22907
5223
4880
9213
14570
6069
1173
15458
2850
10269
12907
14574
6538
11768
21979
22238
12611
29561
15259
28184
20582
11487
31546
23299
14476
20719
15805
15004
2708
21922
22411
11463
20384
9499
14726
4322
4961
24283
32123
28832
29589
14648
4540
3349
18637
5899
18443
16909
19572
9642
19386
13218
