22098
29968
7112
30973
7860
8504
31645
20428
19861
14317
5569
3552
30754
27440
16250
12654
27014
18450
17895
13872
17771
24358
17566
8559
13246
20790
20371
5218
31155
5173
29756
22710
9226
1141
22002
7022
9872
5658
27035
18925
5352
15055
5254
17745
22667
20407
12950
24579
2062
10150
18339
22924
17316
1426
24605
19627
15075
6980
25842
17316
16331
24659
26290
26330
2820
21843
9202
31136
5479
1866
20206
6477
10944
26467
22130
29326
6610
19175
13818
24833
9628
10088
4376
11519
7131
24384
7702
23481
13520
12858
9180
17798
8259
9870
3861
26235
25544
32275
25230
7485
28225
2992
1758
19475
1188
32019
15692
4159
27647
27814
14829
911
29881
20415
10509
15407
19226
5400
9168
32449
12557
1918
22553
22191
1317
18637
26539
2240
15071
31003
17039
5098
10279
24116
181
13416
19485
8007
32478
7436
29464
26846
17080
23253
23531
3347
27211
5828
17000
29697
10901
10732
29475
28794
8561
14281
19577
19704
32446
17106
20688
9429
18620
28497
11807
23998
16313
26739
24242
21861
9454
7067
18215
6006
26788
15868
30141
12237
923
20583
26318
27878
32683
5473
29337
9876
29612
11641
18501
23798
30356
19929
6691
17319
19935
17690
24372
3382
23348
16989
19947
2774
3397
4759
29747
29782
22519
18476
4276
27731
30659
192
4434
5292
1115
15689
23287
18230
5777
105
16019
18097
1397
9980
16225
31739
32446
12013
3691
4996
32364
24653
24400
3842
27051
3238
31301
8038
20729
22668
12122
23310
7563
17270
3839
9276
11757
25036
3014
21447
9706
32065
26986
31760
30123
3939
7441
22584
23587
19056
718
15248
26794
9324
3178
5457
16359
6256
19812
23694
10228
4677
2102
30822
8125
14386
8410
30846
1449
1809
6285
12719
4477
29864
30419
4859
9597
3127
17339
18118
15060
14670
30564
29762
27957
13537
704
13612
27075
18590
21912
5046
17710
23678
1488
9412
32031
667
31725
4698
10455
30017
18644
10837
7443
15175
2260
17754
1842
26272
30695
6669
17305
8493
6965
20611
29527
31701
9178
27129
5381
13272
28393
20678
9456
25184
18097
9358
2171
19034
18751
5817
18622
14467
6180
27427
24691
10694
13688
28949
8467
11205
12830
2165
29500
11190
4426
1849
30294
10096
1345
4897
17270
29893
26976
17318
22402
4883
7520
8238
26775
15126
9688
20097
10919
8448
13827
1408
18279
7372
1732
6165
3432
11471
7911
11366
6787
1680
28842
29518
1403
10713
28796
29709
19166
10766
2308
16446
300
8638
4197
9226
6203
1144
8897
9884
10202
17120
1532
28372
4533
29953
31426
24640
31353
32485
7883
1096
24120
25443
17501
5032
17422
14649
25363
13348
21765
30299
1502
15990
23094
1418
23113
8332
26161
23079
17665
12272
11679
30282
8084
136
21286
5903
889
4991
10893
31536
18001
29315
14113
30681
2924
2865
26967
20407
3727
24269
24498
83
3060
23095
12007
31134
27027
27162
30016
29644
1440
8039
15678
22374
20053
30722
29570
27547
1777
8123
29677
16088
24065
15743
29191
32152
14558
8399
16541
11132
22647
25458
15535
29342
15184
21351
24457
32035
24779
14622
15407
3343
20903
19944
27646
18013
4550
30379
11921
24400
24371
5850
16610
11012
25187
4004
12209
12872
13243
16236
10538
20144
23123
5498
4546
31717
10234
3568
24674
21312
5754
10751
1479
26007
2589
14426
25385
26455
7535
491
5146
25299
23110
11974
4018
25820
1024
30555
25833
22418
22284
30191
5700
32633
25004
11341
22708
20176
23032
4536
14779
798
5415
15653
28880
16653
1034
32679
24581
8827
22745
811
2023
27343
14898
16741
29349
21897
10079
26378
23157
13086
29144
30528
3892
18434
28680
17235
24396
8710
19796
2729
2011
22500
7002
22264
28690
26392
2166
26806
13275
9202
24459
18385
16830
28650
13568
19617
4101
10803
25864
13595
11550
3731
18215
6727
12098
30321
15090
23028
18260
12336
29206
18602
31500
24763
7067
16352
19028
9057
21610
23663
17394
23524
269
327
19816
28364
29879
29280
8728
21505
2436
7156
19884
14233
3585
23020
9653
7407
11247
21400
1682
14325
11332
16290
22420
28875
15475
9285
6752
17808
6381
26554
2452
32376
16616
17651
2733
26654
5983
30860
30504
2076
5466
14847
231
32730
29039
21783
13783
4515
24713
30631
26320
31742
21480
1915
30140
7995
22633
5263
20220
8524
31496
15231
4615
982
22179
3135
11604
24712
12033
18700
29051
16300
15634
4514
24471
15611
4216
20144
14062
28342
10823
29065
1492
17138
13577
23580
16844
18228
32262
1318
10993
3645
5058
11430
32404
10279
11718
13458
15655
24753
16803
29128
1881
14296
26933
2375
22147
18599
32293
11679
5187
4687
3761
20646
21862
22394
4016
7533
15372
2013
28624
20082
17670
26636
28707
13335
1155
27539
26074
32595
5612
30018
18768
9384
17164
29128
13898
27477
9844
132
16765
31948
19742
7831
18256
2150
6992
2110
6116
20310
30915
17503
9297
11484
2053
3681
4403
28347
27932
4673
21094
4588
26476
12002
13325
14228
17115
12965
29913
26164
25650
17978
21896
27423
29894
31158
16811
28722
29017
10213
30125
6591
8251
9185
17937
16586
12980
25827
27643
7544
5543
9306
31474
30148
13679
8762
25572
9332
14605
919
10602
3147
30853
32626
10574
19329
12933
19923
8011
17264
17736
3352
17683
18576
28346
4492
13207
3749
22493
21307
27010
9527
28523
28165
6918
6211
22461
26610
11996
2352
27627
12741
3206
21508
8245
5588
8152
5336
16801
2326
13750
8586
22758
4734
5663
19377
13449
15495
32619
32470
24134
17681
26320
3809
32689
32619
8747
19153
31261
7345
24317
10160
13757
20056
2740
6086
27657
30471
4141
25102
29027
23976
3702
3558
16891
5824
27864
14090
22000
6139
28693
24003
184
10764
13550
1884
24513
11443
13288
17110
7256
24863
12880
26077
1227
11895
17533
5626
16586
5300
17749
29193
9491
16817
26387
28654
27215
31877
16711
17028
19254
23312
29
23510
19962
30164
6371
24466
15587
3590
10182
6586
4662
23013
23260
19869
23388
27467
3688
28934
22336
25730
32345
10163
21497
28504
12563
4872
4009
10870
32626
18949
8357
237
24076
3446
10454
8210
19383
3177
22623
32652
2380
19685
895
12203
32426
3289
20409
25084
28925
12115
15411
24602
28224
2546
2397
25798
4608
9886
17362
2874
1891
19830
30339
18619
27754
27402
18450
9326
31347
9931
1916
8556
6146
15808
27643
3864
14272
30074
3115
13233
10436
15177
20587
1315
15378
17328
25734
25635
25441
15895
27795
3450
11554
28864
281
13729
16829
20732
13943
655
17950
27551
13187
22479
18288
12721
7026
10453
5160
32102
20216
17810
9798
25424
18607
21830
727
9172
6333
29590
12991
20699
17330
9182
14517
31689
2223
3784
10383
32691
21197
15902
17344
15309
22972
19164
16159
21025
13739
12682
5610
16007
27240
16584
3594
22993
11721
22059
20888
7494
27978
23879
16801
14930
22263
17677
26150
23163
27021
24408
8039
7063
20444
24258
31842
7228
2927
26300
23190
11385
12911
25054
13068
30403
17605
4731
14488
13618
23679
4473
11101
18158
15733
12127
1423
14820
2092
27568
25981
7357
5114
30328
22734
11536
13419
28708
27914
13782
28132
23446
10589
12831
23942
30329
21912
2052
22613
27602
12921
28637
1434
5336
1836
23476
30854
15366
10257
29433
3351
5742
23232
30326
3136
26448
15179
8326
23364
491
1731
21890
14947
7571
28413
14461
22200
12292
23445
30769
13154
16886
15412
26680
11746
29170
20495
14976
8644
6499
1712
27897
28546
18416
24057
16272
27301
2313
24934
18017
29485
10176
11922
27688
15923
25819
8957
30969
4557
21287
5900
28978
30770
19983
19025
24749
11806
15980
25869
26170
20600
8607
13043
4940
3379
1758
31535
29682
23410
30411
6567
21257
32495
31051
15745
3761
23197
11669
28901
4349
22156
10377
19972
16623
23821
3396
1369
32675
13080
5105
6446
1482
12266
29409
29283
13658
6130
24031
12907
13188
7918
4029
26263
24295
21842
4659
151
30211
1257
14314
14398
496
16574
31955
14981
22863
11325
16573
18899
20354
15766
4135
13179
25624
32610
28498
16006
1675
5513
23451
30644
16942
2403
30472
32445
26209
8477
4641
14556
32519
18015
2049
3214
12602
16427
8364
2712
20541
17417
28067
10311
16049
8801
21686
28411
28684
4648
15642
17639
7752
24510
4795
13074
2008
791
5075
19617
18912
24858
7356
7001
10917
15430
26115
13664
26691
6299
26813
24643
24478
5816
23838
25917
8090
2625
1863
31415
15503
20355
18016
26379
30711
9307
6631
16525
4202
2131
4423
28364
19917
26639
22957
20757
7622
6120
24087
11833
21618
25046
11694
20880
25947
10899
7253
31038
10404
29181
20866
31157
135
12989
14668
14972
29442
25894
3014
28718
3020
10591
24204
14277
6798
23749
29851
30488
8528
7819
16486
9891
1841
1955
19494
26759
25436
6626
31857
4305
29751
10847
24846
767
5854
19228
2056
2241
21199
30696
1793
1532
19943
2691
11977
11796
15501
14852
7471
7787
8749
10616
8471
549
30184
18892
9421
9007
32649
4845
4761
3199
187
22573
26516
8605
32378
15337
26809
20322
16072
1640
11839
14847
20129
25607
31015
3138
9264
20115
1809
19477
12611
9719
22611
22600
31229
15383
7244
29584
970
22523
14326
207
12440
29744
6843
21653
23109
15467
21898
16359
16979
3696
10281
14400
10723
562
30925
16598
9697
15676
27112
31006
892
5455
578
29842
20697
17997
6987
16306
24072
16213
2480
13897
18999
19248
13356
3825
28965
6124
3233
16345
19674
25030
8039
8390
8086
17742
11491
28248
31239
31941
348
4751
29118
3274
32523
22157
7140
9270
3697
24990
8233
13124
26862
10613
30718
32245
29070
14265
11780
11698
4134
26816
12740
9779
17056
1946
5024
8609
22675
27473
15625
22519
3351
31087
30963
13742
29399
12737
24710
26009
26215
10075
23
12814
31448
2780
18518
326
5258
10739
8137
28934
9794
2082
10361
21887
17532
29890
3563
8052
771
16968
28497
28058
20670
710
14850
19780
17869
28085
2088
28223
6101
21233
22456
19963
10391
16133
11688
7660
25288
13481
31068
26928
22812
8073
19553
15730
23461
25672
14941
23310
30555
12741
30022
12406
5116
30621
31187
9428
9238
9713
24624
30193
7009
6761
9462
11605
8019
24184
32346
28848
9711
6882
4517
12664
30430
25724
7396
32724
17088
17971
26848
1209
17604
11344
5968
26450
8822
5371
8526
8614
32217
10749
6664
2165
28086
10186
2488
2658
20531
13758
29910
27224
11175
5031
25483
31014
4525
16516
32106
4716
14456
32396
3419
24763
15974
22642
471
11512
19415
3048
15707
15617
1855
32098
19222
1427
3962
6428
19429
13164
28768
17758
12162
20396
17818
18943
3577
897
32692
20776
13659
16131
32626
25946
16309
18269
31592
4274
17731
28718
25541
364
32482
1071
14448
22439
27844
8469
1366
103
21863
2745
30978
16864
12488
14710
18798
23794
21460
10194
23320
26608
28703
9057
24153
18085
15320
9447
22258
25497
22013
29629
16872
3728
15051
6262
19859
9300
23673
25281
22513
25524
13349
1681
10048
5069
24335
5244
4299
24456
7173
20833
516
2660
15646
12622
8147
25206
25003
31137
28718
5038
3179
20077
16874
16475
27134
12063
18128
753
23452
9825
5108
15626
6663
12606
31810
22444
1214
8583
31066
22730
29044
32630
5790
29197
4032
11922
4744
27860
13590
22994
10818
6009
9462
27397
17264
6102
10595
4465
26704
18183
3991
7099
18950
31346
23797
10503
15665
24069
20543
30047
25794
17343
777
17753
32526
3186
16238
13556
2338
3527
24065
28100
11350
6530
16390
2127
10789
2567
14819
7350
14907
30749
465
18072
3792
32243
30423
8243
29493
11105
21497
30924
14508
3951
9133
19025
25981
31515
1934
12862
23110
24919
10324
29117
24979
30802
25092
14609
23982
32760
100
16948
2233
20924
8114
32447
31481
7573
1429
23819
27509
30790
1620
26774
24256
7907
19014
18856
14355
5009
1930
26678
24734
30605
1015
13830
31008
18032
29526
25620
18870
22193
1487
1845
25584
17259
15010
28666
11050
9056
19224
14807
14106
12607
16824
21892
17573
18722
4541
4772
10487
24411
17096
27813
31442
21616
1235
7911
26150
19044
16486
17440
24035
24376
30477
1279
8203
28850
2057
6671
16395
19805
11590
9439
11083
30417
17549
9312
23556
22836
14587
2190
11858
7169
8370
10578
2954
28680
25294
9383
24525
32439
31131
26621
3549
24215
9477
26842
21808
12569
8527
20679
24131
19859
13832
8298
24881
7558
12603
3568
6788
3618
8935
8878
587
15116
27822
23559
31085
13918
31185
21392
24892
4592
13148
12914
20813
3542
1182
29712
24456
4137
988
15338
11899
18955
4935
17089
13811
11749
3626
7933
31182
6899
22120
27723
8971
25091
22054
5770
12067
1913
18885
19432
10652
26263
26131
23112
9179
6651
11970
31720
24378
19817
4377
22336
23898
23755
5865
13869
19131
25718
17859
14414
30601
9903
32360
1198
21177
27246
28801
16036
6997
14178
30352
16888
15380
4916
28199
27207
1326
9232
24664
27049
14446
23650
3692
29328
7049
5085
14039
14580
1198
12738
9836
3757
5470
19551
27086
7968
6014
25046
13095
3613
12459
3615
18460
32264
24525
25168
3072
16695
30959
16668
31303
15004
4942
25754
9534
12708
7599
29000
3322
7518
3318
14928
25230
10976
22773
6922
2946
743
15234
2497
31104
4797
26060
18362
10831
23648
8175
21106
25606
4576
1733
31272
377
9
23551
16795
25336
3138
7285
27413
22329
18869
20667
22184
4242
27056
19445
5560
31339
2891
19692
22458
756
11852
13665
5178
11539
19783
19361
5667
32417
25354
14937
19515
7893
24376
17068
749
14592
20019
21635
27467
30587
14399
292
4947
10974
31717
31751
13169
29043
10134
7652
30022
29419
5777
7697
6056
1103
21767
30219
5098
18489
3964
9043
10333
8003
4464
15227
27670
31936
5951
1664
20466
29610
30534
4954
12504
4060
26183
31442
24382
20353
23310
17556
16367
20685
21845
8837
27147
2027
3046
30294
26191
4406
17919
21850
29590
29611
25594
32404
29856
26526
23341
30485
27411
30125
10512
16517
9151
499
413
24063
30758
6014
15613
6946
18748
2050
18528
18788
5995
13262
7725
26538
23514
3584
2395
26646
1775
12533
14366
2080
18451
5892
25031
28393
693
19308
997
1483
5265
10122
31409
16181
20786
28752
30889
16310
22197
26610
8570
7511
8145
10210
19491
10542
30484
22271
12376
30512
12143
4106
804
6215
17909
3161
18131
15013
20704
26319
21007
9303
24533
2827
21065
15389
12649
9440
19803
5241
25059
9221
26219
11526
30531
10254
27154
24075
28292
26779
26045
8784
11807
28112
20052
13104
464
11525
31258
10992
924
23998
29141
8527
5651
6877
23854
30302
21459
9238
3674
16274
6221
21412
28922
2840
1484
7226
24640
28008
11443
9021
10324
3357
14341
19248
14070
8452
17195
17008
16228
5235
15602
27169
21886
17884
31700
10600
17448
5025
26488
218
8944
11050
23420
29237
28401
20022
10097
4174
10998
622
20519
19275
19171
24384
30251
19730
28241
28138
1423
31234
11897
20437
4841
27104
851
7973
2462
27924
1023
15758
3937
29205
1635
1385
16630
24354
25110
4359
11324
13363
23164
3141
11114
2351
29747
17504
1433
15455
14766
27147
30851
25891
13088
14783
3978
24291
5532
32339
27644
73
28026
8652
25237
21165
18428
16502
4677
24017
8242
29236
22580
23503
4890
15892
17668
26959
7948
27686
30550
1533
29269
10639
32655
31035
3363
13017
12508
28434
15009
30861
883
24943
9570
29188
27676
8588
2819
4730
19696
5548
21260
5220
25441
32523
3352
3843
22395
23573
6710
2618
20586
15062
1422
1181
12859
4018
20552
8138
26855
25686
13481
26364
25741
29422
9343
25565
11007
408
1728
30108
8832
4633
30830
7744
31180
14800
5309
14908
20825
13800
2168
22083
2525
4049
29857
5981
23568
26096
25688
26939
7603
11413
23037
26311
22481
31534
14233
12544
4677
14779
1658
10245
30844
17026
25118
14959
15228
19460
2643
16100
21797
12079
24731
3050
4279
24021
21717
16888
31893
7517
1306
31699
10569
22969
5350
22808
22983
9368
32632
5908
2294
13532
27003
11228
26732
31310
13797
6042
15481
6544
25120
24614
14696
25684
28008
27350
17921
8652
20340
10390
18259
15201
16984
18491
22960
8616
25514
25364
6904
32146
28899
22466
27163
483
8969
18250
16345
28901
28043
26729
1228
10845
9325
9512
2217
21950
19876
13999
32451
31901
8644
13150
9168
10597
32728
17178
28912
24140
22673
28133
32747
30853
21668
14514
1210
21431
14957
1143
74
16815
22232
25475
4220
10834
28033
22802
368
26581
29722
14111
1027
13104
7438
3705
11670
13519
30051
25881
9490
3467
6629
9907
8488
27610
18305
907
7134
322
19183
12682
24391
27668
5012
17297
20369
26966
28070
2829
5702
25345
10129
14284
4811
11885
9881
10767
13357
3849
11969
10976
8220
20815
25068
32421
19256
4599
14915
1526
26252
1387
982
24748
18008
21372
6534
18234
9748
23379
26914
3649
28081
29610
720
2142
23586
31548
14255
14919
15131
19833
3002
5398
25
28543
32496
10980
32418
2374
29106
4506
4046
32538
10348
26628
21254
16207
12919
12583
27660
6192
14398
31189
25147
10808
29856
31870
1297
19077
23958
14153
31210
27017
16406
10339
22286
20995
21303
9367
28654
21549
1685
31776
13995
12599
4087
25019
22232
23285
31791
18432
28033
23509
18242
10481
620
31507
16329
27604
9886
28976
14743
23870
23585
16544
21404
28017
11013
1731
21769
10471
1957
22806
26037
7983
28204
683
9664
11256
22359
13782
26742
22124
27260
1578
5750
15039
4299
16035
31507
12807
19924
26661
250
11342
329
5157
8725
28901
30213
16294
3760
14588
25166
25192
20443
22640
15703
32348
26895
26852
3593
17242
15636
11027
5891
6934
14881
4708
992
12625
4422
11968
31672
19532
32007
26784
15593
2434
23370
17258
9751
21142
7795
6653
20593
7819
22989
2442
7990
21299
27948
32423
26744
23274
5072
6302
6945
17028
23181
22283
1587
29571
16681
17830
9556
24205
2822
6749
5769
10782
768
31142
7490
14715
13977
21779
22167
8167
27732
6182
721
21528
22878
5992
2092
14316
23155
30133
4827
18521
13312
29658
30285
2466
7557
24162
13231
977
7230
3500
18866
25441
28930
11329
12686
4667
7531
14181
11591
23780
17463
28140
19246
30708
26862
8527
17068
31178
21189
7423
3643
7294
5827
6137
26293
23575
3362
25755
977
17662
13816
21174
17898
1715
20759
30692
11523
7871
11569
21020
16649
12266
29248
30851
20311
22957
27428
20101
8576
9194
4750
27941
4424
21211
26398
13969
7667
14153
19144
18426
26307
20222
29052
15778
11964
18812
8966
32055
19882
17647
21555
31327
12901
22369
23349
10644
23124
14381
17224
5426
25136
7606
918
18638
5130
9048
7512
1738
5776
19359
25919
31782
8588
29367
31762
26265
23469
17700
15000
24801
17802
3763
5304
18775
21988
30129
14303
30406
11051
30298
26786
12157
30276
12948
25509
5795
650
27102
17851
971
32531
11651
16206
30920
27956
9491
5890
10691
22599
30483
16277
19339
15019
10740
1290
7211
13325
4418
5382
22978
29926
6942
26234
7055
837
4590
17538
16716
15567
9811
141
27837
14852
21852
4031
14728
30404
32505
6035
10055
25617
16562
11717
27100
18198
26776
20335
5124
2408
5244
21362
20528
24205
20832
23575
7056
25275
20267
3062
14192
5857
31905
535
17607
24044
8081
24920
15885
24387
15696
26382
17230
29331
26471
21743
27773
30930
16521
12848
5642
18046
19912
10218
23478
806
26632
31938
13735
8748
25011
29641
27575
22729
13486
4769
21266
13649
19596
4834
2560
15289
16642
699
9727
11094
5275
22749
2069
20967
19373
32660
19300
4054
28556
6967
511
29115
20989
4035
13308
802
9454
2499
21707
16014
14948
3699
8902
16062
180
22308
9480
5422
3830
31714
15235
27105
21943
12629
30029
18526
18414
7653
8507
15865
4145
2593
19633
11603
9769
28770
9400
31524
22596
12203
27985
30776
7593
26068
778
11448
17521
13544
6862
26795
20500
30667
13313
15804
7201
10784
28877
17982
5939
1897
18614
23917
10784
9584
18805
11511
8051
3559
23043
13243
7965
6987
13300
10704
4711
7438
1798
26057
1067
1780
31482
10039
20804
12222
930
27248
15683
25350
15164
10639
16227
19050
14078
11964
7104
29164
2546
23470
7363
27545
27140
2669
225
22121
11098
27485
28805
19559
1507
1144
4170
31761
22835
13787
878
28930
25230
26500
29316
20430
6466
17498
27240
2350
9530
9837
10104
18525
9169
6272
8449
8385
12004
4293
26872
16078
23083
18663
13291
8232
6857
22349
7478
5895
19745
28062
31610
7392
19692
24704
22859
14402
21384
23718
26153
31230
4243
27913
29618
21898
12473
13941
21269
22695
18122
3144
9930
1602
19216
17015
31873
22680
9439
24785
17240
11934
29293
7048
29264
10400
740
13549
29442
14376
14006
11387
9358
26401
14897
24343
2773
6716
20051
31894
32232
21139
5087
30336
28095
12941
3248
19475
3631
18945
18254
22411
32534
28062
26815
161
17625
7562
2208
30802
9488
16201
4980
25057
15231
12001
10043
3359
23369
27451
7751
9706
4192
25037
15435
31988
21824
7542
12725
19910
20701
23721
26941
9732
12505
21198
21438
20978
29691
6373
9797
29239
14557
4461
15976
7905
25828
17284
8410
15274
14197
29007
17980
24953
7526
28060
10805
300
22707
29894
20676
9109
20595
3289
13781
27330
7434
12535
23315
14466
9375
19451
26622
7716
23505
18011
4157
31106
32421
11091
13365
25407
21955
10560
28634
21068
23523
29002
3013
6321
22402
14917
1160
7562
15577
27353
7230
30799
27663
12001
10854
20825
8110
31762
7665
11170
8020
18909
26009
31693
2731
150
12917
12390
20634
25557
18634
3946
9917
31773
21285
3338
5395
17339
27558
32684
27127
6897
20383
21811
10834
18260
29022
11648
21006
627
23622
32312
30926
23481
7973
9160
11996
29077
12481
935
9826
17879
692
9179
31966
12638
13946
23487
14544
15088
10441
515
20405
21865
18208
15348
18489
18712
25507
20990
19625
19558
31526
11631
16807
4024
8584
25469
13601
16535
2114
29067
14724
18447
21311
3752
300
18516
12271
13913
20000
7596
25239
20632
2556
26248
15851
6940
6702
22260
14558
14299
17509
23346
5817
1230
14151
19874
21866
8436
2915
17382
22047
17049
20582
14146
29716
17112
31377
3145
32169
607
17514
15798
17336
2930
22706
11928
13093
5427
22680
26546
11447
19488
4652
17441
3878
989
31510
20799
10101
13876
17288
26056
31617
29530
5489
13371
8923
10099
21492
23683
8659
22873
28440
16599
31445
18073
8129
8671
27129
191
8159
17944
32469
28628
13029
12409
2198
24100
4733
10839
2127
28997
4985
9350
7568
13396
5901
13249
8507
6018
7228
11339
25235
2255
1425
8407
14998
2582
26383
18598
27021
26698
28778
4335
29409
30719
18296
23939
27440
31532
26338
15537
27808
5167
21791
4711
9587
27153
18339
32411
13532
25100
1619
745
18961
4682
9021
11134
14754
20976
23174
16180
32009
2651
11939
15102
20610
11689
5324
7303
25373
30332
17838
16406
19729
21754
1633
21941
16467
11545
32153
12690
10087
18969
26912
31653
9847
11090
18308
659
12962
3631
18957
13779
13206
22907
8945
2831
25441
19931
971
21197
24708
8092
24650
16462
9801
23983
18726
10422
24407
18930
29529
15726
18052
1714
16267
17863
2538
15725
21966
7136
25661
8924
10635
28873
24668
31792
31164
7144
31525
2461
8540
31132
6030
31253
19484
7457
30961
19542
25432
22964
14248
16678
18249
26359
25562
17117
10364
9366
19092
26149
5507
16683
4380
26622
4330
18527
6786
19717
17261
23634
27511
1525
7783
7742
98
15726
654
2647
18865
13045
16094
19189
17005
18237
31699
18164
21778
7588
26331
28507
669
30465
12811
4157
32742
10653
15377
10461
15664
23167
29802
3861
3071
23533
20437
25081
22314
21807
24839
4023
8496
6038
27040
29378
15567
17597
30558
18991
29651
10767
24976
4447
4141
30089
15054
31454
31556
10177
2792
4747
26512
26408
25884
19193
14436
6284
11916
31254
7179
24801
10479
2314
3095
29760
5510
23394
10230
22064
1105
12654
7622
28453
9092
2535
5482
6982
9013
18133
20958
5747
343
6576
31943
27015
20971
31430
20559
15578
22389
12252
4911
13323
32685
9752
6925
14076
6264
8991
18697
19485
20758
4474
13459
26606
23453
27710
30847
21951
17062
3564
22107
7610
18246
26262
9216
3108
23360
23875
14183
15840
2936
24725
17598
22069
28331
27305
25275
16849
27742
31807
10545
11021
28692
21275
7649
882
23748
24491
25490
18044
21642
15849
24420
22943
10397
13699
18529
11656
1409
1337
21845
1189
12158
32135
31967
743
25424
11909
31689
27335
12064
11531
5525
11143
22451
13080
17240
9402
7650
8053
17612
17158
30794
6293
18336
23081
5444
22208
6418
24634
14616
22897
5568
28209
19565
3068
19387
10666
12036
7539
734
31718
8870
4043
8030
14867
25179
16955
4769
8909
14813
31461
20052
21732
12620
13240
28088
9056
8483
11925
2364
27330
17003
5296
26705
19341
3887
9530
1402
28165
1839
14141
6306
13111
11480
4807
7091
30521
20084
25930
32100
18611
28575
21827
30291
14750
26362
31002
13395
11596
1059
13641
20487
18345
20964
17857
16560
25024
18602
30345
16963
10113
1337
20393
25023
17089
22431
14406
9149
14210
15974
21774
31048
21877
8718
9687
30448
25277
25787
9858
538
25590
6698
30502
26778
9590
31721
20331
5764
27090
28104
16691
24126
24996
9867
3712
1754
20620
20705
5778
5283
885
14490
7759
32758
31770
22548
30696
20052
30152
23030
19898
16820
10085
25377
5234
4638
26289
14564
26741
25973
4300
5999
23167
31125
23545
19595
28553
13470
30369
27272
22513
3982
6043
10102
8661
3862
25514
15512
27327
16038
19527
23061
21640
25035
19361
753
16758
20410
8675
25916
7080
11565
30645
649
11188
30829
2565
15522
17038
7088
17159
6778
15020
31142
25722
22883
5223
10319
10030
7809
12709
19983
29635
23679
29877
21764
6323
16768
18042
26775
8595
16729
18380
29009
13205
4093
12827
753
4946
8248
11093
28859
14278
31393
4362
31762
3740
202
32463
20809
21932
28857
5088
18103
11715
15516
15369
4617
19106
2744
32710
26588
25673
29091
8105
14732
19829
17587
32508
1350
21351
1206
8616
27749
19175
18659
16725
1019
28297
13329
15827
5037
29231
18983
27832
14021
28623
14804
3147
4994
4470
28288
23969
7346
7309
32386
10758
4483
16988
18835
14239
12183
22988
23426
29005
19286
26225
26410
17875
17032
4295
28066
572
32035
29628
26035
11127
28769
25455
30607
6981
22550
4408
8383
25685
6721
12520
21598
16812
2273
850
27525
5451
30218
27146
31238
14860
20023
26732
23389
11470
11490
13792
3043
20689
8018
17757
8773
21347
2485
26156
32053
29373
25198
25071
31071
11304
14256
15329
17311
5476
13132
30047
7025
25929
4295
31656
6569
28591
14768
8929
20324
6284
31792
21084
20798
604
4067
17945
709
31686
23782
2445
13870
28796
14642
4003
29767
24931
4136
3073
173
10228
10348
29068
28223
2274
31735
14894
22482
23036
22120
23511
4391
16214
11675
3777
25626
17315
26749
18681
11803
20454
2079
4891
29154
17994
26377
6748
12639
17485
720
9166
9200
20516
1003
17632
7383
30043
30658
1316
13803
5309
28936
19798
4749
27507
587
18329
20190
5488
18121
5379
28464
3852
28038
31836
25530
31214
31387
30243
29839
10544
13009
14802
10705
14526
25966
12388
1057
13311
2127
28691
6491
4024
23095
9574
27008
31533
32615
3435
32756
19593
19567
25921
13546
3199
13123
29402
8988
25906
1681
2815
9663
30802
1874
14485
29366
24712
28832
26910
9478
25109
30151
17027
19338
3766
26270
1552
20456
24778
28184
9408
18883
4534
7958
26811
4658
12169
17279
22557
11121
13788
8595
13561
20695
11773
11132
16030
17160
6732
19750
6168
9324
12516
19537
30714
31200
10622
28389
1371
9131
8851
23429
1567
25267
25025
26726
17016
15857
29552
19554
16811
23586
28085
26184
17432
9663
23159
3703
7797
17200
3280
9899
23130
19261
26037
23574
16386
13765
19418
20403
11600
26290
23248
6359
24080
25900
3440
22025
2432
4877
26493
16403
30990
30869
25221
29529
31844
30816
8712
25450
24226
32660
13021
11477
16618
1631
22992
14654
32290
29857
13712
27056
31733
16101
14281
15157
3355
20374
14733
6564
18651
4208
12024
21691
31694
10292
15892
27501
5605
16544
15610
8573
14765
26782
23354
4940
20690
26300
31357
15344
18915
4060
31337
8581
25428
30252
31685
7112
10185
1113
24286
26850
32658
22784
297
1153
31601
30310
32297
29997
15524
6760
30611
986
7711
21173
10417
4537
794
8506
18692
84
28363
17630
557
24538
18805
31344
32014
22455
30369
18909
18988
32104
8363
13223
10583
3470
23937
21138
29838
15169
4264
17825
12829
2470
11904
30272
4616
25540
17608
3779
23212
26259
27748
13583
2212
4438
2142
23959
9706
20523
30252
19083
7230
5345
4913
2891
1740
29193
15238
4130
18185
27728
9721
9777
24798
30220
16726
28585
25096
18708
30438
11326
22719
4821
30262
26072
7573
9890
28185
21899
29858
10828
22256
5321
18910
28915
12841
28374
3278
30747
25350
26237
28515
15106
1184
17410
3103
20530
24875
16215
14201
1362
28283
6802
131
27969
29639
16543
9418
5222
15534
15410
31613
20289
32119
6912
7122
22342
19613
4399
17062
10732
21899
28939
15204
24065
10404
19194
20519
25408
19590
18866
1315
24613
29840
7849
9025
8704
162
4813
22025
21321
10787
3958
24773
27699
585
13209
12003
4483
9620
18750
17308
21923
18588
12084
19667
4082
525
2819
23872
15967
30192
22306
4557
9526
17964
8554
9792
8505
27724
3531
15643
24563
24706
28990
24256
29257
12780
6394
29657
27986
29719
4587
16119
3433
9666
1120
6521
3968
29924
30724
30640
13495
1008
5135
30785
9261
5207
12221
714
7957
14926
18176
14792
15117
32211
10097
17336
5804
3306
27021
12156
15450
25389
2590
30721
10085
2691
14327
27423
8017
22832
10724
30656
23919
20750
4321
10053
12465
1049
31370
17957
5052
8753
14291
32727
26943
5148
7161
29171
21123
18379
10169
31380
21572
4574
29887
17920
15808
18538
30049
24459
1549
31481
23693
18872
5039
27602
16896
24994
8810
11899
22201
4506
15189
3965
15790
5906
29488
10599
23741
24506
25335
19221
14821
16872
3767
4914
14518
5181
11937
25852
19462
26758
3677
6727
28646
28128
30369
5829
32725
15904
21761
8324
15667
6769
5641
8632
6648
23359
25993
14267
7077
5972
18736
13138
27259
17985
18780
28210
24811
25088
7217
6595
12111
19415
1769
27427
26583
30847
26986
18542
1734
10118
10270
23357
19166
10738
26623
11372
29208
31783
20721
11553
11929
14091
19029
20745
26594
7271
26075
7653
7239
17041
27799
21574
30370
9032
16984
5524
27720
4575
4917
11093
30524
23710
32616
21420
16547
7525
14688
14112
20344
32146
18961
27551
3969
28965
28559
10435
17538
11554
18907
4436
15792
23863
18940
13837
23912
23711
5970
13731
18721
30278
24360
7683
21920
28718
17032
29403
875
26129
22099
32093
8063
14152
27025
18752
23621
3051
1541
29447
30403
13626
24324
11141
15375
27963
8840
5281
778
14757
24705
23383
28234
30205
31851
13055
2648
18687
23845
5586
7196
2367
20225
28330
13205
21776
19480
4105
22222
24997
7904
7261
22797
17782
4864
17282
12877
16869
10338
31113
27374
20514
31882
2744
28588
30028
24103
12497
25038
8665
16104
3480
14239
8247
30609
11919
16674
22195
4686
32260
25858
24731
3911
17741
10696
17055
22388
9299
24400
15997
20915
8781
31870
2526
19992
15310
1325
27770
15236
4610
3176
2435
23417
7988
9949
22593
26668
5268
24974
4090
24796
17720
4298
2836
28771
16992
2908
25981
8715
3326
9730
23115
22690
118
801
9376
15313
23202
2742
26577
4009
1305
7824
25287
10879
945
24253
29349
31994
11330
4674
10410
24682
2989
2063
30554
8027
7197
1073
15064
27755
12429
3402
8343
15192
14731
11838
12849
12381
18235
48
1943
6591
27806
4269
25707
10147
26644
30758
17578
22050
13600
13476
7310
15775
27500
7351
20403
15704
3853
32431
9080
13372
13831
16399
12456
15357
10004
4415
6234
6757
21921
2433
21
23789
24346
16166
6456
21132
28007
12290
14233
22477
8887
3613
15213
10532
29308
17579
21096
12162
2998
18751
21541
31527
14453
3387
15815
24760
22169
9099
4321
27793
19933
28307
6547
8284
10004
27237
24566
12002
10418
26424
18618
10786
7309
18454
10510
22432
8933
6612
20928
7936
13986
5703
21926
18131
18142
26549
3900
29617
2467
16522
10638
7560
27638
6988
12377
28467
17172
14033
27501
17487
8955
8880
2389
14666
32300
28661
23866
444
29360
23065
13317
30971
26713
31793
1220
8426
25674
26213
79
785
13753
10148
17451
10227
24564
8086
13486
6299
26018
11474
16996
7801
22860
2898
7858
13676
22300
30499
9145
25632
19428
26465
29565
28314
11617
30051
4679
5905
1986
17459
72
24832
1124
31809
5758
2681
19936
12120
10972
12220
30023
14544
16293
19720
15532
28166
16921
4785
27363
13065
7251
16243
3209
18326
7794
29958
17988
24647
759
15090
7244
24583
4718
9125
21291
17865
10833
18371
19905
8826
11049
3005
3210
11059
4598
25509
12836
15284
16593
2369
12555
23822
15056
22622
1704
9375
22314
17766
10122
32579
12187
8757
243
15561
19978
9513
13206
28580
23914
26232
27551
29923
25054
18375
31220
14436
15392
31224
4794
2372
31779
5443
21788
4761
18167
30600
71
19556
21486
23779
31161
30913
17661
26242
2236
353
24164
947
27437
18746
24977
28993
10114
18045
3906
17153
16396
30921
5355
11176
11128
3998
26967
30431
13980
21780
23697
27034
13169
12493
24325
31909
6491
22312
17379
9599
31409
30903
708
8556
29561
1524
15504
30406
30067
23343
1951
8340
5466
26827
18206
6238
15718
11178
4533
12863
26901
2534
27494
32571
20011
26562
22201
10707
5879
2272
278
215
4569
4532
3698
9340
31233
15672
18478
2478
15737
6881
13115
18343
25702
26834
20867
25537
32139
24145
4740
3976
13326
31351
14142
3348
29311
11051
11600
11670
14102
24657
9566
7728
32060
24382
26805
30474
24653
27247
12850
16546
23453
4475
3680
25443
19385
15687
1760
13690
5359
19577
7438
6885
4880
21551
22497
27596
13940
22768
26899
5397
29247
5091
11650
10035
24547
6206
3287
18238
15334
27906
31845
13897
8166
28390
10580
25328
7642
3728
3582
14640
8346
16139
30361
9340
13730
10358
14615
30732
9234
29433
9290
12665
29946
15870
27212
18823
20693
6045
2590
1857
22099
2135
31887
2380
20060
1800
10335
31093
24913
26903
24997
7820
12693
8944
30830
16501
32588
27828
6823
4732
14690
7982
3389
6121
8143
23818
130
14036
23322
23617
979
27963
11548
25560
23672
23634
7943
20938
17355
7706
20647
15683
20636
6453
19687
2318
4053
18169
1942
31313
4186
8131
26731
10104
26163
8590
1863
21359
26861
9412
32187
2324
12605
29523
29130
2796
6631
22020
15856
27412
18398
3081
23139
24443
32173
24788
27544
9807
15893
21552
6665
3765
504
2186
5942
31165
1398
27535
29673
26517
28757
19709
11199
25853
23974
22450
2532
27898
1701
8458
19230
4815
5346
16999
8461
2089
24478
12561
31409
21402
6264
18497
13868
19272
11081
14712
8137
10215
21836
22293
25150
17380
14210
27943
19502
23267
26708
7296
3826
23916
18555
27659
23193
11489
7965
1119
31533
21428
16696
18835
23352
3542
18500
18260
3975
13683
7188
9014
20526
26588
21502
2376
717
30405
13115
18155
14865
31152
17552
2020
20093
5033
22830
27055
29802
16692
28376
22806
29516
17028
16707
28163
25144
30189
2754
14739
3491
13980
14371
14955
27245
4998
5075
27471
14878
29342
11337
8177
17519
29771
31138
9222
18956
11033
1673
20639
5272
31663
8282
2999
18417
14593
21127
26120
22710
20678
12602
19236
19463
7213
14140
30656
9356
10443
15125
10835
8377
3544
16245
16864
11856
8604
8914
16143
14119
8996
29267
23427
11051
11321
25581
11112
27557
32659
15308
32075
31676
1865
8436
27695
6715
6028
9512
22493
10389
18837
1034
14203
807
732
23941
31328
11964
31883
28520
27431
32598
24370
4691
18690
7212
18108
32215
2897
1263
17058
6105
884
31825
9822
21303
20701
31688
15907
25007
23401
5263
15307
15612
18416
25071
28689
19265
6939
28860
9216
8875
32373
16418
9899
12370
23493
16290
25375
18017
17052
28247
4758
21879
19498
32638
24301
21837
29013
10293
2392
8344
1805
31363
26965
18481
21721
29081
22494
8563
31158
4951
23267
5092
4898
19218
9463
27160
23156
24981
15690
10707
11374
13925
25559
14190
12053
7754
1502
18556
2496
2826
22165
27053
25456
24696
24603
7154
7007
6829
8365
19681
28636
10646
2076
11868
1877
9647
27006
12653
4022
16909
13604
10357
26610
8098
3789
21638
2014
26045
5145
25101
6726
17360
26433
6324
32059
16502
20996
17030
7338
31156
5349
3668
23347
14975
13971
29016
32055
2431
26537
19481
18995
5395
20119
22158
22605
8341
20448
6022
13869
22239
9863
27464
26382
9742
24771
23926
25877
2182
5370
23095
7649
24374
25325
31380
7523
16669
5425
28707
23280
25612
30430
21475
23700
686
12683
23656
9386
25543
18297
16184
7593
26297
32270
16756
30785
14668
19589
15291
12199
6830
8933
5451
10285
20409
7471
31337
7189
11381
30428
20996
19111
22238
21126
13973
7553
9959
10726
30281
14383
18366
31230
24162
9723
32338
32663
21978
6662
14611
6126
2890
30104
19704
6571
14859
2229
967
14866
19099
16625
24465
21117
21058
14981
14203
6666
13813
26529
4549
10129
29818
16900
24324
20441
23501
15051
31410
13323
11715
23686
5353
5222
30701
21393
26988
15157
8895
20642
26599
5118
31729
31134
12664
17149
16422
23729
3949
20688
26572
6557
18256
15988
15171
13650
28705
5488
29249
19392
11490
18512
25205
5097
28761
30549
362
27194
11793
28011
15791
21787
7330
26971
29493
14277
27954
1858
32504
10067
7228
24130
13793
5660
16272
9847
17131
18753
30107
31533
12422
19586
23017
3408
8505
22614
8936
23075
31626
24122
19695
14901
3362
12105
30334
23698
26925
28941
20936
566
1536
21653
20334
3527
24062
17351
26254
15235
6076
30968
7676
5495
31075
13498
15055
30705
11094
1525
14368
14905
3605
22586
27662
20348
10082
15443
32261
29705
27298
7967
4673
15040
24709
25245
20109
3782
29161
3398
7249
32126
23036
928
19403
23733
929
16
31901
8477
22038
15599
28552
30973
13523
1249
9591
32550
14005
7522
28607
6697
22619
16290
21925
23495
11729
5011
29473
29865
22379
24896
13537
4178
15860
27744
5521
11601
23048
11819
16474
17851
2751
24940
15528
23512
16268
5336
1841
16157
31076
14238
15411
7514
26402
21567
14076
13365
8490
28064
19120
14039
18508
12894
30791
15333
3052
31329
17877
18354
23392
17076
6926
18099
18074
7059
18185
3123
20999
15558
4932
10567
16822
13358
2025
12293
8125
25246
17743
14065
473
15084
5828
12472
21076
30535
8842
27681
8236
14538
23327
20544
14961
17746
5569
10477
6895
22413
27186
6004
25613
13652
16313
31630
30197
59
11113
26768
24309
29798
933
31459
11045
2462
19684
8628
22347
10915
25522
12524
27387
30404
2040
20323
32259
16814
11644
5456
11526
17794
13739
28421
16742
15146
30359
6105
4199
19692
13116
16741
21906
5951
26887
15091
3160
11230
5785
11571
3320
19228
24520
15920
28835
18295
13030
12675
221
18287
21318
22726
13862
22937
27901
26700
2522
3823
5606
1039
8022
3946
24553
6378
2140
23763
24700
22025
10425
14294
20841
23197
32036
23384
11986
27604
18794
522
30323
18184
29128
27198
27688
25655
920
19450
1967
15539
12593
30027
28590
27162
17672
220
9720
12681
20507
23239
18700
20237
6031
1963
3807
5466
1431
25087
23771
13760
8601
16806
8487
17498
21388
16835
20777
19593
30373
6350
12617
2464
32562
14056
18936
6113
14278
7787
11761
12713
22934
10950
30143
19687
1059
14728
5248
11474
22553
27066
27112
15324
14711
25970
13705
16865
31985
27045
20305
19109
1171
61
18772
20605
4006
8299
24267
32588
16855
10559
21597
9137
9622
27254
11678
6783
11709
12179
23510
21614
31346
305
18947
16912
25934
4247
27169
15366
6335
397
10152
15219
13994
1646
25431
30385
21077
639
23600
13891
16773
9855
10692
30219
2275
15231
11184
9917
26532
4084
4712
9108
18025
15115
25907
12356
3428
10812
10615
4911
9661
11554
3895
8155
10804
29578
18138
17828
2823
12746
25646
30382
10518
24404
29356
31518
11333
17290
7934
1162
6434
17620
6590
5549
27080
11760
6017
4704
11779
23946
4628
3014
30388
5133
12037
7366
4215
21432
28517
27326
20868
1780
3277
7797
32467
24805
10143
26962
3204
11327
10894
27340
15741
31835
1889
2594
26197
29834
12531
6220
22385
6569
30335
20017
12908
25077
9242
31514
11964
30497
3201
30567
4499
24230
24597
12161
23812
31835
29988
23311
31335
9029
25962
13421
25598
10416
9432
17497
4569
11646
30100
5616
11766
4544
23872
26330
21421
18051
32639
10177
24139
29164
437
24839
2814
6536
23567
20408
29169
18141
15300
20157
6839
23109
23194
24659
12269
32764
28587
27580
5659
31607
7529
820
27100
15607
224
17959
10559
30047
17979
13217
3180
7234
26250
262
20875
7233
29378
18691
32737
6548
4101
9924
26172
1766
2340
4456
22674
31846
6499
2994
28901
1307
21628
31745
22377
22135
20454
16514
21993
9776
29014
21412
14951
4683
1671
5324
19715
20346
2615
2379
23838
4519
14962
10637
10686
25297
25618
3730
10548
23575
1927
5026
29693
29970
15060
16445
22247
23912
27866
3666
20596
5278
28121
24753
32131
13358
24884
15809
14637
8154
31860
8822
29678
4159
14224
382
1541
11181
21100
17083
285
8502
21407
22262
17708
31237
25721
13266
23708
5362
11845
19454
25513
83
7371
22447
32522
9748
10777
334
9683
32266
6019
19053
17050
14980
14313
15616
28632
8995
12088
15562
21395
4588
19251
3349
24122
18076
22900
24230
28881
1083
7853
31216
11853
11508
21300
22920
31810
20516
18623
18649
30395
24241
7532
23321
23401
31133
8196
20092
12289
3803
18816
12199
10207
14433
28620
20839
3311
4478
5580
27811
12237
30318
31901
31887
9003
25132
23069
11043
18036
24199
22701
25036
25518
14968
17461
21089
25765
31411
2153
3160
25414
14460
25675
29242
6473
25276
30449
9044
29459
5460
2441
11696
18906
31409
15002
7235
2314
27552
28301
13672
17127
16740
10603
32141
30836
3591
13800
21036
6292
12013
15777
12542
31344
28079
13986
32619
22296
8998
18987
26180
1645
4293
6324
5556
830
25644
32558
1396
31409
6395
16780
1343
27365
11492
16002
12678
5333
23045
4236
8292
17792
19316
16435
23252
14919
27
27532
30242
9366
20422
1793
24991
4294
18042
6995
15513
13378
18953
9440
18570
26345
15843
30754
19344
19380
6447
20345
30493
27801
8986
26154
9968
19887
18799
17575
3140
15250
17769
8721
6471
22793
709
32507
16589
12262
32026
23921
24134
18734
1901
14904
23021
4218
12800
11096
23875
1693
17004
18392
11196
1927
29167
15561
29624
10090
26119
13190
11188
27419
5952
27961
20418
24506
6730
14241
4918
21909
32590
7955
23203
16970
15234
447
4614
3628
20732
26677
13120
20712
10436
18216
4298
16745
21292
3697
14500
23800
8804
10582
910
2472
21321
21517
9339
14321
14462
27260
19523
18331
7102
5187
13720
13277
18800
29180
11579
19143
31356
12225
27247
29661
4190
8431
19375
18949
22393
18730
19356
3235
17325
30370
16953
11266
23339
20884
18010
29942
17288
1299
17242
8127
9489
25864
5901
17969
22623
13688
19445
1298
4651
30469
17337
19652
355
23736
26066
9507
4988
20221
9864
26801
21259
8175
31261
15089
5263
21718
2120
15888
26001
10478
13285
19402
29168
11627
19178
13708
21366
10937
29341
20438
32686
9992
9220
19684
18426
13832
19613
10893
8160
30193
26448
14187
7589
24007
8610
29500
26909
16604
24875
20104
3265
11158
15690
3461
23810
32114
16663
21047
27101
25673
2457
4571
11952
7379
5178
31110
29772
7273
20855
1546
6475
2063
20444
21273
13476
7345
4912
26029
18044
27821
27629
30118
27455
5778
25331
31413
17648
22823
3452
122
3773
10416
23891
1513
3799
10604
16705
27634
23168
13154
10696
14177
8294
17246
17940
10755
27951
32054
3375
30474
7765
9041
26484
5810
30516
10090
3142
32037
3169
14482
26626
14492
31038
29300
7729
15048
5067
4573
31747
20848
4799
21116
28409
4699
23000
23014
21473
15984
24687
21468
12807
24604
26191
9169
13994
10484
27335
20391
1197
21148
6654
1978
11407
1767
9351
28703
24733
4927
13621
3886
14694
27464
31025
1341
7792
16064
28233
29103
10025
9898
27531
10542
2080
11691
6163
8500
24693
14260
17441
13520
31631
3297
22639
9895
23308
2977
20417
1081
7422
17944
28349
20069
4692
3777
11773
2863
6550
14424
2659
9410
4566
3319
12204
14769
31203
16511
12616
17026
4031
25145
17769
12397
1107
4541
13915
26977
5986
31507
32275
17736
12220
24089
16394
28812
17332
9508
5452
22490
9683
20202
24267
294
2510
12192
4602
30191
21942
19807
13207
8900
4975
23500
29896
20487
5731
6904
9834
6129
10615
7557
30374
32214
22847
14859
11461
2730
11885
11193
22341
4805
27792
9792
8236
2275
10491
24812
15260
623
19970
23828
9384
20737
24173
27573
7270
21797
3366
13914
8005
28254
32053
20287
17569
11370
15854
3253
15509
9672
22377
13256
24593
6008
31539
13856
1836
12802
11587
1829
6587
14265
31024
19559
3618
20545
1953
27964
19050
13647
10244
17835
7060
7344
8835
136
14125
909
26163
23777
31523
16109
26511
25241
24535
30075
17190
19027
20595
26250
30864
7313
23934
8790
20902
19485
32174
6028
18931
20393
20733
6669
2661
32434
6654
18159
19784
13738
24946
27077
15989
1365
30743
18209
11207
29044
19136
28759
6607
673
15530
1155
4297
12154
31758
717
13774
24833
1267
4587
1099
5699
17990
24808
15281
27448
7468
1316
21870
1771
6807
31133
5917
13530
18200
9068
5369
11680
22772
32659
14488
21201
4217
24053
8150
25126
11922
19878
26639
25562
14746
7781
14737
22611
1134
7015
10064
26885
11206
25431
14044
8340
32197
410
9361
28216
32718
11479
14349
30822
1690
20151
15592
685
5255
14569
29599
27358
29235
11114
3792
367
13642
4099
4269
16673
10652
3859
7339
10721
20595
24974
4474
17132
27171
1094
32570
2103
15842
12393
19948
18190
5082
15691
10278
11771
5501
20326
32267
5097
2073
30880
13435
14985
5548
11724
21639
4085
6137
13682
20264
13204
6619
29651
10544
16957
730
14376
9088
11679
8444
28459
13180
8928
1245
24280
24508
17540
25602
20341
21764
15249
30059
17872
18295
25584
31847
13000
29703
6167
30125
15374
22064
24549
6823
557
26086
1741
12049
1992
29132
23863
19651
7715
27046
10531
8651
31462
11537
2576
21695
23325
12914
21532
850
22402
6700
9836
3876
19967
534
16590
11487
1135
11564
23709
27007
26789
21380
3302
6641
4527
11908
27080
26848
26203
5459
2849
30412
3323
15757
5735
16476
2150
29755
25555
16117
9791
25346
32453
30603
8826
13722
1380
27575
9243
13186
11140
8458
30529
8690
25806
12962
10340
530
31258
8442
25819
32617
3616
21510
17569
8856
21840
896
24920
7240
1278
31101
24206
15457
15810
25411
18240
27004
29983
9310
25756
11420
8802
24561
29195
9496
13005
11339
21103
30940
2293
9402
10921
5330
2921
19876
1375
20890
1684
32467
25596
20609
26085
18449
24824
9393
2093
1013
18265
7333
13128
3324
17274
16352
27391
18651
4363
21727
12077
32276
19033
844
25889
10184
15567
26228
28740
15308
26301
9211
15867
5887
601
23246
18639
986
16900
32346
22220
3912
8654
29180
30502
8120
29243
30904
803
625
72
19757
9780
25382
32425
30152
12645
25035
5205
10553
15864
15015
13380
22307
25421
13481
8823
10520
1030
18943
19002
4036
30312
16101
18854
12392
3075
6843
22121
18059
15509
14171
24522
19948
30764
23209
4583
2234
25739
3692
7745
13831
2511
10844
28027
3195
12882
17531
7775
19781
464
31657
30242
855
1992
20595
9705
17107
20773
45
2443
31936
15646
5696
17305
15106
6491
10180
23196
22665
18777
27986
15261
2504
32015
12051
17899
18793
15058
14109
17432
32063
16502
15872
30277
26492
32694
1435
4511
14372
14805
5685
22826
21185
32390
20937
13246
7257
4618
20896
25423
26013
32408
16933
16753
17763
21761
12534
9498
30550
24724
311
21930
4844
21055
31275
12074
11929
9976
9221
23505
17219
19803
26363
18125
25589
20117
8349
11328
7639
32384
9061
27272
5214
30479
21647
30915
11712
25325
23594
9874
25515
23393
7024
2334
3126
23925
23891
14681
12056
6743
30040
18311
15127
9983
16552
2044
12228
20242
15717
7463
3942
3847
11322
25295
11572
31112
28726
7837
11207
3099
8410
6619
16334
14081
624
2171
2820
7262
22687
24923
9055
19099
18237
3015
6794
30217
13668
1600
6550
30151
26312
27259
25837
2021
16199
29357
23687
8393
25794
25606
19552
18898
13100
635
8489
21308
14048
29129
21821
23876
8504
10167
10712
31884
27483
21403
131
32192
6998
24351
26835
3194
24431
27717
13907
16739
29621
29865
12991
23452
1500
28167
16499
10588
2888
6140
290
25562
15720
22289
21707
621
12357
16629
17641
18673
14171
15882
12267
5486
3239
25635
18659
12532
28161
28301
16258
10185
9388
30540
9284
27847
11052
21926
23784
19455
25943
17894
15651
28834
7855
15962
6037
546
17135
5534
23292
7316
1252
24092
4008
10329
26494
6868
18735
21757
23847
12633
24673
15199
29011
15644
2430
27410
12377
10221
6823
26372
16769
11199
5779
21853
26462
8620
20355
26282
23134
16953
13944
14395
12703
15066
10915
13769
19972
15545
23837
15965
31625
26803
7384
4204
15571
15523
7894
16711
29964
26084
5784
17331
25581
7441
13018
16851
10268
28431
21117
20047
15289
5966
1477
12463
7987
20299
12228
20744
9825
14170
23574
1755
7118
15522
7375
20282
11860
8297
1202
11820
23788
1170
4516
16211
21700
8547
7008
14796
30098
2188
6763
27479
28713
6501
23371
28344
13129
2680
29172
8541
6844
11327
387
7232
5278
18735
11310
13327
12541
18165
16251
17547
20386
27903
28849
19246
24621
29758
15756
5392
26728
17450
17717
1035
17621
263
11633
12061
22409
20327
26649
25103
6461
28913
27850
16468
16547
7776
15069
3892
29686
17103
14234
27434
14549
31795
15528
27786
5713
1321
27336
32614
7493
27634
5316
29363
19174
15035
22177
680
31130
29986
11548
25191
21518
3831
8533
2271
32386
16447
23749
17649
27240
23167
14709
23761
2094
823
8818
15536
19288
30636
22652
30872
13521
15850
28414
9623
22403
26378
5443
19999
2853
18097
32742
1453
16724
17369
1674
24489
12518
9940
18892
19853
19323
2189
30070
10314
12628
18194
29429
26856
5993
9039
8206
21612
21429
27676
24012
7934
981
23163
3005
19019
465
794
17246
17193
6970
288
26579
633
15989
15910
24027
13650
4694
31618
4
12380
11249
204
8987
12921
22188
5019
16103
15019
8857
7312
3863
30002
11523
7574
16504
1012
22343
23911
32363
9762
24549
27731
29847
793
4567
26173
6363
7302
32290
5606
20870
11214
29610
23918
19403
28333
10570
2071
5743
10013
20004
26957
21701
21113
29750
27875
7644
23522
2351
31904
23543
19938
20864
24314
16445
18255
6581
29473
7858
14194
4614
28223
18022
9577
2089
32254
10733
1738
29547
29772
27662
27017
1791
24667
9407
29980
16022
14571
29266
1756
6448
31691
10985
28079
30257
26269
16943
2276
18615
11483
14154
20062
5419
20247
7947
31733
27926
30599
7784
30745
23862
32704
26925
9656
466
962
6382
12130
13642
9781
28736
3500
3314
27122
24105
19666
6176
17605
21972
21920
5508
20337
20105
15762
4792
14069
32733
25146
10776
21262
11814
21474
21204
1533
6962
21363
30532
18826
28473
26517
17787
3401
11791
19736
28190
18972
3230
18067
17783
28409
14996
3914
31429
2798
29785
30037
22998
22626
28996
24319
19160
3485
526
16237
1133
5771
29575
16000
9213
7100
2439
6139
8272
31408
9768
30185
19036
4946
28978
19001
20571
3778
5079
27564
30497
855
23713
31217
32173
6629
24488
19726
24318
6203
26376
29697
26152
29936
18322
1703
18598
22624
28098
20190
15090
12017
14065
3302
13139
12443
27340
23310
20214
423
26885
29836
3393
20662
24393
25516
21860
5638
7025
23341
31281
22513
19964
16103
12333
6326
20669
8114
10727
20860
17873
11908
20104
7828
8916
27353
16044
255
31828
4184
7024
22832
9606
1971
17356
32530
30776
24271
31780
6989
22791
3109
13337
9670
19410
360
24229
11620
11375
20839
4199
19738
24476
27958
22587
29218
4152
15496
1550
22406
19635
5472
21489
23269
6339
22249
9579
3700
18264
11169
20756
11331
12499
14013
10335
20162
6514
12490
12728
4739
23567
14224
18639
1345
11531
21819
6451
1570
2437
701
10018
31545
9935
10606
23200
79
30242
26613
16582
29411
4240
7788
30557
32623
7995
1471
30379
5101
5061
22101
11661
23450
17671
16883
9158
10234
17414
17629
5783
27420
32034
4670
17296
10015
31121
8137
21925
30453
21772
5281
10372
5223
15304
8054
22054
32601
1192
30705
17060
10832
15281
3923
6733
20529
12478
13401
30197
22348
24181
11874
6543
26008
15737
5075
255
2624
22497
24507
12073
8287
12522
2739
29518
20232
21736
11017
6296
19082
9603
24605
13299
15090
13855
3338
1055
27601
19612
9865
6147
10559
23104
6163
12101
28191
241
1094
2327
18341
30888
25738
5460
4630
26914
19444
15307
29391
3033
20843
11739
13193
10802
25865
30272
25307
19448
5315
15148
24064
10761
1101
26265
10203
14671
7224
10462
12600
25074
13406
2433
30293
14028
15743
31309
5537
16670
11820
8356
17347
13441
14052
18710
16606
7967
382
14642
13076
27170
32710
21403
2633
15981
3435
16991
20777
8586
26905
7045
3948
24292
18658
13285
8536
4407
3554
5181
10376
24644
23331
17536
31213
18121
5054
24945
11538
29872
1091
12401
12452
8583
15195
9621
2097
25392
21932
4092
5936
23770
16637
24672
7490
23088
15003
15850
18359
10959
3323
23883
31828
20990
20640
19976
16723
24217
13375
12821
26284
32591
4130
5030
21651
9998
18634
19778
9026
21946
17624
14361
24568
22821
31278
5271
9026
6716
22097
24889
23673
19070
1553
5024
30348
1459
24685
26596
14847
15322
30897
14890
4148
30563
7137
7801
3050
21406
15706
10953
23299
14196
5815
10077
1418
10325
32498
6483
7668
18801
15563
23418
18086
23339
22638
14691
12472
20170
12368
16571
30713
17010
21850
15575
51
31060
29257
4241
14256
9249
16981
25171
25340
3524
23312
20081
21997
80
19858
5052
15841
30263
25299
28244
24903
27582
30552
5309
30817
25773
14866
2869
839
31307
21123
16709
16688
1417
12834
11671
11501
14718
5377
23559
8886
16915
30125
8700
4905
15104
30805
27897
26512
4855
4399
24431
31587
12062
27160
12246
20238
25283
19323
32251
22515
3916
3187
4764
4531
108
20020
15666
13481
22685
1703
17422
13752
8650
7764
6823
29511
22091
9605
21043
13193
30231
25768
30836
22530
31797
19446
22741
27207
18548
1618
21429
26117
20828
13172
16387
25668
12900
3398
2827
3053
27238
31886
2703
27530
24143
24782
13594
8270
29723
3944
13457
28245
23041
19974
1803
11820
19946
19513
8674
13204
31016
24673
19211
4483
13413
3020
7330
24428
18393
2594
26313
25536
31681
28672
25523
18357
3340
7395
29180
14406
23127
1096
18748
6267
23835
4625
23771
10474
17189
11819
24871
18558
15431
9070
9891
12919
20558
28100
16290
23986
20787
13198
9237
24875
15766
28227
18338
448
10087
1626
22006
19768
29415
26219
2395
26243
463
18833
20365
26435
7886
18706
12489
31372
15673
27970
11560
5352
24831
17828
1067
28063
17115
19539
6807
7477
1229
6304
29315
1331
2762
9469
27055
25899
19379
11290
12823
16630
11908
24909
14536
31808
18382
2103
28403
20295
2919
12197
10560
30943
18015
5044
2404
20922
30007
27449
9718
9446
19022
9311
25726
29079
30876
21650
14800
31271
5794
24476
17560
17499
11681
6670
30261
28392
18699
27362
15819
53
6711
12382
27027
4707
1112
27708
12918
139
9392
31495
9691
31046
11009
23240
25021
6771
5701
17634
22272
31284
10654
7995
1541
16698
11664
2204
27004
14915
20846
1115
889
31456
16658
2359
16586
2428
17105
30595
9865
9370
29103
14983
32237
3934
26574
6435
29285
1871
27949
31157
21992
18267
32399
7485
32646
15388
16568
5567
30788
19801
13279
31721
27174
24784
15201
10230
1421
31282
19891
29138
20675
7280
24730
15487
5589
20533
26014
20663
25249
29619
27324
19155
20271
14243
13147
8171
32325
28039
23937
32319
3125
2867
26439
3285
24570
1931
10378
20068
4739
29838
5348
11121
24655
31380
23002
26552
22842
6355
11607
1741
17047
20264
24666
25603
24446
5397
2539
397
4967
16902
24147
21219
4856
19160
1676
1640
5916
30875
3063
4681
18005
31895
11341
2216
18515
1422
10712
30458
14277
14913
27619
21677
26223
15669
879
17678
10109
7607
26663
12395
5143
23070
406
30836
32309
22352
20632
19431
1461
29064
19726
23917
939
2646
19414
447
16376
14311
251
30988
9502
31110
29224
26527
26194
5475
28003
16829
19411
915
22519
11980
6523
2649
27058
10171
17299
28580
10321
21661
26092
25560
14137
28055
12587
2513
20328
8957
16997
16422
29610
20664
6380
4010
13584
235
7784
25401
7070
470
29993
27825
1860
4858
187
23358
7440
28029
23739
18139
5281
11217
13802
29973
31199
21649
14720
23314
14057
3243
3779
211
31311
13508
3799
10678
19842
30168
11992
26175
28552
289
20518
29463
18420
1851
27392
2389
1558
10885
18261
1021
16495
28874
14294
32454
10343
30753
2896
21025
9795
29457
10297
4214
29009
12281
1673
26801
30821
12207
31691
4605
11913
3944
3443
9423
4081
18904
15730
1319
29485
5018
1288
16915
31394
22225
29145
3700
14907
4624
6468
14084
25948
7799
22000
14744
6424
8479
935
24995
5795
11193
11624
3580
522
20593
25015
993
31009
11545
8504
29499
5821
12675
7036
4131
13860
9518
11803
26022
2754
12325
23043
17861
24606
27429
8975
31424
5644
15102
3548
7573
11555
31547
12248
13763
30577
15365
1435
1619
16750
5957
891
11289
1839
24841
5210
28984
2524
14121
31427
31204
22884
13354
18486
11884
9839
18786
24255
1655
28821
1117
12493
6541
25805
17280
13122
6362
40
7660
13767
5679
19135
678
5474
15434
16105
21236
32074
23639
12466
31754
10746
29879
18825
21477
25220
5375
27705
15736
7208
17220
5403
22534
31781
18070
2697
15823
11215
31434
29077
5614
13026
4477
6907
32130
19478
25685
7253
3084
26611
15498
2446
30488
20967
13221
25241
6432
11158
4488
2403
24493
12913
19375
21510
25791
906
2485
3903
14191
20902
21274
1314
6099
16788
19011
23564
10786
24766
6338
25050
25880
27134
28888
5976
16284
19635
18488
4092
24993
10771
12302
31189
23626
15555
28224
25022
11601
24229
15348
2007
4521
8433
19794
22582
27490
10887
1675
23513
16078
20611
538
13791
2786
7442
19530
248
222
14469
30712
8475
24369
26788
28826
23927
29590
6725
11648
22187
2180
10525
10842
11577
16837
22997
18683
27704
11364
14944
92
3146
1485
23693
31972
8910
32304
7896
5606
4439
31270
30598
15468
18780
6039
30193
18227
30769
31195
28192
16374
12085
8479
666
5615
23630
20747
124
22940
9874
19106
16842
26047
839
23913
2563
6568
5902
5067
4344
2230
14171
32444
12253
17180
8232
25757
25761
7137
12779
22367
8059
4139
19397
30188
3782
13244
5628
23746
23822
18109
20651
2529
5483
22714
31416
14312
8717
7407
25863
29819
6425
21442
1517
30183
19380
28048
8424
29705
19292
19116
5773
2156
22911
15525
28865
22961
30022
11464
32556
5684
31666
3046
6123
492
3563
28504
20613
7059
12757
32575
17185
7431
24803
6672
13302
23281
31024
20817
11010
18340
17612
9117
22015
7496
2899
6126
18067
29495
25029
7708
24775
17063
11409
22688
3514
7818
2035
13214
1687
8882
2688
27939
19396
24121
5632
29355
7260
15648
10875
14310
480
13622
28567
27323
17449
14907
26657
10382
22945
15686
1001
6334
10163
15204
979
4210
10112
8066
25643
9110
17108
31629
16697
18208
32088
23767
27157
26776
15881
16317
5565
7895
19688
26247
28261
22543
22771
6031
26382
10507
6741
1702
3930
8632
25818
28083
22943
19173
16037
6301
1850
12615
20261
26731
12070
8640
14917
4522
4813
31456
15331
6671
13597
14253
6020
22878
26591
6047
12358
394
17220
2031
23830
29214
15297
12818
19746
23259
18973
21376
4241
29091
22985
17081
6514
16278
29039
17802
18675
18810
18893
7308
23764
5984
18116
26607
20763
24452
1708
18805
2568
22646
31723
26561
23115
30327
17606
14034
14709
6182
13687
10699
16045
26204
18559
12789
13220
27476
26941
12038
21451
9487
19648
13476
3011
5878
19674
18725
19732
7874
31093
409
18979
4249
21546
7946
11870
24185
27152
4354
9914
20186
16338
334
20063
1679
17413
19714
21409
27118
15288
3773
26931
6448
23884
7726
22423
3099
3462
10455
17113
4318
29410
18449
30845
12860
21290
14417
22966
18668
28488
5545
13785
15424
20825
16786
10512
13830
16642
21992
21331
19884
20999
18742
31636
28327
16665
10292
29498
32276
4848
2190
19921
928
10650
6375
16640
22950
17427
29214
16571
10392
7189
3536
11193
12704
5681
1566
7209
11399
14367
688
12449
15573
22867
30457
24919
16954
16848
5565
13715
2092
11073
7633
28004
6354
22598
25635
29587
14113
13836
16122
11221
17477
15392
13950
28996
5186
32389
7802
22800
30171
9732
32097
3442
29107
17091
25743
21730
1202
11545
7634
6538
22954
26785
21033
1274
17978
15757
3531
1053
3827
31805
17771
18284
14010
7953
16571
4961
23917
15995
3631
29999
29130
2904
25603
12208
14988
17280
4735
29855
31446
21659
27514
15879
13781
8503
17181
23547
21922
7192
28137
2696
14693
11727
24571
9192
28352
6287
20879
17144
6763
20027
3268
27117
21531
27843
18591
322
31145
21681
13649
17140
15728
3583
7613
26098
29687
28460
16949
7631
25808
14991
20612
17083
8895
9706
7474
13745
12063
66
515
21746
27778
27118
1473
5297
9368
21231
12603
4112
9554
13183
13710
9803
14662
13036
18339
30771
32598
12455
21753
23007
25996
25496
30117
3230
19273
949
16279
21807
3743
12755
24350
16949
2299
4540
6319
14053
16135
19073
6114
3586
18382
24850
12221
26891
12066
8459
28725
32691
22330
2001
13554
913
7584
26078
4435
27673
18251
10841
