5189
22948
1730
4579
23172
7749
9983
18956
15783
20290
3353
5067
13952
946
12060
6924
22301
1017
30762
4474
29005
26174
17182
20117
1631
20256
26734
13828
25645
10916
25430
22572
4954
29042
21043
257
31447
20034
22061
10524
23724
14225
5656
32015
4085
20888
26780
28405
7210
11390
27028
1613
6564
13005
32437
25096
31581
23587
3952
8416
9720
30762
29721
9196
30721
9673
24648
24433
10101
19100
19584
11772
6277
7842
8974
22957
4503
8246
13364
20438
28814
1089
13703
12997
17739
30381
20630
15837
30067
16157
1228
12268
19827
7643
24728
12216
8898
29969
21962
24283
27494
4669
11585
3793
28346
11231
24003
19536
29550
26484
18988
13527
3791
31656
10955
19082
31049
17096
9737
14909
3114
20854
23627
18383
19624
26016
27418
21689
10278
16819
11138
13542
17843
18443
12215
17862
4308
27311
17407
31646
24963
17211
30411
22818
25975
26397
27687
1349
11942
19460
85
29520
2825
20630
32181
20785
2463
15714
27113
12310
20660
21013
11829
6971
10595
13040
7980
4352
25690
19065
10121
4671
31709
29553
6747
15324
5902
32519
28773
7838
21099
27467
29892
18749
29080
24037
9426
14524
24159
14087
18251
8952
6389
20640
32430
20354
32126
15827
23270
29354
724
7847
11818
16092
22148
23552
10530
8240
31258
24526
587
22076
17823
7556
11420
24621
29535
32460
24938
28438
6384
2168
393
21127
12655
19388
4532
4962
7437
30619
22062
12522
14794
7840
20906
13341
31105
1230
11113
3396
6437
2521
16546
28616
23882
919
25894
8263
30695
7345
5956
26855
31578
2974
10986
10218
32428
13778
12302
11395
22295
4914
6220
21992
2757
26060
24529
10409
24795
6597
15735
20032
12982
24978
7729
13033
25204
25195
28586
13748
6839
1277
32297
7896
15269
15968
27064
20554
6452
25928
30341
25742
28324
26495
15496
12238
11085
29587
31334
22313
31898
27340
3990
29261
14678
12128
25026
27464
4646
8938
12656
4251
11095
26905
8673
3472
986
17061
30777
15566
19853
5256
21985
2347
6845
28522
29226
20673
1256
11101
5939
32324
12487
27594
26124
19603
21387
8107
9755
26764
7528
20987
9151
25893
11600
24171
25140
13752
29185
24151
9399
8863
7233
25080
4842
27649
1640
18907
31865
3819
13600
21650
32766
24739
21865
13481
6434
29753
23520
17116
23045
32350
10560
8326
21473
11129
22569
24157
29418
7160
6176
31581
20856
31460
14808
20482
18023
25273
20655
14778
12990
1140
3452
6810
21136
17645
13960
336
5408
17511
24794
3417
16456
1126
20152
25460
25372
8129
5994
18006
23498
18679
31809
10143
29893
710
3800
17677
23842
18170
3226
9711
66
3972
4996
3293
177
30155
5164
12711
23118
23623
9475
22411
28588
22091
6871
5035
1721
16930
2716
22462
30877
18782
6251
5381
6373
15213
14283
2944
6113
30317
16688
6499
25674
21057
193
7876
20520
16869
8798
18838
31987
7934
7906
24026
21241
21430
3749
19988
2047
22214
1350
14332
31019
11732
23207
6519
23586
27136
1336
20933
2925
21178
27001
17148
29217
13014
17082
10165
23231
31714
2341
28933
9561
13239
30975
16559
10486
24654
7979
21399
17464
26069
3824
28794
24892
2818
9468
11997
28866
6056
31656
10819
8334
16776
29821
30115
20750
23401
31479
25369
3644
31339
25738
29660
4038
1432
4579
1136
1132
25532
13680
2333
11434
15222
25378
28319
2200
31120
19826
29471
7438
4492
21410
2914
5131
11391
17733
10305
15448
14883
32513
28761
11368
6183
17556
16899
3203
17353
31765
4487
19492
18855
11900
30604
18079
26578
29029
979
6918
5669
7697
10277
15182
26837
31150
20362
30382
328
13016
30140
840
299
22623
21211
19211
13247
11595
28514
32728
24947
32285
13402
15075
440
23384
19406
11101
16145
23872
25982
6224
361
21730
13271
14794
29354
3668
13603
11581
12683
2110
7422
2342
9898
17561
29193
21485
12250
5815
13282
25100
5566
4740
7507
24436
32663
267
22217
2092
22874
32316
11528
21564
24582
9196
8222
6857
18484
26141
24213
28801
13039
1152
237
17722
25799
13624
6474
1237
29473
27873
27497
16233
23505
26577
24792
7326
15083
22685
3431
7766
4821
24543
22490
30355
23201
12599
6880
29845
18074
2448
21065
19778
32541
23205
10355
17099
14763
20419
30725
28557
26683
4048
5600
14389
29397
24716
30547
10536
12124
3863
2190
17186
2988
16820
18266
31516
7653
5836
30215
29044
3845
13622
31397
9288
5053
12725
15991
8482
26493
28098
8612
31195
32210
21388
22320
185
24049
4926
15659
4059
23700
17792
1320
24535
10244
5952
16625
12705
23159
25266
10105
20399
1693
22933
9746
10842
29302
9401
4576
5000
29798
7358
3470
23944
9867
30
30527
24893
25678
19054
29384
12159
17976
4320
25628
29118
4104
2061
28167
15848
17666
5873
18720
24973
22153
6967
1785
26690
8432
17079
5528
24899
10894
7742
5931
10332
22800
20877
25079
13833
4371
1188
15506
15068
29683
31296
10834
2591
12253
28578
23557
6075
5676
10642
6370
3416
27634
21156
13248
15046
10452
3770
24710
26011
6172
26570
32227
15390
4105
30689
10047
28516
13161
29800
8945
14521
29034
32423
178
20034
14254
23943
31825
2784
2717
1180
30889
19798
30719
3170
9937
21167
6090
32711
11666
4058
3896
8938
25886
20120
18973
5923
31486
4504
24184
67
4685
991
20040
3869
13348
30574
7073
5445
9301
14111
25342
1559
28252
12241
28633
2299
16018
13508
32633
232
23460
25414
9740
11559
21572
27024
2549
18266
13598
13547
26983
17084
23310
19223
7731
4266
13712
21228
5086
3683
3448
4162
25591
12
9187
22287
3239
15607
15725
14799
30090
28964
28068
30505
14013
6152
14013
27343
22073
5262
20870
1446
28511
2652
12700
4391
30931
23639
6622
16901
7310
29801
21793
24079
22063
14466
26406
31065
19346
20700
18889
3734
5028
9092
2682
30409
24438
10518
23537
1053
14736
32455
28702
17424
20359
22953
11871
11479
31186
16171
6646
14846
30169
9951
31930
15440
1615
27009
10764
24822
28098
8500
28173
13283
30576
24334
32015
8559
605
22999
30537
15169
17058
31246
21710
17523
11528
26413
19904
18673
16597
31279
4800
17442
9190
14670
27050
6859
17662
16657
639
27696
30814
16006
6307
32380
17046
24268
13385
19042
17818
22485
8235
27141
1048
28266
26494
28437
28425
7536
28709
25659
29063
17001
1317
32184
28382
29502
25945
15689
26341
24891
10855
3405
13455
27995
7154
5929
6845
20934
17169
22764
4950
1176
20992
15919
5274
14308
13334
16448
16563
6905
23031
20863
13197
16611
5643
6151
25320
20533
7471
15249
17580
24582
32682
19094
12156
9786
11874
31412
10637
23299
24656
18515
6585
30118
27697
14728
3791
9859
27262
18490
4398
12880
13215
14211
12946
4773
3676
22616
20525
32701
8852
365
15098
18299
1073
15955
14926
5547
27227
31203
7344
4491
26348
10208
19178
29833
12836
12760
4448
32335
24223
11083
5025
27133
2435
4368
7740
18613
23294
6131
19157
25949
27376
20131
10871
5536
24036
5836
27180
7222
20037
14720
9675
102
21967
6875
23826
32457
19267
20711
16116
30544
2143
8637
16180
31880
19469
11501
10803
26653
3291
17440
11015
6302
20395
14076
30668
15487
22187
5704
6207
20068
15496
12881
31369
9885
20447
22668
19032
17900
17141
5244
15924
15759
935
30678
20241
22650
20388
11748
3616
27109
22745
24103
3307
25862
3629
8768
2977
8736
23663
4881
25006
29884
31628
12575
21647
30518
7174
11322
20709
12156
2209
20065
14792
28947
4192
3552
16989
8283
19631
2747
1451
15123
6114
31567
20650
18975
18398
19511
21149
8329
278
30573
10146
3015
13754
22193
29064
22844
9514
29999
29408
21761
28593
9308
24663
9700
4720
22561
23619
10929
24472
3643
20603
15537
18141
17634
6764
31601
551
17576
15721
1476
31370
16805
3907
17419
31096
6097
4890
10164
31285
9905
30322
1025
12172
4150
25737
25611
4545
24290
9193
518
2246
22316
12857
17350
1713
30758
21080
24706
9838
28509
16557
5081
8881
1024
440
530
14639
15685
32493
12712
19982
18441
26051
15878
25498
24503
32008
10127
14905
15978
25719
25825
11425
22614
29324
6491
7240
26212
9367
5341
540
1052
21776
206
30581
25800
11306
24164
19272
25558
32426
14879
30621
29823
3834
14487
2883
13478
25721
24696
23490
9987
11542
17867
5009
22656
23837
31351
28809
29923
336
26631
18074
3758
30522
30381
6845
7747
32704
9607
27177
31820
24569
30754
29130
23386
1088
23869
2543
1228
22919
29391
27203
23795
20718
19275
27134
29300
16788
6178
4188
7405
7340
23945
2383
28379
10196
4990
21104
32443
12707
22533
13372
19311
29825
5816
23421
16356
7100
18814
9990
6642
7896
13979
32163
14467
26406
20457
16464
5368
29592
5988
11433
27592
28371
11500
17314
22634
27526
26951
2168
26742
15098
10854
11240
27143
4587
13545
30622
31075
28567
20197
3568
4574
31508
30692
20940
9723
19174
25133
2799
725
19153
4422
6744
701
13292
16824
21245
21285
19191
32274
19132
20925
22766
1328
14228
17627
4574
26045
11541
29472
24056
29431
19989
24153
14564
30386
18085
9635
7000
17568
8772
21203
8936
4815
21074
5908
27680
15219
30919
15058
21200
19430
19236
17623
3239
1261
8618
7348
20995
12349
1738
11363
2312
28478
23262
17706
9968
26382
24598
19394
15265
28105
17077
28601
23429
7432
29053
29205
23446
28071
23143
16186
5048
16588
24472
24590
6988
31268
6289
1626
13314
3952
13222
14452
22254
12609
2993
24603
6111
28927
17927
16546
21228
2096
3243
6225
22607
9463
14530
28936
2679
24539
327
25637
8792
16074
512
21928
3590
26974
11953
27285
7554
29279
1679
16026
29139
23176
7159
7410
25177
12430
17504
16521
19551
29278
1167
24417
239
5030
3338
1332
17642
19864
23246
347
5976
7147
20548
27630
12796
2850
23154
1581
30763
15376
30318
31262
18399
16540
11033
15736
24840
13762
19209
7104
22306
16090
4807
11186
16652
17949
30523
13282
6936
9829
14436
17059
3935
8756
3149
32040
6231
19448
30268
27113
12711
17293
7724
14920
2873
27908
15485
22389
29329
1187
28139
13967
26206
13356
957
14348
2127
3427
9278
5722
24872
3530
20337
10182
11029
4015
7169
30622
5694
19560
16503
31378
15259
21470
15535
25184
12810
7496
14221
21681
31135
5433
25836
2365
12603
19677
2007
4918
19040
11903
25852
23012
12099
23375
14685
1165
3875
5731
2377
23959
17626
24827
23435
28912
2994
11273
13537
27054
30329
17137
26544
29427
23768
21389
3061
8212
13024
14196
13183
8186
32486
25212
11868
16328
24977
6781
29585
189
25649
23640
526
17757
338
4664
19936
22987
7058
32536
3497
23418
22191
902
31821
17412
1764
8102
25327
7002
10870
22137
32540
5406
8586
22111
6469
7501
6201
2779
24435
6177
22246
31639
22582
22838
27855
7336
478
5611
26851
29714
29166
22283
5332
14479
2254
11693
26220
19852
3520
12120
6948
16501
18197
32107
12787
11058
25249
23484
14180
8178
17004
6784
6123
551
426
22379
27769
28881
17902
23064
30030
9728
12442
4010
14095
28564
1178
27060
28184
9544
21586
9302
19475
16367
19412
14249
13257
30205
27479
30813
26425
328
17893
11169
23527
29200
6227
4675
10615
13117
19574
12057
18042
9193
15508
19615
1928
27166
19225
1505
5263
25313
8843
22172
18538
21359
12736
30368
11958
16326
14415
1144
5089
2663
30532
17229
23427
16731
23064
28680
4338
15476
11232
29111
26129
28885
11460
26930
5224
7604
7091
25598
21626
13919
2133
13937
24402
11645
321
16663
11872
1431
29297
9557
28035
19159
18418
11596
21351
23055
10464
27392
21521
6396
24210
21178
25016
973
15378
21675
12247
13279
6608
14801
11392
17355
14743
18463
9203
13474
9919
29144
17007
14455
26277
5180
26696
1566
3416
2406
1082
6708
2709
4469
26621
2399
17142
22250
19225
18391
18790
4689
28668
2598
19672
4388
8010
9004
3641
9196
28020
869
29346
14249
32396
15727
1491
7796
15448
13254
221
19299
12965
21459
10526
1453
1501
549
7026
22286
14300
7166
22440
14701
12032
12817
8243
18365
13183
24714
546
30241
22270
26703
6483
5459
31327
28037
25827
9542
26074
32599
16360
15114
10063
19698
21091
32241
10970
11220
3696
32752
16809
21319
3520
30023
2826
28968
25417
3940
29640
31725
13628
32517
16312
26087
13112
24990
20879
5571
15549
7674
9462
18519
19427
29732
12001
16284
30796
17544
6172
25334
9815
21078
1574
13500
13974
1319
26179
16628
18819
28131
28365
26974
27502
4834
19147
12981
15546
18257
9157
30513
27209
4568
32214
8784
2613
26233
6658
22998
12481
14268
21194
14354
20879
8969
9982
31588
16659
15445
26323
20220
27207
15617
14133
4324
3232
6654
24414
14657
5697
17718
5288
18134
28272
7719
14495
21705
17478
21969
15707
15786
13738
18899
9229
28593
25216
6865
18903
22087
16413
536
30433
31944
16638
10885
25513
20104
9402
4259
10394
6164
1078
11795
19425
11706
28184
29745
24956
23371
10110
23028
29075
287
25839
278
6412
602
3986
13941
6234
26734
27293
20922
17557
24545
11537
14392
3792
29265
25509
1815
5543
8629
12031
10417
29975
18661
12842
22844
18579
25949
17733
24234
4947
11837
16504
30669
752
7317
29485
18111
16430
18656
7036
14977
16920
16846
29158
15330
22355
16455
7495
8610
22956
23724
8966
12248
16371
10592
10127
9873
524
22151
4867
9146
835
17165
28205
23616
30432
7914
3001
28789
29435
677
20896
24502
9618
8215
14055
24395
24537
28786
18825
6286
27601
898
20658
4687
24604
21554
24365
18808
26128
18001
27168
15597
9738
12694
14327
28854
19973
7650
15262
11360
26219
5318
12275
30880
26922
11333
1915
8250
20235
11995
1107
14369
1856
1214
3178
29408
3387
16995
3566
17208
4295
68
2052
4619
25681
24545
3004
2937
9606
25092
18756
18248
21540
29258
32092
20617
19209
19423
21257
20600
20369
7049
3470
24741
11038
744
3736
18513
760
24828
3257
10523
25176
999
3607
24284
10943
10228
31590
5839
24204
26585
24339
25077
31182
569
9410
18103
19799
6253
27899
5582
4114
19076
18720
1632
6806
21640
29603
23915
250
4355
22645
9319
32491
1218
450
13095
27133
22489
15579
4353
7743
24552
2932
28974
6418
8092
13583
20083
13883
24440
3256
27137
17206
17365
16115
12699
23757
1063
15347
20726
19178
10115
4620
29285
20138
27230
19563
29366
5810
12696
10757
3158
19910
11961
16589
15804
30616
6522
24874
28421
4061
8839
19880
6876
8102
899
6894
32413
15598
20556
19440
5562
10351
28033
32357
25693
32187
20546
15228
21839
10631
27447
16586
12056
6730
27860
21895
25704
24327
13019
32763
17333
10342
5922
12083
18982
24586
31126
11512
7600
18975
11136
27650
29311
25906
8199
1640
24471
31814
1526
91
26299
7972
11968
8980
13197
29938
26306
1035
22008
7431
8903
3178
31691
4606
9937
5313
28070
17161
2583
26875
21274
22408
15434
18577
524
20699
28700
14077
23898
32372
3843
12402
1730
30768
6714
5834
26623
4839
7434
27328
22324
834
5191
9567
23182
8908
28445
17850
20261
2892
3341
26334
30500
31827
23858
29189
13098
16145
713
16652
27376
31852
8944
17703
26923
14676
16302
1492
11956
27984
17460
3085
230
26461
9826
3522
14151
29945
16781
28038
3179
32635
20096
25225
30230
5029
7360
23750
18593
1916
28949
31101
10655
12887
11589
7140
5568
27447
9507
32282
32245
16726
17608
20060
16340
8963
27681
11387
32063
26284
9130
7053
5952
27197
3704
15331
20536
15529
15741
24892
22841
1477
18440
22840
20144
8285
19851
30224
26695
6786
17569
12675
24585
4129
15183
31764
21703
5082
27786
3186
11195
6670
20218
17208
13676
6714
254
30422
6609
23172
13808
15311
20409
6548
2218
32038
9067
2725
22345
30994
4233
22492
3121
30201
29498
7896
30801
17308
21639
7050
8872
23696
22022
30023
12551
15341
182
25115
19993
15178
31531
5217
12450
3304
27371
9872
10244
9773
1303
31064
20999
11860
4686
14318
24025
17764
27086
30372
84
14174
10204
8124
32128
28603
9063
8830
27481
16661
26344
6280
4562
21797
12428
21862
3097
22765
15765
5218
3869
14646
25853
14493
31054
829
17757
21343
4003
15786
2574
25772
3042
19905
2958
2584
24604
15580
20261
4060
21366
29209
10696
6184
23600
13392
2621
19643
23263
2120
11904
20146
6909
16170
18534
22685
15524
18741
21888
18136
27543
8372
11842
31257
1922
24877
4196
18501
8579
24284
10377
28552
29416
21087
24351
16292
12603
27827
27782
28041
25468
26463
30836
17703
7341
25839
18584
11648
16276
13732
17021
13057
12220
21610
17586
3090
5053
12298
6952
19436
3261
5281
4827
14250
1847
18769
28852
29091
2299
13878
20398
28408
8310
9884
10809
27497
22836
31599
4828
20333
22947
25074
24605
15489
3610
25268
20389
13248
1305
23745
25760
2740
24787
16661
1379
8812
489
8790
7249
5326
20345
27842
16383
19503
16471
23142
9878
14625
2458
30608
26745
6796
5723
19336
22056
3073
11449
31099
25957
20042
25632
28088
31125
32326
20684
27423
2920
11764
2184
3285
29628
5069
25788
4157
23999
17495
9638
31524
9300
10743
23272
29244
7865
12038
13635
21452
8294
20008
9634
27301
12344
31961
27994
19800
15054
9289
944
15782
17460
7274
29852
7224
23742
23879
7372
17553
23863
23191
26348
25920
11835
15762
28197
10330
7906
28931
10723
16423
3743
13215
1756
11292
28263
9365
4430
18953
23829
32358
5255
1940
25357
29687
21419
18406
4383
25573
16306
20900
1711
22040
20144
22817
8979
30619
22617
31442
26173
2218
7108
14850
17562
28941
21103
22470
29241
28325
29828
5684
26928
4677
4698
15312
12092
32451
26431
27463
7847
7758
2421
9056
13935
16897
23418
31535
13732
24505
8844
28300
1554
25124
26221
20163
14880
16155
32356
11149
8696
18482
28548
18495
15336
27021
48
28994
1032
19189
9439
17859
26398
1834
10781
18859
23742
28027
16339
21458
27830
405
18887
11375
9129
11673
6502
28628
15097
23153
29890
2392
30698
25187
3799
23188
1541
4582
21778
25298
20667
10933
13844
31426
8267
7459
17843
30831
32230
27566
25153
20338
8976
27862
16145
357
30793
24368
30776
29339
26349
950
5009
30478
601
12897
4868
11161
19535
7418
31751
28520
6300
13357
30820
4524
21495
25311
29757
1939
12845
5057
23886
15991
1915
13605
26483
24150
20795
12049
31338
4226
12740
32658
11481
7833
25483
29011
28819
32184
26510
8302
21527
6636
29426
16770
32090
30185
24554
24326
16838
29439
9692
221
32642
21833
7359
29226
7156
22568
4040
6501
19332
26351
25413
5807
1699
19936
20937
7266
20492
30552
1161
13805
12362
2374
2822
28895
2683
30433
30188
7233
11859
23195
6458
4649
19300
11344
14756
16268
10652
10180
10550
24148
19215
30540
5945
5554
23286
30411
5978
29878
3576
8928
9225
31517
22441
2142
8224
9322
6481
18429
7109
10552
11758
591
24721
27342
30588
16373
2290
15604
20851
10770
9933
517
3218
9984
15720
19782
22491
12098
4744
32630
15071
28346
6870
4518
1339
1564
1415
587
22371
163
11068
6290
10398
20995
25639
29171
28242
28830
2416
3593
18562
24570
9687
19617
22421
16243
6554
4625
8025
12589
13721
1483
6983
11597
4536
7985
26633
5481
8837
29867
9785
7228
21019
247
31340
21919
8262
21185
20079
693
3559
23156
14288
28261
22426
19023
10144
28173
17303
15547
18296
23156
1750
5340
10170
5377
1399
19814
8985
27947
29280
10674
7004
31281
4648
32017
29534
15627
9524
31840
27226
7840
15647
19932
15461
7737
351
19256
11324
17462
10022
10733
23104
11520
8327
32210
3263
16446
18138
18924
19829
26700
1121
4999
83
24040
16684
11141
22399
23599
5945
8695
18587
20681
4576
6122
26442
23648
31854
25475
18672
14166
1041
14927
21946
20151
12532
21972
10975
11628
31402
18028
29221
1458
31696
26707
21158
28363
2286
12030
24276
10995
11935
15022
9147
2454
23282
27718
15750
14784
13839
27481
5445
8405
28190
21128
11245
2434
31332
30219
5792
16115
6575
30861
4143
26695
4085
8765
17374
14401
26424
11810
13671
17728
14252
430
27201
7537
15132
663
14369
27459
12170
32482
23746
15899
19734
23361
17122
19274
21281
31646
6285
15164
28849
6648
6813
22257
3095
32622
14722
10673
11728
21401
31551
27388
4778
30239
16053
17601
10535
5765
17444
18896
32294
32325
7919
12432
23744
16673
29855
9717
9585
18358
11563
19629
8312
26708
30839
15514
20352
525
19738
5765
639
19980
17508
17
13279
23337
30624
7149
28636
26554
17046
21070
19245
3499
3924
32157
11494
29905
3886
20332
28573
32635
1284
431
7627
9546
1219
10281
19830
28739
19502
13860
24333
20515
6367
3173
9108
14322
8072
9055
11776
14811
2175
9639
21477
5435
5498
3752
8526
27384
21655
8600
17388
3092
1183
19627
12660
5762
3723
19590
3394
21560
14407
9206
4418
4229
29879
15330
32272
22437
29944
16254
22110
21651
24296
2242
27031
16670
19688
12571
29121
7231
31456
6752
18600
6826
17540
1031
30777
1443
22742
153
10796
31763
18156
24419
15078
18907
18420
24175
29597
18792
27253
14514
12221
903
728
25735
29066
379
1318
5724
10759
1358
11283
23467
14359
7268
4412
25133
25315
16470
6829
16202
21371
31229
24998
19411
20928
15052
30367
26611
18561
24675
9865
15203
21732
5730
9559
17886
25864
2683
16829
21461
10728
9932
1591
11107
24707
18027
27470
1411
13882
6210
32535
10113
19577
9245
9724
12462
8089
9729
22718
28760
21765
13248
955
22521
13468
24778
27501
23983
20823
21574
14900
25324
9516
1377
6997
29551
9266
4582
1858
28787
2821
25360
9500
31782
27756
5276
25974
14684
16953
21025
14940
13189
1393
7844
4243
732
4525
14951
28195
226
22464
6915
23059
8459
9114
10678
29044
16823
31085
15358
19873
2403
19982
31335
8132
9249
7837
10657
9628
30021
11112
2517
23422
4450
23053
16441
3994
5237
735
32483
14976
10335
11659
24283
16611
20377
252
8307
668
18467
27259
17883
23281
6845
16411
15344
30232
10842
25172
1365
8183
22482
8430
7109
28718
3543
26400
31655
30551
18730
29434
3555
20876
28942
7168
25589
16938
5118
27928
31296
15573
23707
5542
29860
32701
21224
30197
2386
8991
15801
19161
3551
16910
14441
15506
23192
8307
20684
21748
30742
29267
16740
8389
19218
10320
7128
103
12922
25971
30625
27574
19395
552
30983
11572
20866
16522
17484
22628
18486
5601
12583
32627
28008
11625
21108
27677
7415
2134
9769
24527
8365
24340
396
7945
7701
10195
3491
19463
5777
26179
26604
21664
11687
10396
15183
30574
10652
21986
25937
9263
25156
12647
31626
15211
4632
14225
17753
29016
15753
14301
32214
22522
9364
20516
29192
21646
29335
11550
20313
1065
8291
13348
13894
21405
15506
31290
25947
20124
3611
11340
4191
27168
17699
19640
14284
19977
11798
27149
5250
25096
6903
13074
27579
8637
30452
3083
24386
31772
14398
2359
3552
16917
9239
29341
6167
26740
6445
13577
23827
8454
21542
25681
990
3837
25212
13020
9427
6805
14219
613
10069
10232
6120
29181
10177
13663
20213
3407
31136
9339
25266
296
6690
13075
14806
31031
9928
26350
26655
2833
11360
28915
5350
21111
25142
19343
12278
8924
9609
6231
26782
29218
18748
239
6917
24741
3534
7978
10174
634
21900
12402
27036
19961
26885
6251
15816
21368
24511
30419
21008
8794
296
21677
11650
32585
12751
11422
10042
20415
16596
21143
16248
24267
10654
32436
3830
24338
7627
32612
16504
19988
27501
22219
18596
7344
4979
18276
20500
16618
9317
5099
938
5357
11605
30330
16163
10060
23826
4850
17903
24717
8606
26780
32320
8680
23522
1808
25186
16716
31649
2646
7242
1699
6059
8780
32625
3671
22099
10567
21731
13589
14882
3581
11666
28881
9933
5283
12017
15114
12901
13138
3518
28751
5838
3503
11039
18690
22386
21451
2033
20316
28470
2120
605
30385
6830
29118
4524
14325
4748
15196
29788
22400
19039
2259
1139
14350
1914
367
9747
24330
25649
5767
1103
3596
4940
2328
4157
5536
30645
29357
30284
17737
25716
21890
32216
7365
6365
30696
1788
8851
19720
3819
6824
947
25218
31795
16627
24749
3394
9000
4530
27604
2271
6490
13129
15564
11776
13855
15297
32074
31763
17790
10267
21275
27458
25163
24036
11112
6818
15252
27402
19256
11950
18748
30702
18742
29685
13286
8122
21685
6671
29716
8949
28145
6869
27792
10325
29591
8658
1036
32724
10632
2036
517
7173
7386
14215
13037
13737
2336
3172
6024
19838
8940
1126
9111
87
27538
21534
20404
24945
29230
13256
637
20229
9704
30845
5364
29978
7542
19882
30246
29341
30691
8896
12811
21683
14991
8493
24494
23630
20600
16012
14989
16895
3767
16152
27459
27659
25166
15463
17252
19136
2848
1109
28841
20233
2113
25662
27469
12097
6512
13424
9142
28229
31202
14303
13144
22733
14402
9243
5335
27900
20469
25984
10091
24629
26530
29612
393
14129
22770
18999
22208
9294
26004
22942
29921
8234
15749
1151
7266
28785
14990
32012
14340
4339
29966
5818
14260
13050
5625
24633
4783
18138
2593
6569
13546
17353
31412
23307
23473
8689
12038
32501
9614
15044
15249
9610
22892
912
8763
25514
10492
22099
18391
29286
29272
15568
25325
29367
17639
29154
18366
6511
11648
3345
13699
22383
3538
3171
2294
21019
771
12404
30739
16395
8087
24265
15136
32259
31892
32354
18155
28710
26083
654
31827
870
9722
6148
28937
25407
13496
10286
13720
14245
19856
9928
15523
32571
12522
23978
18286
22981
5318
10978
31649
22240
2211
25862
1608
7409
20639
22985
28701
31835
31711
6859
1802
17141
14897
3254
234
25531
13552
27782
15248
18115
28457
16168
15882
21875
28923
24391
24358
5874
16964
7523
13622
28892
30842
9763
13073
24634
23510
8940
5722
16049
26552
18610
2821
26617
10823
18702
10262
21393
18263
22929
10668
30385
8849
17753
3135
641
29901
15585
27942
21128
20675
22557
21596
8039
23267
32455
19331
18887
14465
10996
26153
20880
31285
14826
8011
19803
1410
16181
12311
30251
16821
3576
17398
6999
3088
27778
11722
4811
14120
9761
628
31089
6540
28475
15514
22505
28583
20378
19879
32640
5352
1800
16403
13152
22560
8220
20196
29188
28459
9555
5749
29423
19922
11362
17014
11422
25584
11211
23860
30395
1748
20143
9242
7315
2535
15075
1400
29642
19086
32070
11140
19277
13138
4177
14495
18057
31295
12527
6361
30939
7817
30095
3254
21831
26998
23416
20787
18028
30327
15965
2308
695
1688
28210
19232
28888
8987
22334
31359
12402
21344
28784
19234
6935
27145
25590
6229
20851
11611
9740
28721
10439
24294
28178
30820
3226
26216
17890
4149
10411
9199
9056
21442
28457
11582
16467
25740
20262
31346
9331
6966
12106
17893
5570
1674
196
9043
25376
23485
32390
4667
15642
15348
27826
3976
4356
29446
27727
27249
6727
4996
14145
24734
7675
5111
22648
17804
1209
20840
13415
14642
18090
6950
30136
12773
24036
11203
12862
23929
13047
13152
23595
7593
14274
22314
21379
9144
9356
18981
11216
28505
2896
25385
31256
13517
13655
21546
16140
28235
32524
26300
16770
7332
9741
25045
27941
31527
15742
31957
2411
10946
15522
965
23752
6251
23468
4316
4130
8894
13010
32584
26244
17128
20388
31531
7446
15555
13468
21219
1869
6722
30454
28046
15199
30224
28353
2765
25338
22900
11575
12233
1077
12664
11594
25972
22215
8010
29311
11282
31094
10210
2559
18423
7123
1765
8684
19346
28709
10442
10993
682
31139
4155
14365
8936
2790
10942
4337
26006
2205
22676
10679
28326
17539
11233
30230
9462
1166
8974
18916
24530
2665
25196
15419
3515
12069
12570
16591
14438
26412
15656
27518
2568
17014
27388
4649
14289
15615
13301
16579
30134
29560
22607
13223
22388
4156
26695
19503
17106
1159
26751
13186
22310
25058
5539
8109
28186
26594
2893
28406
6576
6674
21030
3436
17284
29230
6479
22723
20818
658
7935
30303
29367
7409
3181
20399
31804
20810
18672
10428
29584
22808
2148
1282
12565
17098
6353
20094
15006
29042
13127
29448
15224
17601
21516
27619
15783
32051
24058
25491
2161
12423
3362
28142
18465
25202
31925
1654
25349
5524
17445
18662
8121
26795
28551
6155
167
5127
22332
9941
30927
23358
6864
6062
24004
18208
17186
9738
15095
15341
20421
3648
27192
16326
13223
10136
5498
1378
1264
25765
1495
3842
25645
11733
25556
32167
24238
19014
19685
24706
20524
19163
25140
6316
1968
11152
13470
9495
13231
7946
12798
27333
22906
14451
30639
19767
23510
26500
11852
11049
21734
31459
21178
4988
18258
7344
4201
18036
27298
32090
4310
22307
5867
8376
25685
293
5038
341
26637
1678
19965
32267
19780
10785
14815
17875
9693
6595
25334
13787
6686
23855
28767
24025
11191
7402
8154
7840
10752
21882
31787
5872
15235
19155
21184
21139
8378
20498
11411
28581
5146
14189
20050
11828
27472
32362
958
7689
24010
2640
14929
24260
5241
2267
12067
9775
26325
18740
13326
204
26914
8480
20496
176
12274
12920
16114
20116
27884
9433
5159
20778
18635
10140
1271
24237
7850
20489
7645
11452
31870
10183
26413
29288
3300
32663
15609
28812
19997
23107
24118
21597
14934
976
30491
10305
17709
10491
10954
18149
21106
740
24626
1161
2602
27396
22068
671
11738
27492
17156
24981
21250
7953
723
17647
9959
30411
6571
23960
8085
13821
3226
28282
15909
15346
22034
32588
17980
27973
31120
12715
3796
20889
31356
27757
20543
14731
14928
20786
4968
229
509
12347
9821
16660
14987
28288
14858
2013
6399
4604
3399
26187
16769
26700
18710
27628
9662
31608
29221
25149
8844
18705
5019
23650
8396
28540
1809
28442
15765
17805
32221
9459
15759
4184
12183
698
20380
19267
20950
12342
25278
13920
15675
6422
4917
7930
25521
6695
29415
5742
31730
3786
12549
2876
1614
21158
25836
30814
3752
2970
73
7897
20417
20469
11393
32145
7097
31978
5968
31585
11730
20798
29360
30571
18808
8260
11260
13229
19070
12555
7765
19926
2731
7638
17477
14935
16501
18380
11426
30140
15116
13041
14005
24637
8090
24149
22940
30608
3017
27788
31469
25346
16775
12381
6300
1478
16390
29118
18975
2957
28166
32513
23759
9047
14678
24136
3986
23688
20376
13118
12727
23102
21574
11529
10529
20706
14322
4218
9128
509
5330
12935
30652
10829
13435
30460
30795
5657
8941
10093
16357
20417
29392
13935
14111
7321
5885
17160
23093
15351
30016
28771
499
7307
5724
26056
13269
31727
5968
2764
15725
9343
16345
21445
7941
15723
25144
12929
2438
24843
26677
32568
29592
28018
12644
28094
2571
17221
9895
25341
32630
26318
9972
16035
32541
14156
12633
27928
18200
12429
28733
21939
11698
27327
2536
31021
5648
19588
23110
21590
6163
9028
31207
23302
24446
5575
13899
8023
1628
9475
24413
30993
28316
12082
3645
16742
24319
10536
18754
30432
26420
484
10560
23959
20289
25701
25606
28583
5668
19391
24619
12769
17338
7533
13835
16577
4577
15849
16908
10656
12505
21370
11302
25643
10993
11085
2210
20
11103
29896
30241
23304
11375
18203
23777
29408
20704
9496
13116
10267
27786
29508
27505
1164
69
5166
28327
23120
11527
7935
18735
20227
25164
25683
27658
10035
19387
13639
10155
26133
16902
8403
17405
5495
17170
7003
22952
18934
13656
17536
20625
14193
31371
16188
10143
27070
5498
20526
27077
30107
26425
13874
29757
13799
18299
28981
29201
26898
31811
27464
12512
17106
21692
14322
13023
17943
27492
24011
8734
31554
21360
24134
2317
22161
13677
28623
29758
25310
7971
7702
24940
1162
2750
17578
8125
26804
24880
6089
1348
29870
31697
12151
7626
18865
26952
18637
14030
12495
31151
12692
27850
810
22002
4626
7608
25188
9848
2340
25813
21846
3334
20109
933
7429
30176
20366
23607
21969
1073
31159
24746
14576
7596
10236
7152
4635
22900
26123
14290
15751
22073
32221
9268
16919
15268
907
17307
23504
27382
21348
16620
2701
8940
13884
29303
30964
6885
8198
28211
20392
22854
15526
13131
18624
18718
16128
3290
6009
21254
9813
4595
30759
32076
28111
26341
31858
22352
23130
9149
26558
13357
23222
1036
12267
30876
11722
17386
30271
22
17212
20026
3232
23865
2622
8240
23303
31085
8875
1553
14641
22471
9298
5434
4248
32558
28818
1892
23201
20412
16935
23334
20247
18278
28483
23995
22232
31200
4576
518
5838
16315
2645
10451
10017
24785
4136
15968
19115
15842
17700
20764
15021
15743
32427
1454
23232
39
14669
3129
26894
8113
27289
31455
32449
32233
9522
12676
29884
26238
17190
10964
137
2076
2684
24199
7571
2261
12
6371
5782
14789
23700
27523
17235
11766
22535
7000
20104
14465
16168
12269
6175
5622
1880
2031
1958
17662
21676
5868
25343
21055
9795
12379
32089
7040
7383
989
21087
19982
3985
11970
25006
9310
25378
1743
24205
9971
22287
574
2008
29826
15692
24839
15422
21845
20493
31582
7853
7661
6617
22909
24329
9451
9184
30883
31524
20529
24206
24925
3051
32068
30816
29444
29405
18676
5879
2183
31682
31296
9835
23146
18073
5236
13025
16911
3538
21652
96
16949
7357
7677
21728
30910
2627
6730
10404
23989
3028
4213
12490
29583
29856
14142
30753
19633
13578
1745
31290
2611
28249
19875
29890
14308
28337
3229
25358
10638
10563
24188
22520
15739
32448
28280
10730
10295
27155
16931
9528
11672
25935
23189
14515
27388
6886
28870
20603
5842
14109
20795
21268
22876
28092
6885
29884
8882
2058
25926
21756
8715
3832
4565
6782
16952
26013
19620
286
20337
26594
64
3651
10836
24959
16600
24432
11307
28966
29346
18198
8302
11261
12155
11181
30601
5458
12238
23810
5854
16011
15030
21459
27150
9051
24935
3993
6516
5692
2506
1701
2547
20761
3175
23662
2546
32330
27016
21034
20388
19910
22939
9627
11405
27284
15577
21036
6722
25731
11813
26684
1136
25115
15671
28346
29727
11987
5113
754
56
31109
2865
10918
10053
22302
29281
3169
30329
23962
3819
520
8688
27440
5753
14770
29239
28105
10396
22713
11023
16055
2996
21778
20334
26276
12559
30937
26311
24008
17493
17456
10123
7264
18979
8522
10992
3931
4598
7875
3569
17750
32587
9267
9110
26570
28164
21762
7285
21636
13838
5502
18297
27478
4673
26154
20450
25613
28295
2393
7309
16546
24897
9980
13430
12213
21478
25273
19579
29494
7917
6205
25187
8038
7406
12754
2334
17918
30980
19764
19022
25005
15477
8864
16647
5576
24469
25135
20947
5694
25063
31586
9210
19402
11654
766
16384
2156
18883
11034
30574
24601
8464
374
31190
31154
24093
26638
15121
27699
9280
31727
3787
31789
10010
24138
7490
19830
25976
5063
5450
23838
2935
28187
16277
22438
16364
13277
22321
8045
24834
31381
19282
5995
29733
26391
20050
1569
19743
18447
22006
9424
12417
16092
28915
12010
30021
27298
5552
1478
27057
18842
20046
15511
32639
17581
26086
8351
826
6466
31505
4512
25323
5460
7086
16020
18421
22983
19935
6813
2110
5884
10837
7743
12943
30627
27598
10445
14910
11728
6107
5665
1546
22097
9447
23696
26182
9792
16757
18206
13882
5844
8361
8173
11462
892
28682
24316
8264
28207
23174
12558
16832
24061
15543
27367
4914
3051
28260
15550
7500
20989
17739
14832
10313
4244
13597
2290
31765
32250
12491
20361
27570
5180
12544
12093
12250
4408
1006
26123
21734
15606
19022
26458
16366
27196
17826
304
3890
25948
23486
24998
22968
17745
29574
4249
4663
21258
3833
12707
4404
31494
18031
8777
2667
32033
2334
18550
29040
20142
18147
9513
4502
25285
26432
32618
23824
19678
12705
15234
14166
29087
2787
12907
16075
14835
11286
7558
22940
31836
13954
27276
2539
4234
18665
3015
19757
16684
31244
6274
2768
4102
23664
20926
22049
68
28514
24358
1902
23310
8505
22597
28775
8796
18139
28151
12234
9740
11395
18461
26688
28466
9153
27541
24194
30127
12994
15466
17087
21509
18641
28743
10562
28009
7198
1330
30288
14874
5310
4214
16719
11762
26868
31201
29486
27962
20143
30512
9216
17347
26195
23496
31722
4658
17084
4263
6976
9628
12929
18585
19947
11603
11893
17583
3598
17151
4468
15597
6633
14576
32092
16707
8445
8882
4441
9919
19568
19426
21862
21760
9908
4417
32528
2030
9828
20487
29565
22952
24686
24442
10926
10430
9591
18622
22529
11937
3707
12527
31738
23127
15540
10605
17218
17267
20670
23159
22256
18757
23800
15356
520
12878
22317
20653
20545
24566
19828
5975
2572
27266
25172
9840
12753
14656
21548
9712
26236
27396
5074
7010
20280
8920
11899
15418
29818
3312
3803
14953
10818
12252
22925
16175
28574
24065
26804
2096
26479
23370
10979
23243
20079
2843
26938
16807
4723
14983
14546
18574
28398
23234
7004
10879
12983
16345
4868
9726
4876
14240
11676
27567
12246
3308
19190
23331
11566
19203
8849
498
1569
21841
19576
4362
31920
10077
20840
15430
19227
20731
1585
14403
31328
706
13918
19055
510
16064
25112
8034
5374
365
4936
23410
16436
30430
3580
6529
15811
4155
24588
19482
8671
3443
5117
13501
17623
20270
2853
25974
3666
1284
17168
180
1496
3052
2595
11097
19605
4343
26495
25870
25690
19518
14889
15065
26597
26648
21351
2033
6242
26769
4205
14545
25650
10008
14136
17547
19178
13944
6843
20575
17055
17162
19001
12684
609
17192
20466
16742
22021
3044
17153
14249
24360
7674
12421
32525
26480
16132
8191
14362
10261
13037
14075
24126
10912
10664
16371
17181
9971
13602
6256
21544
650
23413
19058
24177
21760
6494
21778
17597
5589
26865
26726
23515
22382
8331
6309
24885
13149
15881
19595
16293
19427
29239
27391
5770
1715
139
3060
14106
25849
18196
12429
3066
7323
685
18052
7948
22207
9078
31436
12680
14221
17797
8053
6734
4918
8664
10449
24186
29749
2958
1493
14393
22229
19799
22465
32732
15859
31530
19716
11051
1285
3126
9049
22268
4955
20762
5431
3844
21669
6744
13928
18412
6838
8967
1015
16295
19591
5065
11088
14340
1663
12797
19619
16255
4081
3894
15497
31837
18919
19691
2282
11768
31518
18544
17694
22615
7505
17188
24914
19969
4026
23277
4398
3091
21207
26337
1461
7313
12650
3142
32364
29434
31427
8125
30142
30495
12865
9914
27807
12852
22551
3383
6512
21032
12108
25514
32290
30514
9478
14644
10655
32685
15623
26139
10341
17957
10104
23162
26740
1458
25573
17719
5227
22660
5514
10038
10734
1216
27853
9932
20298
2955
18955
14199
11356
11875
32151
27084
19119
24246
18688
30640
16612
19373
1427
24779
11607
585
5153
11066
17407
21426
31235
7300
29590
30156
20314
32464
26106
4618
25243
18005
24532
13959
13644
11025
17271
23891
13832
2750
15115
32266
23497
9986
19946
23980
1639
5094
25930
4264
18523
27273
1053
25402
32201
5142
13877
7159
21694
16627
31404
19623
10934
24635
11651
9554
25441
11119
13449
32158
7334
6760
29566
2136
25577
21392
19321
25936
20617
27730
10631
1386
10157
3535
26773
5362
27969
20947
2704
24624
1595
27655
3274
26172
20515
29544
23456
3604
20946
24567
10586
12780
27002
4274
11346
29893
7142
28100
2137
5697
26883
31481
26454
14518
18848
28276
1328
19841
14962
8100
13038
7069
30811
25204
5405
5236
20971
8898
8562
27380
12840
21523
8113
8422
18570
2437
12749
32379
29258
18949
10065
10280
18653
29889
8190
18100
31163
18912
16822
30096
19300
27505
1433
27494
29605
27298
24685
4340
8983
13619
19011
31259
27114
30506
26967
30003
23008
17607
25657
9378
2460
8378
7978
22189
23837
12948
26825
3982
14214
16764
23023
31174
31264
18211
27863
12468
29857
12026
3970
6503
10927
5538
13657
15793
4768
7331
11285
23932
12676
9826
14300
10849
14437
3661
15020
24951
1741
12633
27389
14185
13961
23214
23970
19148
5293
26784
26353
4271
11224
15842
5923
28531
17337
21238
22014
31709
31186
31720
25009
3177
22396
13884
13567
5857
2348
4901
6303
3119
6900
4600
25571
9840
24141
32479
12441
23881
23827
10706
1583
29822
32209
2499
16410
22720
15679
8217
13175
16071
8457
12384
22515
14497
18386
8255
30697
13642
14969
5034
11211
7804
25243
6488
9411
2248
19033
31608
2714
10726
2395
2208
28888
2378
788
26886
10029
7927
23112
21490
26895
21656
15820
14707
12453
7373
29326
13394
12516
5315
16085
22596
15096
25607
6857
12387
4837
20124
18997
479
30574
11595
17292
9969
24886
16442
2090
5649
15653
4032
20957
26985
9741
20344
14756
31369
24973
30612
15286
26204
9270
2164
15558
3419
24813
11384
29830
25600
10128
11282
24938
10110
22237
26655
10670
19119
9615
20087
3482
12110
18121
31938
20229
32614
11704
1422
12824
15114
13429
2975
31572
20039
10792
10118
3798
17239
3187
19318
5338
25879
28686
6482
18303
26044
23726
24330
19914
24001
8236
11560
18412
14115
23779
15270
28872
22737
22362
4355
30896
9822
18211
8086
32111
10234
12034
19745
17293
28320
82
6313
5326
2193
3493
21125
26620
6656
4267
6838
13798
28175
18261
6518
8105
5114
27705
9747
18990
23698
3641
20478
4852
19438
2911
32287
528
21341
13068
6252
7538
26526
21330
28602
361
18260
13726
22483
25194
1460
20122
10184
23565
11649
9553
5257
12632
4154
13717
6578
25152
5522
20893
25768
14957
7968
18163
30181
15678
21592
19086
27792
4877
27322
28730
12369
23476
15945
12609
28003
2639
20031
17988
5867
11844
29183
22634
25480
19841
23115
19901
30763
13317
12983
13520
13609
23714
30557
5029
22926
22273
21203
7631
28853
20198
6234
5588
15893
6325
11864
24021
7006
26422
32009
31601
31941
3733
13681
4838
3995
30893
1173
7545
10021
11909
1770
24345
27560
6939
4110
24383
32707
27489
6838
26904
4097
12166
29928
22246
175
8566
31850
11428
11755
13476
32634
17896
29182
21255
5567
6926
26092
27490
1408
24979
4169
13513
2324
3007
30285
19297
2201
27527
17195
2663
7145
31921
31135
18292
26826
6713
25542
21247
12645
8948
13619
25123
9978
20851
4927
17826
21713
19242
30624
4651
14196
10961
8510
7640
21531
2571
1858
30459
25704
20038
623
14362
27220
15586
8373
23864
16490
6805
22275
32342
31283
23054
1374
4922
10481
7640
304
9327
22671
4482
6626
3469
22745
24061
19372
13499
9961
15685
5292
23409
2785
28995
8246
27779
15840
8691
15468
27483
11310
26306
19982
26757
10170
32570
13971
8050
7879
32480
24696
8565
10978
28765
26072
12818
3095
13277
1341
14456
25700
7349
22710
27212
18286
4680
809
5032
29299
14379
18411
8292
16512
24967
16526
19092
12004
21439
9466
4689
1508
7251
22975
25277
31152
32261
14506
2113
22422
14650
18327
23577
4982
13218
20869
18707
18806
17179
5616
3475
2038
8147
603
24283
30151
16813
10796
20873
10391
11495
28860
11105
16304
29177
6575
589
5859
25792
13185
19618
9662
20187
4194
18085
24326
8534
16708
20814
9313
27013
18226
11852
8786
3379
28387
15688
10346
4605
2703
7790
20925
29688
32257
24106
4500
20378
20718
3631
30817
25303
15237
28606
17656
10634
24903
4901
5627
6423
11801
4230
20374
16206
2455
15833
2413
18579
21676
1588
6355
12604
25951
17994
2877
9787
29936
21043
9462
22781
13348
2155
14356
19090
31197
5660
26538
21005
16365
20640
11071
25134
25132
18497
9855
21054
21449
30788
10545
11835
16093
14375
27497
21045
16966
21030
23039
21752
16818
25348
1855
1515
31738
26375
5090
568
23474
6213
9278
9517
13822
542
13753
22499
27558
28170
26755
1053
8301
3477
4485
11890
31903
1447
10388
31663
11498
16137
26347
9591
5230
8229
10712
8748
25879
5133
28085
1043
4651
703
29978
21426
20767
7848
28753
27005
7343
11110
14602
2738
28206
8658
30288
19842
8474
21822
15548
2161
13555
32251
32489
20735
24909
19743
25127
19848
12325
28036
19316
24169
4721
5652
14504
25188
8954
4420
14831
6726
2926
24031
8060
28614
16305
19717
12156
9137
885
16755
30793
10052
28170
29701
4833
9433
24695
24952
27030
31687
8649
17781
22279
13187
5547
18123
12622
10763
16695
14589
5499
388
4620
5884
1858
4385
7073
6965
14576
23880
16089
6350
4003
23280
28631
31277
14267
590
3603
2235
23948
29872
685
25063
24149
14761
6402
15725
1398
22382
17790
26840
10717
19072
20145
7237
16322
8331
3236
3179
12948
14990
12909
24024
6963
31293
22017
23933
9823
24228
10826
8813
16241
21516
8057
31970
21320
15138
23966
22145
16263
27478
19829
26591
16894
13442
9091
26435
31845
9164
8546
5294
24656
4045
346
18200
5983
12275
16433
24317
15285
17187
14659
16920
29868
2467
18645
17519
19399
5688
26790
8847
19945
14987
31431
28953
19652
4817
13997
9597
21651
29867
27781
7174
10764
17739
4807
16151
25744
31449
21006
13236
30886
19733
807
12099
18087
22845
21351
23188
443
15665
834
26144
771
28117
29466
13198
23832
19639
29269
14460
17333
16626
1202
32379
7088
22354
4573
25691
18223
11704
13121
1194
536
11712
5149
25975
25289
23202
6106
21851
21258
13910
15004
6587
5439
508
24599
21063
10723
23930
1188
13766
10545
2663
1171
3094
25892
22056
28099
2414
26530
28504
3953
28391
8436
10862
15438
5179
23162
31129
29396
16076
16797
7151
24537
27112
7940
18375
28517
25675
3595
21603
24513
26341
18545
9939
2768
2270
23120
26133
22946
13528
21075
14977
5703
884
16931
7269
4065
7959
8994
30188
17661
5358
29532
7236
2084
14127
7867
25599
21164
29858
2170
21690
14804
18785
18651
16381
14865
11484
29469
16227
19618
8479
30632
24059
31594
18264
30348
28909
26367
7571
5673
25441
29439
18889
12847
31132
3235
5657
30410
20332
16278
597
15382
5575
3335
3776
13785
21423
14589
9238
19313
11864
490
15565
11275
31885
30340
13211
29462
10576
24016
23352
28920
10689
25983
17253
27647
2625
2686
20269
28058
22230
28617
107
28617
25297
6016
7308
32466
13231
12860
3734
9014
4926
30883
10857
10211
3329
17210
13638
4267
23252
21627
22413
21749
1235
2344
23499
12978
14457
25310
24307
11667
6917
8429
21996
3705
6946
23399
3148
30510
1478
21623
100
24146
25179
29684
16508
1944
23069
8502
11615
19506
11971
28457
17947
18313
1121
20127
24834
15410
653
15083
30196
17693
4289
5291
24033
10000
12800
7909
11145
22100
17340
21078
390
1199
9208
31494
2445
19346
682
21536
28913
18066
25187
5633
3688
12828
3121
10895
5394
25189
31429
31692
30903
9889
209
4267
26449
27765
11956
27682
31690
14254
15193
25216
3590
16947
29788
22785
17444
22584
31087
9119
18689
17589
18173
29996
19454
25111
21517
5534
11780
9013
18280
21162
32709
10373
2046
24212
13636
13712
11398
4421
12951
6819
3685
16286
5611
26312
977
7436
25290
30196
1334
23388
29337
12162
16856
31953
20069
2272
26555
3188
21983
8329
8896
12460
22436
1331
5904
19470
32450
32073
23229
8310
14712
25243
12967
10327
32062
26197
5789
6735
3077
20781
16581
19199
7872
5089
19518
24857
6435
15329
9987
4026
10923
8264
23315
19195
222
23313
29391
10947
28372
25224
31907
28639
11766
22270
29160
24404
7174
22721
1289
26611
6752
31308
6885
17967
29311
8890
29557
6700
25538
29825
17839
9240
15984
3164
21162
6846
12283
11401
13314
20568
9345
10293
27006
6565
24984
9013
27120
11068
15947
31222
15197
24864
7264
26039
22110
9364
1757
12533
22726
25649
6602
4135
19333
21045
5943
29356
32717
23838
19841
24578
18291
5752
13010
13624
3223
31731
23015
22182
3207
22200
9238
10715
14817
9469
21647
27607
2552
16855
26850
14203
12665
16208
23233
20541
5199
9914
12039
1312
27843
4931
30202
16356
28136
23241
8397
5241
25910
14575
20586
25786
8053
12400
366
27736
5341
5811
14708
18708
8315
32160
6550
21298
18134
28595
31281
23082
20435
12878
29673
6560
14294
596
31213
31382
15402
32499
27004
29921
1699
14017
12969
9433
15489
2827
32347
26965
29848
23913
30103
7639
22702
15254
3586
17667
30245
32127
32673
14166
474
2458
18404
10772
4940
13177
24035
8834
6913
26783
31719
10582
6181
8082
8748
21100
20853
15666
14053
27834
5467
25672
26497
28294
17754
25442
12077
29142
12461
13535
9882
21801
555
17734
256
21604
17774
29660
23139
11791
18228
373
15125
10433
21765
24970
29820
3289
8215
8588
15125
26223
18286
23160
8633
9099
19783
24748
23071
25236
31671
9721
24227
1291
31888
505
26949
23161
10372
21666
23541
30629
20877
14108
32270
3595
3212
11984
13088
22410
15920
5826
3826
27229
28441
13088
27335
2380
11069
8987
24545
17443
28811
9461
19268
31844
28879
24667
16060
8761
10966
10998
801
15788
7890
31549
4058
6170
8703
32141
7072
6629
5511
32635
10884
12394
1188
9577
15668
20531
28164
7767
1402
26477
15473
18940
17413
21660
12977
1301
13164
13709
20139
4094
9328
8844
26572
17279
12162
10712
3241
2024
8069
8020
25574
16992
31188
5247
5206
11386
18311
3238
30819
18953
1010
16729
8369
28982
21615
2843
27134
6351
27998
16989
10829
24802
18537
11438
14659
2443
4109
18988
22481
19466
25685
5950
15123
18968
23785
5765
15992
1916
27720
14095
292
8665
2130
27342
29330
15050
15369
329
4734
18480
1688
6802
26626
16075
11157
18040
29695
19208
22659
9213
8894
3098
17307
5387
215
1356
10188
23138
14162
14742
16896
11221
4877
9582
13217
8374
7005
2784
28251
31887
31736
17377
3364
13330
17939
3809
15994
15955
19655
2463
9196
1589
8377
20033
19164
4130
28410
26276
8835
10240
18220
2545
4918
11104
3303
22641
6887
17400
6235
2466
4846
9811
18998
16522
778
10439
5832
31307
9634
18088
19556
19192
337
25531
6410
23719
15266
25581
4932
25799
2328
27461
19022
948
24178
23064
8569
17033
18220
22908
31441
9014
1353
3070
29950
30418
24144
13976
16488
28210
14741
30173
20383
6330
29625
21367
26361
17779
2932
20435
20349
31326
2962
13339
12543
30216
22076
16485
22413
28511
13689
2602
26634
1988
21749
7929
18457
9057
2304
16236
15677
7101
1753
18012
1854
141
29229
4177
31182
23246
25563
30524
22892
9744
19962
13929
32649
29717
24861
19119
2537
28314
22229
8938
6477
11125
17784
13483
25423
1760
24865
18733
7053
30741
19960
5771
30729
5147
26548
31025
21712
13023
8798
24976
15066
27270
26711
18967
20018
21762
6556
18782
26454
21475
4169
5284
23521
18032
20060
1659
14951
26103
14524
32194
32161
15457
890
10452
31434
26889
13142
4351
3912
10191
22661
31288
20879
20072
26289
27404
18755
13304
20034
28890
29340
14050
15068
29760
4367
21726
6952
12755
5419
2381
21976
11027
6593
26058
20453
9118
15431
6402
10267
32419
21630
22469
19416
4250
20307
23645
18705
14642
12547
28702
405
22923
643
13118
9110
31398
11807
5863
2917
14362
3937
15755
29309
17160
14900
13688
4035
4432
15689
16812
3340
3333
25530
9450
30176
22559
14830
8973
894
30832
22972
11421
27167
32730
16851
26784
2943
1214
15449
4274
12954
32439
6354
21336
15539
23433
15684
12434
21403
24660
21144
1199
7472
11022
4164
13669
1060
26671
27431
13601
32256
4270
11188
20636
29288
17453
12115
31407
10144
4977
22788
2664
22607
20244
30022
8029
22147
11902
5431
8256
24566
25361
9468
1972
1936
27556
16739
29535
22572
15411
4295
10561
5279
3540
9013
1860
14582
27373
7628
4372
8448
19365
13674
4144
30733
22168
15493
31298
22004
6607
18518
4524
11611
20463
12605
29795
28466
1456
29281
3328
1921
13201
11415
6676
5988
8139
20613
16316
4179
7299
13319
22390
5287
30275
5841
29235
16730
9899
23126
16558
17679
8036
28905
22011
26706
16726
18466
30819
27424
21531
12932
29807
23466
4531
5212
9795
19030
6777
22508
11565
32519
25941
27849
32126
5022
52
22146
17561
6081
13493
3714
21321
8667
25893
15672
600
29027
13742
3701
17757
1634
21963
9493
24533
21039
32255
29153
28789
25981
30151
29108
18111
16280
13773
5853
14036
8940
31326
25029
24457
4807
23070
27858
5820
24160
13563
28554
28649
23831
3935
31996
4344
16382
11690
347
18777
7321
991
17133
8019
5346
19869
27171
18329
16528
25170
21770
15135
15257
6571
14818
24363
32246
21583
23819
29615
24742
31948
24105
15318
29685
5329
24704
5341
2814
8863
4768
28452
8303
4794
22855
23941
30860
25060
8579
12004
9335
9035
7703
17927
19118
14082
29728
9128
22741
17582
6904
22217
694
20098
29531
18248
12934
28781
22984
3763
20073
8081
14378
21341
30521
32248
23224
22962
9347
5762
3098
16327
16851
5410
15565
5942
12594
20298
14792
20776
22252
12452
13920
12467
4759
24579
11625
14183
18768
12441
23966
16419
25928
13162
25923
15405
28288
32000
16648
18050
8400
29537
12849
363
9006
14398
20468
29265
17453
877
18466
20434
24516
410
4874
30229
21073
2873
7835
30042
7389
18366
13512
28373
7842
4369
8497
13244
1994
11068
23039
23199
27002
9319
12303
16120
1807
28935
19028
7939
19624
6226
28790
19407
3812
1270
26815
8085
30701
19978
27960
11850
17845
3141
31759
25712
15743
3950
1852
2097
30882
2067
18276
20654
28297
31102
13822
1941
24575
2021
29364
26865
1961
30433
6156
13639
13268
27681
17223
10718
11634
19040
21386
21342
4190
14484
9275
28317
30952
10601
18094
19381
10893
30445
32513
26458
5126
26253
2116
11882
21637
10560
25565
8134
9787
11266
14379
16481
21021
19588
618
5526
4328
17954
8151
6591
32098
27413
29204
24323
31715
32234
8909
21615
15125
16178
19100
24904
12792
892
32554
19104
16169
25984
3224
5928
19811
26781
24093
25925
8518
8070
23024
26470
13399
11064
13416
31380
16713
9775
32353
2891
25979
20441
29411
15496
31681
3147
18430
1315
5223
3123
1784
14175
11891
12557
12203
9920
5675
410
11048
24604
3287
17038
20896
10229
7624
1929
1925
13062
17561
20553
13804
19740
18613
1566
8758
25127
29209
28062
26863
7569
31580
24729
8182
5070
25836
25680
25566
10805
3482
28641
21653
12558
13401
30470
17731
25580
18242
3327
9077
17469
9180
13261
22907
543
11419
11169
12302
26485
22438
22164
29495
31034
6877
1176
24172
17174
22811
15279
5115
303
13496
20571
9132
7234
27475
25173
25761
11250
7886
4481
9858
29536
12185
32546
32215
3067
3124
28491
12213
12954
6639
7830
157
27336
6901
8215
27297
27742
13704
22419
32456
3928
142
25582
30132
10721
14669
3555
13186
5296
1651
3832
17138
18839
27737
17584
3016
20569
22152
9218
18546
28093
23165
266
32490
18656
6057
32511
222
31439
22716
15461
14095
15445
23075
3971
15351
9746
22991
26392
2478
14029
21561
9034
16142
5132
4771
31455
16406
14561
28320
16559
13708
1798
28374
7513
12262
28204
8451
4406
29035
7569
21822
21131
9110
29649
7808
23555
31675
8446
15458
16220
4844
12018
21032
4192
29982
25572
3839
31767
11144
13114
11139
24635
17996
12446
24708
30444
10585
14676
15114
27301
8336
18379
29078
26223
32550
9586
7851
30292
20041
28364
1165
19479
20230
7623
15945
15394
21354
3658
501
1728
13031
12557
22585
16780
24058
24749
27919
29994
21771
3328
24006
17204
1685
12454
10317
10359
22662
17632
8110
12128
24809
10149
2521
9905
4546
10227
19107
12408
23609
11364
16398
15682
3835
10241
13259
18316
29662
20826
1533
25466
28868
20439
30016
30412
12225
21321
10218
11533
4736
18884
23185
31757
29922
10161
22477
19602
745
30239
7486
6987
9685
7002
20945
9733
19596
4543
28992
31009
4927
206
20696
28998
3659
27777
24959
1363
15453
28380
21237
27800
25562
12230
31834
30021
24446
3863
11761
7970
7747
13554
20515
20097
23172
31829
29639
11122
19554
27630
14240
309
23399
12593
10023
12789
4969
20903
30347
4787
24753
1673
16375
17280
22365
30349
9747
22511
2563
16896
32717
25546
13207
5397
29017
16388
14479
13437
5750
7151
17220
14391
8692
11951
32668
26794
5747
7407
14822
29169
31853
26322
25861
24950
14711
29228
19409
8642
27843
1267
29114
26771
29930
17392
26287
19247
744
2490
4670
27897
24168
10725
14844
31810
16195
29815
18215
29025
24643
3483
3978
17414
12076
28058
9633
2763
15869
7430
29694
14604
22899
313
10219
28409
26831
19710
12113
4073
31449
27021
19928
4850
9253
27581
3408
16822
4757
26997
3408
22911
31263
17251
30236
17039
16080
14065
4812
20913
17
19573
22187
18452
26922
30120
20958
1369
27396
28762
22854
8171
17203
16740
26023
22415
29747
23517
28169
5692
4850
18577
16734
29484
3471
25006
9062
27699
20322
30401
12496
18768
26172
27873
20130
24194
3312
12074
10458
8156
16146
878
1109
15324
14846
5926
26609
12281
3868
22703
24815
2939
11107
28851
26267
21647
30748
28645
8494
17307
30953
1265
6131
18639
2821
20146
2729
4093
10701
7846
31273
30378
23680
16288
9288
10341
12611
5309
30463
21847
26984
9369
16073
14108
15087
25795
5197
22481
19277
22894
19773
20334
18285
23913
29822
27478
15605
9809
3465
29741
6346
22789
10001
1514
28374
16986
230
11821
28425
2064
18713
17618
11165
26117
13409
12998
5279
19369
30141
6937
19627
28082
22875
6741
15095
8209
1721
4111
32402
3108
11786
9915
9966
5933
9435
3525
21917
3331
13814
6621
11608
25351
10374
16274
12869
10074
17021
7202
32634
28749
18995
144
30141
24601
19279
13048
18317
4305
8939
23072
1639
31892
5875
18255
5442
13831
31950
4706
9308
1282
13121
15388
6712
15242
29584
19134
3559
22272
15846
5335
13960
16791
25846
11870
29707
18444
31971
11262
21818
6033
12637
12465
16121
22538
18190
31120
6348
13947
19508
23530
8859
29633
15503
27027
22450
19329
7293
12158
780
18271
20324
17038
26833
21104
11600
3754
10525
8433
7133
7184
16387
16441
11864
16107
18130
25324
4385
25895
23190
15730
17491
30340
19426
1703
27047
31465
31693
28884
10646
31484
2619
11999
29630
20207
14686
22974
7815
20380
10876
18993
10758
7637
22514
15025
10786
29685
28793
17827
7157
13755
30632
5074
10869
12889
20410
20252
9811
19655
4242
11628
13603
32349
20476
10216
31678
26529
16182
12907
18404
25438
16815
1845
32038
20470
24846
23265
18691
760
17014
3224
25170
6901
264
9861
22496
9104
4522
17032
12889
16341
5127
10031
28012
20172
13527
12514
3114
15949
1377
23389
19631
21
27710
32612
16133
21786
4959
6321
17221
25372
30546
10290
13055
18557
31680
1649
14812
8786
10555
14932
8578
14522
30774
10246
5304
17775
19797
11317
7627
2202
2792
30590
25648
8172
23474
15909
28010
21482
6894
4106
25903
20360
32148
27864
12486
30202
24792
26752
20915
19143
25075
29670
23446
8223
8999
7641
337
32622
25085
24649
32105
49
17106
19892
22959
265
30097
13026
23071
30477
6082
210
3848
18277
30660
4852
21101
24341
7510
9625
13483
32022
15197
4263
7261
25259
28385
6801
7549
24050
28504
30598
19404
25273
5159
18665
3187
9620
21350
12546
10986
27948
7651
20211
13593
3546
15466
14061
25277
17269
4676
15011
3086
23912
26878
5631
29599
28935
10604
21524
26501
1571
9708
85
32187
29147
23023
30724
28613
21430
17078
28653
22932
26863
13658
595
24490
10768
22031
22827
126
26306
5289
18568
5410
21476
21088
27991
17699
16346
5328
9292
29105
24872
27204
27932
23551
29503
25395
3565
2797
5526
17675
2826
13285
8445
23086
18140
11010
26415
826
24086
7800
4262
28046
5167
8496
3251
4874
25621
18610
18381
26389
2336
25160
7210
21733
5188
864
12428
29435
24972
31027
14686
4076
451
23460
20479
31847
27764
18283
21598
13940
3606
882
3271
23034
1664
5503
30716
31364
11171
2580
1416
19012
9335
29588
10320
12889
12342
25766
30571
16461
28105
27102
20787
3298
14207
18075
13468
14
26373
31019
17605
5700
5523
18998
10957
2805
11363
27481
18920
3159
22887
26897
31154
23653
15419
29659
15043
807
24409
17561
6531
30259
20876
8248
13119
22900
29607
16016
4477
15658
20086
6283
20365
32050
1269
24970
15969
9608
14016
12292
31391
10
26315
6512
10483
12158
14931
17766
19626
31703
9236
15361
27773
13236
20413
29575
31146
18218
24993
24908
11594
32707
24239
4563
20446
31174
20644
3127
7979
17081
31359
1225
17992
16677
12597
8955
7157
18841
11431
24189
6958
1265
25809
14245
18944
3032
20292
20244
668
23436
4310
8343
21162
2018
30616
25931
25823
20105
20744
24837
10450
28562
28808
7920
11531
28464
31247
24952
24413
9405
17695
18791
10103
15102
27639
30798
4021
1448
23305
12839
28732
20515
29870
16952
20549
2445
7449
10043
29113
29186
17033
19131
15103
11547
13763
18369
29457
23988
26304
1200
982
12019
22947
9326
13996
28294
26606
4804
8003
7211
8692
12296
10418
4726
25746
24569
30916
11471
30490
32746
7571
3770
17808
2083
14681
28763
2841
23684
8322
5177
176
4203
7686
19010
25627
8664
20981
9231
27421
28623
24148
15978
30446
28670
22055
17421
7144
26528
8911
3501
20867
11169
21398
823
24195
11267
2953
8794
21872
20096
390
20037
13639
23665
18069
19634
623
2030
18043
5155
27630
19511
13965
20331
20701
11602
26307
14961
14873
6902
10509
15409
7228
31400
17130
25091
30156
7460
7478
8224
7602
8958
9795
31586
21997
5257
6700
75
30343
12536
9574
11081
17608
14531
5528
9784
19115
14157
3245
32553
17038
4035
27175
15458
27437
20807
24246
29094
22481
5710
24073
15030
4293
29510
25316
16151
6154
14461
14707
8982
9803
2878
17374
2570
13331
6717
27933
3545
9022
28980
15886
20413
7342
12239
18628
1608
30271
10182
24098
11430
13564
9800
16809
14115
32659
27808
20367
28908
5382
7187
18705
26394
7076
6407
15114
1260
23608
10603
12995
17748
15744
21074
13581
7606
5088
14561
11149
1516
6488
2668
15448
16781
8628
12252
16320
20079
24322
20564
18541
7274
19017
26388
29103
29279
1144
28829
26642
9337
17309
29461
24627
32691
8279
26094
28627
3739
22414
15555
32042
6997
21601
6530
14461
4834
5728
27088
21491
11683
18428
29609
28069
280
6459
5447
24564
24302
12977
15430
27679
9529
21675
22533
29461
25598
30381
19279
12423
31732
31519
8507
11330
6795
19267
2384
21948
14126
28522
24301
32236
30149
30568
16360
9055
4735
18245
30326
17545
15054
7221
14923
11353
30643
24010
3330
27920
3387
3945
13758
32082
29514
30203
8210
11133
19351
17892
8734
23355
30968
27961
28155
16723
15328
20013
12890
4549
30757
32205
11879
21525
2055
23278
15604
20967
16495
4451
6867
21452
2676
23923
27779
8284
13859
9098
18192
29061
27264
12334
16436
21538
