25815
4956
19286
4861
32440
32553
20446
20692
31009
12642
7443
25811
21642
14898
3524
23706
19940
29010
12055
5065
2338
1661
24363
26642
17656
30244
16123
29587
31714
13922
31622
16738
5737
12338
12845
12393
4770
22752
29788
30836
17655
32701
11884
1416
5673
9239
30152
7543
25238
26472
591
945
24248
28622
22266
3933
9455
20155
23999
26536
20608
16366
31413
23133
18909
21666
23160
183
10279
24325
32719
9843
19441
12779
21644
10024
5959
2244
16820
13787
26350
11211
4832
17102
12526
9345
10467
29594
27726
5722
16301
24957
9759
4022
19312
4597
26556
26386
12545
23950
21071
30848
23936
14584
5015
22356
315
5212
6121
18465
29136
17648
7541
5860
30610
11466
3275
7550
2606
5362
15006
3688
16527
28090
30407
22434
30718
26962
3212
12780
30350
9367
6179
12345
3255
21036
21874
25441
31297
7116
19481
26134
6755
11742
31922
25881
6957
8522
29527
30637
17443
14220
25445
23629
4139
7431
12416
28058
7849
9627
2264
25495
16360
14201
29866
13592
8380
22582
32521
11640
22885
4127
23518
2699
25527
6093
12078
14035
15480
1017
22939
29687
13322
25489
28206
2416
12873
1034
13651
19334
29111
20473
24869
3707
30167
31709
22252
23046
16598
30015
12772
28931
3184
18430
25409
360
2578
28132
4975
4219
28220
15484
10398
30530
19242
25896
5758
827
32435
15214
23367
3918
14193
13715
19965
10496
21794
23403
8690
5609
10318
5999
17292
19816
21803
7696
29256
14997
23997
24395
15359
23159
5953
13950
15721
2680
3788
19578
19423
6933
8496
24537
27749
31450
18975
26514
15335
3470
28307
17354
11459
939
9836
28909
15752
17937
18779
28926
3325
18938
17152
24363
28518
24881
29263
24997
26882
23167
6200
28078
12760
1638
6535
4596
9908
29714
6153
15133
19308
31373
9968
9891
16999
25138
7800
30690
23904
16996
21195
9071
11112
26496
12834
9388
10282
21775
3630
12697
28787
14401
5302
24813
8178
24215
15233
30310
15420
1247
9078
18781
20754
4709
14082
31133
8679
5224
1978
26229
5277
3531
12098
7180
14736
28429
14189
10997
5333
19067
19877
7683
3268
6308
17806
607
8627
8462
12006
13783
21253
23335
688
28537
21860
23422
11153
13921
32330
8499
28026
15055
2246
22445
28807
17789
6013
24714
29479
12591
6127
14812
26494
8843
27387
5266
7
29227
30373
12084
28542
31985
1304
18644
24573
20122
5351
16449
25957
23190
32408
13181
28415
14103
4963
13169
31843
3689
6455
24544
6553
14977
18430
32666
26239
16088
11298
26866
11626
5242
4688
20081
19728
31833
24700
17356
31142
19432
37
3860
6469
26597
15834
6701
16274
24950
16893
6273
3230
27000
1735
13557
29451
3604
28556
23581
10609
30355
25920
30379
19199
4467
7227
10286
27494
26810
26425
26105
8690
4234
15269
31328
20474
25590
19223
18475
9851
1044
22043
25156
12032
19795
7220
19379
23493
14095
3360
29644
25371
20835
8030
17063
27150
21823
28654
18897
16966
31418
3928
27969
16171
2473
8175
6286
26189
22640
10583
21599
32514
11544
17733
20514
17745
13474
2438
13313
17422
1179
21315
20241
6727
23281
22403
30157
12255
4101
7409
9412
7545
28417
17120
15246
19351
26732
14732
25604
3331
21244
20386
31153
14447
11947
14595
1411
1368
7692
29381
8646
12336
2528
10363
23123
10683
8933
32439
23813
21946
13806
26317
3693
7367
1592
24537
22215
21888
8700
18691
15148
18663
25921
10497
5897
22025
7924
3806
2511
30942
3130
28666
27884
14449
7685
10067
26107
16448
15590
31234
26935
10470
32546
17673
16438
13303
1287
14411
26836
32556
28544
17116
24685
29376
9448
5243
12111
28441
22556
22621
18542
32171
1492
3373
4442
2330
23603
7760
9839
24734
16540
8813
12107
2732
26568
25389
22406
10963
13333
4671
16285
32484
20001
20384
31278
14165
11160
25881
26987
12007
30794
23305
4297
17799
5505
19044
12024
25202
9105
4092
13336
24989
18864
17663
26666
28756
12296
8385
21956
7457
24587
10172
19721
7919
32519
19414
4825
5999
5882
25058
4165
21691
24999
4200
5702
22074
18921
7081
2478
6339
5960
13022
2910
28165
30666
8897
28858
25382
23563
4430
8282
31402
22928
9931
9986
15767
1881
18438
6357
26582
2229
17886
4805
13277
14939
9732
28750
2443
13749
26883
2404
5203
7807
29054
3242
1181
28305
28857
18916
105
13305
31836
175
1846
30029
12659
1904
19746
12352
2232
24202
20818
9842
16405
980
13204
27789
32101
6730
3395
28557
3707
14850
20844
25695
27237
31842
30766
21934
22513
6289
31079
17402
23921
9259
23181
3050
23996
19513
21465
1763
1653
6752
20651
6617
29584
6744
20266
9829
11281
29600
25386
4632
23575
19312
24660
22544
28698
752
28544
22728
30065
9639
4966
23604
25623
7222
24694
31246
13742
30534
27652
23659
28100
26303
13992
4241
30550
12602
5605
23052
31634
16314
24840
15359
5601
4502
25939
11449
2341
11450
25947
10120
23103
24080
10159
4306
29653
24120
22714
8289
14162
11903
17387
17919
7982
16911
10259
15427
22127
18275
11022
15786
26992
9726
12453
4073
29665
1117
6323
22914
28687
27178
10375
30102
2917
21170
9098
14842
9267
17305
22305
25485
21679
15308
7637
7368
12090
3768
7602
21142
4068
32698
17900
19302
10033
12758
20425
13439
8734
16299
18106
6548
4959
4006
23499
31385
491
14455
2110
29653
16570
2497
17267
11319
29645
3350
20492
32237
26224
4898
25678
3379
5820
8486
12745
16745
6751
21161
4155
21609
16544
874
20402
27671
5533
21912
30193
29242
10967
26693
27413
7818
18673
21017
22904
26377
28341
13379
17622
19095
16728
31157
7342
10689
20991
5777
19947
8667
23681
23518
6084
7758
25455
13184
10209
5170
19794
22631
16831
7200
26419
24326
30037
24129
28769
8711
10488
1195
4974
26429
31356
10222
28795
20698
15260
27113
7349
28386
3483
13027
15136
1247
24620
17623
4756
22487
22416
6414
17669
6267
24062
15347
3079
15777
25671
6948
7824
25332
5562
31173
9216
32746
837
32537
22624
2807
2526
4947
17895
23809
30753
32425
14275
26899
14139
32427
18966
7253
31494
17875
15166
31292
15733
6493
25177
18686
2355
344
28424
25161
22407
16126
22132
31796
1403
32065
4495
32374
9277
28582
4253
14293
10437
21334
2034
2018
16056
1651
31229
20708
17037
10664
8837
17938
9966
4
10035
27141
18785
264
12625
20844
31271
20734
21713
32258
15204
5005
26769
26045
31617
19595
13277
31304
20175
17170
5430
17588
27757
6870
1617
26987
29291
6069
8547
10341
13615
16272
2972
11678
7704
20058
26865
17863
23906
12398
15647
19259
29514
30502
24045
24374
21618
31657
23217
17217
11654
9220
32021
26353
2592
32381
18203
32209
25321
10019
4703
12701
22274
11178
13469
17585
5282
24950
19826
14528
13568
25078
8551
19913
3955
8499
9771
27975
18391
21161
9248
21929
7220
4181
4377
6657
13722
30735
2147
18944
79
13082
1026
22050
20269
7162
15164
1062
20037
30341
19036
1985
2248
28221
1968
5011
1576
20189
10708
30298
17018
11058
9010
6246
1567
26156
22218
27981
24739
21045
2607
11743
19173
23233
14546
28252
13432
27687
11395
25829
74
3503
32565
29745
13443
25068
27138
20097
25008
332
1391
17622
1313
25325
24304
5729
27279
18354
1967
21563
20739
23447
137
11606
22258
321
10073
14004
29101
31706
2426
982
29689
27419
16263
9080
26617
19882
13925
21627
16469
32167
2436
1827
9365
23425
21089
32386
23758
6927
4432
9780
8321
26332
4984
28749
19648
19906
31263
20368
17810
11962
18216
8674
1689
5874
4825
7934
9970
17952
20194
8041
21597
19735
15003
20393
2462
31383
27790
9138
1059
2666
5429
7841
15590
19116
24325
17068
26773
11115
4011
15705
17137
27760
20117
9199
10612
23899
13492
21546
18742
25590
2432
19763
25617
15555
20797
5327
28931
10711
4221
31959
7125
1003
26855
23784
26618
25009
29494
5211
31418
18788
31365
26744
20624
8355
31945
4838
25040
20095
5279
5222
31372
17363
12360
8130
18873
24020
14833
12543
27534
22248
5432
9434
29485
14780
5613
25715
14213
2704
21525
31043
26487
6870
309
7507
10551
15100
8909
7088
18678
16006
22050
5402
15038
1631
320
31996
29597
1393
5440
25249
24069
29555
17863
23204
28019
8706
22991
7336
5455
10228
31146
10570
10003
22249
7747
3156
23472
12066
1448
3891
3118
17815
20677
28588
23954
20547
11890
28362
25604
19651
14257
19483
305
29983
24880
284
495
30440
9750
20721
16159
8323
20476
89
17880
30916
56
18914
19138
29887
24162
25177
27839
16346
4113
8581
2769
18983
24038
8981
12600
4337
10700
29654
25050
21909
6781
7977
15336
13971
8265
12469
18111
24293
14099
32345
25612
16272
2460
20068
11572
1912
23044
11785
16371
19832
21389
3085
15939
8370
10659
27587
1407
29476
10265
17466
24776
4733
6326
24501
15016
9006
8688
20315
4597
20931
759
18224
13816
11892
20725
30276
3535
26359
6548
12075
28432
21145
3778
29868
18351
1165
8113
16061
7970
22660
8993
2992
12994
11646
30433
4519
12661
17119
14483
9293
23178
27589
31665
8904
996
3225
8397
489
19291
5860
12829
18086
30559
30564
26934
1227
19166
10848
16920
13804
20584
27192
16235
31902
24722
11328
17416
10215
26520
24526
9659
2802
11846
9106
23879
32007
10776
25894
30635
5563
6304
7910
11428
31076
27176
10242
15987
18896
16281
19154
1760
3895
32667
5481
21887
11629
18174
6252
818
14684
14425
2085
24303
17074
28400
29651
22468
26071
6363
1860
2072
14882
31845
2726
1587
28748
27827
5275
7681
13605
29094
8843
22546
11397
9985
2878
29158
6278
5839
32682
11112
240
4863
3593
3512
28405
21074
23343
3885
4383
21623
1563
14491
23430
20852
27084
12241
30790
14407
12630
19302
7216
205
29236
5046
5056
21732
16608
21799
7247
21708
29601
10161
23946
31444
1956
3997
5923
25138
23631
7052
22215
30002
14546
9148
19023
18067
20479
3719
570
6701
13915
15916
14427
24792
32373
3026
28367
11146
28534
29642
31538
22975
2554
22293
21010
1822
20254
30246
9892
31833
32218
2280
12982
10069
14994
6147
15077
24203
21735
31580
8976
29614
8147
8666
9997
22925
4085
1648
2970
24892
5161
30296
23446
21102
23644
3228
1393
25382
671
1755
27873
21135
19065
22346
17622
11047
27266
6137
17841
28707
5165
17240
5040
14864
11750
22009
27053
1718
29533
15767
23561
16449
28705
14680
18403
16291
2160
3919
17037
20020
1102
15173
7488
27291
20692
31417
20750
21746
27595
23077
26393
9765
11641
10115
12547
30363
25787
28176
26021
22553
31060
24400
30212
9955
2181
19794
11904
30244
12254
6709
30799
7055
31315
16619
20266
7751
9106
23357
16198
3324
9620
18703
32646
32599
17522
23782
31727
18073
3195
12711
25692
4479
30339
3490
4979
1896
9853
30414
25047
7865
30797
23638
14751
12929
20183
31061
32264
7001
22876
21726
7014
20367
17158
832
21345
20099
193
3208
6493
23376
12621
7239
4922
19119
17297
24213
4670
26649
22323
11861
6223
13868
2917
30907
15718
3664
12290
31244
2368
25498
3289
14245
5463
11505
13129
23359
2832
14959
3598
21361
21046
31241
9050
23926
935
28531
15655
23601
29773
25406
27596
8302
27728
3396
5839
1643
24202
15941
4091
3223
13372
19666
23730
18329
255
18794
10628
22420
13053
15844
7168
17066
4960
31756
30409
22719
11019
16273
17389
1151
24456
10015
31091
11682
23618
18632
19507
4206
7157
26024
9451
11902
9826
201
27534
15555
22087
23876
7391
13000
15246
10153
24127
24378
28101
20129
963
9639
25294
20178
15498
18822
7640
30211
22862
27256
19086
24961
24888
5581
6285
15297
26873
4426
27420
32070
24598
17193
12567
13509
18563
23394
31021
6792
3188
8745
5708
29456
26224
4024
26712
1278
4007
4430
7459
9780
10373
8056
32154
9271
3975
2447
6972
3031
6734
6786
29137
5139
25842
31445
20824
12343
11160
29674
9281
3399
25159
30848
26076
32416
32503
5753
23826
7645
10731
13792
28499
8696
18497
18730
8143
12721
5320
21180
3817
13620
15121
25518
3560
27382
10441
30671
6896
17376
2373
21225
22834
19119
8031
17222
22879
6811
29057
28018
18018
10550
31743
1347
19022
26520
23978
6167
16277
32441
12962
19549
636
11038
4459
14935
30411
31672
24131
16925
5577
30729
26803
742
6247
29064
1893
22403
4540
1095
9781
31788
3505
2771
31370
16767
2046
2395
20967
28870
20309
21525
11965
17785
10460
29918
10116
8196
18401
5153
15369
21961
28106
26873
5386
17001
17994
29850
25088
32319
21467
3309
18748
24110
104
31354
7733
8349
9801
11659
21025
27583
9589
20110
21186
280
22771
11708
19331
19005
146
22008
31939
8923
29402
18170
7537
1018
11074
6828
31449
29827
2212
6612
19133
25344
20461
1012
25512
19620
18201
3694
20351
21899
31839
24300
27737
13890
3496
1279
3984
8842
1094
14087
24345
3417
6371
22098
21776
28194
29623
32392
8599
27478
15615
9286
24289
3627
4522
1801
19338
25500
12373
31310
32554
11953
29305
18935
19753
4096
26083
15857
18901
18036
6757
276
9649
27981
30668
28490
21264
23400
12305
3828
10723
1985
8660
14729
32208
5942
16133
14208
23172
30606
19429
21361
23113
11193
2605
10359
19163
11609
9356
12248
5239
1922
28247
20968
5942
3774
19325
32298
29337
23125
21689
3769
27493
25291
3083
31462
25521
27049
13672
7459
6461
3713
10161
4128
7685
13612
10722
26419
16150
8534
12428
17917
19873
27453
3973
6987
32334
12725
29661
826
21202
11632
14869
5279
16836
2428
29836
7589
4268
9485
13882
5048
5214
8829
30112
15010
19334
26513
7167
18164
1923
29438
5321
32680
6009
11051
29013
8964
10657
2617
29910
4802
22244
19265
7310
2925
3241
31964
30783
27406
18667
7401
26339
19208
23694
8586
2972
28993
10227
4976
3822
23682
1482
7513
44
28705
22567
13526
27440
733
27608
16466
30287
21769
9719
24144
7309
12781
12219
12788
22540
16489
5267
22725
20683
18139
1654
28081
25485
26179
15476
15698
5398
4261
8082
3951
17821
16047
14804
10694
14463
10396
7067
28680
17457
1624
11057
17702
15992
6885
4771
4555
30940
3837
16335
5161
24922
24313
10941
23801
7001
24561
22067
7613
9439
8229
16003
11337
23557
9883
10920
24449
30888
22026
5009
10596
20066
30455
5565
4682
27320
11550
8456
31081
25493
23571
23237
16030
27128
16169
26124
14699
29929
14483
1621
8508
6321
7113
20550
19182
24138
30510
23754
24465
12053
8431
12899
28781
10443
2862
22721
3140
28086
9056
19091
14807
17697
16627
14749
31659
8205
26420
22795
16653
22053
24177
8709
26708
12020
26714
18051
13926
2902
5037
18019
26494
17196
29459
23225
15660
2900
15173
11110
11677
30681
3186
748
6172
28262
27365
29824
8921
7425
10979
10337
9705
18677
21458
17001
18319
2576
16033
5857
11706
17935
29539
8602
26830
87
2621
29497
31655
20966
4995
2259
9436
7560
19230
16826
19776
21582
6961
26518
16303
24124
12796
31927
3591
31554
12032
17577
18292
12398
11107
15113
25585
5471
8599
27800
2315
5629
30775
26254
3048
31847
13361
12337
21641
22317
5674
677
1612
4032
10014
13062
4533
17702
30791
692
4973
16114
6721
18926
9355
3188
3947
12451
19
9261
15760
27012
8636
6021
8903
9054
16887
11969
20887
9383
21292
303
30815
17751
25671
23971
30709
15097
3187
5927
19854
27393
17445
2543
21470
14176
20317
27787
8064
31062
7465
16736
31383
7815
16490
31833
17334
7250
26074
12506
13309
11614
27470
23542
20613
3445
31801
7905
2815
10134
22386
32168
21911
27205
8759
30239
11807
13862
27761
795
25705
6858
19001
24546
8180
21961
9884
8160
26827
18449
13211
28316
14251
21885
7030
3050
20836
25258
22315
22625
29057
25862
20025
1551
2091
14633
9129
16748
3915
13161
21583
26253
15087
7848
2638
5786
2287
7537
18906
16770
29648
8516
23362
30701
19688
27693
5677
6515
451
20635
29219
13067
20678
9072
80
8646
12562
5205
12933
19901
29100
24656
4992
4423
21466
4760
21613
8304
9424
18344
21421
1191
6795
9874
213
183
30718
1174
16890
28921
15468
26355
15916
31687
25109
22269
12608
9779
28692
15472
11475
8441
25480
12804
27275
25011
13298
2113
5024
23628
30430
27285
8603
28855
26310
23204
15454
24801
20787
30175
14693
25316
12325
14680
8267
9085
29365
14292
22672
19648
14585
30242
25753
25866
1832
25004
19960
6712
13310
5452
9966
19734
5730
24673
17710
28954
13895
17441
6628
5203
1232
23345
19190
9116
24503
24435
29066
16149
25583
16927
8648
13012
21384
2581
8161
26583
4820
27761
26192
24893
200
21344
24928
6582
11940
18227
1006
21817
15063
28082
6512
15093
21276
5043
31030
19337
8682
29931
32496
1911
11019
13827
27761
22998
23434
17646
6322
6984
20691
4987
4122
16684
6934
24614
2556
3349
32492
308
22370
20602
31293
26111
12041
6319
4193
17038
31404
22291
8581
6504
2437
22924
20817
6058
19474
10032
16584
30552
32021
5445
8047
23537
23518
10348
22449
23878
23500
5657
23170
13451
27922
31302
20035
16303
17079
5481
9445
20201
14817
9891
23890
28820
18002
13882
29704
12092
2099
25673
18183
30201
28432
4022
28910
3835
3621
26981
24417
28775
1496
18347
10413
19298
9862
19974
25775
4458
12418
15627
3314
25581
21851
32415
10263
8724
24158
17002
17530
2272
7260
16009
1554
6521
1198
26755
19353
14787
8053
14975
12013
17201
11046
22708
25783
29662
6471
11040
16202
30170
18547
16253
22734
28865
8100
1905
10397
22931
28338
18181
2029
29887
14358
18264
27056
16001
18420
8597
18872
11630
15449
13858
5919
846
25281
9242
7654
8233
3804
21758
13276
2981
20113
28839
11457
10383
8004
19839
22956
18103
2132
12529
6058
1793
16104
29726
12712
17849
14060
24786
6547
32551
17750
23222
15549
25187
14254
10439
30595
1643
1229
29446
27693
30067
31461
18545
16661
636
3777
16691
2572
7464
12366
4376
24825
6093
18523
7747
29123
5064
17309
28707
32113
2068
20214
2723
6288
5659
10486
2465
10453
8395
11427
4258
26116
23021
31093
25284
25104
14770
23717
14068
23684
5263
24488
7264
25889
17227
8182
815
4553
4439
21519
15728
19356
25949
8640
3153
30560
22555
10658
3474
32038
11634
27621
7481
29482
25530
27211
32646
28668
19801
11127
26409
18397
26772
872
11187
14700
27045
17729
17483
19842
11021
16971
23202
28250
30763
14908
2601
31221
26126
8378
8065
21436
11912
23579
27698
14696
16771
24943
673
24351
152
20928
28220
5855
22750
31896
15352
1824
12032
27588
26365
13493
20883
23640
32159
25588
26022
18675
4753
5398
410
26948
20053
8161
27188
19149
13559
12932
9712
26343
29691
14274
23192
23047
19604
26706
10518
8255
28183
2950
31623
31496
21678
11052
31120
25662
81
16050
5877
12908
6130
4493
28775
21066
19704
26842
27294
14724
4847
11334
18344
30397
32638
5676
9857
724
26265
12030
8419
14182
1783
6118
31583
3732
23239
26797
7085
4102
24735
9435
14657
3887
28853
3104
31774
7891
29265
18930
32239
24007
1410
18552
24916
249
29969
10919
29562
16048
1203
12715
3054
32532
28546
4488
7859
30192
10926
30977
13458
2487
16496
20665
15793
11205
22336
30104
29287
1512
14664
29296
13903
8479
28696
31968
12699
27041
18587
14713
5291
13345
21322
2848
14815
10321
13471
29107
6569
13477
22989
15344
17638
28505
26030
4242
22894
2229
27133
4796
9449
12944
16581
9627
27109
8467
6681
4936
31526
2239
4614
6891
8509
15793
25286
10790
32349
22565
1846
17841
25705
570
24971
25921
20817
21237
14912
18095
1439
23175
11090
31830
26957
17363
19376
15037
13018
12075
12013
10614
1181
10842
3385
15173
29784
27112
10127
20869
12560
10137
15408
11976
15132
18999
8015
31934
25213
14993
19470
26968
32621
2500
425
7980
6458
19641
16625
7452
28501
20719
15869
12594
6310
3707
6684
6863
11555
31565
31245
6149
11681
9140
19571
25153
7658
11301
21635
24109
1295
8248
19712
724
18432
13043
14185
15368
4697
21579
11121
19456
16767
16360
15023
28742
1516
26921
15511
19921
11975
26728
5801
26733
21432
19839
21736
10596
20730
31626
9870
14679
18866
29167
4862
12653
9343
9884
31482
26544
13906
21904
14870
23219
3968
27037
31852
120
7957
25196
7314
31890
8300
23489
7625
391
1788
6656
5751
24952
23669
16369
7896
4612
17676
4544
6128
10089
7698
26952
24260
2796
27340
16272
16329
28796
895
28566
16029
20370
15050
5708
1525
25435
27960
13281
5079
30233
12054
29249
30217
31687
3202
13535
10953
16379
4037
21938
31166
11025
483
13181
22831
25222
6512
30036
13171
18594
2980
10076
8360
8026
13234
5330
26792
21108
17494
847
24889
11500
14253
13130
31876
32151
29002
18910
7113
28422
18054
1997
31312
5805
24855
29126
17571
32580
12261
19939
12282
12910
23065
6774
9719
1433
26742
25093
22675
11813
6380
4243
21081
24776
4202
11809
22226
49
24309
8821
10048
7915
2551
26138
32654
22661
4313
17576
24456
17904
8147
5190
29768
4392
25859
1644
13808
27670
15293
30190
3487
28342
8739
22070
6045
8309
11509
10192
21977
12509
28074
5677
26262
9075
32447
8864
4961
29408
10831
173
19526
28496
24292
1923
25411
23576
26253
23751
7165
4251
5168
15507
25522
8302
23330
703
17775
20154
1269
22879
28291
20706
31121
12428
22323
9318
19846
25448
25519
31752
2721
11868
4421
2093
26302
23204
981
7813
23772
17166
1925
1262
23671
5630
23221
25494
786
30902
21558
8800
5139
28628
14774
13706
8915
12572
23167
7564
8950
17016
16994
7747
21240
2621
6381
29006
13577
13488
229
30649
2587
4809
3056
11992
825
22071
5777
27766
7450
20131
8281
9776
23030
3129
29788
18459
19864
2917
13795
24237
12213
19930
9568
6106
26748
1241
12711
24445
19310
12464
10586
6906
29808
22913
8357
18465
31518
17732
24364
854
28771
20239
27202
14575
23110
17301
32604
1502
8711
26350
4805
2960
10347
1942
9875
15125
29780
17079
3545
23424
12180
23979
28702
20369
26115
22716
8462
24209
15056
7983
8304
1150
2068
30850
22104
3432
7341
7921
24478
27
3145
7999
32398
7166
17857
26034
993
28219
25513
7264
17389
16928
27429
16041
27672
28870
27901
1541
19602
21488
15604
5120
27204
24629
13142
32130
27907
10850
11473
6996
15882
23578
15493
17376
27303
23487
17502
21048
7988
11158
26530
7770
20041
17445
3014
19123
22576
28128
23430
2785
18073
24069
53
18365
28815
6853
1361
17561
6827
27300
6746
10694
26504
21282
9956
6234
11382
27291
25836
11055
32371
364
30056
2351
2903
26199
8993
27855
4942
18985
18373
17626
5771
1689
1848
21104
2875
19572
21804
26702
12216
31991
30961
12112
19712
12924
910
5171
32101
15450
27664
17056
19334
4614
17954
20838
15741
382
18142
1032
8282
7399
3043
17783
10193
11124
22696
16416
13871
8587
15888
14121
24722
25635
24638
1272
858
23409
20138
25334
31451
6339
8820
24210
21588
5036
22265
8072
2853
16993
4261
25443
9788
4451
17928
21056
18897
32350
32555
4310
4435
23121
7972
13235
17826
30448
27624
30664
17278
17223
18529
25640
9792
7071
21696
14605
2759
20645
26901
20508
32438
10697
7708
20970
28637
26341
22618
25790
12276
1311
2409
14489
24719
19216
7057
5235
23374
24614
15256
18632
27220
29510
29914
11091
25851
13494
21404
26
1222
10043
413
29610
1688
3198
4334
2724
27683
28852
26884
10872
29090
6526
2572
8049
3019
23566
6782
17394
511
7820
29429
11519
30917
2232
7230
32766
118
10192
29614
21951
31802
2484
27065
20155
30002
4936
3777
15513
11767
5658
25132
1271
2628
26949
6073
8550
7919
2453
18196
24758
32286
1259
14760
19829
5047
13539
19124
23986
9752
3253
3489
20486
20233
32345
11923
22998
238
15087
16702
2770
27714
21085
29179
2497
22848
30266
19738
3713
18915
25579
4218
15689
30737
14859
15192
18226
1043
15633
20581
29686
26441
20268
32283
30967
32540
8050
8528
16771
17459
21562
22028
3158
490
13510
2712
608
8704
5670
18647
10953
24719
3928
10713
24627
31810
14516
10158
11071
14018
31368
16760
9810
14705
12031
9668
20121
12891
6983
22299
26186
15722
1010
32467
19501
28121
24733
25131
27740
3050
29392
11672
11847
23260
17446
2649
1018
31511
20398
12881
32419
15531
23184
30230
3150
30200
16372
26950
17140
12974
13343
10522
23732
20217
17119
28989
18784
21237
3370
29406
31035
8808
2562
8708
17665
21680
20123
27937
5928
18682
8640
4843
14950
19125
24179
2663
29043
23111
27092
12614
15376
28158
16452
13429
27976
16201
24009
26352
30454
30760
1460
31447
3719
21729
11650
20675
3841
3573
3841
20826
15428
7762
9652
1313
19345
14794
7031
24210
21832
1988
26726
27247
5110
30257
10748
23125
5262
14530
30072
7572
15351
18520
10629
31806
17863
30397
793
26750
8271
27281
31134
31275
18903
6023
9808
18589
4906
1745
15078
5824
27478
984
19316
1382
6317
305
28560
16354
783
18892
32436
22226
29548
21103
27619
15676
27780
16227
1167
7133
241
29294
5819
28349
19048
13569
16989
8455
26172
21169
31238
6936
6947
14315
30404
30422
3133
26852
9032
20035
7506
25808
16964
22610
27740
18772
21527
18425
1093
19005
32684
8583
11505
20850
671
31288
31871
23335
27810
22022
3532
25172
10784
6083
57
29030
8736
14181
9391
11060
27499
12961
31712
24628
23793
27579
27087
1007
32105
27292
17042
5810
5688
13349
5206
22407
28052
11203
21157
21091
27625
13123
18148
7841
12411
31976
27168
25007
22862
17339
3082
27144
579
24099
27455
30306
16259
24245
8909
32040
5920
14157
4339
2090
15866
4702
6953
30868
7136
22150
29536
18204
23288
2150
17035
5248
1633
32432
23646
7728
31766
7297
24662
27463
13846
1522
27641
17856
11970
746
16991
21479
25734
1078
3313
26125
16571
32475
6513
19584
26060
4522
14651
18875
10392
10518
9674
29913
14616
5443
3709
8272
15938
18015
13211
6363
26925
9013
12950
20664
17269
11775
26508
19220
15585
27516
2067
23492
15427
16451
23350
3893
14240
14423
12987
20134
6033
27899
2472
5268
27113
31944
27653
17782
10136
18940
3042
171
4560
29461
10140
32177
27238
14751
9565
18839
2938
19274
2018
30901
8794
8511
8321
8346
4516
27060
8810
11846
16043
12222
31533
27802
19996
13671
5244
20236
5090
13313
25394
21663
14918
30394
26517
5907
25691
880
728
23128
20377
17862
17893
12361
14536
28791
7513
1175
2080
2282
32463
9475
2222
20743
31585
6609
12025
842
23404
25209
13030
5397
10132
27295
217
29515
17160
19269
17949
27930
31495
11328
7302
16664
12196
23016
6484
146
31174
25364
17243
15648
29298
21318
13409
13437
32589
23842
27080
28310
18524
2341
2157
481
15119
15507
6095
29168
15998
11441
30836
23622
31986
4661
6536
26473
26279
12539
12744
10297
20944
2041
32670
29055
23516
15733
21645
16841
28664
7029
28624
17270
5845
12408
27710
4877
29611
26723
17777
16339
4734
12734
14375
15004
27552
800
488
9953
16503
21736
17386
16915
13696
25390
3377
21807
19860
19450
20474
25747
10858
23987
18010
4624
13918
10714
2595
25920
7024
12280
25607
28185
11152
13524
5632
30147
7705
6634
9455
12711
18075
18713
25987
11465
10461
2204
20572
23383
3618
19259
24944
3202
32684
20674
1710
11916
19071
10931
25058
6434
28775
31032
25049
20973
10812
29787
30405
32612
24421
5497
26082
32228
13979
29940
90
19202
9199
12329
16743
15136
6159
27554
6071
11582
13509
17804
24084
12563
10944
19563
18244
21340
9367
19980
16686
1141
25355
4795
4927
19750
28301
22711
15372
17855
512
9187
21049
871
4799
13758
27801
28593
6626
16789
21910
15984
701
12536
3540
30157
25258
3178
25105
15510
24073
23644
6224
25305
24196
5725
30774
22706
32408
27275
12980
1889
20048
1357
27878
16543
21844
6468
29243
14387
30243
17790
20951
15296
5789
11245
27445
7393
12740
19480
11793
375
14019
30225
4485
3650
22832
27047
1650
8111
13966
30172
26913
1265
29974
11418
13866
29011
16311
32417
1685
6093
17243
21444
5952
9429
4460
29525
24448
2679
2966
20702
31499
21160
15567
4369
27414
27608
17301
23298
29370
9158
12663
18836
4764
17560
983
4401
26573
2091
6638
11711
29167
21928
19473
11471
1178
32088
2098
26647
26622
26297
6057
17442
27849
25809
29237
18246
30539
9410
16957
7383
17879
27295
32348
22682
30317
4222
15389
3708
3991
31694
8195
4740
4241
31979
3789
29959
19628
19696
1015
3867
5620
7629
12676
13133
31505
28825
19707
22167
7275
9769
11696
17804
23698
32225
8260
14806
28636
30410
4975
25570
3920
18149
509
15578
21186
23743
15895
13524
30272
8006
452
4425
3757
24539
26800
4040
29100
12968
14123
8427
21696
8500
4724
20363
26545
27444
3640
10288
28209
18853
13142
13515
7359
26647
25573
24744
15564
2124
16504
22686
23580
1025
29344
15241
2928
8460
179
12026
28770
27559
3788
11308
11920
2828
12563
6458
27644
17474
13119
656
29875
7990
31065
2207
16813
25101
24002
21974
26357
22201
12407
12493
11529
3786
15252
32451
22916
6535
28951
19018
27386
24638
9703
8769
19492
7384
32277
25859
16957
7856
28257
19422
6827
20902
30464
19143
23522
15215
31644
6219
32134
25391
23709
29129
27599
22345
13735
28639
23090
17781
25955
32546
10558
22804
17027
20754
25540
21441
8704
22861
5946
5161
4774
11010
2913
32540
29139
19113
7462
32484
15740
18417
16582
3285
18288
13306
28470
31013
11745
18373
706
25854
15648
20201
18164
8914
7848
10887
16311
28911
31070
127
27580
16979
26391
27364
1565
2497
25435
15278
2881
15124
5993
10415
1279
30420
10106
29641
25094
5127
25930
25437
23676
31817
3029
7942
13285
3615
26718
17544
15943
31113
5302
18691
5259
19158
9915
31341
24103
6076
31007
13630
32762
680
29035
8813
12919
2131
26435
4508
17158
19350
4331
17296
1191
21375
6410
14563
13273
28580
16814
22781
20922
14007
14481
1344
14959
21339
155
27779
31430
4918
5287
12994
10522
27720
10122
16659
17784
27771
9553
20956
25855
18299
22987
3396
11405
30407
24648
18919
24216
8201
16543
17870
89
13731
23926
27550
23088
1418
6077
30735
22340
10839
19324
5024
2154
4763
2511
13450
20040
4723
13358
23794
28346
13149
23794
2402
6516
13898
4373
25466
8169
31733
28474
3299
25708
18290
12269
5765
17557
3850
811
30714
743
20294
26405
6978
29615
5194
23617
20664
28975
11620
6754
16196
23292
16101
11113
9427
9381
9776
3836
31492
14229
25616
19334
21540
11323
335
4222
1117
7784
8580
19949
27434
8440
14380
25898
28942
5300
5116
22248
3462
26231
13430
4723
26940
30864
7611
18999
28797
15208
7840
29058
27117
14693
15619
18315
25978
6669
15456
5042
6030
24687
29343
30473
29833
26814
24368
30484
8302
26944
14426
9677
1756
31334
25296
2795
12097
27197
1926
12900
8522
24325
15298
1073
28062
3358
28534
18769
11979
1068
5581
528
5760
22387
15364
29065
23294
9603
635
618
6345
17178
11276
26871
31907
3398
14235
9810
18874
9930
14318
20729
4129
9411
23999
18064
10109
28299
26640
10977
16897
21726
28351
22561
11164
9275
15194
9332
2416
13965
9268
8372
11655
18443
7609
13422
21185
4957
30206
15150
21777
30976
28317
1789
14825
13803
10431
27687
7411
28019
6010
14914
21762
2668
27742
18027
25928
15249
12874
27347
3785
3878
2692
8059
5647
29147
16393
4155
4384
5364
9506
21513
20909
32679
28472
10616
16268
20421
1257
23679
14185
28061
29276
14716
16824
14110
30673
12664
13805
26171
26236
5037
7664
13972
16275
69
28107
3666
18854
30821
25510
11858
4143
12138
9206
11655
362
371
26097
17305
7782
13087
17477
9938
29020
24216
1545
315
15937
12752
29684
16642
8599
25098
3533
18463
4488
30877
13346
16183
30005
23796
6717
4033
17996
16346
5204
18791
28888
19444
5632
30383
25950
16271
29936
9434
4389
21405
17375
8973
12501
5113
22979
15534
12612
3315
22856
29457
4748
29192
19580
31316
353
8689
10444
32135
6817
11232
20271
28176
3373
14854
23713
25166
3576
1368
24275
18301
21085
13971
16673
27354
1206
22653
1476
7687
26410
16238
8009
31408
6342
2576
32321
2415
12495
8035
10043
20461
9303
19972
25839
2635
10767
28846
27324
5056
4188
15361
31573
17027
14765
6530
26551
15083
13067
13284
31326
32212
6386
6278
8888
13894
15967
4668
29914
2641
18986
8530
20850
29499
16022
13518
18940
24798
7975
2294
5433
11339
10419
20242
10205
7603
20412
627
17800
2440
30973
3764
7672
18655
8259
11072
19069
4377
24958
4116
16301
28354
6168
26567
1880
26553
2181
8903
22207
2193
18460
4069
21760
24888
22309
24084
9685
13526
8499
27501
3198
24824
22452
1399
15100
16366
23238
32422
8576
2673
9292
15649
21027
31882
26945
9928
19671
16815
25933
3702
18334
27694
1174
1667
18170
31695
24537
15502
6820
14260
16057
17017
4736
24453
5207
26804
32721
30666
10786
3519
22186
13720
27889
1770
933
19824
4175
1632
18902
10596
31765
8803
15618
19067
14399
25049
11277
22871
19192
29192
4018
10773
15607
27038
20855
14197
14350
15604
32479
22843
29696
18323
15585
14805
26004
3832
3993
20285
25575
8852
19006
23329
14342
15639
15188
13890
19132
2798
26914
27418
25769
14858
29287
25537
13460
14052
26441
12049
4099
15038
11918
8457
8712
3883
19214
21103
31837
10961
5480
17337
16051
2926
15861
10030
18504
28953
11002
5705
10168
24267
1826
13918
15637
1053
5163
4223
16953
29779
5599
8353
11611
20122
26950
24571
8673
15246
7194
20143
25461
25599
6267
16556
32603
17653
14564
29139
8194
1265
22622
9561
16089
11894
13043
21612
10339
29640
10854
12313
1678
24564
17185
31341
25921
6416
28015
31450
25908
6084
28395
4573
4356
30730
57
12254
2183
18225
29427
13144
30301
29480
29670
29241
967
16121
15743
29324
16060
24724
20096
5717
9786
11214
30967
16060
20699
28329
23921
10862
25000
25302
9835
4929
16177
22648
6153
20247
16606
32299
18443
30724
18048
27205
4604
24499
28203
18780
7084
20997
23624
22024
32225
27388
18918
32233
25930
984
19793
22508
16308
31615
4326
20427
18816
24098
27685
10963
3925
12318
4872
18922
14354
24608
20371
19664
11015
9357
31149
31397
26212
18465
8494
5036
6641
10710
7737
28750
23040
29703
31692
4450
32417
20181
28821
1451
788
4554
23048
18594
31108
14524
28078
32374
26354
8180
5312
12626
7023
19344
9716
29662
23182
15910
29079
3336
26649
8874
21468
4356
19715
19858
16756
2961
26782
22839
606
8063
8718
24959
3841
16238
19966
8889
17272
25560
7313
32712
23853
25170
9115
13188
30377
18958
22802
12637
30122
27045
4543
31042
8054
25107
22585
25281
18288
27395
12308
9071
19433
11342
6486
5258
21816
20670
26666
31709
2829
13847
17625
23524
13314
24152
26613
3889
29555
1598
26328
13070
6544
1290
9293
9572
14768
22916
14732
6619
31465
2112
27500
2627
22237
12064
32724
1587
15062
29210
1906
9711
16150
9531
28592
9359
26728
22508
28900
25950
10235
9589
11463
26753
3440
28351
4393
29401
24370
24926
21219
27946
3334
28622
5388
15996
12515
7933
4208
9665
4611
19722
20285
22201
24122
21837
20736
24083
3463
13719
10960
4309
9193
6331
30665
2813
17779
27213
11709
360
20643
22441
10789
27380
29424
25143
2910
17634
27554
26350
10770
30334
28902
16151
18164
6145
27426
24148
16560
8374
31366
4576
26145
16476
31460
17688
14533
26572
31169
28475
13167
17627
21164
3694
26940
13698
26062
21507
4296
30268
7363
26106
20386
4016
12712
22984
23037
18320
27765
19544
15016
6337
19085
15184
22336
30396
17556
917
1188
24628
9857
10513
16297
1273
11764
19380
24079
796
25289
28088
19380
32596
24045
28458
10248
7328
29296
25254
22465
5934
27868
8034
24272
1660
23750
13421
5779
2749
7330
8505
5196
27006
3036
30552
21458
23945
12068
18819
31366
7689
11017
3040
18057
24816
19657
18821
32300
23702
5479
21304
29608
3234
31487
19320
28944
15918
21591
13250
8323
10022
8886
24333
17574
3313
11769
28055
21841
15956
9955
13795
21641
25747
17333
16130
28591
28633
2814
12307
16630
8921
16565
22790
17691
438
10629
14501
22864
10272
6248
9172
21881
19137
31351
29207
5786
26583
21761
21334
3472
27426
27098
13021
9728
18688
30197
19367
6542
21719
15925
20956
847
22195
24193
21912
18304
9264
3863
17134
9080
16539
21538
9005
31195
18516
19342
865
12049
11126
3355
9245
10742
31674
20656
22136
19667
20889
20211
10838
31374
3249
4118
20969
31773
29546
7411
24183
23104
30169
18012
14941
32624
6117
30380
1108
13842
18088
16802
12275
22257
7448
9840
3957
15339
23526
14350
10941
19179
6310
8148
1943
11543
26673
11848
18241
1610
2119
28213
15658
16580
19577
28157
25337
16672
21062
13103
19921
5767
16517
3164
2259
31524
5635
13607
30949
14551
19308
156
11698
17966
19567
32195
17394
12177
3101
19060
15596
8380
14482
2156
28473
8819
20952
10401
29898
24688
10248
211
14893
2977
1202
24420
4875
11408
895
4457
30710
31267
24085
3841
20833
2181
12091
16870
29680
25700
28990
6721
12787
28253
15251
26051
9773
2740
957
7409
7129
31049
25970
6847
14319
27079
13817
29281
18339
8223
26326
22366
22574
15669
31657
19430
31698
32728
5972
2405
24600
4600
25692
22360
6493
13843
23698
17504
18316
26865
13298
30100
30765
19345
27339
28
27039
26979
19232
252
5025
11960
21838
26413
6424
9078
24560
9202
1804
15888
28416
13673
1267
25269
1599
16224
23090
25288
31446
9835
27873
4241
2109
24883
7630
15154
11356
29713
9669
9948
3824
19164
22543
21826
30769
25855
28217
12878
6834
1998
16663
30995
13448
27418
4871
25860
19374
5122
20346
867
2472
21005
25521
14588
31335
4726
5317
20498
12909
32199
30442
8858
8241
5033
27124
13479
3269
14587
16155
21286
4022
27681
27643
2763
31284
5023
28383
2891
32114
6886
18494
19148
4176
20845
11654
32153
22584
16388
22809
13851
6469
26726
7061
16645
29099
8973
4697
4558
25683
3914
10053
21348
30405
18836
15808
28959
26187
23585
12544
11251
14419
7603
1926
4075
10774
29365
32743
24018
17271
9350
23250
15667
4398
17173
1615
19077
18981
17582
3653
21919
25634
22547
30271
25714
23463
7375
24687
19958
13079
13767
9716
357
27929
27154
17496
19880
1601
18442
17501
15630
12782
32419
32249
22852
24174
24828
23967
27522
17513
18484
3776
3330
1404
18303
12178
7094
7716
26233
29200
26426
11998
21946
20034
10760
24716
20906
10686
8939
26651
10134
6255
25270
28003
4356
6805
8757
22862
22852
31757
13412
20285
328
14547
26847
21927
21942
2757
29338
29187
11066
1193
9938
15337
13601
24178
10307
11124
10788
22207
21148
9962
11137
19877
31280
5023
8785
31918
21486
28182
1813
28705
6547
11626
18322
9604
15902
30188
16095
29536
18052
24334
29628
7748
6822
20608
4389
16140
25216
15000
19751
24163
17315
11767
12787
27015
4837
5738
32049
25677
20055
7438
2454
31844
29559
30136
30393
25053
1447
7059
802
2283
22750
16651
19620
14568
29854
30442
27374
3225
8998
20161
6236
18355
232
31882
23827
9630
8253
15243
28748
1400
5464
31358
17392
5981
32376
4846
28262
28390
23650
4068
26280
7919
20239
18371
18077
17054
2722
19825
1955
6049
6301
31927
28010
3510
14675
9707
4873
28529
31137
7372
20043
2106
20697
11949
23882
27541
23295
17366
4672
16806
824
12327
29081
15604
12927
30462
30285
7533
22170
1627
28780
25770
21836
11586
12795
8053
16333
20833
32254
26760
23159
10227
28118
2200
19650
30180
16589
22418
3442
6966
18928
17189
24335
28067
28701
7808
28822
9860
29788
8029
30318
26609
29298
11326
20381
7466
20404
24566
2876
14901
3098
26220
25128
7881
10644
5788
30971
8299
7585
28126
32315
32727
285
20587
30929
19873
29274
13085
23228
540
23923
4726
11270
19579
7901
23268
25079
23862
13375
9795
13962
12208
28548
29348
5149
5910
24622
13901
26988
4746
26349
29953
31168
11393
10096
14977
32100
26985
19579
7762
9817
2448
21050
13505
23882
8769
19157
4389
19138
21040
20804
15716
157
5399
7781
19128
22461
31394
29771
24499
22014
17545
21465
26497
12395
12283
12432
18030
15794
28227
5798
14247
27861
4262
30552
14405
5155
27530
3969
9095
11367
13534
7274
25695
19551
25013
21220
24625
30831
1844
19604
32471
6807
17071
24463
29672
13987
27919
5159
11578
11937
7543
11524
2725
11160
16167
30070
17162
32375
16032
18953
6804
3404
4616
3930
20030
8374
8401
2858
22678
9629
20118
21425
29632
14112
11589
18740
31933
1231
6787
19930
7150
26907
19532
12220
22227
17418
4314
31035
28441
28208
17865
7062
13012
22490
19064
10172
8713
10380
29106
2398
3439
29358
13966
30793
4726
20354
14483
5107
6281
30553
17184
23891
13200
10759
25611
758
4026
31636
21897
13136
19065
22836
16206
26960
23758
23161
4853
26423
31430
13000
1953
21417
3141
22282
30949
11524
8962
11171
11489
1778
4563
20136
17838
17978
2347
21068
25085
20188
23776
31644
12538
22620
22322
22893
32119
23646
15626
18322
29766
21363
26495
12882
10726
13363
5790
11801
9059
26764
24939
14189
26231
11609
26403
12068
21749
4150
9668
26324
22375
32659
6607
20876
6902
8456
2893
11457
26251
25064
11280
13707
19252
30233
27451
15890
13257
14627
8709
14146
6095
9606
32185
711
21916
22097
19201
8501
30652
18160
1637
4230
27028
17734
22031
28362
24389
18940
20689
13594
29908
11032
13929
7886
18567
23761
32003
4336
5266
13473
22527
5616
3058
25245
7157
16792
32410
5378
9206
4419
2253
31248
7189
7242
20939
5147
21798
10432
7599
5087
1478
30815
13976
11540
7324
25025
28935
6466
2014
2516
20360
15575
5654
20872
2453
8823
21542
19402
31159
16531
3209
20406
14062
15677
19421
31496
23891
9274
3742
14548
18940
17241
31797
8312
20000
8452
21297
16590
7547
16661
27348
11174
31732
11243
28113
21875
28286
27580
12884
7492
29500
29740
21315
4342
1256
10271
28355
16808
28021
29132
11775
15472
11251
8468
31269
31564
29108
1041
688
25180
31405
28145
30957
7502
17694
8197
9400
28953
27766
18709
13959
21998
11121
3831
31403
28011
18819
22111
20946
10515
30585
15609
4815
13563
24414
31157
14750
31429
27547
5987
1954
20690
2403
15743
31026
10676
27214
31566
13396
22498
2372
18730
21704
14768
30365
13337
14665
24958
12166
26533
13839
3631
1191
2536
20632
2013
21507
7655
26792
13514
6687
24609
29327
31386
7782
20839
9898
16320
16076
25581
18988
8503
7858
32418
29982
12402
15625
19133
31141
19861
13755
32664
20612
29157
12870
8386
12001
32381
19882
25168
10572
25412
28550
10099
2045
12827
25214
20304
12381
29275
10719
17419
18377
18558
23174
37
29586
17948
31486
32265
23112
30234
12008
17889
19000
31006
12704
3502
10547
17989
25629
8088
4497
25625
29209
31362
16502
11709
21106
24802
14676
30827
9937
18896
17073
11553
16009
26717
8235
10902
16578
15653
11705
883
16854
26152
16435
27840
18427
8405
28437
28828
803
12904
11136
14642
15392
10870
18561
2024
16140
13254
22678
11481
17640
26467
1134
4742
8323
21999
16113
12744
12957
15162
31360
522
26957
4116
17278
14772
20128
28255
25615
29418
27267
31592
29983
2167
31715
19575
167
16132
19730
31140
6443
3726
10093
21229
2696
8215
10812
27526
2028
21403
2265
28528
31526
25157
29717
30541
22816
28899
13015
20083
8105
9880
11782
24383
24696
7120
29609
14763
32110
13689
30029
26659
31260
16497
1447
1685
1669
24890
22907
20424
10021
11253
4029
5358
7730
30862
1269
21372
31265
18228
30184
23865
28012
18700
13684
18069
21395
24870
31164
3901
1889
12720
1157
14572
28272
2409
10976
16516
24047
17753
10
11613
15523
31424
10128
10973
1580
32076
4790
24649
5002
5518
11546
31450
19679
31663
15509
7700
10358
27231
30818
11859
6917
24079
7042
10663
23855
21600
30302
737
10829
8155
17327
13038
23662
9186
17563
29796
2460
3302
26656
23899
1634
22747
438
19326
29067
17385
21296
22114
11563
28005
28132
15382
26852
18687
12043
31739
8546
12349
23403
5077
14632
10280
7731
4899
3727
12101
28454
30892
13067
10182
9211
3675
10161
12802
12548
14156
17142
2851
23823
25639
9146
17438
27786
8621
21893
25833
2026
30096
2576
20456
24909
32136
3079
31144
23901
1187
20237
18639
17272
733
16641
12883
14607
15088
16511
26091
3148
27245
23722
7875
4600
16396
16937
27764
6811
3136
31088
2099
17125
24591
23105
2632
9036
3617
22642
5059
8951
16919
3568
16490
29147
8734
9732
29941
28196
11971
3541
23934
30934
21769
3631
12339
32180
26296
12930
2126
12897
27897
8494
27975
20677
2336
18685
23111
20658
22473
2033
23009
25799
2598
12097
2557
16021
10647
2206
7188
24065
14715
16570
9635
28649
11079
23307
21721
11
22741
4813
23955
546
30974
19782
12939
30289
17002
333
24268
11461
12455
14349
4970
27799
8057
2823
15727
495
12401
17238
14360
30575
11969
32311
28482
32463
25935
31432
1567
19652
6920
29968
22061
27687
10615
12864
23145
19539
24982
8760
23232
3791
13028
14925
27590
22573
18615
27978
5802
10289
4564
25780
15722
32054
26173
24403
3907
18126
16202
22765
8556
27561
13819
24405
3
26296
15245
14501
19272
16273
16459
16071
13577
25110
15527
5178
29277
6481
20617
5650
30101
12707
27879
12097
1136
1566
15254
28950
32398
32047
14688
5379
26663
14464
13910
19363
3325
31772
12391
31995
20367
4309
15410
24065
30864
9699
28697
32602
6807
30157
1431
14696
24088
12941
9427
6532
18835
31983
3701
13448
23051
27450
6072
657
32698
25362
11456
10243
21251
19101
19759
20429
5544
21733
14067
31470
21565
28029
13153
26936
15325
1896
14984
32595
30747
21302
24767
19974
11579
8304
17025
7858
25251
28214
25211
10527
29068
28455
11746
22139
19453
1153
6922
13728
12282
29833
5685
1174
6905
24622
12457
29529
4501
15337
17925
988
3974
20455
3028
11085
13265
874
16227
6299
32060
30573
26064
17462
11013
13447
21092
11542
5587
28689
26402
26366
5357
11403
17312
24066
17322
14652
22038
29511
15145
21785
693
22282
5185
30952
21818
17379
17851
3237
28866
32587
12991
3109
12768
17245
32141
24313
14061
30169
29294
26517
17055
20590
7913
3506
11485
24121
26937
18416
21970
29321
15359
26816
20289
31973
6709
12929
12312
24144
12131
30441
17991
9163
12309
17831
6866
18972
7820
28230
31781
28366
18356
22869
681
4729
3158
31941
17300
20547
19087
28562
9733
11943
31617
24742
3664
28021
22856
29946
21398
29978
8495
20734
13210
19234
17956
20795
14543
12283
10090
13878
18102
18940
8078
18328
16486
421
32668
12941
32108
29481
19090
10090
214
6441
17685
31378
9867
5315
11619
19610
15070
14027
12169
32171
12386
11864
27094
28712
26623
131
5519
24209
16197
11627
10212
18600
22785
9853
32547
15314
21518
31218
28716
31423
25710
22424
18469
18509
665
21206
5743
22954
9493
1514
21208
13241
14407
31350
13330
30648
18569
31547
19044
25375
4733
13092
12959
1739
28064
15750
30036
31067
17698
2982
26180
2267
4853
17276
6168
12192
4388
31670
14418
20594
5478
30976
26500
32241
19187
20611
25023
20785
16022
5035
2895
5032
28931
26926
13733
16458
25452
14154
12437
8178
21071
17230
31682
1284
4754
27227
11350
27216
17617
22380
23286
31034
21239
23188
11765
15128
27659
17799
21447
31196
29261
29020
441
5107
3970
20881
19168
18285
25484
14416
25423
14429
317
12272
9101
13955
11629
3519
24647
1576
5194
8703
27201
12362
26864
10542
19090
7673
9018
25227
3857
769
20439
28629
15115
23497
9888
25174
12343
635
23336
6432
9195
8037
23445
21655
29839
30880
29103
9007
29523
25839
31287
2935
30237
26089
9850
5975
17861
11611
31782
9365
15493
4584
1883
7838
10411
14066
29445
1412
18321
27582
31594
26179
27855
1490
28415
10312
10671
15010
12672
21556
2274
15468
30015
14301
12913
7777
7869
2965
3062
17413
1655
31920
10507
24536
3330
16704
8195
17718
13658
6435
5848
4476
14712
24640
7269
28780
19746
5645
8661
32723
775
32341
10332
5736
2059
16184
30501
29176
10464
8307
28043
4288
21974
20449
17803
14875
6388
20290
23161
31325
12871
28476
18419
5630
20090
31647
29972
14331
2983
31981
24553
24441
16493
13082
15657
20651
14659
11664
16416
3319
24587
9334
7917
5716
491
30514
9965
503
10072
29740
30071
7726
12915
19925
10442
12172
14233
24809
7491
2374
17461
12273
2772
1245
2009
14347
5809
7421
5006
749
11596
12198
9064
6696
14468
11145
9821
16298
1561
11445
30806
3975
29284
19570
647
28409
11077
10349
13820
27813
8028
25878
5237
30239
28028
12103
15220
1713
26716
294
9620
13144
656
11852
5660
14352
14008
31527
25300
27217
16376
17308
4120
13530
13992
29937
29482
173
25932
24299
20173
12123
27078
8243
7695
2689
30410
12798
358
19603
18835
22253
510
9944
10196
28978
8018
26806
31218
1013
23290
11312
21872
25590
14019
11181
2987
23411
22789
9467
4295
17740
19249
28051
20201
25445
1706
7199
14758
29772
17366
27449
13756
19484
16244
14710
10496
29857
27184
19107
18072
6332
13940
11854
27498
16137
30850
28553
7892
6080
3264
29162
2974
25049
14418
8150
1325
11124
30702
19967
27897
29047
12524
30764
3137
25209
30877
15161
13821
18655
26078
12382
17684
24644
8429
3508
19151
6687
9595
12276
397
5535
27394
29058
22457
20186
26456
29355
9978
18727
8069
14123
27561
14536
15058
15603
4232
28621
19490
28713
8881
4660
17797
8303
460
21845
18955
23400
24709
20094
20950
20600
10558
5338
21619
8652
6912
14999
28011
18075
12984
24903
12052
25259
13472
28039
6061
14102
27131
7647
23722
4174
26373
2282
77
21855
27946
18103
25974
7284
15734
18798
21948
26781
28493
10551
11708
29903
8028
26455
9137
12333
2767
27804
23622
20357
27332
18172
16808
6174
9216
27257
20702
18353
7905
31048
20829
15797
23444
22321
10967
18911
5768
3129
19797
17386
4387
14975
24453
20628
21171
11108
10069
30697
30119
14318
24768
28867
21759
4207
30440
17810
11777
10081
21350
13913
2606
17301
14302
31737
1396
32141
21974
20658
17573
11302
6344
25063
12328
1145
22133
3873
18159
28932
22909
6743
7592
25605
31277
11629
24120
10535
14744
22778
23397
31328
4841
28750
3282
23578
30455
26292
1841
1169
9754
4596
17588
21116
23614
30236
20932
5871
821
32384
12790
13952
24402
18432
4411
26025
27187
24713
5463
1133
20446
8159
25492
23870
16912
32153
11959
19231
5585
2157
24883
2822
24396
25261
14237
15492
32734
26642
24416
21927
23149
24761
28082
3616
8699
25963
17094
1441
30330
22817
11587
10633
17378
7111
25078
7619
6018
23105
7107
11499
24467
8108
30690
947
18707
3046
25160
15238
12241
21328
9826
30827
21700
27602
30729
7723
20128
2848
2227
24758
26795
23100
31974
13251
25549
573
22003
23991
19943
30286
9184
12744
25446
7929
5030
13666
12056
19110
11677
13513
23614
1886
22580
2817
28386
18901
29413
8427
22123
1448
7528
26544
3694
6883
32551
21090
16839
15558
8947
4833
9193
13769
15093
7676
29810
11485
24807
15065
24835
20469
9860
8599
14670
1989
2620
27953
10608
6345
9261
25766
28290
21898
8015
24407
14698
17949
21230
18608
13303
26860
4190
1802
23598
28857
30954
18896
10718
9183
28685
737
12923
16603
32229
3894
16168
3084
13796
21189
2326
27319
30153
19365
4109
12110
4302
24690
16200
31474
15139
28147
21638
22582
18844
22522
15710
29478
6567
8588
24275
4744
13696
20546
31528
13921
2216
7919
10742
32699
14483
17283
5755
17830
30112
19504
30773
31613
22607
22475
31151
19562
7855
11636
412
4140
24085
30585
4642
32024
32019
9592
12920
15198
2472
14788
5811
15758
16309
1546
31197
603
21424
6965
24136
9118
21916
28814
10273
22174
16441
1576
17992
16782
2168
1659
23903
19031
16689
11087
10530
17048
10008
27100
2038
5355
10478
10799
25796
22379
16372
3535
29447
26483
11429
2465
28964
29352
27556
22281
25851
4409
30452
82
1723
21861
10087
3152
19962
29758
19033
3395
21765
27565
16285
5887
1652
18871
13240
24650
18690
30974
19021
4998
7580
13963
19673
4752
25528
5322
12705
12775
14312
12246
3816
12049
8367
30455
20068
26170
32147
12138
13555
2847
27763
5216
4747
26922
6427
14408
11887
28382
11030
2897
17321
2166
17859
11051
8628
3529
20140
24590
17785
18289
28178
27390
32381
20268
32205
2381
29784
20354
23123
20833
8297
26281
18966
19640
4040
12453
28435
29480
380
15539
30375
27500
13550
29160
31653
13532
31902
10006
20135
7804
26901
29167
6305
12088
8219
29037
3004
25454
13353
6001
5729
25517
4129
13738
19603
6333
19261
20920
31619
16607
31045
1169
7006
27221
19206
26916
4970
30501
4863
24125
1105
3611
605
8105
3261
7437
12842
31386
15396
20578
19649
8525
10214
9173
27525
25065
22165
28791
31954
17579
30099
7155
17972
21824
3299
19734
22231
7026
9529
18831
32319
1799
5203
24819
6969
21222
25484
2308
22290
9084
1199
3890
8454
25694
18697
866
32251
10544
20162
16367
112
5573
22637
13038
31920
4487
17117
19639
19787
18970
3386
14241
15302
18748
10069
15628
24978
8688
31289
31653
5435
30939
24323
21221
14306
27630
30707
10203
30445
7493
8130
26412
22013
25935
25398
26712
5408
28720
14581
5694
18249
19043
27543
227
11517
8356
27134
15471
10062
14093
29162
12664
22285
23423
18632
17027
15420
22339
30411
27336
27074
9201
14398
14902
8546
26513
6425
21175
27630
31745
28370
19125
440
1431
9333
6365
5962
23814
3319
27939
25175
20614
12232
6918
27377
47
17319
30997
31995
22950
19386
22962
19938
30460
2782
278
10888
25811
16700
15509
16769
5059
26653
32547
23938
30972
24575
10008
9238
8748
17639
20784
11411
16547
23802
23766
845
28597
21831
1442
27913
14943
16616
13856
32437
9262
3657
30675
23894
14685
26311
9337
14913
27197
11389
15505
24462
13786
2650
1819
24778
26588
19063
24223
17388
28075
26280
20336
13962
1751
1874
27442
9037
21686
25724
30106
15267
3407
15656
20085
18867
21878
22755
15596
24214
1593
18331
6
12484
24955
21425
18542
16076
31199
23119
32631
2633
20968
32252
32605
32529
30302
26477
8398
23215
6131
2206
16808
10260
26662
5666
10501
9097
15720
10936
27765
6888
17021
18718
14986
7692
13606
12330
11930
4998
30717
13590
4544
1425
31648
6172
11556
15177
17169
1858
4476
29207
1885
17272
30675
19312
15996
7136
8073
17087
2425
13165
19868
16287
19923
17583
20773
6222
32290
22509
12582
6238
22013
8053
26498
24494
3356
28208
19789
11673
17850
31865
7238
27757
14909
28463
10658
4383
28185
21769
15884
9021
26098
3626
12009
291
11009
20982
7392
13426
7608
18211
31642
27326
23465
25107
18118
26247
15524
32097
2145
31851
11039
24762
5172
28825
23515
10734
7326
18569
10437
19526
1171
25835
4891
6681
4837
30685
12495
3226
27330
11104
2352
15860
28031
3085
9415
18841
27027
3076
21631
1750
15079
12838
29706
20908
16461
18820
11135
21979
19021
9494
29768
4159
26408
19377
25915
31327
12311
8243
2567
5188
31700
23041
18898
16519
6747
25011
8480
9902
32242
26125
13047
4025
30055
15665
30017
28919
23449
26132
31857
6430
24633
15919
10857
13211
19922
16247
17563
5671
28935
23182
13679
3227
1309
16699
31973
5893
18873
13592
5244
19963
9706
11914
19026
24879
31849
28662
22412
25668
5408
22834
13816
24032
16362
3898
30961
19715
5274
19493
11652
6295
29758
27479
1489
7496
12197
1527
21427
19861
30494
13220
5795
6183
30595
17251
8409
2146
18550
220
6069
21819
4075
22983
21342
21065
32487
30625
25001
30494
2950
8611
12348
28887
3139
31476
8691
29170
6260
28958
4994
13408
21012
28351
4956
25051
31941
9857
20692
22138
1557
2635
1666
29059
25345
17081
25577
26752
26296
15050
14934
20629
30369
5081
28939
21008
16286
5583
1181
14914
20627
28566
5531
24462
15906
23505
19056
3007
13241
32202
2187
24734
5583
2731
18621
27333
6506
4850
2786
22190
29925
31
11459
31759
3568
6831
10299
13162
18648
11342
31897
10719
23817
4681
18246
10054
21201
21570
20392
31354
3686
4903
2629
32759
3115
25701
22316
30376
12847
27992
32657
5882
23286
21254
14007
8245
32125
21006
8723
20492
5752
4827
11438
30835
14046
3613
10699
10160
23463
5498
2762
5813
29397
21632
11340
20909
12721
24031
32408
20181
8279
6357
3389
26509
32372
8937
10745
26543
25935
31196
16090
10015
19206
477
2979
24995
19226
15356
21105
16629
22574
16609
14238
19735
15116
21438
22758
14055
745
8578
24520
12531
19178
80
4911
19086
30951
17199
11346
292
22894
30211
29401
31690
15627
5564
25665
9497
31430
6349
27265
5949
31726
23519
26094
3657
13589
18119
3676
21709
12380
15798
28550
24235
3313
12976
1200
1574
6101
27456
14218
7996
25059
20073
18008
21814
30478
20191
21840
1661
6890
17784
12099
4783
11886
20445
31104
20210
8952
1925
24310
5257
7825
9444
30360
7589
13682
25311
26886
9341
23752
13956
6505
30880
31413
12024
21918
32394
14231
4528
20888
19830
29836
1764
29183
24436
2870
27201
10781
1979
15035
5087
28923
9024
26128
11634
4551
14216
1912
26564
23417
29626
32071
9315
29623
18424
5100
26518
20725
1775
28974
9878
8160
17837
17590
17915
6141
28083
25038
23669
909
13644
9832
3516
32437
29213
21346
4554
12763
31228
14856
15431
2899
1542
25307
6213
15419
19435
4497
27693
31907
16781
19036
14841
23282
16074
15471
4004
6788
29077
13759
15327
26008
22604
1030
15110
22122
13893
26382
28754
7068
13995
30764
32592
15322
12680
11018
22930
15550
18210
19370
21668
12529
17803
7592
23617
29076
3188
192
5319
1758
25410
16015
489
1030
30052
26014
1444
23139
26851
21916
19316
26578
17210
24811
29639
17496
4201
10079
5042
4872
69
3650
23779
23079
28178
31131
471
9871
1619
10927
10829
32337
32481
26569
3066
26270
5435
20791
31614
232
18205
1941
2455
836
31060
1870
148
4115
208
23903
22029
12513
16891
6494
25810
30861
23113
8379
801
4266
2064
18247
18716
13862
17563
20722
7033
26921
17530
16601
20092
21568
21019
6528
29986
11963
13983
29275
12448
7764
9446
1684
5131
23569
23276
8456
28761
8299
27993
2451
7304
6831
29011
22413
3613
30629
30871
19860
21968
15216
5064
8844
21638
29365
20230
23525
15487
32511
23747
7452
13009
610
25298
4229
9493
11871
7617
19783
10080
31240
20073
24232
28277
868
9667
20619
14904
8213
8958
25910
17510
24888
6094
22617
1924
3725
18182
21324
29205
23768
20841
30361
23056
25479
25789
7354
17553
5524
24866
14884
21967
16813
26786
32388
32078
23955
3337
6984
12886
8384
4087
21345
21667
12876
26931
14407
1374
28177
1858
14398
3148
1294
32313
25049
7494
32009
6351
188
4585
21368
32694
30629
27534
18338
27436
31662
12668
4098
4813
5324
32605
32492
20395
1948
22511
23155
9376
3167
4092
27529
8419
30530
25996
2152
20698
13796
5977
7729
12591
17938
4227
32211
22566
2517
31877
28719
18734
7342
22376
21882
9910
3616
20023
21474
13889
9583
946
22900
27325
4776
3398
30013
26896
12513
15421
19375
15093
15810
1843
10823
9222
10820
10185
32365
19737
26809
16541
13212
14800
23565
8057
15554
15468
19531
28618
19690
23522
1122
29012
792
24625
32042
1829
3444
30962
14754
12999
1963
12849
14460
20410
6291
11131
7899
8993
4878
17720
91
5052
7728
14396
26706
7702
10404
19352
2133
22784
11083
7350
12286
7741
32551
11685
29165
11135
19064
11697
6669
20371
18724
12343
22808
30680
29788
17847
18782
12789
19837
11051
12482
30155
20532
919
9221
19369
20454
20450
28487
8895
17487
6372
26570
27606
18793
32704
2810
19518
22159
10356
3754
32007
28898
12974
18081
10868
23788
13538
853
26540
4995
28057
19958
2739
32240
7948
9646
1177
15697
18673
8744
2545
316
13461
8015
8069
12709
1835
22104
24392
28674
20067
2050
2444
13228
15167
7196
13941
1417
32547
23112
15278
7912
32555
8192
6746
28588
20928
14294
2382
20397
14958
13824
28541
24411
6128
32275
25267
23461
30861
22031
32391
26905
18600
10908
10123
6732
20370
26771
3781
13692
28322
4032
2403
32116
22152
25319
4266
432
9950
22788
32304
14786
11264
13271
22603
28660
12062
24480
17097
16175
3215
40
26593
10267
1128
20224
28010
392
31054
12045
19019
18445
4488
6469
4147
4334
28248
18099
32138
9283
28044
15297
27559
599
10576
6326
27971
22607
10822
21374
12589
10252
32729
16042
32064
10066
13006
439
21907
6697
17947
26259
9199
11395
14845
8285
29574
3872
17733
28524
5345
23471
14578
18068
15899
1078
16901
21924
31565
20915
32145
7475
841
13828
4882
28573
17547
29956
18687
840
15980
26871
18339
31276
31385
26152
32296
658
15044
464
24053
29979
11929
16442
24634
5125
17908
28197
2504
20394
29521
10602
24871
13385
29316
23774
2786
25865
26538
13178
38
18491
27231
18105
5003
18656
20785
3138
14386
20843
20821
18119
16144
25544
18073
32301
32393
29340
14234
17133
6209
24527
27191
16570
20783
17480
7237
25700
12275
25847
13444
6396
21865
31001
32722
24633
17278
9655
20127
18970
1602
21104
1697
4045
29503
15225
31945
21968
29450
25826
11125
22870
2327
21275
6375
3308
3537
11446
502
26716
20202
10606
7427
28625
2544
29289
2351
13885
29986
22458
15819
24312
19073
32554
3601
25258
2346
28728
5393
7018
24802
8542
7661
23591
31731
27286
23625
5959
6967
285
2302
22671
14450
24695
14094
5699
8932
17587
29917
7566
18975
6640
3486
7715
11031
1312
32523
6437
4984
27148
30553
14149
12092
4761
28523
18986
5244
23369
13638
32021
16774
2308
31429
30917
16689
11289
15501
32408
26989
13440
5444
16116
26654
7010
20734
28389
4651
17882
21752
24839
10449
1278
12169
9639
2366
22297
25685
30245
31323
20027
18628
28572
3305
16372
1203
24773
16847
8796
2921
12057
27314
14934
8396
5942
30919
32534
16084
19588
11749
22241
28481
15384
25567
4372
28041
30425
24080
16744
9493
1761
22839
24692
24492
13350
19846
21876
14384
31833
5877
19784
9608
16910
30684
704
12765
30494
10689
23574
12809
17993
28782
444
4428
32
25415
21080
1345
20259
24795
