6872
28464
9801
32461
27976
9586
28436
1276
20298
24320
27626
14648
15518
23086
3363
2183
29695
2396
12268
32371
10661
2925
1261
8470
17166
2171
18985
21365
32766
18120
23589
12815
13509
3064
25164
7605
31168
7806
6802
26779
29730
31573
2136
22960
7156
5104
2703
31275
9051
10355
7457
24934
25370
4643
18828
29424
28759
4635
2768
17118
16290
30786
10380
5217
31027
13945
19812
9886
25203
13337
23717
17337
191
30108
19244
17971
22888
27802
32644
2167
29438
1016
32078
29359
31694
15452
24550
6876
14761
27875
26691
11046
9959
31767
8735
624
24748
9499
25688
17200
19050
7465
12439
17534
2727
11583
13871
6507
17665
5140
31816
8851
13679
17489
30524
24054
4297
21246
3393
26883
20107
10810
20041
26870
16342
21552
25382
19812
6071
29254
30706
8468
18604
13463
9646
23825
23396
26020
7977
29181
8903
24134
9507
31656
28982
30184
1459
21218
13076
17138
10982
29069
4741
16264
31913
23798
2165
9845
6633
2661
32477
7266
11512
29170
26689
31052
24371
17307
28798
17973
12258
29332
10946
17177
12895
2782
24796
2339
30587
1307
26550
7457
9757
3233
7455
1590
1836
27597
29390
15566
2223
4761
10916
1495
31795
27505
10290
3631
5229
29251
31611
23128
26145
16854
2299
24179
28739
2908
29416
21100
28507
11338
10167
5746
46
22119
14818
15274
21914
32291
25833
1316
1474
811
25495
29966
12907
18234
31622
14887
4262
10034
25061
4471
5040
2667
23929
28734
16150
31819
18914
2602
25628
1047
24608
1996
20064
12040
26709
333
9147
162
14540
4445
31592
15681
9787
5229
28776
17141
18757
26654
13092
25743
15683
16121
24149
31484
15428
23648
4897
8402
15442
19652
8326
19497
29176
28185
14844
15020
23553
23687
342
25584
15489
5987
26602
26116
8986
29277
10993
8265
27768
9979
28465
28803
23326
6726
16345
17969
11621
10947
29868
26
21697
6820
17249
18473
12871
27200
74
24954
31852
14017
21045
7349
12816
28956
23952
26267
16059
327
10960
9438
13350
10662
19475
21814
15613
16070
1539
8881
11491
1869
32766
25931
20919
22577
16245
16318
27157
16681
29330
20379
25888
23905
19998
9114
20351
7282
673
27694
4518
6033
3275
6749
25431
18182
25874
24783
6248
11233
21149
19237
10950
16872
25953
24460
9658
19923
23434
32401
22123
23484
30236
30007
26021
465
218
30022
16088
15180
4455
26599
26724
28581
16811
20078
12563
31237
27000
9591
22247
17663
7021
32308
2839
20091
26907
16901
30548
10226
12903
21577
10320
18145
1071
1653
385
14711
18993
4707
7715
5009
22568
3820
17276
10217
3639
4792
18531
24970
7307
31061
5635
20872
10813
32391
9693
17645
25461
9183
8460
30454
13013
5263
1229
13184
10773
31613
28734
32189
24042
32662
32614
3883
14637
23141
22390
17095
2873
15588
18510
16510
21909
30354
10051
31972
7379
4805
18208
24872
16567
24642
12650
12104
8092
5899
1257
30337
2324
4216
7523
11274
17359
17801
26795
15361
10942
1915
3291
9894
9591
9881
17373
32199
32732
31573
4144
22139
25847
1431
12008
787
297
5717
27383
10574
3972
14180
13740
2252
22133
17806
10361
1477
22438
28900
21497
19451
14114
5973
49
7661
7611
11648
16919
9294
6825
10695
2640
20917
18547
9637
4414
11926
14611
10561
17466
8561
27989
21827
6174
1865
23424
24294
25863
12376
18744
4686
12121
5377
31907
20253
515
22278
2251
13121
15876
25339
14659
26639
814
17915
24846
17814
5673
2969
4284
16429
26556
14361
30678
21583
8520
13025
30076
25769
23189
13610
7245
15984
23761
4347
11655
14328
5846
25688
20335
7555
9900
3255
756
24663
7247
28339
7311
15379
22962
26116
17517
17986
13315
29103
16848
7217
14897
28794
5555
8958
17580
419
10413
3570
12908
24017
4119
7952
30516
15435
11889
21998
24344
6248
13058
196
11069
27463
15551
25539
27616
11711
9326
27304
15257
13977
12811
6288
16353
18685
16747
10766
4819
26411
6687
7547
31279
15724
32411
5517
4004
14663
13976
18987
15951
8439
6326
31616
14719
16157
22374
6991
20667
30387
5383
8326
17670
21313
847
14613
865
26963
4589
19968
26770
6954
28780
3507
29220
5554
26459
28823
175
6580
19627
27618
3929
25933
5976
18099
1181
20895
22092
17758
75
30918
3712
7940
19152
30733
17508
29032
18872
8802
13441
9981
7537
14088
32604
836
19538
28812
19614
18772
7899
32762
10611
12474
4415
18512
9776
7300
32287
28211
30520
18585
26265
4065
7456
24908
31617
14695
22545
14640
19438
26900
27246
4397
15609
14381
28343
9939
11969
31714
17582
31983
29363
29313
22968
4700
30472
20714
20613
31516
19342
17475
19443
4007
25516
15341
24880
9859
14752
4022
29983
3093
14092
22096
2302
11447
1713
2
14917
9483
13178
2461
31185
11406
14524
23474
15937
3696
26556
10754
13729
9379
18034
26422
14918
2354
19340
8400
3832
29140
7094
22370
9815
27073
11289
9981
31095
24004
28193
21485
12750
11921
26756
4003
10832
15706
24960
2547
3032
9885
32356
8832
2250
8000
31825
20084
31734
10207
26178
1652
28352
2661
27722
20691
19070
21977
16413
15365
14626
19579
6866
23895
31001
30736
20455
10206
10355
22650
4486
12205
19267
24715
18950
11595
4425
13595
11957
21861
7886
25176
28629
22719
23760
31582
10724
8304
5215
22536
31777
6735
22855
25861
26699
10665
2031
14894
24492
4149
23169
27414
8534
25417
22859
17891
19885
24909
10854
29789
21285
15217
1173
13125
6221
10139
18799
5096
1805
20131
2753
31732
23851
27331
32558
22409
26132
10825
10776
12691
474
10895
15044
9816
7545
7981
26296
25677
94
31085
17256
12078
4906
9216
25362
6477
947
9967
14567
26411
27211
18388
2155
20805
21574
31305
25630
6192
22454
13473
32604
7912
5241
31958
22402
32614
18038
16835
30802
19824
19747
21651
24473
31669
19531
5754
17422
5913
18958
11939
17278
19534
28201
23657
15398
27556
18039
14793
21857
24354
13496
535
31619
18133
27026
12529
21252
12136
4309
3442
26337
5877
4867
30119
5695
13339
4112
32327
1361
13137
30566
15006
5501
24185
24876
16587
10426
25273
3272
15915
13373
10374
10402
12309
26196
29185
18219
5320
25490
13191
9503
10401
24364
23171
9479
914
4771
30343
9217
10959
22691
30876
3011
27338
28460
31958
17886
3426
9455
21035
29760
16471
30203
13444
4861
16386
23448
27925
26447
6723
21363
19690
24539
7610
25084
13763
18997
18746
5133
9506
423
20346
17356
30114
31534
782
9426
19082
21190
16022
23437
22946
15847
7478
9186
1862
1872
5958
19223
2232
30723
22346
241
187
20881
23332
17433
19037
15767
13704
28100
26132
22153
945
8339
15628
11694
27474
7864
11968
29292
13520
19291
7368
7878
21934
23356
26865
19747
32585
30873
6547
6993
1477
24146
6175
16073
13127
11851
15864
11829
23396
1810
9092
1071
17114
7362
25986
32588
12158
22823
21662
17241
13430
18210
17218
16356
3752
19791
26032
24575
9586
31718
30798
26432
924
29151
8256
8204
23691
7514
14908
16149
29111
23357
2970
8226
27743
14879
2475
16399
32635
25701
11084
6164
26098
30122
30907
15946
4365
16229
19881
28522
6955
16581
400
26072
21175
21984
27206
8673
29016
25101
27859
1857
21351
31118
4224
29673
17318
20083
18480
13311
12079
25786
26099
30501
21930
20923
27865
11006
18883
2756
13572
24302
21980
1792
5633
5410
6398
14493
2905
9425
28694
8493
1890
4545
32606
1357
26715
32012
28697
901
17336
4900
13955
4720
31675
6933
29704
10781
21316
2826
18868
7348
29674
17939
12011
25181
6730
26405
8282
23645
23711
15715
15149
21378
16276
23963
6274
13762
3414
27924
32030
22303
8940
2439
12639
14798
10187
29291
5490
8599
25509
22389
17862
30335
9859
28768
25537
15013
30483
16874
22193
5994
31555
13343
6405
17876
20238
24025
26045
22069
15766
10632
23071
6919
4212
14127
24492
15131
26956
8111
29266
12019
22948
32072
5859
11628
11510
23901
5574
19359
6403
32631
19949
21514
18539
1421
13318
6379
29563
31107
20982
17901
31558
19440
23171
29958
15095
12324
9552
2720
869
31082
9999
7415
29928
23946
14834
27330
11116
16530
19042
9493
28867
28118
15348
4230
26944
25142
6809
16783
28289
2975
27669
30771
3212
8661
13746
24292
21790
31855
2613
12453
32063
2595
13329
2668
31002
19779
20443
27594
2572
392
27390
10957
29435
20239
31408
24358
18153
11937
16164
2183
1480
25399
26369
29775
31632
11453
1812
9833
5520
6167
14913
18801
8705
4194
32192
27161
11745
5500
7558
460
29951
15302
17664
5265
6226
22824
2055
26161
3726
854
30737
2716
761
17234
6564
21897
5755
8755
19985
27997
14069
29476
1374
1358
212
32431
19588
712
24294
29500
3035
4623
23660
16084
2514
28199
23920
13867
1507
24561
12633
11486
32710
14486
13244
25337
32485
19240
28533
27580
28177
10631
30711
29087
24435
10370
27872
31635
19653
28479
23505
6027
10178
5597
29820
3643
20186
5975
17150
1055
14891
6828
25712
11200
29869
22333
27064
27955
13740
6262
23717
9954
11900
9392
6972
27535
24680
2902
32076
24981
3819
7751
30793
10097
8739
6780
13654
24962
3458
17387
19876
21773
3783
30891
8443
13444
22828
32600
31382
264
225
5305
30772
9516
15034
31904
26476
11516
17445
6674
3393
16190
1886
21160
3062
15351
20454
16693
23332
9265
9009
31657
1545
12028
4510
28726
9251
12211
5037
7601
16381
12672
18285
11066
8266
27682
8755
8991
10032
30190
27281
21758
15334
22292
3718
9002
29313
25124
10739
16208
26123
30161
20814
6747
30934
3060
29850
2964
28431
14804
28311
29454
6038
1444
5174
23361
30477
13645
22607
24053
10544
31342
22422
20578
27748
8097
24780
31381
2962
6913
19762
24085
6709
10729
15683
20423
14002
23038
3490
26895
18153
9071
6226
5176
25353
30843
5669
14358
25256
28212
13431
18153
16403
25219
13083
13445
17890
17261
7830
6064
15056
23444
31371
31436
32714
18433
28791
8118
21574
31520
22175
15085
13526
28940
9030
27127
2045
30989
8226
26880
3393
14432
29201
19397
17025
18998
18697
15792
13193
8446
19533
3396
26596
3303
5863
1724
25329
2977
22610
25071
27194
17764
28023
18295
1536
23348
1499
12562
28699
27235
10518
10568
25857
26967
12423
11855
2852
16782
2374
15403
25729
19166
21082
16921
32373
3074
11052
1838
21459
25682
17980
16956
5429
722
5139
26869
19343
20078
6777
31315
2314
9092
19431
18487
7183
2723
29503
1104
30881
19603
1979
5182
19441
1941
32035
28919
28204
10731
25668
5482
9880
30107
28573
16483
30175
29041
12379
3503
23211
27459
8072
10880
17522
28536
18303
10515
10388
22987
8611
14223
28067
25421
31824
15921
8449
20905
32018
10406
10929
11180
4885
24248
29543
5893
28125
12333
12513
17225
19511
14316
19578
1594
14192
31330
6141
3400
32452
17188
17591
18520
1817
1494
20688
29125
17134
17995
24283
22436
26254
19437
11179
19021
11401
9312
5736
21527
15972
14690
28387
7778
5520
32246
32295
10203
26777
30401
32081
12283
30880
8628
28321
31697
21259
235
3280
22530
23419
19669
17572
31758
12798
4502
27843
13012
18823
15273
12229
27737
17051
22474
23692
7365
24140
2579
4312
3246
7531
101
29206
32409
24570
25609
26745
19902
6368
3735
4172
27148
27104
1559
21895
21869
15308
1127
28064
1611
9974
3549
9123
21331
16360
23340
10885
19577
7253
6796
27062
9532
9295
19477
30709
5163
953
15724
14440
19368
20480
26786
19948
28652
13830
14937
22698
11851
17503
809
12779
22969
9664
6210
6701
12430
24500
26450
3445
12166
27025
425
12776
5644
12203
25243
5269
32696
22215
29989
10390
14102
21459
7380
15447
9641
11220
17891
22837
1327
28703
16547
16715
13863
19148
27680
32648
24465
12136
29698
15877
15349
1002
9649
22166
14246
21992
8381
20896
17480
28683
26236
18218
1424
25537
3317
22070
15179
23345
6396
9809
3234
18292
17311
10089
6300
16130
11969
991
28644
8298
19717
30941
23501
19783
238
2282
5779
4463
14148
15547
22756
2669
185
26188
24734
9010
28364
6704
21723
30727
14318
21286
11051
14022
26339
29676
29216
20298
6508
7000
9488
2084
4643
32420
27926
19343
8614
15882
29530
16551
10999
26512
10386
1237
18211
7206
9673
6542
19490
2798
2655
23101
15103
14043
31570
3709
22841
14973
10171
27788
31080
32283
30364
8188
14115
5123
16856
10412
10786
12062
17027
9719
21664
26567
4700
25131
20739
17117
26264
12861
703
12055
26594
32187
20088
27800
19359
769
7527
4804
4726
11184
12286
10321
4112
1372
975
417
8220
12933
20650
22863
11415
26569
24837
22280
26954
18775
18849
30876
26772
15527
17515
4436
28009
617
12961
21383
7835
11451
2613
6248
32600
17822
12918
23074
20725
14763
5101
5159
16873
23298
24453
32196
3613
4228
20720
21242
29795
1346
28741
8073
9539
27700
5870
16461
3838
11311
15297
3789
10957
2065
19053
27410
12138
5951
2584
6069
19665
8785
22342
7228
21832
14347
13565
8615
30621
3727
31015
32069
28335
1234
6199
24012
18991
22605
21519
20137
13480
25333
21025
1429
23229
30060
23765
11881
22451
8569
21547
10547
19247
2230
4514
28297
31808
904
17240
3613
11679
13396
626
31634
1846
23280
10430
7566
14560
31832
10647
21265
14960
12963
29194
25349
19700
14645
5175
2582
8507
2357
16889
6851
18324
6722
23241
25525
19673
7009
4319
20560
10412
14394
27035
30601
24833
16005
7460
3319
1757
14271
6479
26668
28764
19233
11202
5701
21497
31698
5977
10688
10506
5980
6344
15502
29066
26717
7810
22633
20763
383
14298
14696
5451
13481
32616
7889
4887
2679
1199
7726
32174
19944
30972
11427
6775
87
9105
21118
30292
18861
24835
15632
41
14548
12769
8892
11416
26735
7318
11597
1807
23496
26257
24204
21509
10249
26787
8979
10368
15792
680
1884
6875
26173
29289
17181
28870
18989
4545
3800
28302
4908
16383
30637
11167
32391
31372
9588
4167
29664
26830
18184
24764
29733
24395
6373
31073
29891
7698
14838
8261
31510
20055
17064
4076
3108
861
21059
8019
17548
17049
1658
11054
11449
22292
4417
9332
7515
29713
24798
26653
18456
27376
3651
17451
14462
30802
1435
19943
24893
27774
7459
28013
2451
13059
3643
17002
12039
32159
1213
17957
12122
5728
14477
20156
20155
7433
17777
22448
28218
13239
13603
13220
1663
24260
28581
2914
15036
7148
1493
19999
6112
29870
2625
30464
21518
4085
27708
19421
8781
1784
2354
31044
28289
351
26680
12225
5530
23719
21479
9820
28171
25287
18027
9828
13437
21524
23511
1131
12485
18530
16059
10898
10004
11116
17145
6151
26990
22646
8916
31179
7518
6448
4682
16569
2535
3038
7332
22724
445
13494
75
25984
15798
16009
31965
10212
15227
11942
18304
29006
29827
4092
6519
18375
322
22910
3315
8072
31901
5068
15403
19902
15266
527
22190
6283
11638
21028
8440
2125
30606
6142
4676
24098
8738
6213
1186
21420
26847
9795
11081
2065
989
6401
17198
15942
31952
7085
12758
20622
25730
23871
1640
32061
31873
25437
4358
28866
10516
1147
1117
12516
16244
19782
21883
19788
1081
21827
19937
31044
28179
18099
986
29374
186
7611
11531
23192
21544
25281
32586
25118
7173
25625
5044
29137
17251
13025
32761
11623
28843
26409
6651
30994
1495
28504
6552
25605
28898
28362
3267
7221
24701
28606
20954
20316
12548
27760
3123
7492
9648
29570
18169
32578
16910
27552
14902
18688
22448
14948
26160
9856
7202
21111
30969
15198
23327
27898
12866
18262
6405
29220
14704
29701
14727
21804
6642
12276
32418
26473
22993
15058
29650
26296
24200
18177
6533
19230
5143
21589
25808
6062
2643
10264
26465
12973
31872
1617
13237
2293
30497
4165
20875
151
4111
27711
22168
32452
25801
6797
30588
1262
21259
7115
9461
10538
8098
19556
2386
28121
32638
6485
31275
15495
14089
29236
12880
2067
17335
7281
26623
23056
17374
19421
4954
20332
4297
9320
30999
18511
16136
2351
19834
20294
30985
23734
896
31649
26605
5745
7262
21274
7828
20874
2857
28343
15098
14558
215
26353
12743
29769
13414
19221
30753
31523
31579
10219
32709
28682
18030
24982
14678
27106
22148
25787
4340
19995
15837
29413
6417
8242
399
3624
22400
27259
28467
18437
26831
9245
31454
30606
28119
14430
14675
6858
30609
4897
19062
26459
25900
22188
18436
20062
26716
7855
3202
30611
9204
29826
26227
30654
6327
22703
3022
17997
21611
1456
25007
13882
5936
20474
27725
30259
25360
18234
31532
23545
10711
31966
26004
32518
3365
5079
27457
26226
25793
32157
3420
19991
32560
2164
29610
18164
20615
8943
12804
14031
893
30898
519
31518
8388
19579
17676
13096
16538
13156
25178
30056
31387
5474
21915
29746
2009
5906
397
21913
19246
20661
6906
17039
13265
30328
16362
29006
11816
22010
3863
12023
5853
19720
21409
11385
25652
7595
6403
4789
31132
17252
15174
8672
22916
11702
18293
24616
10607
997
16464
7066
15435
22014
6980
17219
5886
24343
2459
23445
9027
15576
25073
4621
1204
16442
15847
13331
17447
15247
8219
3362
17726
29123
13911
28712
14906
2785
3080
28720
2576
12760
16626
3134
23743
16256
6179
21114
16864
5848
29477
16017
9599
5778
3448
22361
1833
17361
3135
20404
10054
4657
13882
11958
7850
27912
26612
17162
5222
26091
6206
26001
1508
11380
219
20301
21811
13123
16253
1662
4511
9795
753
9994
11909
5678
6294
2594
7269
32084
28179
4387
30777
408
23369
6074
17669
6075
18567
20812
25520
27613
1277
5525
15634
13120
24948
24719
21070
19280
25404
2453
10082
18912
9061
30152
15356
25271
11826
18866
1680
17995
30410
24105
9639
24012
13105
31862
15226
2148
13431
9655
10175
15806
3887
27010
5059
14789
10275
4043
1209
5550
31046
6664
26705
29240
8938
24466
20365
5938
7475
18767
19409
11326
7628
28814
8761
28374
1496
9522
18734
2444
27692
7955
25660
28822
6075
24225
12830
26505
32337
203
8475
5221
7045
2591
32150
17362
13289
27954
28384
17065
22659
20546
13904
28854
16001
22042
25750
28861
16168
28214
31052
6586
5134
28712
8398
3437
9097
1594
1100
6166
29031
11093
24605
15742
2015
16417
21590
5942
27848
31598
9116
26659
30473
14803
21558
2363
6225
28820
26470
5001
28424
18377
6906
27511
13445
8125
26910
4428
23425
1429
14964
23284
29387
23346
32359
31488
8254
13912
7612
30957
18417
15119
31593
32425
13229
30025
30635
8019
20132
30150
10579
31554
18783
13877
16736
25930
14841
2204
19667
27962
3211
5625
18623
29609
22503
12330
15520
10995
27273
31498
20205
10622
9162
12509
2033
28994
27991
1518
14038
4232
26850
28534
11523
16369
9751
20928
17320
8635
29906
22923
24470
1600
10127
1200
26453
22975
23074
7684
24432
8031
4264
12416
8468
7537
17085
13727
24281
7926
9967
776
27616
28257
21107
15213
31006
28062
279
18099
15607
28498
6520
5459
14607
13669
16757
13056
4701
14526
5859
27786
12161
7757
24706
3330
4439
32079
19248
30239
6604
23245
1885
6112
13552
32358
23231
2931
6221
1103
31303
21846
3192
20632
16467
4796
29925
18353
4901
5682
2559
28716
3988
14210
31096
25028
19457
23255
24798
9631
18317
29475
22128
27600
22921
958
29743
14880
13615
25936
6456
30734
21903
20976
21840
31764
26059
31885
12993
32300
31111
14221
21093
5011
10652
28341
3584
6093
26892
30793
5330
9961
9787
372
13933
3334
3164
6633
20421
20246
31017
8907
3718
12514
31447
9419
32426
23631
27209
20880
5706
3551
30084
13403
13236
27258
11875
21995
16831
25199
29067
22430
30299
17846
14754
18906
24428
28024
12988
16811
12761
7888
8726
29101
3807
2772
30215
18989
13228
4047
4659
25739
18217
8145
11266
15842
14871
28778
19281
1259
27997
22450
17255
32543
4768
31372
14378
18716
31509
12332
914
30282
18579
16087
3935
21438
13549
21994
30471
21087
25470
26910
1523
23623
28933
20746
26090
6508
13748
21738
4558
26495
28035
414
24710
2324
15050
29174
15419
20484
14095
27692
22983
18191
1564
30898
1130
7878
8021
22062
20927
25001
16713
28356
20975
13196
17287
12947
4133
8255
15027
31618
30530
15725
8921
24124
28369
9157
1024
3193
17469
856
17667
11392
13377
22338
8348
18921
10401
31885
28866
17320
32280
12370
17461
23367
26257
14625
29271
18803
15258
16291
8509
31674
21781
6782
29190
24467
14384
4473
18283
24223
12952
23521
23192
28718
13802
24107
4666
25605
1899
27354
20442
19039
6136
2724
10089
7473
6208
4048
13596
3762
7472
30946
1402
8475
26799
26234
17331
27563
10892
10362
8755
12527
19892
9831
12663
10816
9641
10002
6431
11405
4143
15223
26437
2651
24393
20709
27150
22281
8035
11871
18302
28505
3537
24899
18321
27436
21368
23849
1159
23693
22475
21262
30079
32753
16378
946
1863
16829
28261
4414
14195
15625
5719
5162
26028
6052
14321
30558
20299
24408
6244
24471
26919
19567
2660
8717
2986
3445
6873
3667
9515
64
30167
3966
26231
31790
6096
26761
7601
4526
7944
4088
13149
25346
20810
28348
32183
31299
10714
1623
24137
16549
938
16960
23996
31484
13264
30857
14831
28543
10296
23999
6726
6348
24214
28690
24133
2605
18335
7605
14941
26906
27257
10888
5893
8191
23664
6389
26125
11839
24810
6679
25135
14712
17821
18722
27880
17417
20223
13823
32390
11473
18686
822
23681
23610
4082
6929
2574
17014
9680
16383
9970
2825
10144
31798
12436
10632
14129
13468
22871
9120
11531
25320
27174
15449
9893
15108
25169
25756
17624
16310
18839
5364
11924
2688
26756
29841
11218
19141
23293
29074
27849
16428
12569
11908
20837
13386
4658
26917
17653
14203
5692
15982
548
9488
18774
28625
21290
12976
3487
3520
8771
3832
20299
11118
28256
21349
16118
32729
30749
19828
1591
6152
15092
25351
10873
32401
1712
5643
4614
31839
19748
27480
24421
22194
30748
14552
5862
11879
23444
7916
17019
25722
6184
12555
1993
10185
460
4525
25727
4123
24253
1383
1255
27232
4792
16727
26811
6715
2665
30914
19001
13501
31526
28156
31609
14452
19165
2696
11775
1700
13387
17025
22669
468
31599
18232
12090
30092
17983
19743
25032
11102
28057
26854
5171
20771
23164
18403
17798
5255
17272
18359
6386
6088
24163
12591
13601
9146
23118
6760
11720
15119
13751
13367
11132
29397
17665
1735
17862
13376
32033
24964
17273
19370
22169
568
13635
26840
23722
14196
7811
29823
15557
562
8282
24326
27204
31416
23301
19598
10839
31936
31082
16944
7233
24277
6896
14469
4548
14592
3988
14188
19417
32420
6714
24327
28581
28583
11584
519
18345
9426
21849
13610
9529
15227
18073
30721
30255
25697
16332
23287
25312
22999
14348
18063
2127
293
2707
18413
8865
15147
5325
1688
15313
10311
31409
18302
12965
25465
1362
8505
11745
30917
20401
17808
20410
6873
13782
1089
15757
23536
14879
27390
20433
28150
21719
9909
32331
11757
25098
2580
23680
32399
8600
23885
14960
13877
32137
23318
15745
9207
2720
32500
1466
28693
30515
2234
13105
23446
23610
22860
24519
9006
9381
3241
24850
2405
32499
29993
26267
19446
3328
23555
18506
2165
17950
11025
6430
21557
16232
25560
21025
2921
20051
1987
10652
7049
14726
21935
27271
19704
27628
172
24643
20451
24071
17410
10892
4204
10631
30835
3497
5640
31515
3776
4837
29221
22151
4975
3395
529
24823
8138
22126
2071
9618
23595
22511
24555
2131
30583
13474
21064
23316
14313
9835
19415
18668
2321
25637
31571
3003
11036
9179
6891
8195
26453
3387
26855
27386
28140
12359
5007
1757
16630
21582
7240
10630
20662
13083
30209
22849
11547
29804
25293
25564
28809
32166
21713
19453
18397
27078
22113
8376
15275
15771
15718
29537
7881
11315
11779
24479
17938
32659
12408
22978
28004
31146
24134
14167
28139
16776
27284
9721
10658
12492
2513
1130
20502
5467
31899
20962
24686
15192
16863
10150
3240
21328
13378
28893
25125
2228
5824
21663
23400
23693
21651
1616
16155
6251
30807
28716
28754
28062
7787
27682
5140
5289
26266
32486
12312
244
10491
18754
9932
31937
29205
9133
13467
16737
2631
6174
21104
24488
3176
11810
8566
3230
20394
15661
17443
9847
10436
14637
18548
1478
18000
11621
1914
28397
11377
22905
7701
14296
5050
9413
25344
30187
12107
23539
32269
18488
7741
27853
1202
4598
3137
5199
16325
14638
17795
13057
32388
15800
16853
15236
6872
15462
27401
28522
4827
12927
8862
24139
23447
5487
19104
23316
20753
4796
21961
23459
26502
3132
8940
30353
500
9350
10132
29519
4572
28582
11752
8309
25670
7189
10705
25686
16391
10216
26975
15320
14655
30279
9321
7043
24101
22817
12148
26327
8455
25374
21974
29155
9100
5589
7964
16659
18237
16448
936
31562
10051
8556
21663
16944
24434
9077
23298
25806
17543
17074
29210
8280
29102
29997
8474
25417
20296
9814
30720
18101
30442
6904
13244
12763
6313
20843
28052
23547
17813
12812
22983
8295
17283
9194
22896
22747
19984
22978
25518
12817
26850
27438
2562
11921
10033
3609
7160
19399
3206
1142
11786
32087
27331
4657
1985
29365
24932
3942
15645
23280
25092
27346
30519
6862
24099
12423
12325
10526
550
26851
26142
1354
8607
25538
2526
31788
14543
17395
11340
12066
10090
24297
12123
4453
2201
17587
32302
20374
19525
1071
4223
21914
30099
32634
15681
26280
8875
25770
8324
31648
16830
7872
6298
23455
5959
21208
7800
8912
31121
15779
32094
11141
25977
1303
11707
3462
20597
21093
22347
10152
23509
18476
16002
26530
19785
10476
8493
17437
28836
16829
18007
7434
18143
27969
17769
30264
9825
17111
18582
16422
12413
17937
20086
8982
16445
10857
12017
98
13918
32559
26463
7699
18075
22470
29165
12464
10799
17424
11331
14164
23445
11559
4452
24067
16274
27214
19157
23102
24437
8743
23809
30165
6302
19494
29404
15357
25917
26181
3271
31906
8796
13049
5812
6655
30496
4965
10634
21611
16715
20942
31691
2166
11014
28752
17780
4916
19934
20431
6948
20697
1804
17200
1153
27014
24825
25288
20951
24675
13825
13332
29955
6382
28791
31147
24976
18067
3050
16242
14367
31356
15271
30479
16652
17322
23167
14496
31310
5445
1995
31660
15519
26416
5549
23641
15326
17633
11416
16608
26289
15984
18450
29503
26990
28653
28856
814
22588
4855
22403
1107
17525
20106
13899
31929
16719
14617
6537
6015
7100
16605
30561
28621
18830
28268
14304
2060
21471
13709
4738
16727
16560
18507
25847
26412
16336
8264
26406
9064
7936
12884
24691
28274
18772
62
16957
20406
21980
31978
19371
597
27012
30372
6825
21018
28729
31668
20013
17585
29005
27955
7615
25363
797
13341
2616
14149
8689
19623
3018
21058
28195
7122
24896
28214
5508
17216
25735
236
27643
26438
2158
21130
30575
6980
25514
27772
29415
26673
27933
29870
3312
8570
19800
18686
25920
31757
26974
28401
3480
7088
2730
11172
4591
2712
18548
22534
19404
20279
5681
17733
1268
5205
7001
17798
11589
5986
14444
11481
10210
20747
23863
24172
29584
3083
5204
14847
12896
24132
26608
32151
21647
14350
976
28535
27306
32207
14486
25676
25333
24524
17473
30120
13838
25662
1012
31921
18126
22441
29432
9499
31088
5993
6915
11347
17909
27277
22971
8445
18886
23785
8054
13985
7324
20583
2884
417
27805
14494
2095
12143
9672
13478
20417
3836
10386
31530
30151
32116
21457
19646
24917
2856
26074
24691
22282
27852
30950
32425
30869
3298
7867
15909
23928
20854
24456
5988
10508
27148
8208
16942
16838
14807
13066
4462
3512
12843
6600
16704
22619
12597
14360
27468
17803
14570
32616
5459
30163
4669
21805
3591
16363
12437
14469
3104
9087
27006
27418
17324
22834
21662
8522
26022
9187
26604
32134
15819
18223
9244
23288
25257
18231
25949
11113
11257
21923
11335
27745
25390
4071
29455
30608
25166
29380
25342
12908
5377
10002
32289
24860
4072
3006
4417
8341
12847
8463
533
19459
1382
14637
19895
20842
20364
4579
19285
14733
2925
15268
1833
26383
15151
29132
18859
20696
18727
18473
7941
15290
27377
20922
29383
14164
15039
9398
5084
25143
31473
24528
13501
14664
14310
5306
15332
30310
15378
15336
30852
16972
2641
5526
3959
15800
21115
7180
13431
9677
5177
27425
914
6069
25623
16638
3800
14220
1754
31780
29783
15993
22291
15025
4169
13342
10484
32478
8075
22323
8291
31949
26193
31085
11597
30082
12057
21157
8765
17199
13789
3894
6445
31412
21389
7591
6812
18022
32188
32650
15072
24079
28314
8611
8638
16439
2338
32589
12344
4258
19860
5402
14502
16410
29222
26298
32008
24943
29686
7198
26523
20411
13380
31196
12714
2538
30174
14550
27815
26490
20187
279
8570
2688
25228
3069
31257
13036
30640
12701
10585
22285
16103
25955
1284
9560
23914
26105
1579
21349
4088
9322
9149
24122
31252
9864
15193
8140
30061
26763
31841
24003
30110
506
2384
13694
21527
4559
17229
2391
6235
13782
29696
21288
4205
4438
18852
14
19844
9971
22877
14700
22790
2515
7116
16179
13748
10752
6113
14177
290
16397
12273
5832
18795
7165
17673
1809
27426
23392
9345
28160
2956
19135
29652
31226
780
30266
3759
22468
19422
11632
2887
30093
18696
32415
22768
30511
31118
27916
11500
16306
27622
26278
12672
13329
1451
15590
11085
6977
29590
9465
2270
16240
21929
801
4222
13451
31661
1369
8268
26626
17887
20792
13457
24015
32231
18711
10320
16053
15369
11382
25631
7109
11423
6044
28470
2855
18887
9854
5830
535
23897
16098
8076
4142
24348
17860
13733
24547
825
17401
3748
8273
3311
15890
29154
15419
14729
17283
6933
589
22413
30981
11044
8868
24119
8760
6970
9617
6437
28301
26138
16282
15444
3427
23474
9922
29771
19824
21234
19723
18070
19299
11742
9272
22134
29639
25570
20183
25047
23595
1638
25215
2690
14208
29603
8023
16276
27074
11189
16599
23343
32475
31729
19411
18543
2244
29816
32181
17824
10477
23564
16650
5806
18655
5667
19264
15324
17952
12090
18349
185
5462
876
13268
30545
8368
13123
20708
13216
25986
23246
20098
23372
5423
16116
4808
23955
15692
25863
17294
26497
15106
18589
29928
26727
32180
9115
8431
14986
23778
31890
19653
17432
1358
28495
32467
9312
16733
25517
27221
16705
8383
9902
29721
18659
17234
6602
29827
31654
19268
27783
23253
21080
14969
5194
5549
21675
16172
30317
25808
13286
13272
30865
30757
32218
22105
27446
5
31768
31310
649
4786
4961
15043
20860
2852
14174
28429
31516
17676
18065
26356
3616
23059
25228
12824
16061
17506
6241
30349
29378
2664
27993
6857
21472
22487
9193
18112
23625
10224
19681
77
4478
25857
30951
26324
24929
8492
7716
21030
21906
19561
1597
22692
4344
3022
22661
168
19358
5647
5233
8480
16577
14657
4172
13692
17191
28131
20523
10443
27570
6942
18724
23584
5684
28748
25787
27707
8325
30648
22685
31333
8147
18084
9873
31900
58
28305
22699
22768
17044
5050
19906
20525
19603
19682
10789
31674
32525
12367
16522
25281
1686
12823
1863
27280
6740
14234
28101
9792
7439
1104
9777
18836
21640
25541
14196
17187
11020
13537
27494
16826
12104
14957
27966
10492
18015
21715
11342
14667
17466
2341
22253
28396
24096
31073
436
23653
11142
12788
20205
1066
10536
28796
10824
30073
29272
18386
27856
12419
9366
17736
32030
5580
8546
31535
16332
25812
8782
5277
27693
3575
21335
22125
6459
23442
26485
12678
5841
13927
23409
19041
26395
2371
23287
6597
27722
2014
31724
2773
7820
23810
17409
14925
24123
1007
11401
15113
13908
20735
6280
967
9004
28038
28940
27181
12638
19196
23488
20238
2312
20830
16318
24553
14647
19665
3237
4530
22431
24201
30699
14549
18576
29929
9333
25209
17189
3819
26725
21249
26047
20163
9524
19929
28337
8127
26112
2671
27965
29554
14375
31359
32448
23057
29204
17812
27689
31261
23641
7628
15279
11074
28926
20955
2756
14464
9497
16466
17476
3464
28831
4130
1779
21353
2170
21083
20518
16491
32476
28986
16064
7995
15826
4195
608
20809
4124
17003
19161
20591
11324
14233
19427
29651
30157
18926
10512
31758
26902
2658
24065
10894
25823
13169
30425
26680
18051
9430
11506
16210
3143
19607
15311
11425
29162
8513
594
3022
15230
4469
17455
8975
8822
3235
8097
4611
6399
2326
2908
10205
22420
11057
28866
25796
26828
29176
13913
10874
10103
3282
20093
24636
25322
16012
7762
3562
7575
29090
20733
12904
6625
25018
27412
22852
10542
32370
12882
13209
28989
27483
15760
14387
7098
16709
16624
3827
9231
29886
27228
19317
14206
1493
25135
15089
23404
23844
17457
18783
19968
31245
9417
16863
21741
22083
30318
28247
28300
8844
25439
23134
6446
16582
28564
15705
9392
7976
30452
20451
16976
22731
23496
4211
18110
16233
31088
15160
21111
12900
12116
31048
21582
26378
6174
2810
6731
1559
16679
29072
25785
17019
30254
23578
12155
19806
30032
23447
9631
19298
7988
8796
29494
12072
30599
21178
26978
7445
2472
8411
10416
15446
1444
19437
17832
6433
10596
12930
7075
31806
18981
1591
16861
23495
4649
25236
22219
18732
18092
19252
5551
121
10778
21798
27241
31964
20095
32658
30608
13922
27711
32672
17089
27905
4359
917
31543
9435
15107
12608
3740
14273
13394
25492
31
8182
17079
27542
13767
24630
32657
22650
12295
11511
27661
2824
24466
15087
5530
6213
3440
22230
24221
16208
2386
10861
16230
30346
4643
21183
4963
21497
11487
11175
18068
21743
23976
29842
30527
18662
30487
12934
24549
25519
29648
29540
7540
15052
3673
22122
9662
12826
2860
32251
554
7091
26890
20131
8874
3858
27539
8022
23789
15224
13332
16120
27605
14735
23712
29475
811
8269
18786
21540
19346
24860
9265
10822
23225
12088
13925
12372
31701
30296
5353
24409
23631
9360
21138
10154
28857
19318
11439
15142
9735
23684
26082
19645
13052
1213
17198
26927
7650
27539
24400
19734
19070
22793
18515
23591
9283
1813
7007
7605
14534
8776
4818
25206
22130
15792
14993
30602
893
15870
16033
2745
24858
32740
2033
9213
20209
15809
7034
22592
25292
30848
28554
6502
2195
26557
11101
18318
24186
13610
1262
26517
8569
1842
12556
8924
15869
7900
6576
29772
22749
3313
20110
9879
25743
16993
25578
1984
5788
32739
13229
30173
20817
26844
13496
10524
21943
15746
23672
24324
20934
65
16059
19197
7894
2654
24514
28691
17494
21466
27799
18423
4800
29337
19873
23366
27340
5315
18293
12046
1253
31339
7663
11151
19673
12910
28034
24638
9684
7838
11980
18704
10895
800
6253
30964
15813
9491
21274
19873
32487
15474
13293
4243
30480
15676
28927
10576
4667
15314
1081
17648
14516
28832
12391
5852
7372
7935
23694
5846
4305
25434
14720
24634
31037
11408
26029
5763
12078
25754
828
29456
26390
3182
29787
24617
28596
20259
12755
17725
23875
20565
28639
26733
29937
14795
1342
2383
27794
19543
18567
6379
21142
30718
22461
13066
12856
16217
32291
15537
18425
27195
11345
19432
23117
19349
13960
15551
2708
7830
19779
6035
12875
16150
25614
11406
8324
16692
31387
2157
19347
11326
31763
9862
19211
23762
10410
1033
11753
21059
15734
30854
270
27454
20097
30639
6643
21934
1821
8288
31128
13788
17527
15580
23485
18651
15983
6234
18005
1571
12967
19904
11576
1148
17882
29614
32280
9758
3952
18878
10422
20502
847
19210
30549
12523
11763
18927
19311
23170
30401
30993
4776
13119
23704
1439
2048
621
24746
9945
5452
7136
5002
18127
26855
28376
30853
10347
5029
31785
13110
11953
17160
30617
13141
10566
27575
6282
21200
18991
30763
24025
6685
10460
20396
18693
7886
30309
18812
21652
12390
18195
24658
10674
18283
5410
14857
22812
27324
24773
22426
6972
32549
4459
328
23445
13617
31809
17178
4962
2367
13304
3470
14202
2520
1480
20108
15735
22592
18357
5785
31767
5963
23569
7757
27363
15474
3650
16391
1294
30502
11461
14815
21407
8805
1139
19420
25299
29834
8451
1640
9916
24937
30417
23808
4911
25243
23005
20784
27357
6679
26135
18879
2496
770
15578
27175
11961
9417
15286
32327
2167
31852
4210
20060
2458
4125
20049
28462
18456
24841
26773
25223
27616
12150
13890
7145
28862
17678
25380
15744
16255
14714
29203
8534
25173
25907
13430
710
22653
30357
23302
23603
19742
23862
981
19706
13685
32629
27022
7076
6703
28246
6142
10337
4118
2957
18899
25522
9200
21976
21412
7525
15780
20370
16434
16326
16031
13190
494
19220
24438
27649
23995
9522
4301
43
29428
4511
25463
27542
1201
26024
15327
5144
26694
19676
21670
20950
15629
12737
21645
15778
20838
7877
31638
14727
22779
11127
11110
26529
22601
18935
20206
818
26972
2219
25930
20467
15833
7220
13289
5032
578
17825
25583
19959
1654
26850
3799
8826
20343
26495
32349
10515
30320
5002
9115
6272
30967
20178
2418
32559
24207
10841
17963
32339
22385
6664
12382
15159
14476
4258
23315
31442
30922
6135
7464
7069
5013
14682
10227
24993
29850
19028
28967
18644
20684
29082
29692
20901
4268
30781
3466
31702
12232
15137
30838
25482
13698
20656
11217
13471
11027
14031
8509
26685
13008
7441
18002
175
9387
7979
7488
14194
21500
937
20661
20876
25218
21215
16129
3615
17572
23073
16504
25406
23293
28471
11543
31999
17688
2059
25963
13010
20856
31397
25263
26385
11996
31065
4661
1240
17089
7999
7
4118
18727
8420
5325
31716
8600
30015
27377
15126
28007
2791
32514
16144
25398
23939
16214
22748
31674
32641
16116
12409
23491
27659
4016
18037
8054
13622
1944
13246
27357
25213
30095
7093
25507
4975
2360
1156
30744
15012
29206
2481
6011
1269
31217
7412
16249
16620
7803
18758
753
23162
28211
11323
28154
16104
11402
6545
27431
15632
324
7433
3594
13773
14114
20085
26358
12464
19902
11283
17417
10485
25270
28441
874
9909
13836
3729
23248
30813
19917
25703
14404
8286
31985
10433
8231
19238
20867
14222
11382
24912
11778
21602
4429
2583
4614
24705
19114
12817
22054
14138
22388
27162
24346
9334
9660
12941
3101
10640
5186
1723
25749
1127
11579
15509
18678
11442
32337
3244
10980
15252
12780
22108
4248
29041
19888
29763
26500
19967
14919
13560
27194
28320
30816
19450
7562
9967
9975
20199
10474
1944
16087
4847
3612
18286
10078
32391
1034
17079
2177
9058
30965
1226
32271
13469
32718
4061
4154
11578
11492
22296
5459
15055
9664
7918
24789
16511
26701
14252
25509
1578
3389
18002
8600
26593
2471
4003
8246
6557
13301
31096
12990
21296
4093
13913
18282
30843
9838
20302
6643
4578
27502
32755
28504
10493
30849
6347
16092
23952
7597
23510
27725
18110
3548
1894
30604
29817
10881
814
17738
9533
12926
25500
25872
1022
22598
14185
30850
607
830
21358
8164
8996
16490
4281
4061
18666
9797
12512
13435
23829
12272
23701
1400
25355
21391
28795
28604
19360
22513
3128
30754
7376
11631
6092
31615
16820
19990
13089
12257
5807
26888
17378
19220
1513
23839
5521
29291
18430
18132
16340
22460
7415
9567
18192
10157
4473
23328
11065
11566
9276
3390
22761
20039
24511
9870
12463
17940
15418
438
6313
16398
24021
32402
19541
14475
791
1750
24228
18057
14241
17909
8784
12967
7964
6210
27760
32628
27760
30037
25930
18156
22838
22961
23400
4416
12657
29604
19694
2262
18296
5998
6954
12177
25655
16037
7277
31058
1943
5847
25
28607
3387
25458
14588
17219
2413
14049
25052
27989
29272
18168
20563
18430
26999
24722
18910
16021
14669
15992
3888
31694
23383
18309
12748
14579
6719
30728
26578
4720
9298
31338
21017
1429
8756
13073
26751
31640
9682
17283
125
1497
1433
18639
8703
12138
30694
22825
7794
1999
701
1236
7710
19202
5053
24133
6070
19131
21587
19845
26157
31981
3631
13015
28876
21396
13300
7323
6530
16814
25140
5234
25979
4487
27803
18339
5107
28730
19306
3773
5965
21109
32039
6270
9311
5756
12435
15348
19473
1905
19165
13794
21286
9682
7701
21861
15449
22851
25571
23511
14508
28558
20601
5108
29181
3304
20934
25659
25562
29046
20205
24727
13974
14351
31733
7999
20636
29252
5570
21723
4612
17821
6724
31720
28260
28198
20718
2909
22761
18986
14186
143
13990
21311
9867
16466
19243
10370
17283
4961
21338
3620
4438
16896
17014
1574
13966
4831
21885
26208
19249
12610
28856
4040
17136
15967
31632
10993
18337
4615
11939
3538
6127
28297
2071
11977
15952
11220
23086
18656
13368
7643
10267
5454
17805
14910
17685
15937
18522
16678
27049
28378
31943
28016
13140
9337
10569
28687
16977
9532
18198
15019
27056
16322
21212
23950
9640
14389
5554
31937
19502
1671
31311
8306
11206
18939
17017
25753
3226
5608
12481
19420
18377
31674
31342
14767
26881
30265
5559
22463
3664
6670
14389
27281
31287
12162
6551
22886
3073
6538
20120
28003
4690
11777
20526
3054
11267
25396
772
28763
11053
30371
21291
10440
11908
28934
14349
23109
25831
11151
13474
4153
12085
14959
10214
6913
5217
24731
394
16857
15305
28880
12009
19456
25027
16340
21567
9495
31353
3072
9749
8394
30456
32251
30464
8627
24707
9928
19851
10107
15917
7939
5746
2115
30887
11111
18193
22850
12374
2708
1051
19119
14760
20495
8335
31457
13225
28811
2280
1205
27857
25447
28309
19760
2592
32119
18344
21605
9326
26887
30418
3481
20476
24349
12175
678
16974
1535
27294
18077
2621
6389
32436
31663
3656
15696
12657
28750
17707
10411
21651
6031
23731
31857
17258
24787
17104
31392
21644
12966
17644
30668
5065
3303
14715
11878
22625
5674
26579
22334
2933
6234
8766
11079
12988
12451
17998
12954
4983
13966
6001
1214
423
7790
10181
24103
12157
23292
17198
12028
4370
574
4261
1822
10328
14765
24019
869
19793
11670
18654
8237
18046
6081
15491
5393
17819
6481
29285
7670
7305
27627
28580
21836
16012
11802
12210
912
25014
20210
29026
2069
21667
23796
23106
16133
23655
15410
25643
2210
11973
1972
18710
21970
23714
8729
24881
24027
16568
14721
10035
24939
18063
17067
22252
7899
7593
12123
23072
23476
11517
25599
30613
10099
23208
12433
30827
15241
31710
20671
14252
7334
294
14154
20516
24887
12999
10412
23667
16686
4477
26877
32096
21249
12145
279
6768
6645
5480
24313
4280
18844
2107
21865
17391
25244
17031
16094
17863
3251
30373
18332
1917
20984
11485
8993
18863
8036
20950
12480
15983
11920
2385
21388
4501
15552
6423
375
19289
13089
48
19899
16673
9295
3670
29305
2199
17178
4010
7584
8447
13962
24741
1297
18120
28449
32336
1537
9568
24927
26296
21406
23373
18828
23964
30965
1146
23729
26986
12819
16078
2792
7274
24682
23811
14037
32312
7799
15286
1653
10615
13986
27834
12566
29124
358
11442
28327
9705
28337
22239
27698
16979
16014
19254
27047
10183
11521
31414
25819
10832
5426
3576
30160
3196
20430
23048
16439
15047
20651
6003
7731
23384
18347
4001
26720
1515
18658
13413
32532
14351
16379
21971
30949
22929
13015
27218
6763
25912
6008
7410
31559
2482
16670
5631
31843
22223
10415
12758
29564
19181
5212
6647
12254
21684
25218
29788
15471
7427
31694
7433
751
11561
12453
7653
13438
17753
1475
22728
7007
30552
13346
6101
14843
22905
24605
30730
23337
26059
19413
25109
30636
22929
2260
1385
5373
10482
27888
2450
332
23282
20082
27077
4289
24993
19320
11964
16391
17042
8344
31425
24587
9103
21190
7176
12033
3979
12408
6465
681
2008
28168
27758
26576
13723
24921
24562
23321
20348
8381
16875
32509
1954
2326
25026
29457
5598
28476
3073
12423
12838
159
30820
4088
4934
5934
24114
23649
17874
1143
8909
5995
28511
6159
22152
21231
20978
25908
29626
17337
9145
2993
5137
29068
3833
2050
4136
10343
28232
20153
15707
3847
6396
14112
15834
1709
21475
31008
5884
14369
14901
16993
470
29175
12998
9907
10765
15377
17792
28589
20200
17509
25873
3987
31401
2304
225
15229
17438
25419
29511
28854
20083
22670
8188
26979
31562
21426
22224
17509
781
11339
20123
25728
26499
7894
19575
19132
29858
6718
19244
28683
17317
1702
14060
25133
29790
26978
4417
10193
4300
2630
4419
12285
20208
32292
5134
20655
9437
14992
29043
6341
25359
5862
2286
31002
18685
24207
6872
2290
18417
22655
16862
27032
26648
26626
8370
3397
981
10937
6144
25924
19803
14303
6308
15188
21115
25809
26138
14926
29370
13006
23862
27143
31655
18939
4885
8824
24428
9642
24659
14876
14754
21979
11390
29594
5738
31235
3531
28324
12217
22797
4360
8223
5363
15007
15826
5508
28860
26014
11016
1926
24843
26612
14208
32757
5503
2961
15096
5858
10231
7343
17231
2820
25437
25947
12789
14682
27842
561
19872
14354
688
29799
7232
6314
18107
5389
6454
5461
17754
19858
7104
11680
12277
14731
440
30293
32063
5552
29311
8351
25542
8231
20020
31856
25289
19974
7465
31264
19785
31251
5015
28503
2914
28878
32144
9004
1500
32177
10038
25998
28670
23990
5419
13795
25506
15130
8520
15600
911
5728
20370
7673
6146
16538
28521
25385
22926
19172
23811
2356
24102
3889
30489
28218
23673
13898
7392
10223
14718
24339
18491
1273
5199
19216
6191
15769
17466
13353
24471
6030
32021
12202
3097
310
3539
17038
31064
26615
27989
2813
1131
19933
2434
8979
29583
25220
3226
8419
1560
9017
3271
22460
16558
18012
23030
16043
18869
30216
24036
8256
27149
7671
17020
30613
1532
20639
21088
7821
8808
1953
18374
12634
19018
17252
32133
19266
26719
19965
13935
162
26913
9555
28386
14899
14581
20608
27802
21900
29350
9338
201
12008
21010
15346
12394
30762
16163
9852
14034
286
1281
4849
5768
21762
2438
30993
11350
20805
6387
1645
30880
6542
6625
21125
4853
3328
15738
7725
31716
8381
32744
8757
16657
17320
3342
12616
10120
12144
23926
12565
20560
19146
8075
11949
2884
253
16649
4652
19486
12964
11441
13724
30165
9135
4161
25366
28713
2732
16035
32298
15227
9541
613
23682
30435
30217
29801
4545
3197
3951
10974
12977
30723
4119
21614
21406
23457
13396
5049
17917
22276
8424
12035
22866
21685
19214
26665
9040
16805
8638
4314
4929
25353
23596
12035
21672
15975
4498
17803
17701
18417
32303
5441
410
19219
6543
27155
20108
16712
25102
18560
24524
2865
408
3920
17238
16360
12210
24962
29561
1682
29886
27782
21560
11827
12922
24236
8177
30663
5579
8669
1852
18062
21945
11913
2070
10919
25530
2784
16447
31200
28979
19013
16096
27341
28220
8447
6513
26135
26020
24626
18394
535
23092
28174
3032
23715
2360
3655
26531
18216
13884
3781
26574
30969
25620
11420
17518
15335
7967
17726
7550
18194
15564
10224
22146
15359
13404
7034
21867
31210
29930
27683
10427
15197
23721
5596
22761
12801
13678
24252
26887
5301
23150
30124
19106
21469
27464
26980
18666
26620
12358
2966
12050
28294
5087
5224
11770
2287
21889
6696
17676
12808
22926
12603
12900
32139
15013
18519
11827
30196
34
5363
30053
3219
7656
9211
26497
20448
8542
25287
15313
23566
12215
13390
4548
14819
14711
26263
24720
8134
1842
7281
2587
18714
919
32612
5404
22474
26286
19943
21117
29733
9822
6611
29189
7917
20530
19224
18995
27050
12381
15023
22381
2372
27131
31184
13914
30417
25753
6500
7564
4780
13048
1469
6754
32199
22286
19077
5420
7490
1870
21236
24721
31804
22825
31302
22574
32745
29909
109
21120
8676
13901
14083
27140
9415
24473
31362
24988
30458
16463
19383
10293
14280
30298
7540
16295
4792
11258
10886
2780
25882
30476
26598
18229
25056
15756
26420
13609
10159
17240
15712
13360
32054
17718
16811
21983
10175
17689
14542
11348
4099
27552
16504
22484
10563
8928
3838
6067
20116
20067
23374
25204
2683
17520
294
18738
31929
27789
13699
10815
21096
10051
24411
30474
1095
25377
26766
4422
20307
772
6939
840
7063
31125
24207
6065
17732
15890
27076
5198
31748
32338
15559
7228
11404
12803
30490
32080
10352
29495
24092
27829
60
16415
10181
30423
17344
2581
23958
9856
7339
13792
27600
10049
30556
28980
12517
26388
11764
377
8492
31551
27056
28621
21208
19580
11894
13900
1579
20054
17581
21135
32231
17878
30034
24946
15366
25439
19528
10267
30378
13271
21744
11832
22871
11527
1274
19847
26208
22853
18811
23196
3231
26192
27199
19167
17769
7035
14176
31700
20161
31502
13591
32671
21964
4841
14803
4807
9606
16490
12936
7994
11698
27537
330
28817
30231
32098
10778
32150
20969
5515
16896
27395
26502
17223
21594
11149
24675
17794
12915
24865
21829
5694
24919
25454
19124
17717
6630
4003
20908
26048
3880
17786
8343
5111
28384
13685
14456
21786
20580
25703
27241
22320
1451
2103
20807
21485
680
8673
5036
6873
20182
30909
541
1711
13589
23300
25989
25091
9652
18320
4578
32552
32463
25827
4415
1873
11995
26987
31458
17654
25983
22789
19142
28026
18085
15295
19788
11786
21458
12770
29485
32712
32690
2352
8627
1833
8184
14186
21289
667
12645
24085
7056
3180
8741
15230
26003
13287
5730
11516
31677
12736
23316
9845
12778
15282
31510
17187
17147
15206
10879
21400
14030
27799
31791
3328
25710
9844
5544
15783
25734
21573
21792
10939
2076
24914
7636
31570
10107
7168
16030
21678
23921
21566
9930
3008
699
14623
23846
4076
32190
14792
27992
29452
14968
28045
16244
12983
24245
18263
3534
9923
3718
6217
27917
14600
21743
9635
6785
19047
1248
21990
1207
26892
9830
14649
16970
15343
17443
28939
27387
18337
11516
15098
1796
28741
32273
8947
2218
23772
2290
8347
1042
8135
27152
9198
6485
18566
25457
21798
17622
17094
20392
3039
2516
9883
16645
16760
11067
24074
8457
700
26304
17354
25628
9410
26156
8011
9602
16657
23288
8696
16268
15624
30747
18874
13323
24702
15904
19645
30986
16293
19835
29302
32189
31796
13085
32229
31668
8645
25414
3351
26708
8571
22171
4592
6792
12521
32120
18471
30900
4143
32135
19602
17131
31590
28050
14756
19809
19263
917
27956
16163
2278
26904
23423
10501
31021
10683
4977
2268
25318
28691
22560
3310
5264
1204
29594
11175
27959
17295
9952
25486
27797
31615
23346
14199
3709
27678
30861
15097
30074
21981
1395
17186
10419
20564
29674
3946
26897
23254
16327
32486
24996
23369
16940
9662
14147
32564
24144
22241
15219
13082
27518
30199
18059
9223
97
9624
32021
32616
894
9659
1142
25887
9474
30321
27346
16343
9662
4819
17962
30613
3952
22584
20167
12944
16964
28076
30940
6211
31642
16286
20839
19136
14858
25561
8792
2631
8869
31158
8693
14103
19326
23183
12669
9604
3946
11894
28427
30794
20227
14631
7870
29985
17139
29500
12055
1938
17263
17312
23714
26120
10497
27974
14553
3370
10891
1307
6213
1384
23689
1081
11238
9940
13718
19037
18901
20276
15410
9371
10536
15957
16834
11344
5398
3234
20184
4697
23388
28660
9397
10882
31198
17068
30732
19265
20370
256
18697
21925
21658
12434
31890
31113
7600
26183
6861
2573
11975
24150
22242
30279
24815
23199
17410
14901
24442
15167
23464
23542
93
1377
14622
18746
31705
19542
11844
10488
18266
12521
5517
30047
6047
27372
1354
29198
19995
4375
18475
21127
21915
4883
16130
9441
12842
6609
4043
21694
18481
16928
17898
23165
7907
25983
18355
27313
8664
25903
17711
14801
9720
11149
1053
10289
13723
22431
11576
27184
26607
18157
32440
179
18329
29074
2075
5587
3231
19602
21285
4563
11653
9838
7718
31829
2998
12790
2939
32205
16166
13151
27223
5429
17718
917
31940
22019
5848
24018
24292
16984
27123
11120
29565
5498
8713
16892
31156
4740
13335
18315
12313
11100
444
12625
10468
5094
28574
4207
13182
5495
15114
8461
32580
13965
21210
20393
23431
2749
14236
10414
14551
16108
9968
26185
20353
13762
5682
4216
3926
18524
16473
25444
15534
32577
19231
28656
24237
22424
18275
10898
25285
26776
4299
23650
6524
32063
20653
10864
28784
30279
10288
10075
3480
2134
17838
8991
12236
10869
26973
11567
30856
18627
7471
31940
749
3946
9206
13172
27656
25043
25548
11782
12375
21014
20402
22405
649
11445
5239
12947
32646
27785
3292
3328
25519
11004
16629
4507
9575
24697
29906
11336
6354
2337
2655
29779
220
448
14985
4356
12670
12543
27042
19572
10045
20699
6919
18590
14323
27733
18432
2745
16593
25963
7655
20678
30117
5960
26509
25957
13657
26808
9689
26092
1980
25310
7090
11962
10374
8233
20767
25033
17302
10116
20909
15235
18045
1997
10770
10711
27456
18313
26895
22923
24666
31958
10139
11732
12801
8608
23613
22052
22698
30744
32186
30275
4303
4962
14576
5281
24560
22670
15874
17131
27352
3018
26805
13532
289
15830
18458
14678
506
11704
18798
18865
32296
29360
2622
9043
15179
622
5582
8064
31843
26499
4540
15732
13202
15382
7649
4783
292
15576
27512
5521
9164
2106
20354
30246
15920
24029
21609
31043
5544
29257
3811
2514
11843
10979
14873
29802
26636
22041
24329
291
395
13280
2856
24488
9102
25184
23116
6541
23081
749
22474
32483
7931
11066
31451
16650
22707
30409
16965
12231
29651
19622
13111
19606
30900
11605
16244
10306
17098
7433
22195
16050
15658
32279
10054
17670
18505
28585
20987
7651
11527
1207
5440
26634
16620
26419
13194
23344
8113
15236
6391
26378
7682
22582
1074
18599
22914
9712
13975
2562
2576
15270
28567
8152
30793
2831
14174
6583
15693
12634
15540
6232
12230
16413
18977
32302
8743
4750
5717
3647
22066
757
29638
27955
18877
5217
9115
14506
16565
25754
20425
10451
12387
31320
28796
28731
28654
17330
8376
19938
21026
22745
9792
1428
3183
22278
12471
12918
3893
26545
5125
10208
13119
18436
508
21610
24717
25743
1852
23370
4694
23869
20307
22493
23629
1415
29737
32643
21796
13543
23708
5552
2638
31632
28263
26176
24842
3932
5960
14859
2205
1286
29026
31162
25054
10649
1760
29401
32760
4136
30939
29485
9836
10176
3453
11847
26709
28059
26983
8537
19696
3990
30801
26953
7515
4837
18672
16132
16285
21254
24605
3605
17127
27891
18227
22902
282
27292
22969
25253
31112
17044
5697
18171
18687
11
30351
1850
25348
9980
4862
11621
28764
10407
5408
1236
30417
31810
15781
6279
11826
12268
382
27579
9884
1506
578
8379
9208
29173
26064
505
21189
2876
20790
8541
14872
17926
2769
477
3808
2578
1974
32590
19567
30979
26705
26745
13878
30990
10316
32626
9936
22518
1458
21541
20547
6714
25429
11570
20866
19085
10861
29435
17718
23942
28545
20730
11709
32153
24203
345
25203
21318
12887
30396
25137
7568
15148
22626
12052
11953
14510
1132
6016
8460
2819
3196
4196
22627
32565
24706
1215
9034
15063
7123
15971
4315
2796
10364
19449
20140
6660
11477
2117
8958
20904
30553
9899
22327
27384
23732
26866
9875
29331
15390
25161
1302
17335
7656
27527
21189
16042
8276
11447
20245
15960
9898
24532
24740
4413
32392
12497
1319
31109
28538
24284
32163
30834
26826
740
2785
26879
16794
8025
19996
11715
16175
23859
8700
30231
21904
6709
32712
24187
22096
11379
17623
28726
424
32530
27719
17469
11721
27727
4338
19798
30831
30914
19358
3453
14010
21476
16756
14983
5946
16848
30388
5637
10824
21062
14758
31851
17565
2293
14804
28530
28701
23290
8054
8122
24308
9636
14126
14772
5348
634
1525
31167
15069
7295
22869
19345
20687
27316
10202
30937
12732
29663
21955
11042
7697
32651
12796
17659
16438
22608
16209
22101
24420
852
7644
12332
13495
4370
10431
23402
5764
27482
7193
30472
28140
17561
22322
16758
10929
3163
3833
20797
10569
3342
1201
16611
16177
5897
5351
21006
24964
23757
12967
19437
6604
25738
8943
6356
15640
13029
3172
26406
6479
4856
12100
20856
3267
8090
22940
20979
15369
29153
27579
1274
23049
6374
230
32525
13905
16072
4173
14830
1455
7924
6718
23810
6398
12707
13721
25849
30272
12452
4484
28338
2029
22875
16223
10584
22155
4106
22779
13266
127
18511
22278
26970
25635
22254
11210
24939
12312
4305
30232
9953
19934
23373
24702
27228
23201
4519
192
13285
8790
25559
19334
22484
20743
4747
28755
13040
20075
11375
12726
29145
30650
12460
3524
26531
11199
15022
19141
14276
23855
6955
15406
22320
7993
609
21456
10434
24670
8095
21326
14558
18307
23046
12756
23637
26437
1681
2566
13960
15244
16211
9271
27345
9571
16384
28892
32030
22791
27567
1856
9695
29245
24542
31865
7459
8937
14519
9882
8445
12253
27282
8234
15149
12271
21690
8149
2556
16718
29044
30818
4200
10518
18237
21733
20865
4385
32596
1334
15123
22561
17784
28321
9093
10219
21747
29919
24321
17942
22231
28485
12246
21189
30088
32316
5658
27073
18810
21745
17043
22987
828
19278
12504
26160
30390
19496
11443
18077
27567
29626
18122
22837
22418
29266
31870
15073
25713
1866
5908
14823
26954
10298
1554
22207
14217
10348
14572
18210
25039
29840
15328
12131
24562
14001
7199
1538
13381
30312
22317
21887
30233
2384
22922
20588
25987
26553
20626
27590
27744
14753
21410
29573
12439
12256
10364
19826
7070
32162
9965
24121
31552
1562
32685
17599
8093
4725
27270
24501
6770
9229
32696
20846
922
14048
16541
30189
26325
2112
5001
32579
16073
13772
14068
11288
8518
18590
28635
19591
206
198
30563
2351
10069
29943
27584
8326
20037
23169
18517
3697
30661
2431
10524
21010
27963
4434
23881
17889
1807
29006
3370
15871
8627
18866
30546
24775
25568
6366
2294
28069
14882
22720
21911
26155
11158
4240
12769
19809
27634
11965
30164
29021
20167
16167
10785
29460
3
20878
9431
112
9658
9290
22846
29859
20262
26429
24323
21178
21740
11015
29846
20085
3744
20600
209
22358
396
3147
22490
23032
27821
21265
18250
11170
22015
16747
11663
21532
31995
21628
8335
10689
22109
1694
26509
29654
29994
9300
19537
1818
1266
28033
1923
4254
14674
22231
19545
727
22206
32657
14194
22770
14461
12133
9473
9319
30709
28852
12845
6353
6441
6917
28088
2557
24704
25009
31711
4161
13768
15071
12674
18191
14458
12979
27269
22985
26944
32451
8054
21207
3252
26059
32368
24824
11115
20385
2879
1749
21298
4459
2756
26844
32151
18959
15771
11595
16300
25323
11772
8843
9991
2247
5343
8128
26637
12551
6756
21406
16753
32549
30065
30078
14583
7775
11933
3249
5502
25517
2637
16916
14909
19446
24092
28644
18253
10883
21889
25556
9063
7092
27052
1885
21232
4082
4272
25174
16434
740
26599
11204
22765
13030
23954
23795
9486
27831
7617
31430
15038
16241
18035
2379
13214
11455
9981
23954
1873
10570
3760
16832
28476
372
28342
8031
14217
30281
21309
9208
8562
9906
30680
5092
15036
6380
31521
16223
20097
30777
30116
19934
21299
23254
30712
21411
31198
9260
13359
25998
17069
22346
22129
7990
15024
28051
20707
20280
18140
1460
7885
15823
8276
32474
17149
16805
26087
21537
1382
5865
26329
19535
13325
11426
2790
20930
27430
23619
31620
1703
10361
16255
29289
26989
11787
6238
20813
7545
30715
32657
26353
11292
18858
19715
1376
20930
5662
28336
19828
11116
18345
8634
21405
22624
10949
16825
478
25630
67
8787
23320
3223
31397
9998
907
14490
10952
3425
12954
12943
8134
7441
29134
31591
15898
12987
19742
18899
4613
22700
22638
2484
8497
25081
11861
28627
32661
15309
19491
30163
11160
26877
28451
21092
30073
23522
22301
16825
30190
8807
4639
12859
22539
6241
13693
10623
31334
5151
10263
30069
11129
16706
25050
32227
1351
7631
17546
18962
11331
19843
29118
3784
30061
14183
16940
22645
14270
8612
16934
9649
19654
16279
22373
1510
1172
26152
29702
4170
4310
23128
31442
18193
11073
28186
14530
15072
31539
24420
6082
644
32407
11653
28342
23268
31242
22713
4795
820
13371
16379
3503
10604
152
4378
7667
31481
23847
32527
25455
11698
10161
12942
24023
5389
11814
10459
8237
6035
7741
29919
23944
6289
6235
5755
13075
10769
27062
23580
21336
6920
12730
656
30399
13777
30380
1816
13649
17114
28045
24510
11714
9118
31041
3560
7599
6611
9456
16174
20260
3812
7597
28777
32609
28577
28501
18188
8926
28726
2234
5304
10892
19545
19201
14602
11870
22472
10313
21944
8456
29427
5518
2268
28935
14325
21452
8591
15073
29641
21607
698
28846
16315
15562
10281
6871
20252
19790
481
5662
17722
12126
6580
29406
10128
28378
14098
22932
16441
8888
29986
6303
1195
2289
32529
16196
21665
6555
26283
27125
9561
21842
18728
9171
27904
21213
13896
369
25195
20495
3490
22747
25863
18922
17976
15063
8467
24587
21584
4458
17420
1858
8575
1950
21865
20352
19207
7811
1929
16630
6755
4980
5354
5243
27679
31643
32155
19246
30957
14520
14580
26973
13558
11037
12164
22694
14702
17661
4427
13660
27755
25319
23593
2861
23287
3470
9879
17665
31075
2251
661
21540
15839
21477
3299
21160
18760
32527
31860
9477
4673
31282
17952
24323
18053
16621
10393
28634
22140
2011
13472
22935
24332
20244
9593
30657
26033
32246
7580
6461
6864
27685
7085
29039
5704
31696
15278
9378
16971
10550
6260
29610
26732
13161
24919
19143
5368
16978
30766
14285
17546
11766
11131
2946
4058
19191
24802
10824
18902
24670
17376
20476
17396
10903
19641
19229
11462
4029
13234
29489
15567
26905
9345
24164
9621
1509
17922
6771
30455
19285
27179
27848
28353
5592
31298
24039
26238
16283
29517
5128
21389
28750
1739
16645
3447
6700
13217
10103
20096
18485
27479
31516
8828
8638
6020
8317
14308
18220
4999
4045
18217
27645
28280
24339
1096
21000
2399
14220
20127
2565
26019
14922
4863
7503
14277
6178
5122
1257
4685
24773
3231
4543
15621
19757
24827
10799
3174
2363
20866
200
19792
16542
25655
10322
6398
29430
30792
10510
9528
21305
14310
31551
25802
13910
23635
2792
3126
21785
30781
10456
20134
25935
15434
3300
26404
20010
27124
19828
16909
31719
26775
28737
23235
5805
12488
30812
8611
8377
489
5491
32311
16312
5626
22608
16812
13684
18354
4258
7558
19379
24271
14336
29330
14172
30378
3627
3100
14044
13070
19091
7011
28616
14154
1821
1866
20420
4997
18468
25680
29859
7250
17854
10434
24528
24709
23104
28976
30956
12612
14852
26909
9144
28769
22633
11258
27958
6375
7708
12886
5131
13810
21654
8015
28712
15300
27366
588
32169
30486
30641
24814
3837
1708
7287
7491
27208
4908
11799
3133
22021
14640
18070
20579
22768
22938
9244
19655
12579
17448
31039
17464
18047
28744
4740
30904
7245
14381
29987
24369
1573
18978
23307
15203
9231
17438
