5112
3962
10351
15697
6363
19291
26996
8075
30869
13881
13044
11264
661
19292
5733
25694
20386
9979
19316
15539
29285
1199
1187
11648
4392
551
30519
11280
19677
31262
6737
32007
6498
2954
24923
5438
27395
8470
30117
31950
23873
3283
13136
26731
14033
3114
28012
31988
28392
18454
15709
28999
6070
9616
24963
602
21040
31306
28442
28040
12051
31135
23390
25896
8486
28106
8179
13156
25791
4439
32389
32585
136
7384
10156
26650
17283
23769
18706
27370
25676
25622
18135
18025
9631
11755
9268
20735
9241
17675
24415
29975
12611
17013
17583
18366
24524
14500
32001
28012
9494
24326
23386
16673
13301
4528
11726
29108
29875
31056
5536
2408
15959
28515
10922
5057
13606
29352
28159
21910
29291
16340
20432
19302
22900
25223
19596
25072
15837
21119
25931
7421
16145
28940
30573
8321
32013
31427
14206
20450
2663
16759
21341
30616
16271
16997
32670
13558
21334
27823
29740
4167
23724
11276
7219
32029
8622
3005
32061
13542
22496
1475
6555
8128
14774
21071
20998
16271
5466
19322
2694
20812
14505
14646
5779
6304
24190
6532
12410
2481
308
14568
3
17724
13926
12058
29777
6884
30713
5119
29961
1481
32349
215
11959
22365
4111
12728
32365
1139
27235
23355
16557
18585
10112
2165
1928
5032
17836
5417
31752
30105
13258
6203
28364
31898
1824
21096
23538
14689
15966
30005
26170
24001
13788
22053
3431
10619
12580
25135
9193
6486
7600
25967
18362
3186
29429
31516
25222
21465
21408
14778
29966
24663
21535
28561
12750
652
2659
861
10973
28991
19172
19783
5910
2549
14054
31764
29301
32706
32763
23197
32195
27744
1226
2431
24950
30590
11022
275
30675
2138
6882
28577
597
13714
16187
18384
20050
26424
12214
4961
3292
24356
26516
24093
25062
7054
28162
19724
28327
18396
21406
13800
23364
12216
10552
19153
9129
26726
21461
11842
11191
9300
25082
836
24229
25843
17959
19938
23968
32454
6817
14300
437
9145
21108
3488
13553
26547
31673
1909
26311
29550
30485
13050
8113
22919
18562
4303
30746
16849
25938
14994
30332
24303
9073
9485
6342
25122
11754
21165
3328
24927
8876
2614
23857
25509
15759
26038
4737
1933
13458
19896
5019
30755
10598
13497
16981
9204
21553
9952
7315
27240
19340
489
25704
13138
3533
26979
4991
9414
12172
19227
7610
27435
21344
2008
18200
18320
20202
5192
4316
22596
8469
9787
492
20384
7579
16911
20087
3368
29132
15467
8922
19667
26251
1073
5573
24742
921
18605
1433
10375
30742
20499
25877
15441
27716
4648
15154
31780
8335
27455
23115
31487
32202
31591
4737
30608
31420
1507
25438
22346
31451
25818
28857
22457
2647
25936
16089
27154
7002
8021
31197
27919
10383
7804
19546
14585
24801
28303
2375
12806
16517
24705
11542
21734
15162
7076
31268
29081
23503
20252
13395
2179
31974
6036
16373
32194
32505
27952
10221
5823
8090
11714
20240
30211
22015
5952
20690
2381
22717
18038
21790
7649
12500
3576
23429
3874
32236
14683
16795
17251
20446
4260
2206
27387
14710
12289
7769
13719
120
1975
11592
29141
3808
6236
14333
19214
2414
16198
962
6514
12130
10051
5760
30811
26501
12682
19424
5851
7784
27378
17839
30359
23024
24930
15239
3289
9746
28041
28076
31200
16092
17615
16180
19067
7093
26507
15211
30678
16357
16246
2677
6547
29784
608
6453
32284
20126
11553
30830
7480
10551
10963
14120
6365
28942
31806
15446
16454
27715
29588
25525
18756
24109
22623
25079
13273
11424
1975
13345
3075
27243
25784
7730
32214
27429
11571
32005
28621
17450
1700
28536
5986
24288
22372
6862
15324
63
16416
3666
7017
27024
18826
2621
9836
30324
6734
11738
1304
23593
18760
20712
6974
28169
8180
3136
32355
2899
24870
13752
4630
6702
26619
21318
16001
13291
13071
18793
30013
26251
12272
18628
30827
12161
23251
16140
6144
5049
1670
20261
22880
30936
24742
5256
15663
9158
1554
13800
5987
106
15263
2837
11678
5812
7950
23072
4028
20705
25659
28608
24231
30458
29334
5876
30067
926
30423
13290
10407
13826
15598
1568
4056
1334
26169
21961
3453
22698
20474
4210
2302
10736
15880
6373
3854
29635
7621
20046
19515
4681
30031
3740
5571
30869
21243
14378
29866
24432
20735
28319
26377
20825
366
10003
19369
14282
22122
16243
11216
19901
23189
9510
22363
7023
19912
20208
1805
24420
31240
3607
31015
2219
21685
31429
15417
9827
16389
32686
7223
28798
177
18674
26063
19909
15342
6725
29690
31516
4511
20557
15314
14344
9929
4427
19107
7278
13383
28926
27204
31646
28095
3013
24488
30863
21716
23811
30640
12140
19613
21703
22083
6224
342
28845
15265
1871
30806
23551
13300
28085
23617
23328
25897
16530
22911
1579
28413
10358
7917
5847
4443
24185
22226
19870
3301
23166
11284
12830
29137
14009
12204
12991
20726
27759
12887
26518
806
19965
26254
31881
31423
25116
24249
1716
21373
1123
15264
18700
5266
28430
7970
11330
22777
4605
14121
28139
20999
23296
29917
19165
22595
21329
17432
10460
32375
13922
22298
886
23303
26073
23167
8235
31618
24281
9582
19921
13943
5252
14866
13111
20362
21438
10830
28937
8646
5171
13484
6899
17461
23195
11671
19465
23726
4157
2251
23143
5359
29617
5897
28180
26092
1771
19471
32557
11622
7797
8391
32575
16830
30204
26047
12788
30732
28174
6617
30962
20588
22306
6468
5888
15512
28121
14506
11882
13500
27779
8363
32423
3717
21989
32139
9530
19067
23866
22311
26070
19346
3959
9518
15813
11515
8659
29581
18059
10816
2439
11051
11206
19856
16594
21207
14424
22616
23873
23679
16072
6675
23341
21154
24806
10594
17029
31239
31406
13151
2254
15280
13423
21806
21607
27402
45
13270
1298
15462
1603
17999
9648
32684
17740
1501
11084
29518
26948
30876
9563
17276
7659
19035
17218
2455
24682
26541
21273
24551
5177
20286
7599
23952
24384
3428
17358
3778
4413
5622
192
15665
6757
28769
30225
7365
21838
27128
25751
12434
10252
17036
30384
31754
16539
1853
32715
21617
28797
3983
21802
26258
27555
20673
9190
17585
28305
31578
26675
4288
4030
5892
27109
5846
16441
4253
25139
27612
16274
28300
11963
25738
1784
8017
13767
30866
28575
5728
24527
26138
6245
11056
19007
10608
20148
28303
6009
7417
32426
27192
30
21867
28279
32423
2442
3644
18695
21292
1437
14939
15330
3135
16321
3357
11344
15379
31528
3962
18368
16750
9814
5497
29546
2231
26592
10217
24372
25425
26739
13906
16338
26919
32279
9515
29746
6280
7349
3149
6679
10294
12247
14760
22020
16313
16816
19509
21083
2553
4956
31531
14790
22028
2665
23926
12502
14925
6037
17765
4842
28078
31449
1187
30291
19279
2215
11368
15285
13391
21617
7664
11440
17378
25706
32557
28096
2467
21136
26553
18274
15916
32490
23054
2681
9700
14094
23801
5103
5657
30439
18764
13215
20559
9909
8148
31347
10199
31317
31626
13257
9635
21955
29709
3612
7768
23261
1104
14048
28325
1130
18832
28077
20948
29274
11914
21152
1694
19279
22250
29695
13892
22365
24326
24347
20955
14350
17356
14459
23015
25002
1785
7990
17452
14773
25485
24481
29633
32440
9851
14634
30566
23877
32676
15236
535
22069
24326
32517
20962
23092
12849
15436
30965
16000
5627
1830
15611
28397
20597
12467
169
301
10014
5316
27539
3406
25942
22152
17477
28548
10005
20584
12431
22313
15324
15151
20512
18178
13804
20590
25942
27332
31159
27679
85
26070
24980
29064
24663
32601
18870
30562
32579
20326
6239
32571
31616
20886
5713
15385
21515
200
11142
11360
10951
24606
21536
2805
277
5449
24995
23460
8869
30727
23650
5823
12940
15081
6455
14344
3734
4442
22391
13521
31965
30429
31525
7522
22426
31638
14182
28059
11068
14860
15669
20699
31415
23085
16984
23840
7711
17811
29843
2415
28533
28933
11547
25462
14785
24385
30797
18544
7776
16632
17824
9545
25760
22043
21465
514
26506
29781
11646
23640
5631
22233
18828
5536
14599
7005
9324
30710
29797
4198
25892
5782
13679
14535
25291
3466
1052
10340
7743
25734
27231
7740
1050
6416
26035
32679
2785
5091
5879
6363
383
3478
9341
18101
8690
9849
606
28087
15429
13760
5392
25165
3518
5091
25146
9812
6232
25668
17350
8156
3699
8723
20792
11565
9931
29806
29503
14857
27815
3533
21898
14897
24659
6814
10973
11563
31695
812
30564
3905
28617
1221
21831
23501
11465
26140
26494
1204
3244
19180
28391
817
12371
27358
13718
26068
26012
12205
17516
32714
10641
32392
5867
7518
6880
12472
16712
25024
28812
32642
15554
12805
18657
26447
20019
20848
25773
17930
15077
4848
8877
14538
16294
17385
20294
31921
32287
13367
7285
22292
21601
32625
22025
18651
21185
31594
9744
4395
17382
28670
32143
17219
31520
31755
30070
29604
23803
19389
15314
16501
22037
1039
24901
14629
13356
1934
6835
26962
5499
30816
19263
2794
25159
7046
27254
9104
1205
350
6857
4417
21214
5996
1089
18999
24357
1881
18286
21517
8905
1852
7329
13861
14006
32537
29531
27463
3745
10151
9732
5770
27219
1623
5600
32632
28997
27281
17216
6509
11374
20545
13813
6720
21081
19346
18954
25637
6522
25081
13491
18130
1218
29814
21888
23521
24177
7959
10198
630
21804
12733
26784
15905
28495
9762
17474
32006
18564
14107
8398
2363
19861
32027
22651
10609
27262
13305
30803
13527
24263
3571
22315
7739
11280
14322
6360
14962
21230
29456
29088
17915
20981
26455
15855
28127
6934
5067
16971
24539
29484
32683
10122
9665
28625
4341
1859
20508
1910
11304
7298
13331
26547
333
27840
16528
1499
10808
32018
11937
7636
32268
26528
4382
4901
15869
25945
1932
26705
32602
8165
6209
16484
30410
24539
30153
7883
2262
27445
13193
22888
17319
10241
11682
28902
9745
22361
10264
17226
22481
31892
26932
19659
14099
17598
21286
27364
24376
582
16623
21927
3285
4343
10878
17236
767
13865
21529
27178
21958
20793
3327
21629
15871
28726
16716
15113
23111
7389
25372
22918
324
30152
28403
29053
2350
26594
3933
28505
10382
7198
9169
26049
21574
28009
11995
21285
16082
31453
28539
26007
23757
10807
10696
12509
4791
11915
25304
2756
28661
26422
5092
439
6937
11029
6312
8591
21348
21492
23817
31405
11145
7753
3578
8006
25012
12579
20896
2815
30923
25181
19124
10426
30452
2839
27434
27311
27991
102
23056
10430
11557
1099
28856
14595
19929
17122
4889
30380
26814
12252
26483
11015
11697
22575
12594
3295
13608
31756
21269
18953
13171
1298
15503
20282
28994
11457
18030
16924
11624
26417
17082
24992
19422
26116
17376
16533
30219
18329
24335
3706
4162
18050
28131
25232
10381
32057
4929
15668
17065
4622
1922
13164
9553
24420
28627
30912
3264
27677
17627
15179
26225
18515
3231
1553
31273
8777
27555
7571
9271
10145
20818
2721
1274
1743
17312
18288
18853
9421
3566
17132
29247
23312
22318
11855
14574
20924
25415
18675
32372
18964
955
7780
24570
27956
31623
27322
23053
29442
23115
6438
7398
13666
4778
4298
30190
937
20468
17358
29313
19029
20226
13488
8178
25339
15970
26075
3280
8320
27061
26492
28520
27532
13396
30609
5515
828
10042
26690
402
13847
5662
16501
22686
10052
8159
19101
1573
29690
3621
1490
14506
19767
22598
11559
7115
22965
19814
18744
29569
29722
10723
2
31908
6510
7152
5880
13997
7123
31615
23379
31424
28016
14693
25769
1002
6063
18872
26049
19623
12968
3452
32678
26023
28893
32639
19194
10705
4903
10370
2957
29577
22768
7833
16942
14126
16547
5077
4289
9959
11361
14367
9362
17312
16118
29287
6889
32591
1291
13567
5087
21628
16028
28993
26479
30464
23725
28280
12496
525
1849
2046
9218
18286
16236
5793
25000
9232
29202
2379
15637
32194
3662
28899
10409
20025
29839
878
15454
24407
20928
23162
2718
7341
15039
28860
14168
7742
7185
8952
1362
20613
20948
14369
19905
23994
31732
13506
5655
15442
25250
32156
14364
1733
32514
3472
20544
147
31780
17088
26159
27785
17462
1778
935
6208
28152
22325
11654
16616
7792
28358
29480
13635
13022
6452
2031
22772
18162
28611
6947
27898
27453
1550
25085
16760
8166
18929
2046
13495
26526
6822
31109
9069
1749
23342
15521
11840
17198
1011
19492
30854
14129
30635
10489
17487
3649
8063
5559
4005
15565
4717
12405
5906
2250
19435
24289
24931
30304
13773
16524
14508
27875
2408
7048
13452
10246
19448
30517
14770
18763
27199
22872
4768
7614
14191
22893
1455
27619
21322
32319
3156
24045
15240
6581
4001
23600
3193
5871
19983
27609
13547
28305
20090
26077
8526
13663
1133
6703
8726
30987
2464
13110
4449
24394
4287
28030
31706
15149
30061
30638
20701
3247
3465
3770
24028
7819
8112
10841
6401
13904
8963
19898
32532
2742
11306
20594
2208
29747
11161
13242
31313
3018
24849
22487
5281
11300
10346
9689
26291
2273
913
392
18559
20528
1485
6044
16432
2717
1094
23596
22218
11563
12231
19817
8208
4515
31683
20108
31141
18731
30358
12045
17777
32026
30478
12822
9030
21003
17194
10807
28100
305
5153
32091
32378
7146
7078
9467
32077
11670
28267
32401
16158
12201
30692
80
30631
1023
23373
9746
17062
26992
26094
10898
18494
7845
30366
24795
154
10025
32390
16896
23251
26307
32551
782
19220
1796
10655
18239
1020
23324
807
17008
24387
13810
13025
24533
14753
26227
23761
16620
17899
20009
11816
10415
7040
17936
32457
9998
995
17830
11270
6300
19369
66
4266
20105
6806
27814
15933
29392
5891
27351
23427
31921
22658
31789
19526
18786
28101
16806
1621
11522
31164
13439
14285
4046
11262
19718
8855
27543
6250
2986
20786
15732
12814
6228
2227
16308
27976
27642
7178
22
19754
14449
1158
9789
24611
642
25500
32350
28636
8769
20964
7228
26721
7578
8036
10838
14977
4397
26897
14686
15735
7004
10131
9198
21450
32161
6985
23159
22385
26661
14733
11130
4411
9103
32569
23546
16238
3354
19561
9265
28590
6379
11651
25730
12321
20129
13685
9903
23505
29741
19774
16204
1618
23268
7344
9075
19108
722
28788
18106
346
2130
16718
5474
8700
4060
16546
24273
21419
9245
3640
17474
28931
14925
31548
32700
838
20669
32393
5952
30902
23471
15911
20551
6722
29803
21009
30572
1125
32399
9276
20581
10060
14247
4566
16951
4663
25853
12747
5034
3617
5043
25742
19451
19363
7950
4374
3026
10262
28949
13095
29299
19960
12635
7890
25400
13456
22041
7487
16191
17109
19327
18090
26464
6541
9548
15788
6754
18610
3741
12220
878
29721
27650
16117
3267
11094
25559
14618
19116
30938
16594
16343
4783
27742
25304
17993
4872
9349
12821
1985
32342
7100
18507
23493
8083
15461
17514
2904
27209
54
31842
2940
23299
7899
309
16628
15362
4067
10576
12622
8754
25561
5403
17697
13917
14513
25039
32660
7837
19815
32392
20255
7191
30946
22427
23446
12518
2078
19497
30051
25174
18314
8692
2578
27475
15279
27506
16916
29473
19731
5152
11196
7245
27485
1817
6030
32739
27577
9191
2489
26849
9854
30105
25826
25580
6159
24597
12835
30530
2303
14256
10836
5872
376
30460
25737
10565
3037
1761
19931
12166
2734
19696
20076
26339
9644
29683
16293
30122
4670
8905
6082
30907
15124
5489
28305
1340
2826
19556
16246
29325
24399
17960
3251
126
25798
30498
18406
11712
25772
29612
9171
21146
17532
103
13156
21469
15631
31954
31214
538
3336
23580
20662
30994
10863
8247
17844
4974
14236
2862
22423
18097
16215
31416
13065
31594
31805
8717
21811
13742
12134
5624
14212
8645
19012
24366
26798
22820
28622
1758
14066
29595
4318
20873
20382
14544
10200
7188
30676
1516
22413
3868
17036
15252
29023
7305
26588
18459
9893
31590
8568
8694
26961
5616
12405
18032
16336
7660
28754
4255
4145
15166
6968
31894
9866
2232
9089
10972
31383
21296
18040
14365
30885
20181
15455
15648
20910
14019
10679
2809
5830
2772
13755
30592
9141
24505
27182
19969
7398
30026
16470
14389
1152
1819
32585
13169
10962
2896
20327
26142
32244
21426
10024
26985
31915
17666
29976
23355
20622
6285
11039
19564
21351
23552
3846
24372
988
9086
29751
10722
11599
8688
17092
12752
18178
7068
28587
4758
20095
26362
19033
9598
8503
28610
17260
15672
6505
28746
4285
18895
29253
21775
21150
30940
14162
32401
7776
9722
17165
21861
4633
12153
4307
25733
21923
855
26112
28138
11496
30827
5721
11613
32605
18404
26535
15754
30925
15090
22693
21334
10072
24771
20252
17266
15035
24753
29005
1584
18642
15546
11919
11670
15195
6192
15161
434
19196
22193
962
14124
11144
10074
23335
29730
19838
20536
26765
5935
22738
19967
6184
29901
17648
7167
4955
32478
12799
14419
1057
2693
26466
14428
10155
10298
7045
366
29771
16926
26838
31176
22160
29835
5137
17866
18867
21744
1985
25954
20273
6876
10500
17864
2490
24408
27022
7019
32586
26234
15088
6187
18070
10039
18202
20936
9129
1401
4639
27802
22479
29297
26937
24195
10418
26415
17165
24099
25283
28016
30000
21066
23259
10935
25321
21939
13090
8607
2361
8943
26417
7535
3096
31903
25459
31727
10498
26086
11217
18810
12978
16158
21902
25429
31278
6858
22639
5183
18691
24268
31520
24393
20690
1497
24275
27880
13323
5417
28202
20041
3065
6771
13143
2788
4095
17944
22914
11348
16929
30111
23914
15462
17605
16993
12624
26992
15803
26757
22545
17636
27260
6703
15250
20516
18863
4853
16992
19352
32242
32659
26776
31743
19926
3551
24581
23042
25899
14591
31625
24591
15231
9689
27070
27236
17377
9163
732
23914
18923
9628
11742
1605
8191
18099
8416
27049
720
12423
204
29935
22052
29783
9269
17768
7897
11547
32131
31217
24102
32186
28753
17095
12836
16253
5651
9117
24461
29892
13820
7148
10435
21496
29727
10635
5652
32448
31700
22911
4924
14712
10589
23316
1579
14047
30409
18733
17161
19471
12313
7640
376
8371
12962
1061
14105
12148
15282
31801
31569
10932
2678
1438
22605
6527
22811
17373
11587
16574
28980
20815
1531
11438
24412
13360
2959
28305
2588
10741
29295
25252
12303
15583
2471
4688
4419
22481
20325
1700
18403
19551
11957
7939
5139
32551
19088
16410
7964
11876
31253
28437
31177
1728
23062
11539
23057
31338
6102
9943
23541
3689
22801
3264
18860
4656
25917
9979
12030
30066
29712
31223
15342
12343
17730
3865
15003
28976
26004
13746
7272
1607
17681
20526
25179
13179
660
398
25795
27627
4234
20248
15902
8496
5881
2636
23865
7408
14018
5915
665
6320
4643
25172
11546
2026
15999
7263
14806
18528
866
3117
15176
11439
2752
3695
19378
5415
26237
5382
24251
2778
3890
15035
22109
4339
16431
16177
24318
8266
21692
32535
22237
309
2725
15522
17584
30624
19957
19515
8588
30048
29185
31093
31236
18116
31656
14401
10901
28013
24794
30309
15170
7520
24919
8490
7803
4186
23737
13141
22339
9060
18869
24409
19090
29350
12958
10699
16376
26496
23338
2070
21892
27863
29561
22384
27364
15789
31827
16397
18381
501
16562
22674
414
11685
2176
7628
25664
22028
26785
4770
25168
29030
21556
7240
20608
13486
21270
28342
28730
947
424
7513
3463
10094
15827
9224
13360
16019
9545
31801
16419
7270
18701
4725
19735
2512
14901
12297
18803
7346
21487
11519
12396
6521
26306
32332
12142
4851
10518
29771
15038
15457
4343
15722
21853
8653
31510
292
4143
15005
17168
10031
1116
2665
12531
7926
19703
17418
24575
15177
17374
8947
681
30291
1505
28357
10214
12749
550
23837
26021
18290
6347
17840
3229
32179
3278
23707
18762
13483
19754
26356
22066
24405
22851
7589
9069
7421
17540
12922
5988
1780
7495
11128
19673
1672
15093
2161
29224
18227
14190
26325
11724
6419
6059
6091
11300
22426
26530
23680
14967
10375
19817
15551
4919
10005
22431
11203
16258
20338
2824
28489
12782
15986
29559
31977
32390
6533
15345
16805
21520
13031
4623
1987
6802
15894
22692
28376
23316
10377
28064
10790
21670
27295
1844
31015
25253
25814
27703
3690
6203
7485
3017
22686
13605
28972
14390
25069
22457
3890
2333
14731
4135
19791
10449
7054
14591
12131
4351
19200
14579
12775
31377
21042
4575
11483
1235
7508
24838
25343
22484
9027
13470
4422
17936
4258
23184
4744
12619
10540
3193
27511
14016
21320
7412
21204
26235
478
2587
2531
2564
28778
6475
6428
15933
25935
24616
17699
25741
28269
24289
20474
12094
19445
4022
23158
19748
32124
4023
31215
30848
9551
17614
22076
27939
13831
9471
25566
2519
7773
751
3708
8442
26431
931
26512
15468
30755
8587
11615
22700
30107
24767
15918
23357
28201
6280
19379
18511
18773
30242
25290
31643
11518
7360
7017
26767
19694
1745
1238
9643
22705
3202
8727
18219
31654
13188
2731
19686
9046
11279
887
10102
5
7975
9219
6297
29575
12830
23526
29399
25173
25434
27775
31845
6880
9304
10982
31050
18213
21745
7714
8384
7298
988
19869
477
15816
6261
21461
7026
913
18876
2387
11060
7892
1697
23521
30745
18870
13183
9720
7173
31395
24806
6776
4262
19870
24477
6299
924
6101
21991
31788
13790
22905
14854
15860
27225
460
22014
30838
10202
14716
14491
9436
21037
10031
14261
9264
24199
25183
26547
26831
10017
2152
11342
21531
8742
10207
18072
7281
32719
30246
1084
20315
29644
829
29703
17414
11751
24539
17319
4598
17892
27070
10931
24568
7851
12863
1772
8024
1193
13097
3523
1877
2931
17867
14107
25810
28332
4172
17743
4686
31274
23871
3703
11286
15700
4471
27367
21689
3534
13341
27897
7613
7513
15615
17933
26768
9972
7467
31949
21441
30535
13757
22710
2160
21570
12533
9940
31748
2050
29069
15308
31260
4852
3145
22304
2759
18748
32719
19375
2295
24408
7865
4475
32051
10752
24553
9391
4237
5457
2332
21985
11220
5931
26562
28564
5898
8408
3086
21761
11544
21486
14921
32279
30657
32374
1643
29888
18389
8781
19948
14182
7591
3019
984
9398
30144
15267
802
21667
19925
10250
23354
686
30199
6428
19169
28005
522
9339
23869
20266
28536
3129
23848
21558
21287
1272
4814
12766
9128
10063
32631
17172
29617
4208
2977
20016
12493
30216
23378
22513
14930
12647
15532
10174
25747
1505
25794
24882
15448
9844
28330
22232
7819
16043
20692
31283
30772
705
15513
3330
17064
2826
7191
30657
4092
32399
8765
26995
15296
20728
8482
9375
5098
6064
6811
7577
3601
14915
16140
19970
23772
523
20094
24978
31161
19723
4082
8213
30418
26651
21237
14516
11581
21574
12149
21110
7026
31600
30675
1543
2051
6203
4409
9399
15495
21804
9774
28869
27863
26378
26472
10974
7806
9863
20193
6369
9322
27939
6445
27109
744
14668
26890
7037
20431
24010
18745
17467
25338
16474
140
26482
27388
27545
27713
13888
14864
30756
21646
25036
24399
4350
28541
25293
24614
5938
1530
23116
9734
10425
28458
28586
29789
3741
22015
20452
31430
22111
32010
12822
22396
6807
29840
1342
7701
16090
30431
11075
13933
8928
24290
25910
10208
4326
27892
21719
9404
27474
19954
14171
27125
23958
6292
15724
18203
5206
13565
9330
25226
16589
25232
29969
3553
27501
20486
2802
16053
22981
31165
18887
32646
2984
16979
9097
27889
5004
31092
21508
4904
20016
17648
30102
16288
15746
8209
21300
6921
2751
25899
7085
8067
29660
5492
23091
16143
10277
21270
22551
20035
22564
16771
19412
1859
31940
16393
31055
14572
6582
12966
10077
30290
32532
19741
3718
23149
20036
5193
9481
13327
17952
2482
27679
11801
6739
13662
8836
18415
23046
490
52
12841
10685
7897
24434
25484
21627
23851
30479
31288
30765
14897
2537
15650
20805
3233
12210
20933
27046
2022
6899
31253
11968
2489
80
28341
13052
26101
781
10601
7770
9383
19153
13262
4696
26213
9898
20041
1303
25314
24914
829
22457
13759
10929
31361
11277
28067
15010
8465
15726
4493
4346
30979
16616
4201
30407
9661
4253
20194
9429
2150
9831
18296
13175
154
10687
28882
14211
9570
5342
24149
12447
2659
13601
20213
11451
25941
2738
7755
17631
10167
19301
19432
22311
24769
3296
3306
8716
31643
23039
7117
9444
11724
14199
14979
27052
10741
23481
6854
7174
27327
7705
8365
4478
10770
24879
13181
10001
22664
31869
4290
6128
10529
26963
21919
12673
1336
14064
12899
2215
31925
2538
31836
5187
1669
10960
4592
20731
9543
26637
17641
21050
17480
20239
16145
25719
24754
169
5375
9403
21248
9398
31536
12637
19637
16640
20826
22544
24142
30560
30716
25889
6517
28454
9274
30713
9079
28090
9704
233
19448
25220
21477
19495
31718
27146
4778
15891
4267
3160
10530
9407
30631
15013
22461
17071
7645
20531
26048
30429
2028
6775
6367
9728
9794
11386
19213
18702
14732
383
4755
17664
23408
13030
12383
28629
32639
17744
14495
26329
101
20740
10639
6695
3427
2450
25743
12653
3072
26806
15737
11759
16891
126
5169
28111
23427
14511
11390
29835
8618
31590
14360
7367
29976
5371
18178
5965
24828
19242
4633
23378
23113
28533
21486
27643
32542
28868
9169
5919
27269
12367
1838
4431
28769
7613
11549
4883
21922
24205
2100
23415
22715
1206
15007
15302
7766
6282
2163
4246
22086
31200
17472
19460
11453
23666
27110
30017
23487
25476
23465
16718
28886
8391
30087
10499
6920
31356
27336
8278
5382
15580
8664
21210
32678
23224
594
2438
16531
8541
26973
7608
14659
25530
14395
7545
27178
24773
12575
1283
22062
26906
5695
12673
14938
2021
16171
28949
28118
13059
6237
21535
32279
18020
16657
9149
23379
20148
15191
8590
10552
26426
25190
29884
2013
12032
6963
26681
26873
6452
29506
24136
17747
7374
8636
7488
18041
1907
7875
22924
14517
30617
17666
8439
22845
16877
12680
2855
21674
17905
21974
21350
2475
30186
28726
16297
25595
5625
24143
30922
25488
30344
32247
14361
9238
11751
4168
28179
30875
5431
21238
18033
28556
3208
17375
11621
21216
19006
17124
14880
30867
14777
1528
8855
30550
11573
4982
7303
4997
26350
14008
20406
30809
15752
8933
15741
4447
24495
14346
16771
6184
31483
7789
4043
10818
18966
11294
21489
31592
20000
18638
21936
30710
14162
17380
18088
27552
16610
20686
7518
98
1063
7573
8581
10682
1790
14261
3452
20502
2412
13099
26903
20616
22149
18383
418
9409
7308
22756
8995
18237
4187
6894
30432
10171
24581
19395
11041
17392
14523
12517
18487
14460
25580
20495
22205
24093
16304
5646
15134
18211
5735
24530
27224
12580
6557
6597
23551
16112
1074
26972
23940
3783
10167
5355
10935
202
26906
7613
28555
16816
28806
16484
5913
28090
4229
20302
3048
24553
10344
7065
19820
366
1512
24616
32460
11618
2573
25335
21225
31927
5455
16555
31131
3695
32508
5742
29245
8203
7129
32249
26477
2631
6156
4082
30733
30212
10297
24697
4493
23942
21996
10750
16237
11743
27447
6741
5117
7339
16796
30220
3688
1534
30764
1532
8688
26267
21745
798
17019
18023
21898
29856
6735
10013
13077
13368
19738
19266
23890
3257
27701
26972
12548
9956
41
8031
28059
14464
19315
14952
11793
10669
10884
9901
26898
9333
13580
7092
15455
17060
1144
22724
1908
19929
17337
1434
6505
17886
27720
2908
30230
8501
21607
31187
30330
31731
29353
19668
18526
10450
31412
9727
4405
22657
14150
20141
14407
19262
17782
5667
7182
16551
5437
24588
14048
6605
21300
30502
30415
24971
8095
30779
19662
12054
13995
26963
14101
5844
28148
20776
19142
7538
11082
25306
208
24881
14517
4580
18963
28032
6582
8783
11974
27856
17872
2341
32022
11428
27719
12585
19216
10215
9512
30661
20417
2947
13193
30276
22428
26927
15634
27457
22556
3208
6845
22623
26282
9828
9945
10299
5824
16995
11349
28831
847
15047
23355
9465
1886
7813
26235
19723
27124
15771
12010
5091
313
20389
8074
17166
4312
26795
7948
32265
26535
12350
14995
20984
138
3779
28091
28058
10901
17678
11226
5501
31856
8755
3718
10350
5888
19352
19799
18484
31555
19279
25325
31358
30588
22691
821
22041
28561
3825
18153
4198
1201
1722
12374
32524
24633
1269
28002
25066
9689
13482
31437
2384
20723
7868
3255
11374
323
21511
24675
1036
31429
32170
23354
32124
23763
18342
6931
6605
21646
22953
23473
19778
20096
21028
21901
29442
27520
30627
31190
10513
15573
5214
12215
10367
2974
12299
30424
28128
12145
7159
4903
17916
14402
1365
9688
4807
28550
470
22442
23699
29849
19066
30829
900
30813
6309
14273
9540
23589
22901
23328
2809
14289
11091
5407
13172
2874
22984
25072
19883
7888
19346
3372
14186
22401
5880
17615
21573
477
12378
23941
20689
22648
26380
11300
9748
18832
9317
6265
28985
16368
8466
19783
29576
29460
1200
10637
20118
654
9115
22280
20665
24745
20224
10745
26047
20555
27450
11816
32736
31264
16475
1321
3312
23796
14600
31198
19418
7521
907
27965
5705
30891
18723
83
29352
24296
28574
8073
589
30820
6442
21287
8177
6723
22121
30998
16996
28264
16067
19434
30590
21142
25344
23328
2905
13013
19990
22691
12221
25368
2111
24469
14300
15388
20559
6221
15424
32659
32581
23964
15105
18306
18976
18261
2107
1256
22004
15884
8895
20896
21052
31773
16649
6536
3442
8177
10867
24291
14301
13180
12456
7676
18603
19722
23898
5133
14655
11580
10296
27998
2764
32333
18714
7857
18979
6298
31359
28126
1481
28770
16442
28091
27213
4298
1640
28990
30936
18468
11429
14822
3078
26992
20864
25942
7924
18211
29228
24132
2715
19240
12920
21649
11612
20517
24832
185
12507
8191
2981
13934
25105
15264
14396
2688
20381
20472
5507
4096
8795
31809
14425
28837
25656
19848
14638
25710
10565
4969
17848
19593
20234
29210
31463
30068
17948
21931
6940
17506
6642
10891
29846
21472
10996
32591
3116
17336
20181
29615
24642
16406
19235
6353
22518
1001
24092
9931
12954
23180
18884
11107
2919
25766
5428
5656
17775
9295
30773
17767
29652
5236
9485
31047
4664
20348
25753
20214
8564
2347
14492
10743
31885
24519
30807
11868
31204
18554
7002
12353
11436
6904
9881
15513
23201
97
28610
7981
31223
18793
10958
2529
19345
28598
30167
16697
25972
18058
22313
29213
16763
7841
24987
5337
9292
24925
29472
360
28810
26400
16793
6386
14925
3321
10733
10387
11983
19844
30044
26974
9320
24843
2320
16802
26300
10481
13301
11115
4915
27217
3787
25676
6569
7138
8826
19036
13671
19230
18597
2687
29266
23715
31361
999
4707
11225
488
1242
26455
19925
16553
17589
29864
31613
547
16177
28091
26349
2834
21733
25691
26
23464
21772
15206
27829
22496
21641
12742
14163
18959
30248
6563
31178
29627
2087
4055
1758
8369
6901
18339
22301
28754
30009
16032
15623
18734
2326
27896
9330
10964
20141
17877
24877
20967
10212
7194
20708
25205
12646
16210
21571
3205
9452
25829
25438
24303
12474
12690
16721
15473
26732
30489
4899
9982
13042
31288
24049
21849
23002
21721
12360
18147
7629
18570
31442
18866
29789
5421
23605
9954
21246
10225
25656
26928
11089
13953
4648
29124
31913
6779
4730
20303
7880
291
32689
2902
10729
17241
10882
25038
8196
31176
11574
5864
15181
8545
20049
24366
1533
25608
30321
3535
8022
22924
15736
32055
20961
21725
21229
26083
24315
4473
17824
6004
9103
21800
28301
18434
31269
23017
771
28082
32284
5164
4614
22155
5171
10561
28913
29317
23631
10769
23392
995
28792
26124
19020
10691
5412
27234
18040
30964
16056
374
14860
5895
4172
18064
1408
2985
14254
8657
23484
15408
19114
16493
10622
17779
2441
23828
3067
10207
10968
27825
6857
31175
5227
855
2300
5116
9633
1400
24976
27806
30440
31065
25351
5169
12932
3266
15954
2291
27277
8954
15605
21613
4151
32499
4711
10057
28759
24001
23735
26467
22818
5456
6261
25635
19767
2903
3024
9481
26592
6280
27900
1673
22164
11274
18391
6426
3009
17192
26315
30346
3785
2379
17142
404
3402
13349
16264
17332
4515
28720
13421
23866
692
29015
3117
15262
20709
31730
30992
2579
29801
31224
1413
4190
8388
28784
964
29673
20874
26921
8371
3859
5226
9387
7686
21195
13420
10349
30635
26205
10871
32073
30821
31115
30486
12844
439
31968
18811
30482
2819
13377
6085
25650
7155
22469
3198
16757
17944
14023
28008
25133
25041
4409
24441
26884
4719
6970
11300
2098
21910
24299
27610
4596
8678
28799
14801
27961
22747
10386
21764
17054
4082
22716
21115
30108
29966
11877
17612
15872
21017
14299
31970
30108
29678
16289
18429
28221
30839
29195
20218
25565
18450
263
31445
24345
15930
14910
620
7141
17763
17244
1413
18558
27173
28843
22803
12448
10653
27111
26805
10490
32529
4430
20864
20191
29906
24822
6654
28734
15463
12899
11126
12244
4583
9305
28782
14752
28327
4847
15471
7063
20245
21989
24840
5786
4068
14647
5141
31653
9834
25586
2882
26953
14406
8519
28874
32092
22085
16350
5509
20207
24199
31597
1057
17536
18909
9352
22959
6769
26742
31419
1890
11705
20923
27862
24980
24282
2935
13192
8202
8467
11323
31279
13177
2518
32001
2543
5193
29820
24079
11009
28312
3640
29470
12366
20354
24137
23228
24893
14240
7796
29935
13769
14030
30642
32027
6358
30002
30502
31525
9413
19834
20305
20441
3654
23652
14729
24713
12653
10628
2983
9719
29961
19778
22017
8822
30769
14370
7576
843
15903
32584
1682
29017
19522
21051
746
21758
28302
32233
22886
4408
5655
8427
6345
31244
1502
29963
19274
2600
16874
20995
32326
7111
29851
19848
29234
10453
15932
7303
1747
22099
8919
6575
14257
20222
2637
5423
15561
12587
1701
20929
9090
5110
21669
21223
29666
26523
19103
24692
13826
13604
10638
25423
27583
325
1122
32628
21171
22148
12695
3899
612
15004
31500
25565
15034
4900
19
28468
30391
15724
32196
15042
5986
23976
29080
20469
15108
10576
18995
30121
5271
12486
6784
26351
22396
27706
771
26381
2924
4043
17771
22214
23729
27374
13927
11995
15510
22292
443
977
26140
31111
29843
30453
6894
23701
16919
14494
11415
9201
30271
32690
9715
24662
2793
6763
10467
18029
21289
31835
21573
19697
12512
28078
17956
30225
18576
16304
3627
18454
10094
10895
9312
14661
4025
14433
14351
4871
24395
24936
27395
4167
17518
15765
19708
15132
13552
28492
11102
19880
23418
11111
2343
6720
28445
637
21283
16076
10542
20324
9315
10097
19796
28404
12011
9326
30687
9486
7339
5956
9819
21213
31921
31514
11877
25180
4252
19551
5822
2841
3668
5041
1694
21560
10744
6142
16203
30650
31768
31721
21481
2816
6181
19055
5012
4234
26405
14026
22956
22277
6827
5013
14448
18821
19463
17714
12751
5391
7098
13161
29306
18266
25901
32337
17214
19158
23202
31348
9361
25582
7530
14382
18539
5002
9816
6742
24151
729
4727
16416
26057
23629
10232
17986
31410
13799
10094
9046
20562
28852
15678
9088
20045
12696
10064
18256
1026
22346
25355
2538
26136
4512
30593
21092
2649
32269
12262
5231
21956
28008
23111
25658
20701
14062
24184
403
5704
15499
16719
7760
3990
1109
26639
25581
29791
2905
12327
31862
16273
13723
12061
8871
3847
32600
11973
32083
8542
21390
14774
18946
26116
11199
19454
6878
21393
23793
31765
11216
30811
13817
12304
4838
31044
21241
13079
20472
29399
18984
16153
32651
28820
5585
20158
13557
28295
24479
19358
16322
6432
4375
27824
24663
16190
19814
22789
12245
10893
14429
25270
16192
21010
11962
28187
12769
6916
21417
22845
22248
7134
6026
30606
1622
5554
7157
30168
17690
6080
6395
14964
29818
327
10159
5564
4277
21915
5606
22210
17127
5752
10042
6211
18988
6294
26453
22998
8
1661
29036
14697
31751
1435
20745
24814
6816
12692
24590
31826
27487
25049
17911
19375
19012
28028
31839
9666
10342
24899
31941
32415
18395
23547
31633
18083
28380
1294
21586
13739
22053
20824
2890
22147
22171
2615
2092
26274
6705
19169
28196
24084
21516
26619
13592
13239
17382
30055
26670
12714
2224
24157
11662
28163
1659
17341
31593
15296
25496
5283
7738
10241
24830
5436
29771
22388
4589
18393
635
22544
14033
27714
17984
15110
16233
2381
26856
2804
14376
13487
14372
29276
9948
3345
1990
9814
6797
6759
24778
27009
29352
2173
8595
15167
8541
28626
29560
1826
27973
8362
14719
26785
30280
9311
23656
22288
446
26872
6126
19919
20948
19196
11593
17601
3121
29065
7927
3327
29658
12448
22972
26062
31315
26051
28392
24015
27656
706
17368
21622
15339
15058
23231
12221
12893
1503
6311
6682
850
28195
11442
23726
4016
23544
31910
10687
22009
21482
15016
27496
22058
23313
2120
27279
27875
30110
19134
25112
27079
29619
5235
21080
25894
120
18372
10445
6362
10091
22274
4108
16494
17399
17853
31738
17542
3913
20290
17983
13690
16479
22114
28408
22853
29281
629
21932
20638
17717
11679
32386
5988
27726
2130
14257
25663
8132
5652
13111
11141
9130
26499
26830
18778
22940
13718
21532
5916
4247
16933
25386
28670
1805
8620
10519
26866
21305
21068
10510
16333
9649
17426
19829
17829
6714
13948
24423
18558
2783
3897
4709
16422
6469
3633
30792
16990
25145
709
29050
570
3979
26200
28006
24267
15391
14
3885
17659
24129
30163
2715
26807
11321
28320
19801
6484
12063
10745
18532
13611
30705
12475
28093
135
10979
788
13923
25538
21750
26579
17534
21674
16332
16610
30173
28457
14267
2320
31394
294
30752
24340
17468
3494
12790
16847
24726
2871
24743
25042
5518
24974
24865
11296
20649
27247
32557
29237
16133
31181
27900
21319
8591
12595
22787
19147
12661
8802
5642
2107
10463
1340
2431
29719
17370
1248
21519
1578
19860
26647
26744
20750
3535
6383
1176
26354
10896
20389
16586
31643
21015
25800
10611
26537
16660
3740
5848
28956
31000
3517
14131
32022
15178
3332
32517
3810
7003
14510
29613
14390
16060
20667
1082
24245
7182
14997
25726
31416
20186
22002
7779
13134
21378
6395
19843
31618
16247
14254
14578
5340
18861
23169
16222
6954
14156
10312
18779
32127
169
10072
13816
2173
17012
14829
30102
26064
20275
14793
18170
13563
29934
30494
19104
8535
19244
7854
24658
6488
7455
19249
762
2835
17436
17911
5813
18941
1614
15054
23848
502
19882
25382
1047
23430
19237
27763
563
13670
23077
7635
13876
5954
14390
241
31784
16829
25855
4649
11531
32694
15988
15341
15511
7369
11597
8551
26973
9497
30134
31839
13077
21069
72
4704
2867
18905
12088
1302
29627
4223
5070
507
85
22293
6169
5427
28068
1160
28898
9139
17108
8481
27614
20649
12658
1799
28199
21016
10113
31750
14061
30915
18378
6286
14953
28493
15475
8191
10515
29854
6099
11811
30485
5513
14213
24060
30719
10667
23995
19905
25276
6038
29909
9251
20933
9263
12595
31444
5012
20820
1351
21066
24412
4034
7150
29377
16887
18486
19712
24191
22304
32723
16421
14683
8930
7108
12779
18816
8016
2082
3862
30063
21111
17944
23096
25411
145
9541
3969
7481
20092
11361
31447
24431
26730
29988
13353
29420
217
32611
13825
14817
15302
16253
16985
20782
23069
27637
2480
27432
14709
20064
18525
18330
31738
7042
20002
27914
27818
5812
9220
1853
29637
1160
17498
3837
12158
12464
6437
7961
1271
2844
13471
6830
15724
8291
30743
2213
943
29028
7419
18557
21972
28205
21559
1098
16173
6172
28605
1022
28281
3907
19045
17896
31832
3857
25080
122
30210
7727
22407
29007
57
30121
18946
7533
9852
25422
16134
26311
10878
11097
3573
6918
26582
11601
332
24456
8184
20525
8753
7849
16996
31164
25164
23106
1309
5444
6104
1904
24925
28010
32762
22423
18567
23889
15185
4774
9565
7430
30926
26268
32115
11548
17094
20555
18147
9619
8773
347
17987
27647
3238
26515
2260
5349
20320
14676
20220
29801
28195
11110
31479
8742
10020
13304
22473
29790
4533
32481
19575
13907
2840
30508
20342
7668
26005
2516
11876
17596
3530
1484
32246
10200
6723
15682
17970
29576
31050
19493
16094
7623
12544
10213
12344
5166
26029
23674
19431
278
6741
6823
4658
27645
24460
31616
6000
14635
25738
7466
15807
19604
7810
31970
14073
21505
31280
12864
25316
31851
19378
28605
23977
5799
28824
27764
21128
28489
22590
6949
26313
24002
26202
21119
20726
20171
25553
19103
28743
19975
29135
5076
30814
21219
13078
27301
1332
21698
8086
3349
11092
27223
13886
29989
22599
30801
275
7323
5967
13118
8063
11778
3672
30889
19179
18162
18219
17286
2448
12177
6373
16337
905
11098
17831
16753
11821
18205
8336
8802
16797
18503
20456
19475
11417
8548
32670
28685
31384
4066
6133
13270
24599
18200
19578
21525
24881
19591
5945
758
18032
26975
29744
1488
21475
21829
28932
22022
30320
32339
25843
18731
23404
4704
25866
1129
9833
11650
18584
16163
14671
20946
20962
6361
17071
3183
20248
1612
1619
27590
18312
6627
5146
11024
2322
11086
24835
14107
10716
8809
30343
28750
21063
26979
11308
19944
25377
18975
8023
18056
19484
15066
23905
8690
9854
24079
29678
6160
26651
14743
23418
24887
17024
26901
28725
7084
626
20369
27921
10855
919
3171
7449
28950
3186
14163
14084
4453
9877
10238
5898
3453
18193
19580
19190
29642
23346
21311
9341
30722
3433
11326
17870
7523
22154
9555
23658
22076
12087
9698
32310
15534
30108
19900
23758
18612
23390
31555
17181
10081
28621
31950
4395
5993
6753
29007
10805
28387
6500
7219
2307
11853
22764
12425
28278
17617
13836
22375
24161
27078
587
30089
24217
12154
23381
29756
11344
13103
10993
4474
23454
3683
25395
31575
5473
27989
19187
15004
26439
28356
28286
12465
23081
12538
2186
11456
17051
12297
30576
23575
32705
22869
4757
6606
7268
30802
29737
25002
1604
24719
2837
27202
20400
30964
2350
10848
12117
3144
431
19882
12884
757
19430
23682
21655
27152
32301
6954
29540
27540
5404
25644
20018
7150
6909
505
2492
16575
25472
19408
26965
29917
12209
2529
12923
19867
20006
25779
28334
25930
2941
25539
32643
28415
1798
16238
14580
14231
16316
2576
30202
14329
28026
29806
23390
7323
31339
12625
15563
26184
12483
15476
22569
2080
28844
2208
23334
9952
643
22806
26389
23907
22853
18989
1788
10857
22852
19772
19432
27544
30495
7098
900
2496
17136
26020
15594
14947
13255
16159
4025
31349
18264
4447
22888
9824
18928
4807
25818
21323
23214
2642
12338
19868
32751
25137
17640
24763
24586
19894
22045
19481
29246
1648
6443
2418
15336
25752
3201
18511
28153
22187
8366
17102
30376
31833
30651
20389
23396
26782
11966
21861
28429
20271
26028
764
14435
8471
31087
29054
7359
23714
9272
4901
8961
5242
30743
5014
25289
29200
26569
3429
29674
14141
20945
14556
29211
810
16842
30712
26864
24173
23547
25525
15369
21108
10028
16011
24458
4135
10424
28729
29898
27081
1764
28353
8016
9247
9583
14516
9723
25301
28778
17583
13440
13341
18762
2598
20762
32665
19004
1888
23164
23675
21432
26819
8715
4843
6233
13650
30282
19625
6892
9332
12693
14579
21191
247
8467
10153
27228
15700
22502
24495
19469
7477
17060
13459
28994
6196
3851
8047
10169
23014
15344
24337
16670
792
25977
25434
24796
4184
8588
2020
23602
2488
135
25063
24713
24526
1586
9566
21509
6655
12018
25957
9306
14846
21823
13286
30689
30863
2903
25716
29931
16273
15668
30327
4949
1339
11964
27274
11356
27814
10809
1825
15539
20363
29448
20591
3283
5455
20629
14215
13203
31548
17799
17601
9976
12818
18231
16735
20302
29886
2407
9328
20599
31849
12849
18165
32132
30132
2621
9027
10882
23362
32055
9128
20630
22904
32384
17489
14413
8064
9764
3179
7725
16788
6669
8841
1424
4217
6006
70
11698
2633
12450
2347
23816
18550
4813
2259
30419
3852
26723
23628
3830
24886
11120
19137
28676
16132
31831
20822
18334
28779
20680
26196
27900
398
3820
30598
30153
21563
26850
10211
3380
27321
3183
4204
16708
20417
31473
2136
14955
16330
7573
14447
4447
30602
27082
32180
14117
19385
10742
24390
9070
28184
15975
7048
15655
946
27276
4224
12620
28769
613
893
11261
31637
3128
3069
10195
12881
10886
9677
18292
10870
25149
11890
28005
2884
4399
20936
1568
32542
10435
10729
14439
29325
234
5712
28631
17544
22357
3647
30144
19443
20198
29277
3124
22117
868
8612
16222
1070
1394
21882
24853
9625
21186
2334
25265
32110
7814
28742
286
3259
32295
16647
30511
19412
20026
21748
10804
29849
25520
25994
1230
16887
23884
26572
29698
18610
10587
19242
14989
19809
5023
8103
3703
15290
28556
26427
13547
8975
12983
5750
4166
23577
5003
2151
21614
15349
61
27068
21861
30828
515
24362
9246
8567
24705
27408
28047
21506
6532
22103
20487
2545
243
8348
6850
11105
7427
15249
11195
17712
4777
5536
24513
2239
13909
14290
18637
30966
5341
31472
7827
26761
2231
6120
7511
11642
12140
6001
18178
11744
21321
25842
14965
10726
7512
2208
5405
26390
9103
19687
4807
8408
10054
21260
24502
25141
6127
23312
20723
11489
11777
17111
30437
4473
12853
138
15905
7433
17653
7225
4739
16337
14865
27845
14462
4425
23733
7165
20656
5474
12184
13831
14778
26383
32117
18434
17486
27652
19903
20969
28042
30141
4497
4026
4996
29635
7396
24024
22566
6955
16388
15534
9788
10079
5445
14230
3275
6177
22257
13049
25764
4300
20870
26039
29754
15581
17950
457
1457
23987
20783
20517
9015
26003
10612
17377
28055
17391
19243
18588
16651
18152
25473
20506
7250
13841
4171
25390
32259
2678
18422
14813
11297
26589
32193
7872
6639
15179
22057
8618
24582
8906
32677
23947
31396
618
916
21908
16967
27270
9076
11676
21115
13128
5716
16835
21232
29039
14988
24917
22223
10320
4011
12529
17998
23835
3249
30698
1667
28512
9855
23789
21365
23250
6795
21988
121
17994
20952
20251
4796
1039
28710
19873
27164
26452
25446
4338
27708
4866
1904
30674
26071
9656
12792
11388
5716
26384
15038
23548
6555
23077
21510
31962
9256
22866
18248
26872
17757
7996
27176
20157
9245
24850
24488
15731
27030
24083
31133
20718
20062
2129
20064
16495
32194
10933
22213
21704
17243
12356
10321
2496
14050
28832
8103
24248
23108
9682
3908
6799
24057
28486
18028
1732
32658
1559
1124
26074
13970
1678
11234
10497
9087
29413
19138
10482
30009
21328
18938
26139
14474
5950
22992
5116
17917
7131
28235
29649
16884
31706
24551
17009
25333
3187
1164
15734
29253
11175
21697
926
15032
17355
28958
21617
22983
10308
7167
29476
9955
12176
31616
12478
9481
11910
14245
24953
12951
14558
18648
16747
27486
19187
2713
3173
28920
16584
26225
19740
3419
15945
11047
10118
25519
27860
25655
8839
9053
12792
17792
13517
29033
17277
32573
6393
31745
15524
3638
11519
27734
6319
23608
24783
10922
13988
17602
30773
10410
19023
20993
9213
9727
24198
17918
13916
8992
19633
17431
30347
30314
19849
11948
22453
14194
1823
3354
5907
29850
15392
3565
1366
26338
88
31057
32581
6145
5750
10186
22951
11957
23311
20773
17507
21847
24805
18351
26854
28338
8808
29604
18373
3349
27773
8938
6563
24487
26239
255
14166
2555
23427
19249
19781
6628
10465
5389
24084
3979
30192
12569
22660
11198
6416
4550
17556
30859
19950
13984
19437
16398
8451
31176
8572
25991
13406
20900
3169
21679
16804
23253
6664
31565
32085
15977
15253
260
16208
18514
21126
12655
5274
16919
28819
19568
7771
26058
20185
12484
25129
32058
16440
5339
28553
361
8954
16871
32435
20033
5557
1332
27798
16002
29554
19383
14364
17407
23310
7145
25775
20490
17889
25046
26108
8237
29086
16752
30967
17179
8570
25386
3615
27109
31377
28354
10499
22897
32645
10334
22789
4137
28520
25563
12126
29680
3036
16994
22114
7258
2680
28220
11781
3356
13678
18663
4511
29889
32619
16233
10988
17311
3775
14564
30295
12042
958
21355
23672
29895
32358
25364
1243
29379
10050
26446
17923
26373
16269
27253
22190
27618
31899
32676
9307
1136
12917
21195
29450
19773
4548
32513
10819
9536
31984
7963
29529
25359
14472
19581
3312
27219
31461
48
30653
13689
7946
2613
24717
10155
32463
4889
27529
15103
14399
23498
17592
24302
25150
12201
6597
6919
29807
15584
24835
18916
26196
18166
4526
94
18871
26529
12660
29949
25673
20955
23347
31666
3210
19255
8965
27081
19944
20342
31610
30233
6187
4693
36
27006
32272
21418
18777
13193
18228
14767
11572
14197
22836
9630
4573
25949
15379
13950
13578
29613
15836
28220
3270
19671
31112
11517
9586
1351
17697
30387
8457
28056
19240
14062
15272
5384
21301
30454
31053
20521
32221
14870
24798
6106
30680
29754
26734
21622
26723
20157
30397
26955
7908
12156
7677
5198
17357
13871
29660
30220
4290
9209
10942
21988
21502
24893
20554
30324
17139
5556
21801
3665
24624
1724
16906
14587
30856
12275
15850
29712
31601
18949
18834
31935
12970
13250
21601
8576
7457
29044
3659
23554
28947
13935
6946
18277
2421
11497
2836
18090
17043
28684
15478
28520
2551
27722
2752
3264
9612
6641
28376
20114
30211
17919
29843
30961
14454
23863
10617
10197
2891
28020
26824
31504
14940
20798
10428
16004
5716
14747
11534
25234
23388
2599
17082
22742
27384
15207
26886
10513
23851
14171
3008
21094
11490
25682
12999
19658
912
20994
19149
16054
26645
15576
27482
15134
21732
23437
15892
7079
31077
11002
27455
19221
10904
11309
12160
5122
18172
18620
32486
18390
4527
20825
22826
20979
18646
19111
13110
2864
31551
31821
6629
24969
24901
30280
29194
10261
15604
133
31155
9016
1390
10415
28335
9497
24973
25158
32333
20054
13770
27889
25191
18167
18782
29973
20383
929
18087
8870
6377
27404
6860
2621
11338
28599
30884
13419
19679
29147
724
12110
11808
32157
24888
24161
21606
14727
17797
31896
24235
6457
9004
1197
7569
10332
7809
29620
7078
472
30492
6646
31463
18247
29055
28156
19331
11433
1018
5610
16353
27737
19148
6927
25059
14144
1931
31673
11629
30024
12230
3918
13345
27155
20200
28824
11885
4590
16223
25185
7624
19200
32510
25152
25656
7879
8864
23986
29976
16326
11535
15724
792
3959
19748
15088
20357
16519
18223
13407
32459
26946
3480
29326
5688
6733
19655
5467
1794
19859
28226
6722
27276
16769
22293
12587
21477
5238
25975
21382
23185
13429
29098
20890
17037
30494
22051
18970
25997
28124
17131
16378
16776
19039
24645
17024
20598
26445
1169
23454
3417
18740
368
14463
19066
11204
19497
16480
15605
28475
1356
3489
24951
31264
9109
32028
7751
25396
17938
18357
18051
30630
29064
23090
25261
29062
15636
24398
25190
29308
12814
12296
7032
5818
25394
7745
14874
13359
32514
19846
1648
6653
24934
3627
9042
25646
26774
28313
10830
14242
4409
30440
18672
31308
7631
17073
17216
23455
19788
27933
32653
16706
25861
834
32617
27659
4560
28848
27125
26923
25703
6726
2911
9126
27918
6987
28072
10759
14966
22714
28331
31825
16352
24284
30555
30264
26245
15644
14412
10641
20022
21528
3957
15624
320
18932
31540
8977
8082
6387
16018
15649
17698
27720
6857
16157
12172
16169
16899
26387
26364
29222
26469
23848
28239
19129
4172
20433
15989
4382
2774
8262
4378
16484
11685
13108
16005
31941
17631
14770
12992
17459
20601
1655
15865
3379
30646
17226
17448
18414
21994
6841
4082
30085
1156
10766
19661
18854
1611
20351
27750
2653
30696
10405
31552
8748
10661
21808
10397
6237
1652
20952
1441
25495
27699
32663
16309
19120
22830
11029
23082
18370
4838
10340
11038
8577
10769
22253
8100
11979
32737
8618
2847
30849
12425
20374
1519
11670
1790
14434
8016
7525
24058
12650
26238
11336
4679
18151
3870
30310
27194
5478
13529
5324
5758
22393
586
14528
12306
31660
16154
4433
22421
22202
2409
12083
22978
17921
15984
23242
32055
22068
22117
4229
23930
16976
14239
5997
30525
24273
17659
26110
18913
17701
11134
18741
12858
21345
13116
490
25234
21555
6008
19552
7152
25367
10764
1563
3226
24782
17932
26097
30680
3085
21926
31332
2811
4722
28492
25135
926
11707
19990
29471
2860
8506
10593
17188
27554
11140
12221
18344
406
16490
10502
32543
3961
7978
976
22752
22041
6374
21000
20275
5737
6996
30937
26539
24709
21432
6093
3510
21489
32271
27445
31602
13601
13453
11722
9410
31807
21322
15764
22690
16680
17465
2059
3255
10424
18265
381
1834
14151
2863
11183
23223
11379
10611
28615
26881
19488
23562
20329
24361
14526
32308
12577
24734
17099
11783
19457
21559
20888
8732
30347
1919
18767
1928
23761
7248
4661
31757
25050
29859
9517
30866
12360
4262
16766
16337
15928
4879
12245
9552
18538
24496
13966
16530
2210
2124
9007
24718
11085
31658
3381
21344
18536
10983
13844
22079
25502
6416
10873
16815
14256
2289
2258
17911
20762
15655
4368
19414
15348
32381
25003
19826
18710
23669
1511
15249
11903
23588
14679
17163
1784
2371
1183
1664
29940
7556
6013
8262
27835
12834
1035
165
27079
12220
16190
31815
4974
28771
2739
7914
5314
18418
11179
5720
11190
26269
4948
18841
13186
18893
23626
28775
11848
12076
16733
16098
4599
15867
29077
31109
23664
23212
25971
1369
13031
22701
6522
18536
4236
32386
20974
28277
18539
4118
19420
26090
24209
21331
32602
10514
31857
17136
22288
10120
1158
25482
247
25584
2361
28407
15457
6628
11012
18903
18746
49
8664
30571
23693
31556
30140
32683
15945
21471
10936
31634
29766
17937
25585
15293
7811
31844
16917
15668
26802
19288
249
24712
13558
16656
6273
5918
25579
23884
25793
31434
24039
1431
6497
927
16767
2498
1094
20486
23373
19600
25454
13070
19185
25779
21020
32003
31062
18935
4406
12866
17463
25278
12011
9291
737
1452
20888
8472
18490
17315
10733
11438
1538
3570
20556
30961
30041
3273
4465
4028
26753
14833
28248
25393
27110
5049
21339
14414
19547
31796
19100
8129
4263
6305
11682
28926
17472
17707
6727
31630
15702
28883
11985
25258
22547
30122
20831
22280
6434
16707
1671
8949
22894
24936
6973
15524
24364
18700
9718
21190
2075
24961
8974
1882
26890
15339
12391
19655
1692
30453
11348
6440
2888
11458
15285
25575
7843
32039
31587
8589
16866
2071
24782
12760
21914
27742
3556
29711
11467
7826
7221
30098
20765
11335
9045
28341
23657
16259
32386
462
2939
30322
5511
28813
28183
25434
11488
15244
22585
18640
287
24615
30881
26157
12687
10382
14479
26684
15894
16920
18636
21045
7264
3547
32745
29423
10297
24441
28107
14929
29499
7740
18536
778
14250
31846
5579
9345
29340
14530
14174
24847
26973
7807
14952
1133
7697
14142
4565
18024
30619
25450
7478
17884
8382
19656
8456
12255
25218
26447
5177
26429
32218
29753
26344
16421
18563
15194
9837
9249
4399
28337
8857
12875
3811
27709
30782
12223
24478
21009
9458
23628
23099
6315
2065
32623
14232
10114
29953
16769
22264
6110
15034
9519
8614
6636
17541
13611
20956
12306
14339
14881
8418
13440
13426
3309
8314
23816
5932
22795
17276
12591
26992
25422
22974
9860
23397
10453
822
22320
28764
27196
24163
1743
16470
30479
30184
27006
29382
19844
12667
24885
22168
25193
19965
9560
15217
9563
8426
2184
28729
5433
10996
20671
2775
30936
15851
21916
23867
4088
14816
22779
15266
20599
9610
19913
30741
965
9705
279
14131
22680
6440
22892
561
15585
22728
8288
14879
5118
26363
2662
20589
7473
2894
28906
26797
7761
8843
29340
18330
9919
9694
28171
13146
32412
11574
2677
10496
5689
28910
17117
2901
2511
3757
10079
11992
3441
5515
18625
26371
21822
7541
586
30928
19931
28114
5591
5756
14625
30566
20011
18571
786
9591
7047
26636
25362
18991
24186
3614
7508
10818
21755
7347
30866
27601
23989
17556
15361
27789
1442
11430
18820
17183
5083
7787
10271
28616
1967
23499
4783
68
15602
533
24281
10997
10903
7745
20545
9533
28546
22136
11260
14636
8599
19670
8263
24155
4887
8046
21625
23063
556
10638
13622
10946
26306
27205
20710
17015
21145
13347
22629
21741
6040
2624
6140
15518
10341
20095
31889
15144
26418
9492
31002
6387
22234
12612
24664
26644
25132
3948
1729
28273
11654
12357
16574
31526
9895
31078
4374
11048
18110
20235
7082
24872
15046
27412
12388
29883
26134
9553
618
23735
29492
4348
24471
22752
26347
4999
31787
24260
27037
22681
9921
19939
15066
18259
30850
12051
816
23767
21913
803
30789
4107
20966
25791
1828
8858
19959
403
30933
828
24628
11956
17712
9528
24153
7227
2034
28967
6954
27699
19473
13050
11362
12469
8525
10558
19692
5457
12296
6559
12117
14256
16215
3755
21634
29560
24921
8921
15006
9584
14792
31946
30807
10725
4813
24782
6218
6732
13337
31658
18619
3624
12337
19097
13194
25390
7177
17552
4706
20647
25813
10438
21300
18967
14364
5748
24804
29980
12814
20953
25666
13976
17943
23170
4411
6930
5556
14024
21585
7770
10630
6298
29768
5740
16549
16253
31778
17815
10806
15312
334
22495
23872
30549
6685
20383
17083
9965
6261
9587
26090
2467
23753
8020
32491
6380
21832
8965
2957
3629
32085
1967
27233
24958
28984
10952
11284
9646
27155
19512
3835
25991
13847
30143
22768
26195
247
29073
861
29599
157
5188
28054
6206
23069
24044
2412
26769
21223
13957
13823
16902
8768
18833
15571
9183
30451
17665
9510
1333
1347
32601
20865
19516
12581
18704
7054
19144
10412
27957
25129
25616
709
9561
15801
16306
13860
1192
20161
11768
31870
7769
23218
8538
30201
27465
11012
24900
8417
13026
25220
23065
31132
31554
15600
11895
22240
17561
27841
28093
22051
5075
2888
5066
27731
4216
20220
13832
28360
14800
31763
426
10359
30538
17231
28465
20328
2078
795
20277
28266
5682
7894
5218
5893
28731
24687
32449
28592
12068
6194
3128
29252
19123
28385
21077
28337
24938
7687
9543
9711
14251
649
12333
4408
12832
15742
25236
10613
20314
22336
22330
17142
25784
6339
6168
20837
8843
3878
25504
10237
9079
28040
22340
2551
2845
16669
9015
8005
30710
11137
11127
8579
19586
5964
14859
21803
5027
6886
9865
8968
1091
32157
5852
26093
26685
4852
15684
16550
27259
24638
14238
4143
4188
16492
29670
20004
25176
31268
15866
30585
2022
31763
23201
19307
23197
13187
21451
30390
13466
12592
23067
32521
32291
4183
24482
695
16009
21521
20462
8367
13395
11999
2371
7342
14488
26758
31528
5043
29101
22045
3621
21684
6401
6244
14540
12687
22596
5207
26102
23619
463
23043
4175
9312
10304
28057
14101
10428
22884
9921
4124
20840
91
6704
6934
9698
13046
16765
31249
21388
28260
21808
13121
30813
1806
3357
16384
1495
20415
15088
3347
20537
15368
29448
20527
7669
483
14217
22203
19300
32406
22956
12760
22201
25306
1370
25503
26676
27197
11002
29097
10904
8645
15239
213
2014
470
27365
24133
7723
24405
27765
6570
256
30734
24039
5314
6832
7763
21583
11295
16920
18406
16251
23849
22666
1050
6020
3430
1034
7476
2212
22265
22973
26903
4423
32361
3230
3361
18021
30116
29811
14672
12814
4164
256
7849
71
19728
28026
9434
28180
22726
18494
8990
11990
11800
8899
8289
15319
30452
32205
24229
16932
4872
17892
13732
8859
26502
29701
182
14404
23588
9879
9206
22757
10600
18080
27808
17360
23586
3385
20670
29440
12858
32064
20996
612
13483
9548
2040
8571
13008
15846
5462
17185
735
30710
3250
32681
11187
3963
2143
23851
23502
30335
31120
29215
20894
11339
29373
5675
6399
5335
29000
5434
16898
25732
27233
6350
29932
29709
7975
15255
1922
4283
31759
31556
30596
7385
1930
31897
28280
5224
9186
21954
12968
18964
10341
21223
10606
28774
5574
26880
20143
17210
27072
19179
17830
25972
22012
21691
26339
18159
24117
16724
28563
9910
8602
24117
13825
1399
21364
12692
1885
7220
9992
18096
4797
11068
12991
5219
1377
13658
3716
12790
15419
31564
12654
20026
11950
19318
21151
7380
30359
31192
20844
11737
6538
5182
26814
25499
30558
9910
12727
31426
491
9287
14745
22686
8722
18400
12004
5051
28158
399
27071
27318
5290
17395
21401
7504
8867
17908
29200
23489
1040
3249
6418
16463
26607
20922
2114
1822
26785
6528
30621
30794
7593
3594
22365
14387
31409
29161
18205
29208
8141
16237
2111
4328
32516
18457
28555
31316
31501
26709
6680
41
25430
9059
26992
31709
29003
15252
2799
18535
10964
6844
3692
3668
19999
7907
20508
5656
10913
7997
14770
5282
2903
15709
7883
9779
5714
22181
14474
27503
17778
10753
1151
31925
23666
1493
2766
10156
36
4659
20365
11038
21246
2898
29549
25866
15062
59
18333
9972
13290
27078
22763
9344
21795
11717
13869
12351
27035
25215
30175
15049
17244
26208
16141
18444
11115
8174
22900
20195
4869
31231
2276
14059
27176
28713
14312
26770
16213
16251
13737
9072
3221
3946
2832
3803
21946
9998
11051
14517
31719
655
722
30345
27218
23770
11146
23766
73
408
17833
16555
23667
31584
15803
30580
27993
29227
293
18708
27428
19977
26120
18484
7848
29203
19048
1242
6562
9121
11918
19773
17470
29117
20138
28888
25565
12503
32701
14781
32532
24250
21430
4140
17144
702
18651
31844
19865
24127
2155
31417
460
335
30850
21991
18478
6056
9532
31654
24933
484
17693
32638
11689
3825
23729
16349
3460
27071
17775
24935
16341
3899
7139
5261
24859
24705
22797
22881
28656
9549
6916
13736
31444
4787
24798
4401
23340
10769
15828
11366
8586
1089
18338
25889
5935
23827
17453
15809
30927
29434
23144
23164
20116
3845
19064
26871
1381
18705
28951
9747
11623
23614
6710
30218
452
8095
26342
17084
7596
30518
19064
5187
666
20767
25315
6093
21465
779
12391
2219
27462
7152
28784
12197
11095
32255
8125
27793
12892
21719
26561
32292
21253
15352
31562
31751
30245
10618
9824
14125
18869
28927
5488
29797
24860
29414
6058
13611
10926
19393
24743
708
24178
6153
3407
28554
18984
8209
28666
17028
7818
57
26581
313
8659
8548
18312
19398
27518
5548
3861
16175
3408
11604
32003
20979
19864
22525
15037
24291
22198
9757
10293
21043
32730
32430
2764
11474
4878
23843
9078
20983
13431
11168
28697
21245
20183
3434
7223
11632
10583
11677
25805
12136
2692
26141
29563
30229
3223
21198
29924
15004
1785
9480
28248
24865
12550
19269
5809
32293
25106
16669
13946
17939
4777
7029
21335
6933
795
9459
10912
11564
11064
7861
16208
24704
22361
31042
32542
28149
5792
6592
17129
29182
24192
32616
11865
23990
1919
23864
12996
32301
1850
31719
14670
3583
