7888
6879
30330
9862
30526
9774
11012
18623
1865
28458
19705
13158
3
23600
31890
19421
7959
10954
23935
21028
25426
25125
3978
1778
27234
18885
6775
30725
23518
14455
20782
26294
1415
20359
28700
31952
3278
30260
31446
17314
22934
10593
7423
4435
7738
29581
4717
24694
8402
8453
23175
17886
10674
1112
15089
30900
15156
24332
21868
8390
30392
17039
21751
24354
21224
32112
30266
17636
1857
26831
28453
11340
20687
10771
31189
10260
29751
15579
1719
32000
8443
22838
23023
22966
6650
2582
6139
16592
18230
2050
1427
22832
5338
11276
32468
6291
17276
3843
27038
31849
3487
10473
10043
17637
18044
1191
18753
26192
22018
23552
3513
9378
13851
12228
26240
3411
21809
12358
4078
17263
497
2575
31414
20969
17486
27348
3341
30769
18377
21158
32527
9480
15088
1385
22110
5012
18469
12423
17676
16047
2977
6374
28603
7813
10937
25879
24322
25694
28767
22480
8211
10424
4843
3740
22683
16281
1820
6353
20970
10019
1113
31426
16212
17513
7741
28983
17367
25217
5971
2330
31486
10203
20766
24435
2308
30160
32093
7575
30269
26238
29836
1435
22962
23764
21934
8975
5899
23273
21322
29673
13235
4754
20916
7616
1846
25651
14989
827
19182
16341
10637
19912
19678
7289
22144
16273
18910
31148
24719
25004
13049
8028
24257
25233
25107
4074
22978
14546
462
24704
4834
24070
11439
27557
15456
13830
1917
4623
1769
30301
23274
32184
10332
8697
28790
6964
16336
27943
13967
15681
15064
7614
28669
7840
8198
15257
29309
13859
25261
9547
14508
4360
9195
23823
19239
10117
1255
8702
17649
24484
28248
10629
30485
12881
28999
3349
28556
9905
9493
16412
26464
6070
9919
8757
23570
30705
7521
411
22586
1959
26617
8676
12141
12582
22638
6892
12643
32601
8145
9231
6233
25243
20450
8091
14005
14281
5590
31364
10217
17819
4695
13402
2201
9268
29389
9081
31232
17143
12252
18816
29840
157
5421
19460
11736
2436
30322
25989
5547
28746
13732
25248
11903
13467
32399
32647
17683
11335
23441
14767
19285
664
1951
27080
23170
16866
8584
14834
8335
7003
9342
19502
15560
24877
18898
9490
20407
26314
14335
11970
16967
15232
8938
26651
2089
29517
16744
5169
24951
29172
15361
32252
24471
27728
30964
9294
12643
5097
27002
25096
31366
8389
15439
26254
14889
11649
6511
4728
1232
6560
19229
3211
5502
26146
30762
8935
31264
16472
21364
19585
24360
12024
25773
24276
15993
5485
20062
19412
30083
368
13611
31780
1711
30428
11352
6536
2557
11710
19340
23965
4331
30380
20949
14536
410
14681
31213
25964
11564
16742
25532
15200
9584
19834
14109
22432
5569
5268
25573
27714
9003
13728
8994
19628
6096
17737
7584
2565
23946
28175
23474
13289
3026
22169
25134
4449
3297
16972
8378
26130
7700
8220
5446
6068
12181
31650
18650
18374
26424
1135
2450
13696
19107
8097
1511
31754
21682
14260
11567
235
31258
16026
31079
9924
24908
5645
1585
6206
20892
21028
6425
16193
7586
2596
32540
15463
3296
11161
25451
29360
2214
934
876
31607
4147
29338
25602
5796
14365
32195
27662
27428
14579
13191
2102
11158
20768
5552
15333
29511
32274
32264
17298
28513
20636
12582
11334
10335
24729
4999
1112
32708
9171
13537
2427
13837
11299
9651
30716
3300
4313
19233
24388
22934
1885
9471
8100
7111
28439
14892
30034
27749
21645
7969
13486
22746
12235
19145
7114
32390
25096
11668
23850
31340
13958
16071
18376
299
27322
29718
12379
13105
429
22388
32729
299
26274
12074
2875
13503
8953
27686
6272
29054
11091
21142
13556
16916
2039
4278
16562
1474
23669
14310
21352
21007
4745
19456
24154
7354
11329
23784
12202
16882
354
24165
15062
15049
27657
12847
19074
6119
10382
6217
32632
5243
27821
31120
16621
21880
31208
16533
518
10493
12071
13480
154
23060
23970
2869
24890
27808
25856
9044
19566
21905
23232
8091
28994
858
16601
21046
4353
19109
3997
12090
30785
2885
5859
14647
2335
8556
31333
7181
15052
30494
19815
27136
12873
18917
4506
12046
22638
30919
7487
20095
4401
28277
11407
24255
30757
31685
8795
30569
17985
13922
15344
9636
17635
12226
15421
31410
29204
6233
21048
26822
14862
8973
15997
25110
27132
15593
31800
28210
16384
27925
28998
10644
15482
28934
27031
25464
6280
26866
25047
19950
1481
10375
25933
29741
7015
32732
771
27434
5204
4264
7719
28777
17107
946
7601
27411
23867
12936
16198
842
2039
6516
4444
17337
16594
9644
22688
31087
3954
13257
25748
17901
7969
21114
6013
6013
9684
7546
9596
31686
15461
17599
20219
158
3108
5109
6730
5919
30094
3626
20618
11517
5212
29131
16843
28694
17600
14543
5233
28747
3563
26930
9180
5007
5586
18853
12872
4157
562
20100
29169
25007
27345
21256
10619
27404
16648
29374
30610
15457
20606
5943
31182
11764
15670
3585
23257
17877
8908
15063
3027
7093
14587
14869
11509
12027
8547
1903
26997
25365
17033
31969
19114
5644
21536
15849
18033
1372
135
25333
3279
29954
16274
30999
22744
19670
20109
10752
18639
8219
27006
8236
398
21333
10667
31578
8488
21594
11612
26943
17614
6316
27874
13947
9711
22022
24792
27596
4771
10549
23977
19330
17738
7977
18515
17203
24432
21580
2154
9647
3061
7699
23391
16694
3178
29394
27906
9705
13757
980
22854
12415
8217
15787
31556
11577
3592
8901
11651
10008
20187
13376
24439
14157
8267
23807
9287
26865
21344
4862
7892
1270
14482
8930
28406
23134
5935
22997
1032
22186
13308
400
30888
662
11039
25273
23480
14083
8508
16752
2728
7733
4063
2085
248
21822
12570
5292
16632
16826
20079
23443
14803
28605
30447
21939
20171
3082
24740
27653
25542
20102
31021
21943
4874
26860
27048
7295
28741
19905
4565
15152
31952
25483
15991
2699
12596
30782
7934
28759
16366
2295
15972
1204
30063
12780
853
8620
22887
23203
31634
4363
30019
29283
30359
19568
25588
20713
13180
933
3827
3931
9753
23852
15490
28034
5997
9498
21300
5939
9537
24105
30383
24078
25864
26888
25009
15212
11786
13813
8529
11922
20161
13454
5512
19243
12675
30180
23279
3061
13410
13522
458
15802
14417
14477
13894
5762
11144
17787
15871
19719
4905
4169
28357
17513
22563
26424
672
8227
23382
1463
27921
21566
5369
17975
5531
1476
17209
9787
7042
20344
27683
20654
1747
16068
14020
8826
2724
7411
24463
23894
15517
22688
19455
31967
26040
9070
381
25067
20548
6138
899
18458
14128
31758
23810
14766
14982
29464
22785
30108
32054
13530
11911
31714
20501
7266
9148
13340
3621
9021
27723
25170
3607
7400
18186
24085
19726
18055
7901
16330
13990
32473
13016
30789
11829
14956
2467
1690
15697
2061
13347
16431
2962
14723
9046
24342
920
1149
5503
19098
18768
12232
24196
19992
25972
8389
3988
12817
19025
23835
16908
27516
5581
21673
2460
21857
13480
1983
20902
10403
19202
23949
10726
9758
1566
16091
18008
9969
15205
18683
13910
1821
30894
11516
5889
7760
27068
3873
17635
15099
14088
31377
20691
21418
16833
15696
15384
25237
24850
16494
16337
8050
1187
12415
9108
2958
24674
2635
26453
1052
1411
24518
17545
20173
3269
26946
19084
21665
13816
14051
6720
32508
8380
5715
1272
27388
651
184
4756
26378
32250
9443
13037
28335
32571
25034
7795
6313
16871
17721
10772
11071
25594
25284
4704
19153
10784
5888
491
30387
22831
2803
22259
18492
18676
3016
27715
10265
5170
2759
26967
28135
2536
22917
24001
7682
17363
30296
11212
14743
1588
32014
1630
21761
19667
4063
1571
26706
10564
19615
6631
3631
22121
8761
22084
9442
9528
6744
26750
1450
9918
27495
12459
18005
14180
26300
18199
14609
20338
5904
28902
7808
15569
9011
18427
15882
10773
18685
6681
22647
5819
1160
17224
10429
9390
14236
1915
26390
24336
25963
12143
598
24120
22143
27862
892
27895
14576
18869
20359
4896
4314
9995
15243
10567
3342
3763
9987
22984
5128
23691
4201
13068
7458
726
22532
12039
10759
28127
9474
21509
29801
19168
8390
21159
9207
13857
31875
17704
8329
5220
29962
29669
21662
7041
18656
17181
29705
20046
21652
11765
6887
28609
18767
29375
22740
12633
12717
21627
31839
8377
14539
5534
12987
6295
26530
4115
20407
14548
19603
3712
20975
10732
16706
19146
30532
12177
17064
13787
30091
20115
3940
27811
11138
2563
82
32348
24072
31640
20319
26643
21901
19281
16540
26980
28615
19036
24977
5765
31142
13623
21203
19334
25995
24853
20441
25814
12725
22659
26891
24842
4859
11083
9244
20442
14273
30105
30362
12908
14117
25180
20163
12502
121
11503
7835
18654
24310
26105
7483
23043
26030
32658
12908
12994
22467
25767
16500
786
24791
8095
16432
22577
12739
21566
25443
1442
21900
4298
12622
8055
21139
14957
20865
27084
27659
6363
30960
24980
6064
17716
11593
17048
31670
44
21125
11964
2304
13161
14014
23172
1427
8749
4160
25304
6986
3380
8674
12292
16075
19936
31127
2563
697
11411
32064
16893
11052
30300
14788
5390
5470
5591
10339
11337
18343
13134
24135
24061
15787
8228
23132
5174
17618
4468
25954
31879
31992
28149
14401
25863
20838
13089
23708
27290
32257
13718
31656
23666
29890
16572
3903
30933
14182
22952
10544
26400
31079
10560
17626
4876
7722
20896
22265
19760
26490
12989
4031
21703
26677
25160
807
11956
3909
23254
11142
28099
24274
9789
31330
20530
9142
1857
27528
22128
16690
26224
20057
14116
25823
1610
14693
21617
14055
17061
23611
5752
23156
24400
9086
20255
21097
10743
25404
2833
7761
29510
31612
29703
9108
9041
11030
10309
14065
27956
1224
11111
23080
26102
14981
21597
503
692
13072
23733
30792
16891
7626
29976
11945
1141
30921
792
5372
22728
15657
27689
18544
16059
9639
4588
11952
9627
17259
25524
20826
10717
21798
10563
3506
22020
5213
27348
27800
27333
27909
6751
14007
29289
21327
25112
6400
9076
11205
15416
27991
22148
31126
14337
31627
4987
18222
4092
18060
31200
32010
30086
14808
2179
6859
13706
19255
2144
1673
6800
25768
7878
26217
12279
10907
19129
14450
19070
29280
20884
7324
31242
31968
24307
1322
18595
18827
23503
16698
27327
5521
16619
5531
17603
23381
26735
22494
27079
26143
8915
16304
30617
19984
4863
25191
29701
28764
5553
3290
3924
14259
14366
28534
28691
18688
476
20622
27670
26710
5631
14579
21180
10791
28547
20165
11379
17592
15594
21128
4991
5585
7973
29306
2552
12473
20408
26660
28946
2146
29210
5168
1442
2528
5210
3194
1501
15135
8968
20586
25698
12758
21587
6016
11387
30391
20079
28208
31647
10473
3386
5361
13372
30135
19230
21905
19892
14474
28985
17099
26021
22292
21179
5659
30318
11727
14224
8145
22255
8358
31296
32101
26512
9201
15635
2570
4228
20903
31352
15749
30031
24271
29863
27968
389
1336
18566
9114
13013
13674
10185
386
17479
9436
32350
24132
7874
3176
1800
6562
13009
11003
4938
21543
8102
24721
2694
440
19296
30049
25702
2668
20617
24916
8827
28062
25827
10172
3364
6976
7524
6979
14258
30577
13183
7713
4041
15442
12197
12947
31753
11798
7436
28552
19950
21849
10927
11677
2805
13235
23958
75
20737
9868
14423
20319
23036
27698
31709
9387
25281
32552
25960
508
31034
15298
3541
21324
30149
1006
20000
20792
9181
21845
19751
26548
24054
1443
6832
29949
8360
6434
31662
29903
22800
26510
19392
27609
29300
805
6139
10094
26405
5629
22249
9597
22698
10650
25041
14531
29466
3264
4921
15679
8138
19334
11946
28902
19240
28076
30131
17561
16871
28462
3632
14676
26973
10009
7629
7592
22313
4254
16069
16235
3096
10853
12784
26030
22090
24612
29180
9967
7824
12911
3066
28560
9497
4306
24861
19592
29006
6685
13759
20057
30970
14079
12709
6210
17070
17110
13700
28597
1892
14022
10692
24587
5986
2824
10883
18039
1633
17029
13533
23096
25327
21668
14699
1299
32018
26976
14345
8193
46
7069
18653
26661
25640
13756
13973
16384
31180
7277
3567
4328
5740
23492
18047
24758
8906
2704
26797
28608
4409
30696
21757
29447
32510
22278
4243
16049
1276
23897
15094
29881
31633
1749
4372
3045
13755
29838
8582
17144
30591
6533
5654
21545
11147
10689
13950
31957
7194
32674
2163
11633
13080
27507
12514
30146
1414
8510
31354
336
11809
14564
9578
14360
15166
29804
25708
22401
13305
16540
11010
6033
30862
9158
12543
12385
519
3813
20298
21454
17688
17641
6623
28530
15431
19534
23318
19155
23887
7923
21544
21977
32199
3114
26351
15238
27391
267
3309
3297
14635
11023
16272
6195
3523
10458
13748
16502
26921
15703
6762
26891
13197
14602
8440
18859
4366
3490
6689
16032
16673
16334
28326
26933
3383
11090
8972
13419
2714
19802
18592
4589
13208
2318
32697
838
7140
6758
28477
17234
17465
11072
21862
9202
20800
16048
5574
29700
10676
26263
26761
403
16324
30583
3835
3146
2489
11909
12618
15407
28120
32256
18828
28814
9610
29634
16387
31538
23482
28181
7328
7131
2687
4807
29127
20461
23547
15489
25682
19046
4739
21076
29912
10258
15359
15765
28207
13314
13460
29163
7471
20538
15489
15270
13753
22186
9543
18514
2296
1632
23053
7564
28903
20731
18242
29205
5396
7267
25988
7461
27811
19639
27585
4098
8597
10887
27804
3536
14667
31044
25362
5547
9797
20980
29277
13043
10032
5674
23832
10215
5920
3894
30629
9846
4890
3481
6604
2897
6357
7356
21412
20293
705
7905
27063
8904
1353
25945
23649
26578
4437
6391
32377
32238
16404
1734
24371
5264
11256
9463
2885
30633
23298
25629
26953
2681
7743
8349
13667
25764
2707
18527
24611
17801
28341
2250
21677
20943
27259
6384
27159
20288
2904
29701
1042
21211
4643
6166
9933
5412
17945
7415
534
24767
31014
14206
14275
20285
8544
31982
24912
18486
11220
31414
6345
30360
27782
30300
2282
10302
20403
27060
18566
19397
12377
3925
1317
155
30714
4941
16625
27992
27548
15380
10195
20562
18964
8127
16345
32363
8068
14710
30939
17454
29219
29480
24414
23835
11324
30589
30392
30014
26490
24589
32373
26887
32098
5071
9978
14165
289
27092
31080
22996
1672
25653
30403
30601
23125
5962
12884
9643
4020
4380
27467
10933
1797
21789
27049
30649
20960
16407
8797
19447
6230
26723
26285
13998
25466
20059
8920
27442
28961
28945
28666
6975
29925
6978
32047
19341
27248
31877
5115
22180
23799
25288
15338
4594
18436
10237
16755
18715
30073
10257
9250
912
31954
21278
12279
18531
18346
12257
17929
21594
16256
25198
6254
30274
2236
2850
23903
1413
28397
4570
15768
9983
26197
12642
510
21518
18087
22321
17540
22504
8975
11091
10319
14130
25459
21670
23833
13774
761
19785
29139
28404
6089
23378
14990
13188
2068
447
19867
8858
4181
32176
23537
12387
32470
9171
26832
3888
18550
12831
9380
11977
23211
27077
28460
17924
20163
1379
17627
6806
25199
24443
7039
31528
22913
23845
29216
8110
11509
28928
6187
25588
11054
19054
28624
4217
28035
1281
12200
9601
18170
27696
26523
23654
4179
10063
19713
21295
30025
25022
4615
5731
10004
17248
19540
32032
6194
19790
12013
2919
9575
28365
6998
20154
20483
26238
19963
26857
28003
17365
10702
15657
28602
7372
26416
29542
11282
19417
10773
17882
16781
18973
17251
19679
1521
31198
8604
15617
7011
30007
13501
19288
4979
13582
18790
11285
17241
9287
7994
24410
11646
29495
16009
16463
9279
16220
20781
2674
2541
25419
689
18734
21016
745
11193
26032
10253
10206
19613
18166
24221
583
7000
14376
3360
8619
10401
2348
32186
14897
24663
7541
20701
18960
26914
23835
31247
13126
10072
15409
31214
7565
26397
19539
31089
13451
29135
3198
10864
5705
4769
27428
4455
1510
20101
11904
7287
13965
21328
14120
11181
17060
25112
20705
28295
9030
14561
1462
15028
15348
16249
10060
16412
20103
31649
624
15904
27497
4205
28914
7715
12805
19694
15798
5961
30076
3598
3848
16254
6554
30650
19248
11707
15368
18759
11078
4484
32195
20750
28744
25526
204
17242
28266
5247
28194
30853
25261
23214
6125
22109
18099
2093
3068
26828
5842
1995
10865
28089
15975
26687
5307
22569
7789
6250
2245
3754
25166
14557
31853
26865
5880
9883
3384
12482
14388
8992
6212
10768
10291
15778
3710
26214
17770
24982
22804
26501
4769
11894
25134
21839
9542
31938
5593
19171
19974
13381
28483
32522
12191
22425
26158
19410
14319
26861
20639
22904
12113
3078
3286
28811
21034
2436
1923
14159
10431
5991
29239
24160
4426
2769
15897
151
12364
22285
11994
14897
15140
32209
6635
15150
20705
21696
9709
22776
21845
17459
7785
25413
618
25401
12225
16446
9146
5341
8038
5089
12377
2727
21580
30372
14069
20581
17307
32603
20514
17706
5544
9307
2799
9624
5923
14304
1981
2907
19090
940
13649
1526
11773
18417
25639
12482
2283
8561
9225
27187
22158
6884
8161
4190
8251
28058
27596
26296
23581
13665
31087
2337
9257
7081
9870
4129
22868
15846
6618
19057
1796
21302
25099
12221
6853
21828
2863
28840
17470
12396
7746
18449
4451
16160
16126
29076
6892
5258
23540
26964
21765
23154
9436
22776
22599
18019
15146
22004
14055
27145
20706
21770
12845
25310
10668
30480
25640
11526
12843
4851
12705
7542
8587
8444
6221
18268
22873
27474
11590
20667
30616
10177
24508
31318
20241
24249
21480
24272
14826
17306
27202
11537
31354
25134
18164
25068
7772
17783
28046
17662
6082
31660
17659
11481
268
7038
6068
20066
16026
11935
25651
7031
29406
9605
4523
29909
30901
14444
23798
13113
22519
22938
4559
19398
26700
7398
25665
5031
5698
14459
32351
26357
32413
730
5686
14043
21487
4638
8192
17144
17000
24708
28827
516
17902
6698
25657
32183
9840
30743
23896
9702
3704
19580
12277
24304
28672
9273
19708
20312
11143
8611
16900
12467
11620
29829
24889
10181
30041
4965
9625
26599
15467
6664
10084
9643
11505
28984
13517
7363
24812
9156
25334
11551
6806
1225
11035
21334
27454
2864
26638
71
15442
1656
18403
5120
28350
4277
1516
32735
1140
25049
232
21494
2124
26675
375
15284
10255
18997
17617
11714
13518
13690
8120
21292
32121
7944
19883
27073
14253
22738
16477
9660
27340
8321
869
22180
4435
2931
2103
21360
25704
29700
28243
29167
1459
19469
7100
3431
31599
30891
14764
24701
12993
6978
27014
13908
31816
27585
17932
14073
14069
2087
1234
21247
7453
23878
19442
4710
26572
3270
4098
19138
15453
29806
3651
152
6215
15007
14107
30732
12090
1057
7366
14521
28523
14115
14920
2273
8236
28540
9894
9158
20159
2103
2133
12119
32108
24143
23795
13583
18641
12471
26933
8731
30586
16797
25889
4795
10161
7408
14461
27882
3991
10272
23431
3649
884
24357
12262
4377
13900
25282
26081
27888
26803
15371
16847
30222
31201
31013
21966
103
3849
1869
952
10692
17639
28187
23379
3870
8089
20488
10440
29002
11439
21551
18263
3292
2949
23888
3144
10565
20433
12826
24101
9022
29304
31402
19494
30314
17574
14159
14829
2614
6429
5264
29555
17925
6093
16496
15683
12426
28581
9456
13542
7796
23210
11222
5534
13393
10310
28589
13655
16300
16866
32269
19930
11129
23991
3868
26180
5044
21472
22101
28854
15428
18868
20616
28751
28453
10068
13090
15191
1478
2944
24751
11709
8624
12719
1693
24516
22633
32350
18499
13561
22168
9640
6946
22376
15977
8215
14442
29455
17715
25018
18368
17811
21593
1911
10046
22066
12654
28323
29883
27129
29084
27344
15437
2103
15430
3558
28685
9009
8428
13942
3354
14615
1103
22602
4577
311
26838
13121
10651
31089
5681
27738
12566
26603
25660
15630
30905
9478
11558
11491
26563
16784
10962
2366
25811
23867
17277
3960
10157
16717
2466
32053
22587
5018
29466
31473
7890
13743
2952
5340
2487
9297
9716
13800
27618
27430
20918
22816
6401
177
5782
25915
8896
7812
15409
26225
31560
27056
8351
6797
8453
32641
25170
836
14253
14952
24897
29381
12926
17209
23366
18065
29639
17046
10181
17549
1449
18091
22159
20053
20511
12573
13830
24276
28732
16700
1153
1554
5300
3712
20722
22348
926
1843
20166
32074
11640
18283
8460
26861
29036
23611
24794
19976
30417
18218
25324
25200
16373
21988
143
4951
23066
8752
26557
9429
20158
20002
13962
28616
14880
20626
26047
12766
11007
26061
18116
9200
12197
30857
6339
19090
13348
5919
30986
13544
5600
18676
12977
7611
4173
22584
12669
8907
26362
25556
7173
1639
28879
19869
22803
12092
26771
22734
1101
23147
9904
3253
5653
13278
10299
12204
17069
18651
1839
28235
21663
2265
18425
732
1628
18579
8250
28943
7971
31580
6856
10736
22308
5810
15606
11285
18150
21525
4373
29724
26086
17690
14906
20821
23681
28091
30018
29371
11539
22769
11028
16425
30817
23429
30758
21450
24884
31010
19779
10194
21319
8112
3467
19563
12643
11485
19899
14834
11977
29180
6318
4964
22480
10771
23844
27923
3535
5679
26819
27550
31293
13307
5211
20255
15639
17041
1390
16038
23170
2448
10480
26599
11186
5743
19275
18223
22282
25617
29094
11165
4997
8345
22631
19342
15188
1407
15094
32089
29129
30180
18628
26685
24691
22306
27533
16791
20363
22440
17114
27224
7566
6149
30921
183
23084
27202
21520
14883
2145
7029
11072
6524
19426
31635
7495
21890
1466
6022
13113
910
9269
22911
20304
23168
10749
910
3377
8696
12419
14448
30576
8649
27040
1704
13911
9642
25725
10705
7139
26927
6576
30258
12560
32760
679
8851
10326
3625
16458
25679
22900
25881
5340
4523
10860
22607
13602
15974
2511
24234
13512
1681
24122
21471
4608
31649
3873
28201
9324
26563
2763
15419
29502
23407
28062
16250
13982
14656
11933
30313
2124
13315
29999
27492
1926
29454
31778
7058
29740
20691
9711
18965
1314
26548
9792
4995
32246
24857
25775
21914
18370
15040
31953
16175
4436
30293
32627
7272
14989
26435
22819
13099
3847
4809
499
17366
5114
22096
23161
561
28001
18428
23066
6817
7768
1409
29321
6046
10441
25912
19594
15206
20551
15730
16892
8691
1082
13836
14614
16171
13629
22595
17649
3416
6596
20682
12102
32727
9730
6170
20346
3604
15114
29962
21207
27318
20788
3487
23069
15126
8642
31269
4153
25334
5059
3710
7764
14448
28728
19899
8463
13356
8566
15337
781
29142
459
557
24755
5327
32100
6420
22827
25891
2926
27940
28847
14524
17020
12727
26628
31957
3113
22025
11588
29617
15358
20623
18913
31372
3478
13450
29159
27602
19967
17885
6273
29071
13412
32539
11711
23590
11753
15845
27030
20807
8407
2419
18473
26395
27385
10096
6982
32705
8006
29451
21812
30974
18111
10827
28844
1072
10395
9634
6693
14980
23970
11718
32341
16745
13015
25532
25076
4933
8025
28469
26307
16486
20875
26398
8653
15419
6003
10355
26348
2756
9824
3924
28048
25159
1488
18010
12988
5445
8592
8235
15441
22700
18213
12108
8591
14926
4715
4151
31961
23442
3452
6574
10936
17513
2003
26446
31267
25220
26802
29287
12798
2245
192
11531
4064
755
7927
21349
9241
4529
27837
26444
12020
25265
21841
2584
25401
22821
31849
10421
12790
14966
2074
11766
895
4921
16887
12075
436
26719
21373
18165
22402
2219
8623
4697
2477
4714
3069
1044
19660
350
4714
558
31893
22779
9966
466
6234
16086
11801
5469
26836
6490
29434
8373
13088
1724
4671
10204
7431
16434
8349
27589
9858
15712
4211
18790
23677
11283
6826
3854
10460
4146
11999
15353
25532
8178
11972
24098
2555
12360
30915
600
15610
17828
1509
27284
28577
7388
7923
32394
25764
16486
27867
10878
25093
32203
26708
8281
15835
20312
27845
12028
10321
3607
29283
9172
22257
32766
13210
27310
29987
5733
16815
24525
32240
28862
19619
2106
25356
30592
8794
9308
9492
9060
10493
20680
16660
17620
22684
10586
5964
24480
30744
8837
12084
28404
8512
3303
31933
9607
20538
30497
2778
32276
549
25061
12095
12302
9980
31313
11112
23696
27325
20091
24286
1939
6603
12365
28342
12643
9361
14995
1626
9300
1641
11346
5516
19120
5052
3675
12199
8437
29546
22305
28712
6205
18284
200
2158
31998
18616
17790
23230
13811
23140
30222
18058
28506
22543
7858
2547
1632
9085
28201
23692
18650
13697
4874
10081
23861
13856
856
32312
26288
24563
25174
15894
14792
13005
30877
29957
13556
14750
29291
30485
4499
26519
22590
17569
16675
20623
30114
9683
10931
16550
8775
8042
23707
30504
8534
9403
1642
2228
2821
10998
20256
11421
29802
427
23454
31120
18828
5261
6490
21879
3520
31349
8535
7326
30259
30122
18261
17428
4803
18783
10565
31573
30995
2173
21247
4389
9694
16803
18999
8127
2187
11371
5805
17455
27906
15344
6821
25853
14271
14989
20375
19467
10276
21223
15143
6080
5396
10797
12375
18278
22461
28574
12540
26321
22709
1356
879
7490
29513
9760
20612
9099
8978
11551
24000
25971
12233
25067
14278
21083
19291
28301
24851
8482
22080
25201
22763
2887
15881
26290
3731
17229
10809
1945
5313
10852
27478
14176
10577
2373
24640
28219
25913
20574
17857
2969
10431
9007
9316
23718
6122
13044
20619
27669
15158
11396
12476
32542
6283
15737
15932
25538
22640
29841
29663
29782
19325
340
7966
29759
25614
5879
18282
10747
30783
30337
8128
23137
24596
25644
13950
2345
17399
3086
22389
8878
12136
6648
21567
29427
15344
2207
9938
3556
26710
27641
8790
3295
28694
15082
9780
17779
14095
23584
1904
23912
7548
31292
9272
24575
20517
25394
21949
14458
26839
30450
13377
13791
29457
26952
24945
31738
10496
23296
19702
1441
31917
3663
10055
7228
16758
14958
30401
26756
2491
17032
761
138
3289
21462
2641
5883
10588
12041
30153
12195
22384
8424
32536
32049
8089
28218
31996
19514
27044
14054
18894
8064
14302
5209
30809
24947
8835
30504
19180
20216
10105
2038
8366
32618
8766
3993
19762
11742
32
10872
3659
10156
1196
19255
5154
1067
12904
20631
20357
2491
11205
12951
31362
25609
8271
2784
3893
3982
6695
31839
8414
7769
16307
15924
19254
14863
23956
19915
11268
1840
19672
3144
6891
19867
2417
19241
4998
2645
3302
3110
1463
20102
16713
30812
59
4036
8297
21163
27010
19860
21320
26973
15038
12334
26064
19208
28987
1153
25281
17077
10734
14711
27630
24385
6992
17018
8873
2564
24941
823
29820
28849
20535
10402
8218
18045
16417
4922
1684
8324
2281
13966
7376
29032
7861
4608
4408
26683
1378
9929
31151
13983
3609
3901
7625
555
4899
6992
12603
1297
9726
5722
4752
8702
25520
6679
25118
28482
25435
4850
1337
32049
29458
22915
27046
23497
5867
1366
7506
9109
32341
23790
3652
1488
25516
1801
1745
10190
2571
24870
14863
19864
19810
8005
29836
6103
30920
6382
17727
22771
22290
26484
12990
17787
12708
14715
20658
968
12679
32696
18824
24285
22204
22264
12394
8338
31184
21348
12142
22258
2993
4355
26125
2273
1984
11648
3030
7682
19495
3886
11107
32215
19565
7497
2445
10794
21064
19839
3292
22700
16562
10926
14657
20445
3390
14576
5128
2859
25517
23253
1032
27230
10172
7151
541
28723
18753
1172
11736
21575
7798
23263
6772
27703
14485
29944
26636
12294
26277
149
32012
23999
23187
25537
29670
91
9348
6877
4358
24036
30826
14308
21767
4315
29141
26355
32551
20696
18957
7176
5112
11888
13405
19977
15449
18011
21681
25353
4261
12246
1124
12744
9258
10823
22867
15480
25821
20000
9014
2247
9035
17669
21296
14617
22227
19761
420
19221
29203
3094
1611
8036
23456
29763
22147
11957
24314
17035
7658
4101
10687
22116
17708
13341
10526
27021
23321
31324
23439
27380
5115
694
27329
214
21286
24829
8660
30248
29392
5471
5065
5942
15907
28209
1591
16778
20881
14059
29759
11023
21864
22643
15809
9334
18086
20126
22224
23257
16910
5876
2916
23710
1403
31923
11087
26015
7029
26135
12915
13959
25858
1753
16689
31615
30142
7157
31013
1547
30254
5297
4624
24110
82
19675
15125
28373
10873
15442
7209
20851
13401
16328
3013
31976
2655
24261
19677
23463
4932
13039
26902
3352
31713
21642
31540
22075
30020
28731
32209
1423
6403
27153
29269
20018
26576
12741
29730
24137
5710
11329
3087
13474
7204
22112
22552
31128
14671
1269
23380
24375
26044
26126
2599
19617
24342
10106
26296
22704
18653
26248
16805
22493
4792
19730
29430
353
6412
32698
8016
28570
13261
16756
23915
32687
10132
28741
20422
21623
11506
16202
1690
151
517
20987
15884
7147
14920
7345
19622
18472
16559
11878
22024
26815
16372
18364
5595
4612
25899
25409
22279
29583
12445
4850
27430
16866
18643
22270
13880
25421
1009
20940
8856
25615
6982
32062
4399
30142
15648
17720
6631
32233
28901
11100
12386
30715
351
22552
237
11874
24920
15587
6575
3825
15975
11203
13350
7811
13833
2067
13013
20450
24819
29827
10038
16871
10407
8800
29686
10466
6982
9750
24417
26427
12709
29939
10780
6490
15266
28717
32274
6341
26297
8487
18864
14984
4818
2800
23381
19674
26973
13580
20740
6141
27297
21368
12381
26214
25937
12264
15051
22558
3169
14419
20990
1384
7959
22193
156
13476
22373
30212
31539
10099
4726
22677
11635
17180
26503
9088
10138
6191
8440
17266
47
3432
19363
3762
32243
12757
20588
18526
7701
31291
19481
26872
19109
28087
6501
20513
21835
1441
16719
17315
2617
17589
17848
24501
28510
18805
31277
23675
988
24521
24322
19661
5053
21993
12960
14905
29665
6268
11551
16971
14907
23042
6680
6411
17982
18799
17588
5320
11665
7192
27145
10004
24842
28371
9639
26384
7642
16986
3181
4330
32517
5873
27042
7843
17174
27465
21057
24086
6672
8867
659
10294
4007
5688
14851
7575
26032
21977
2351
3120
29399
23507
17979
25183
22928
14357
7018
21293
11088
30357
25583
4052
19452
17647
19200
14974
10658
6991
24877
30288
7271
27794
7152
14503
704
8616
29573
16289
28133
25661
4859
20960
29315
31896
20108
11146
29105
18115
21546
15508
28198
748
19034
7233
16809
1291
20805
21989
18120
1989
6668
29423
19149
9872
2141
26150
23534
17177
4676
15411
18372
23011
21059
13664
24063
2608
32676
11423
19287
21796
16654
28622
8390
22568
3415
27961
23284
1677
3737
23137
32243
9841
15240
14332
6444
5351
6914
22332
18329
5458
26088
17492
53
12306
31533
14905
19121
25699
23084
933
11369
12673
5951
28002
24982
15121
32397
11717
14021
3260
22819
25977
5768
16669
2119
7549
8043
4061
27400
26224
22057
1820
16922
32013
18464
29715
1505
6130
12803
16120
25292
17061
32463
15906
20452
27096
13056
17518
29605
31980
6148
28385
19212
18613
15344
30095
18161
28541
6514
955
21399
8779
31750
23359
32386
32613
29805
18223
11912
14867
29020
8633
8747
28582
20593
29007
10278
19897
31594
24841
17990
28087
26009
6212
17019
2461
32147
13712
16943
28161
26409
28873
29654
19796
4505
10371
30407
22628
32261
24235
30026
16420
18979
26732
9458
1200
21303
21840
8493
13708
1342
20904
21529
1836
10860
2093
24985
25018
20185
18151
18601
19731
3192
27470
12014
24083
21320
22960
2705
2322
462
978
7758
32174
25026
17114
31688
28619
23817
2156
32
29145
32483
11028
32453
17494
5478
20964
3726
16019
1835
17246
11526
13498
12615
7060
11271
32528
24956
11661
7562
1656
16561
5099
12733
31289
16800
13515
15190
4864
26575
15597
20007
1833
31425
22037
11251
5178
31085
7344
29569
16816
25071
6331
17902
16639
8574
15841
22087
3796
16542
14051
5976
14749
8086
61
31678
29003
22309
5639
31812
17494
4465
14617
22636
11778
28480
3954
17739
23010
19818
9179
32410
16538
32399
2247
28171
488
19717
8830
23769
8166
22804
23674
25507
32649
10086
19985
3194
21102
29625
4693
23353
19926
7127
22329
12308
21231
14024
26613
14452
27733
11334
13995
25091
17624
24689
10570
1026
31616
18372
11699
13027
30926
30536
22810
29204
10565
1287
5807
14361
16681
19652
10622
30941
28039
27881
1428
10826
5749
4033
17508
30487
5787
21735
14441
5089
3058
28415
25612
27262
9676
18851
22471
3982
5141
19360
15243
13906
31704
2403
1887
5826
5380
31662
12107
31193
21873
3728
18036
24628
19742
7315
23944
30427
6077
10807
8284
20063
1905
30111
30420
2085
27862
11915
11524
28161
8258
27270
26260
10246
12362
10593
24937
1181
22920
32223
19329
1749
11164
11954
12319
12026
32625
25510
16425
12649
8898
13085
31182
4002
23772
9147
29547
18335
12453
30306
19888
3429
32733
19553
4351
17112
29604
32232
31252
8659
20028
13504
31211
19576
2577
7992
27870
14277
27126
20323
19727
9320
24242
6784
25605
6613
26043
3258
16282
6037
17729
17682
28180
28897
18798
19865
17810
1647
26349
17378
15018
21132
26281
26039
2640
31595
32471
22027
15097
24509
32054
11824
14593
20865
26261
12106
4682
29470
12183
10244
5415
27311
29363
25217
22136
24478
18302
11926
25366
30324
7981
23606
8305
16111
19029
14893
8311
18518
3062
27921
27832
20489
23992
12918
3272
15964
18804
25698
19429
26021
31734
20737
474
14228
29954
15001
25379
25795
30868
5055
7250
6798
9580
19404
15538
21285
21706
16267
13353
27615
10103
8756
26723
30162
25604
29342
9516
29856
2646
20656
27678
32659
16483
18201
26493
30957
31798
23872
1119
20345
3897
1406
30736
32358
30387
15244
13492
16213
5520
26423
4398
8881
15201
22363
10305
575
7331
26894
13045
502
8260
12060
25149
4880
9827
11700
31702
11617
11352
32352
15986
13032
29172
28730
20758
12708
1033
30814
16833
30632
20525
1691
22350
11634
9660
4718
15003
27257
18460
29744
15083
30725
30277
24206
12681
13891
2944
3130
18607
22425
7534
30176
10661
26167
15181
9308
22061
18415
12919
29482
12575
13382
31787
22301
31313
20683
14480
32084
16825
26535
23287
22123
5590
27766
27489
25070
29003
17237
321
19987
11214
32316
23427
16296
29248
1167
14796
22090
2589
22767
23300
16600
25623
29014
17682
30247
16894
21859
14822
26103
29667
30450
32189
13862
28797
30960
21152
24612
19660
22638
19758
17063
22267
11251
26268
31648
22667
27927
28666
7789
17326
77
19128
6736
20465
28417
2664
25888
18974
2019
25541
15934
7009
22914
3317
7627
19369
15132
29451
9240
849
22452
26832
7518
20480
28518
12995
28080
12494
17144
5214
31021
11688
23985
17051
23674
32245
12654
24503
2416
633
14578
25654
7185
5754
5246
6439
31681
31778
21665
1961
7347
26661
26450
430
30113
28836
23356
10239
32192
25424
27993
4481
18163
18130
5314
30646
2110
2923
198
3206
11390
11991
15673
23872
14680
22392
28942
26332
8816
10928
27433
16259
23771
25231
29038
31057
18134
26286
1566
8793
14264
27738
5987
1513
19493
25077
19753
4880
17029
10650
26928
3166
31668
26368
27999
25835
29691
25761
31836
28314
18496
21531
10329
15775
7033
28118
9265
25919
28775
13287
2739
29143
19328
23604
12349
17440
12589
9689
12942
12721
21557
7627
15061
3782
2169
5819
9741
1343
19939
22590
1933
23788
1945
18730
14811
6407
13174
6467
29122
3842
13754
11799
1956
23172
3328
22310
27409
21166
625
3398
29847
25762
10808
16710
2524
30534
18485
32210
18411
15429
27894
24726
10188
4695
24291
11943
20823
23747
9144
2078
4169
29730
15929
32518
8088
5221
29729
5496
16132
27673
12379
26372
18159
12522
21876
339
11886
23910
5201
12299
14240
31748
6941
16371
13887
9061
12422
32088
9332
2009
3881
29103
31216
17957
5450
9339
31032
19332
7369
25457
26432
32491
3921
21978
24892
3985
2771
24378
17587
3247
10803
5423
24021
10884
17985
19611
20494
22685
17130
517
27867
3411
15536
8509
27869
27285
10839
28735
16172
8168
18145
8538
25325
11691
22461
20626
32551
28064
9020
28738
11474
1192
11076
26886
10033
8654
72
28887
22114
11911
16503
23928
26676
21560
5940
30226
27448
31481
20679
2075
8219
9625
22098
17275
30002
20194
9734
8690
24663
11294
7062
23988
2804
30938
7404
15191
1117
12265
32540
10991
28259
21932
14230
1144
22566
14225
11679
25460
15146
17626
16386
26068
20141
25760
21250
21020
9528
27927
31380
26819
18549
8211
5323
25816
18240
20683
26772
28652
27136
5853
7331
3371
312
12947
6829
16332
601
1637
13016
28844
26331
18879
4976
22325
395
22788
26843
27013
15911
18130
14799
6092
32552
4744
21442
22262
3551
10245
23458
16011
20675
3251
22215
15827
15370
24005
16422
11325
12406
956
32199
14593
15474
16176
19065
32261
29533
29389
26564
14846
20262
20124
11295
30167
20505
16515
16739
6486
20216
19984
10112
13053
13646
15218
20334
30510
4096
9160
25191
14995
12325
26271
2388
27581
19991
3765
18565
20491
25290
5635
17316
1998
11101
11003
32236
7594
2799
23311
27286
9536
16052
18034
24980
11529
6216
16674
19586
1925
12867
1318
8154
12182
21261
23060
29799
19494
29172
21975
21756
5904
4731
6831
5221
11070
27125
13945
16286
32271
851
1841
67
2043
21819
18613
840
24697
32346
12236
14314
20768
7162
13926
31461
9229
28375
32038
488
12678
16942
26141
6982
28892
18712
19673
5614
4246
26134
32670
26013
22987
4333
24051
22354
25296
20148
16480
27139
21780
28715
3447
8078
19015
2638
8209
23026
1218
23850
25306
6335
1827
7408
17680
10955
20279
20808
27783
10279
14366
16103
18673
18513
18345
3940
27740
26795
27399
11079
19708
22316
26273
31332
21547
13654
32066
32359
24238
1896
4731
31663
4666
17364
19526
9312
11318
30451
30697
31155
11715
20216
13853
22417
2298
9251
12912
24161
13172
20791
27112
12062
16912
28717
17641
11692
29168
20266
2136
15724
17093
12719
25089
11278
1613
12815
5174
16038
2330
22311
1209
5378
14484
12873
13021
22331
27201
6521
22759
24971
10308
20956
15546
25182
10020
15981
29620
7852
18639
26354
7635
20613
20703
27439
23580
21486
11803
13913
1597
5611
32065
1741
25457
31197
10499
7682
27300
10510
19279
11452
19928
139
13267
20355
21703
4402
14273
12116
19145
26123
11983
6806
1017
1244
16771
10831
15763
23799
27821
18328
23969
6231
24117
9551
21975
747
3862
523
11707
31794
16043
18005
30729
9992
13098
21269
14165
19392
25454
5194
30194
8306
28153
11262
5395
27542
313
18810
5936
13522
6410
182
27051
30737
13693
13843
29108
3797
28375
29260
24682
17358
2781
12970
4674
17579
30543
2424
32173
26160
19891
8887
29941
28297
17491
275
16232
23006
12425
1813
19897
19751
32314
8345
3491
11074
16545
8323
8399
66
16462
9902
31480
14091
10862
8741
11085
19740
17740
17302
21783
30891
19992
29699
7067
29943
25576
9147
1346
26842
9212
1417
6647
7069
23366
2603
16593
27665
28969
12293
8434
15835
28546
31511
2479
20752
19429
10541
9713
14338
22057
30293
32474
24409
28710
1430
4524
23653
29373
16863
31975
30130
25625
19262
2226
6621
25397
17490
3708
14503
27806
5123
995
12872
23675
28528
11477
20742
20938
16425
14581
261
22252
15007
20544
14945
29540
14553
21232
20858
2780
11624
20640
8591
11624
17052
31410
17807
15631
31224
5614
21291
3208
24548
12139
19504
23361
10146
6323
14868
21158
17283
28450
10190
26783
19803
12943
28139
19290
21298
12079
1247
14924
23612
16053
20889
28786
14860
9406
8282
989
31236
2669
16838
24173
2832
23890
32316
13277
27540
5521
21347
6399
29602
10048
12293
8265
3953
8976
8737
8081
32266
18992
11067
789
26693
6510
12023
20926
25588
4000
12262
18086
14174
13122
20128
9175
28911
7008
16147
8790
10029
32695
10266
9056
29934
5143
8530
1779
1480
13067
17193
19344
18122
7100
32055
23360
3945
18195
9938
10709
22205
6174
32220
2162
18670
27573
2016
21069
20713
19293
2397
22196
27223
18284
1890
9294
20431
15470
1883
6564
22858
1992
299
24287
7896
28571
14203
11475
13202
16875
27217
1341
3280
28417
6116
16457
27036
8973
16303
4952
20070
8976
23492
29951
26873
28921
1123
595
28845
31502
29131
18788
22238
23182
20560
7431
23454
26005
6830
21977
23207
6207
28317
9344
25747
6416
4005
22836
30800
23700
3124
17535
28878
11330
14574
5440
31482
5286
30276
22518
10224
32448
29768
31547
28524
30887
26815
32143
13954
29041
27512
10327
11920
27735
27869
31781
8304
28437
31432
12858
30706
12176
18328
30538
9097
17595
10115
17279
7236
24251
30766
29632
10752
19018
9850
2098
14301
17241
18081
11263
19694
23289
29315
27223
32053
29819
25146
13493
26318
7638
29428
7780
3946
18250
4098
28993
13823
7747
12844
32706
27838
3968
26952
22583
3910
13428
9227
15696
26903
12269
10782
2016
8265
15859
31860
21984
14462
31475
4060
10935
16917
9757
5586
25785
2464
25354
18331
11245
23448
16034
26513
15891
12368
31549
27835
15333
21544
26632
3232
23454
24579
18347
5981
9401
5627
2600
23030
6395
30291
24070
31466
28339
8364
23728
1290
16449
21884
22040
5258
21717
11197
32671
23129
26233
20194
2617
27054
2386
22799
25548
996
6178
7561
10202
22151
18962
30572
864
24495
21935
28828
4094
27788
17714
21757
27223
26179
24580
1511
1979
24824
19841
8660
3844
8492
21757
21596
14525
2890
24324
25188
31370
12668
7142
18066
451
29635
29555
29188
16739
26183
8708
1345
5921
29164
9915
5487
19420
25381
26379
20935
29500
23309
11130
7495
28311
22196
22949
28838
5905
16566
3973
6285
21256
16659
1010
9220
6831
16186
20581
5931
12280
19047
2050
13866
3512
23599
16342
31850
20998
10586
27741
5126
10211
29936
14407
24956
29729
6550
14459
30633
18813
15643
8541
2036
26639
25167
24908
8905
19428
19732
17519
23625
3817
27831
1458
10559
8714
16512
28939
2134
8604
27271
31490
19338
18680
25802
29040
5597
18793
3197
10631
24907
2121
30625
20242
8447
2150
18648
14590
21447
683
30072
26394
6854
29180
12766
3355
10345
5729
30725
20195
7068
13159
23639
4611
6973
3523
9410
2174
17872
27705
22031
22736
18805
8124
11119
1838
14360
22231
11351
1040
27624
16459
21646
1005
4106
16634
645
1093
8590
16643
8166
8677
31906
21551
14447
9319
18949
16780
29441
25336
24767
11863
8436
26206
28688
28703
22446
27705
1446
18984
18548
12168
17426
6670
19071
6768
23933
14250
19283
17721
9879
3129
6476
26266
21969
9403
15482
6454
17100
17306
20911
6758
14865
13708
7125
26169
14594
28090
16261
21689
9745
11554
23766
7280
22831
14650
31603
24107
2183
26070
31985
7678
28013
30283
2399
19848
13713
6613
10782
19320
5241
1846
1779
31824
2350
31648
31066
24682
11317
8405
27165
19256
6592
7821
11558
8143
19494
23320
20369
13991
31377
12100
3078
20636
20470
4481
22854
15161
3659
31811
18179
2614
29172
5032
7413
2623
27006
20059
28714
20728
30095
9656
8862
3645
17693
4401
267
686
25055
20720
29442
16235
257
19389
28987
4892
19484
1059
13866
18485
13925
26830
23762
6264
12837
1080
25054
31163
23145
20357
15086
10219
25850
11435
30767
4177
28815
19413
9262
532
834
10
21998
18431
19777
18185
10552
3973
966
2168
4402
16642
26697
20542
14643
11588
20468
2094
26582
13386
16215
29925
6221
18763
28253
31221
15864
30715
18558
26947
26166
20233
15671
25005
11388
21484
29879
240
13476
25567
15580
27849
8071
9770
16989
30555
11725
29604
27209
25297
1284
22390
24496
2116
19184
3361
10655
26079
2850
8131
23890
22593
6860
3734
16550
802
28372
6841
28877
11578
6183
8755
24901
4958
23120
11317
18187
30445
4169
2719
17420
27498
21393
13510
26332
10090
6526
16244
21162
23729
15061
5681
9076
23448
6552
22977
25207
1458
22815
2030
7914
21422
23658
20616
32491
29311
32438
15273
23738
15291
14926
1341
17445
3393
12708
20930
25667
17439
20128
8269
18789
24243
27704
7630
29514
2576
15937
15764
7058
7842
27525
15124
16501
20502
3605
26854
18357
5236
3553
28944
19921
1678
2437
27271
30076
18334
16742
26611
19277
9259
14590
25523
4536
44
628
11553
2365
20080
26736
15127
2271
5949
27181
1970
31448
21048
15824
22869
4491
6020
19704
7409
18618
27694
24470
13700
1785
11721
26879
25824
29539
24917
11071
12718
21387
26982
9392
28338
1462
26498
31692
18257
27463
19658
23872
30032
22394
24028
65
990
22101
11769
17699
17365
24540
21859
8744
21821
19333
26377
21142
27154
6123
26982
31756
9798
23238
22183
15893
16650
27931
26636
24574
19274
10160
12432
4325
16246
17347
19148
28179
16008
13307
7705
17292
7747
2463
32501
15075
11448
14854
11944
27731
19727
22607
32295
1548
20868
5970
6200
32203
14000
10197
14039
173
9226
18180
18392
5445
21933
4379
17615
9196
21340
27750
16941
22872
6339
8299
31147
6001
4863
28006
21484
26719
5985
14325
13661
10216
14191
7445
4705
22265
5676
589
3755
19842
8858
30249
11242
16007
23420
29930
19372
17013
96
25980
2172
23474
21469
25256
10830
10615
21274
9355
14878
15586
1679
7751
30931
17479
20496
9208
15721
200
23047
11498
32335
14885
3073
1545
2574
9429
10348
2200
13100
28245
30622
10534
29520
25536
9242
29374
18854
26272
11279
16991
22661
9219
3106
22187
1616
16850
1901
2019
9626
30303
12488
15379
26765
15933
6471
27530
9100
9300
18436
18829
8983
20532
24350
25933
6383
20138
4609
22294
25723
18577
20712
19912
14955
7147
19873
4235
28571
2865
15760
18623
27450
30439
31991
10290
1067
21874
30581
16278
19883
23854
31180
6450
5941
5308
20711
27607
9122
15769
23067
31254
23445
19701
26797
29104
32534
26306
9364
24398
6781
3851
18049
2674
17042
1415
21789
19886
23538
32622
18321
16148
29109
13195
12620
15597
24397
27795
23296
12974
20913
5557
27886
10791
25532
30066
3684
31998
22991
2735
7812
14940
16574
16392
27206
5350
29674
26984
961
27887
20138
16342
7846
19179
3312
20370
5645
24103
7977
3169
32628
21432
30052
37
28420
6578
1463
18352
20759
25242
4574
20954
31992
32029
28710
5329
25833
21505
23434
11697
1899
10845
3867
7765
1465
26629
12453
7532
918
2633
20111
11471
13384
3295
29955
27154
14565
24349
7759
19800
13261
14699
651
19052
13688
26361
2684
2062
26226
22445
27065
8587
4771
3680
9228
9873
31188
16201
539
19776
2415
12985
14664
2692
25478
16393
19157
1187
22295
29905
24140
5138
11663
15451
6942
18061
29068
7000
17802
6246
4839
21457
8896
22558
3058
1376
26695
26674
27646
7583
15004
21303
27425
11489
32540
26153
27446
29472
1315
17665
2596
14647
19062
11653
10596
19025
24286
23652
3773
8610
11030
18562
594
8277
7911
10385
3551
24517
2706
30433
16704
29679
10094
26489
8243
12840
5074
1126
7518
20491
17973
25683
18068
28342
15252
12122
1620
26166
25877
26138
7826
25919
6377
7946
16570
14624
2678
11788
26355
20983
3510
27206
21153
22305
10714
1581
21549
24565
16180
11746
16392
9394
17491
24514
13549
15285
24176
13113
5991
14064
22793
470
26260
13719
16587
9893
20008
15900
9653
18361
6580
29790
18555
24072
27945
30
14120
28540
26264
14258
7432
12102
3387
25341
18885
30838
12729
10910
13264
22216
9126
1896
31234
4545
24649
17938
10372
28155
7843
29488
17644
6334
23724
17250
26024
29135
20960
19404
22688
10125
27386
7878
7447
22841
13056
8404
13522
13206
19839
10712
4221
15282
26136
18054
6986
15363
14651
11801
10715
1973
6707
16452
20578
2115
6755
8044
25607
18757
13775
15124
11146
30345
10462
24217
809
100
21342
6175
30660
23114
19656
3019
7487
1949
3525
1843
9256
27331
21234
26898
29337
2683
7392
12609
17504
16753
29024
19682
5726
3088
16893
29406
24877
26775
7113
9363
26374
32111
1117
9926
6369
31164
10267
1759
22237
25650
15798
85
4067
19497
17141
22119
1158
4340
30387
30221
12590
13167
13355
29742
9078
26072
4978
15379
16082
19936
29509
540
13429
11521
20485
20145
12914
25361
3072
13692
3617
32536
3314
3285
28100
21087
21196
14718
13674
14793
27571
25233
15124
4454
26956
8630
1559
1606
15159
921
7617
14987
4825
27804
11071
28610
13407
13769
29374
11124
22783
5642
26577
2551
1665
11164
24851
13194
32767
14785
12045
10146
13289
28341
6746
21118
19275
17892
3336
8449
15955
23130
27458
1729
4622
15739
24364
10844
9074
9716
7183
11275
9121
2801
23734
14969
10604
32657
8472
27093
31766
25238
28471
293
31579
13922
6983
12766
18609
13599
23315
28082
5582
30013
10397
20138
15466
12833
14340
17780
838
3355
1195
510
13421
23193
14744
19012
26810
20379
31002
13158
11418
9063
18351
28925
25107
31102
7716
11951
1030
10190
26366
10241
11953
11561
27417
29293
4471
27638
29071
11701
11748
32039
5851
3702
2028
12139
7999
30464
11123
1700
18531
4709
11027
20379
24126
9680
31769
7154
5945
3096
21456
14939
31634
3989
27139
32520
23551
5683
17597
28771
7061
21444
29011
11262
20711
30363
20132
6093
626
598
19616
13203
569
19707
17671
7834
11436
21063
20851
9639
3790
20802
17049
27949
14231
26647
7372
3009
14487
8739
15811
10446
6621
11340
3995
29578
17687
9108
27935
1576
11259
12781
6984
2384
11749
27984
31744
11212
193
11529
24107
17028
8491
18773
3816
9388
3541
31022
4116
6204
21033
16998
6161
25248
9264
12275
16069
20913
6579
17034
31717
20709
14496
20335
23155
24258
26286
16779
1413
30361
31812
28863
4681
17008
32408
888
11078
10560
17684
3715
228
3425
3581
26403
9007
20290
18006
23393
10456
26717
2306
17572
18300
12906
6442
10369
16681
11987
23518
23508
19231
25193
5375
23568
20947
6485
27484
21203
15930
10065
30747
30654
8259
30744
25947
17539
25254
1050
24599
12095
27612
32117
24909
24331
20590
18721
4704
3789
31347
6250
20668
4693
27220
13988
5304
12709
29907
24346
16320
20111
8780
12103
5555
2182
4922
2377
25994
21166
3580
31378
9531
12341
6618
31457
1244
2790
19267
6000
15628
22523
9560
24175
7311
32563
13487
7858
6456
14373
18256
20391
26636
20948
26116
13706
24740
6275
29392
5596
12243
19915
4284
4113
7561
26346
14552
28297
27127
1374
8321
961
1524
23987
21729
26571
10912
153
12213
10747
5191
14905
2387
19172
25736
31689
19435
4738
28598
862
19469
5817
31102
13826
2667
1534
9418
24583
17121
2645
6886
20379
27826
22651
11745
32156
4117
16228
31287
14509
5360
19432
19372
1673
28387
21689
18811
12183
19080
664
11696
10431
8185
10440
3027
20349
20115
451
27334
11315
9722
9261
13808
11972
93
17414
18844
6494
20988
5155
7835
3479
20967
23519
22833
28604
8200
5390
16175
5221
3171
9778
22876
27725
25501
3314
17433
8801
25787
3271
29509
24599
17453
13817
27999
11265
24587
22730
16874
5794
2462
14576
16150
10624
2082
5449
10908
19578
14538
22475
490
5468
28677
442
1408
13745
0
10269
5018
31449
2156
5234
5647
5211
29569
23969
1913
5244
17475
3375
21398
24336
6660
9396
5870
31376
3370
6031
438
30573
18738
3288
25077
24996
2037
32150
6373
28819
21034
818
32668
26890
10541
27180
32491
26022
32255
23821
24199
31066
6541
15261
3942
24655
23093
29269
30060
13038
27270
26135
29767
20283
21831
18461
17304
27748
6843
26160
20051
3225
11044
19226
8552
16671
27270
17245
11683
29856
8621
6693
24784
12230
113
8828
23076
3080
5433
24765
15832
18627
23998
26699
27671
13964
21778
16770
7962
27845
8928
27630
13458
32110
20469
20667
9798
6974
9215
14701
30205
26098
4245
7890
4254
20710
19832
25652
27798
22498
2585
21202
26490
30262
22619
27026
9965
5129
13465
21744
197
24046
20203
9018
11881
15032
31141
2303
20349
21392
24865
18885
32706
25156
28863
6394
1079
14818
2345
1837
21381
15750
27612
20350
32153
14704
32740
6483
13971
21081
21478
589
2271
32519
356
1147
29345
16416
21821
3277
29271
2620
24947
21963
18106
5693
23601
23174
26084
3043
28685
30159
28600
15003
24970
424
8063
21656
11745
2808
207
24613
1793
28035
27569
21306
20692
27672
3074
3405
964
6412
30746
9066
6270
8936
6828
12934
24821
22879
29677
11281
29354
32387
30201
20682
1580
14392
114
19927
28634
13800
16234
12309
5616
24184
29059
8621
1986
6779
22868
9704
6722
3750
24079
18244
11720
23172
8033
27591
275
12139
154
17299
13707
21423
28430
1467
26824
26133
26555
28501
1880
30091
44
14544
15549
16662
30365
30088
9398
13323
3423
4504
8640
29314
13694
25071
31963
2568
19618
31399
12945
6804
29235
16274
4405
3005
14272
25365
3177
8745
12450
18233
27106
2377
9436
29951
11120
9539
27462
7668
23096
16688
12011
23558
5956
28040
9135
9110
5439
8922
28213
7118
24441
31937
17151
20789
4658
8467
215
30336
26644
10075
19054
10156
16641
5258
25412
25417
1551
16105
21447
11801
3793
11858
6335
5337
27609
19616
25065
95
14970
31332
9186
4069
26067
23514
327
28069
30984
29211
20251
20902
26323
21651
14441
9941
27196
7862
17706
1623
25764
26095
18536
32030
23816
19417
31140
20410
1156
178
15734
12402
25622
18957
24947
7060
6053
25030
20307
19977
14914
16699
31572
2604
26541
11449
4569
7901
30491
4917
10327
25808
21302
5693
30065
9771
4966
20014
21602
9297
14927
7846
6044
12280
15771
12092
28334
1922
15097
23663
25451
28554
32357
13533
12873
14781
15787
22198
519
11755
11558
16751
16019
2397
20942
28603
6954
2154
13426
19895
32705
11845
23105
24420
26020
16153
9871
11099
26461
8280
2518
15804
2007
4944
8699
22376
29891
32255
12243
7536
18491
13864
1510
23757
3493
678
21619
13905
3547
18177
30388
18141
9865
3391
9570
8149
12502
25084
12924
9169
15174
14013
12869
7061
6878
16002
13708
5956
6026
30874
31023
28624
14269
23995
12002
31925
28503
25426
17197
20967
13771
18712
17588
6664
18305
25830
20667
24799
5753
24778
10473
25094
11826
8026
22092
12258
3786
14920
32158
18136
17254
20279
18631
24766
14292
3789
2466
7312
4463
16906
31236
20069
3907
14808
15611
2977
13682
23779
1363
18283
18391
18346
1375
4962
22504
13015
3062
22667
27105
5067
29371
7310
29983
11134
16801
10019
17353
30598
11183
7111
30134
14709
18689
23475
10891
2152
12816
17422
5924
8413
24627
7266
2614
26309
30565
18765
9266
19931
23880
6009
18028
7219
16746
13005
32124
15126
31431
7653
27364
2573
24208
15808
29172
26684
29739
19897
11243
26609
10875
20409
26463
24701
29281
19626
14047
21059
25219
31023
21206
20750
18508
4754
21170
26792
18996
2046
326
12200
32577
17390
20589
31883
8141
10725
12273
28934
13195
7264
19371
20379
24773
7944
29931
20331
16615
26925
15130
25163
24129
31856
30621
8473
16137
5055
20733
21073
8607
32391
31045
16091
19989
15396
11180
18727
8431
27549
11636
31356
13095
25486
22034
31373
17269
1637
25231
9550
17613
9937
6190
13061
13864
4216
31311
9892
10119
2281
6035
30294
4149
23761
12865
8792
23117
19825
18409
11786
18301
29263
15431
12102
4873
25388
11113
26608
29971
15927
10004
7630
27417
24192
25445
9370
27071
22191
5812
20054
23503
1014
4285
13792
4734
19780
19714
6086
2801
25276
1131
11611
11519
4453
560
15883
26425
32547
16376
23275
19495
25318
3395
30868
5333
3361
17925
23346
11406
21630
23699
2264
10728
15056
15043
13847
22785
24136
15951
24782
15111
2797
21627
3395
7934
70
30968
22899
14269
16217
7175
23207
21306
29914
13282
31048
5896
21404
32087
16116
26142
29515
12214
19153
21466
1885
10221
24610
18502
582
20210
17176
14745
30955
16225
22506
7937
23130
28263
14376
159
20408
23518
12876
18643
22650
3513
26514
15035
30425
23203
31753
12790
127
18403
3306
4014
26503
32387
24873
30933
4004
7089
2123
18862
928
24677
23415
25232
7945
1092
5327
12775
39
12229
28929
8059
22064
24978
3864
15605
24511
17201
665
24479
11651
12515
19403
1899
32052
30924
10838
14135
16588
5461
32271
8783
9715
26319
10771
21299
12731
12377
11795
12187
17549
23555
27118
32185
6756
18995
16261
20158
6968
12360
1739
29343
4030
19070
2075
22809
3662
25873
28879
1011
13348
166
30222
28291
32460
5606
6629
3699
23000
15468
18073
20933
13524
14561
13372
15893
13692
13925
19583
5406
23084
12081
199
8832
8343
18555
18051
5825
1212
9626
11708
5009
27670
30315
17901
19794
20755
17651
17686
26071
17096
17990
9484
25708
3299
12967
11027
28439
7137
26864
3502
10526
29057
24885
11446
23241
15736
12964
4010
18025
28262
12463
7750
20121
20233
25454
18263
20932
944
24382
2509
24296
31731
16303
5138
10137
11426
18845
28058
21320
9723
30876
24252
6085
23072
31642
2752
15107
10184
25791
28729
25116
32052
4248
17301
20884
10085
2165
22514
738
8588
25615
2611
13100
30914
28270
25171
20307
6137
4618
24314
24879
4146
20529
8014
25116
12529
18344
24332
5813
1262
3733
30935
22495
1806
25500
25296
27914
9105
31305
22886
23475
22925
26286
11376
20525
4251
27725
25209
930
30416
13368
9818
17237
31471
11894
13071
32041
14044
8873
12739
30055
24148
13294
15917
2492
1500
23557
1311
9601
22007
8626
12636
19263
32412
3682
6827
22387
32487
10002
27433
24718
5391
27757
12003
22592
27288
9780
420
20982
20682
32227
20236
4770
8545
11410
22754
19898
6022
16409
30635
13187
13566
15223
18812
13455
1954
5749
17164
7812
25359
24710
22285
30240
25246
2802
10173
12922
18327
7731
30392
15755
1953
24223
18192
24044
8061
9288
26015
28129
32244
27169
19356
919
6926
22626
3949
28330
3973
20013
22460
12010
16505
11889
1229
18527
29541
29711
1039
6283
24146
20795
497
4334
2123
24101
28150
31440
3600
6873
1292
10298
7951
18532
22042
13894
18063
23865
29912
17560
21807
6355
20195
17965
32399
31387
22289
20308
32589
8203
31489
1273
24371
19988
5879
4393
9134
10685
23527
16595
1666
25614
23504
11980
1213
23852
12364
8214
23017
709
28516
30050
15238
28078
25256
21971
26808
715
13440
30469
25148
6960
1981
9806
24224
30597
11635
30532
20148
687
27915
15231
1596
10157
4756
10144
23783
16063
14170
18833
23429
21966
30906
13327
18804
22536
4404
870
11867
22731
1986
8060
7195
1476
26984
24337
21763
1112
16653
28741
8772
15938
16777
10843
28324
24958
22015
11452
31094
5990
3181
28479
13769
14108
3713
10151
10720
30503
7343
10350
25314
25185
16256
7361
20691
5136
9005
17867
7875
32595
20844
7478
23365
17856
15754
239
1315
24907
22202
19498
20560
9577
5293
423
14110
23414
12898
27443
11185
32340
2880
21105
32180
22870
20066
14042
18506
3676
31794
9475
31816
18239
25145
4894
23201
5743
2357
26308
29474
19162
18796
2034
31583
15120
31041
9553
4589
19365
27141
3514
16849
13527
9999
17145
23097
19313
11023
10705
28266
20720
32671
31553
4602
3811
31515
23302
9535
16792
4275
14177
17927
5620
26302
22042
14473
16035
10065
12997
23708
25714
16145
4676
807
30200
32325
28557
14297
6780
20528
9646
21274
19475
31901
31502
26689
23817
10171
29173
25607
27778
1067
590
28475
3681
27480
8364
27064
10857
20487
13964
4501
22178
16175
28634
10907
12543
25354
438
14844
31805
15468
20087
10817
1038
1620
2800
27525
3191
30656
18675
25569
20599
22470
2836
17447
21481
6113
17839
5331
3243
26761
28973
3902
9984
31750
4482
5909
26931
27525
22266
26634
31358
29292
15414
19401
4393
29675
17777
27694
19446
32467
17673
5557
15037
17324
18746
32306
23124
12546
5932
25538
1969
10751
22320
6145
11859
2879
22086
19325
13790
29151
228
11627
29445
30935
31474
13209
8108
24714
31001
7844
7758
21660
16189
3691
3229
17412
26696
15043
26985
32610
23338
9325
20931
4498
4382
21061
6498
1665
4398
28347
16966
5183
17657
22919
6042
23126
2740
409
28639
11099
10351
6991
23111
5314
1177
1771
15199
6390
18375
31556
7409
20394
19377
18620
13609
24681
31613
18545
26870
2933
2369
19384
19891
13518
7363
8135
28167
9617
24451
31153
22026
30595
2555
24216
10921
24302
22053
23581
20555
18092
31550
9500
25781
29313
5834
26263
4138
7086
9944
26863
29143
15298
31111
20826
11119
31156
13769
6033
20499
27951
24935
969
14964
11309
2117
18661
3643
22215
26856
3818
26793
5451
18997
435
1146
15504
24187
14310
21776
3206
22452
1574
23757
15633
4360
4746
17089
19736
29075
15438
27525
18393
27752
11209
6502
29823
16854
7839
22470
9206
26090
17464
13760
4350
12340
15985
5131
1662
14542
6801
2593
16411
1691
22142
9888
14602
29389
17969
3824
23842
26026
28007
16934
20534
20623
8601
808
16289
2357
2095
11794
29218
27187
17649
31961
2539
23748
27838
32559
11508
12235
4224
18854
1941
24596
29791
8215
23892
13789
18229
8005
7164
23445
28226
10686
9455
20963
14626
7170
16572
25834
4603
3047
28916
1740
32251
5948
5178
13164
514
1453
4250
16761
16283
16870
30748
17576
24113
28156
23448
25920
5248
5896
16331
20700
26185
19477
26795
10348
27210
7228
28408
3966
11373
16397
21524
16572
64
29233
2068
19381
22437
15182
5655
24544
29131
13611
27350
18653
30300
2325
27005
32767
20728
11649
17082
30472
24803
9970
16915
51
20730
20509
1404
30584
11244
27979
21289
4363
166
3840
417
28966
11023
2010
9748
28936
5366
31163
31982
13630
840
15915
16556
31009
17287
11767
25326
13216
19831
3102
23502
31039
11547
6126
881
16224
18655
2667
10715
25793
22551
752
24840
9031
7592
10009
11576
20218
15109
31199
3978
1616
12126
11781
7884
14254
22292
30644
8850
8236
32623
8546
25733
10137
25235
26616
11262
15807
8112
25139
6100
7399
890
30538
19058
5536
13529
10450
7212
18365
6625
13279
18387
27805
2308
19821
17798
5807
6790
32254
18380
2612
11826
24708
3808
4935
31052
18560
1612
32027
12486
4972
24761
3717
9142
10583
9734
12218
23048
28879
26519
7513
2928
14851
3824
19628
675
25897
31362
25899
16583
18462
23748
29505
29992
5964
4486
14419
7468
21969
23939
15359
24713
4318
19509
673
32181
27228
8173
3356
23199
14038
2082
1495
3484
12947
4617
16133
29348
4610
1895
26154
8382
29020
12196
4314
21433
26500
10016
1732
7709
16434
16586
27888
30561
8528
9710
13893
31326
8100
10318
32078
26628
1712
31349
11070
16972
22486
16968
4145
4973
17600
14814
20660
13651
10495
21137
19592
11597
18162
3669
25251
28678
19434
841
13944
8630
24459
15756
23160
9881
17014
29522
985
6049
16421
16183
11158
28520
30741
21715
16567
872
16939
25486
20434
7534
12881
7093
17362
18764
32608
2510
9207
10958
20802
15401
