25939
10101
1630
21473
24079
4880
13919
3759
25460
7864
2088
25171
6095
21776
18208
27301
28011
19914
8326
763
26899
30232
6672
29249
28114
15715
23506
7500
30205
31296
20834
13163
23923
7072
26170
2367
8484
31302
24925
5581
14288
24191
9278
17874
26641
3597
20701
6486
16284
30308
6963
16260
4036
18201
18896
9401
4928
4247
10691
9947
8493
15124
31162
25580
4439
27075
4202
22239
13748
7755
16945
13994
3377
12409
18938
19356
5041
28209
14690
12017
21331
30635
13337
10404
6900
11228
31370
8068
32246
14641
1982
20362
319
9859
18045
14954
6532
26696
8631
1640
24263
22022
29731
16237
6430
5134
6950
11866
2743
17766
12534
15004
6937
6663
12799
2561
18348
3400
4486
21193
32124
26779
396
5121
16442
24183
29173
10252
17028
20885
2793
25987
21349
7263
9851
16959
17696
27814
3464
11443
12585
1939
31714
3967
15733
2528
12206
13123
18163
30791
2059
29361
5467
13371
30453
29927
31782
10455
19048
25083
3293
17428
4296
17879
16023
4158
7296
5447
11966
425
27370
2384
24337
19616
29295
17604
5359
22430
7151
30739
15826
7617
27490
30564
32026
5499
7104
30436
18188
28555
12831
24926
11546
16939
19483
32013
16228
29835
11643
21166
10112
32383
20754
2776
24694
20596
226
13712
12303
30633
14728
12313
17744
21148
23764
7433
8257
27074
30647
8866
9971
16506
8034
25438
3008
12868
10668
25804
26837
12334
17588
22683
13550
29328
12744
31732
30049
29433
10118
270
20830
17001
8001
14076
27253
4033
4519
25545
7768
29303
26272
1222
5603
19854
7289
26915
17753
24262
27201
23229
16881
19984
24947
18743
4241
20804
21206
11084
20953
14358
31394
2659
28515
29767
14308
27748
11849
29208
21283
4043
19176
21764
6212
11771
484
27822
18347
14292
10861
30233
8867
16519
17856
32023
5888
2729
10224
29188
19971
27527
7654
18355
8829
30906
13478
11689
16951
13307
1493
14985
32402
10552
11640
6864
4203
13031
19711
6082
21313
22682
16258
2725
15258
31699
25418
4140
3234
18202
7315
4150
4374
4942
30096
28089
23392
14137
32688
29432
20740
30054
23072
19965
1338
31799
401
12611
9948
11314
19771
27827
1411
6300
15650
4817
29166
30281
32152
32312
32163
27826
17411
19268
24024
32072
26848
6670
30099
29960
25352
11421
19217
7248
2098
13658
27749
6385
14010
27077
1889
13957
19617
11623
14521
2307
4052
26887
22118
7568
27569
25121
14665
11672
10183
9876
18961
2078
31709
24731
21854
9552
9526
9982
27430
6239
24852
7562
19801
21389
28795
31166
12736
29320
2359
16327
23339
32502
22561
19375
19915
25425
30877
31441
8925
32757
1383
2448
16264
5751
9872
31048
29449
32569
16579
4741
16397
23867
10701
22387
21854
17460
1628
31382
31170
1250
13575
11707
28449
5022
27279
23855
4325
15667
25445
11054
12710
7664
20076
16286
31751
3836
21759
16382
23259
32234
25654
921
11405
25229
7013
22527
17854
18190
998
27061
1839
5691
30233
9516
2786
9250
20392
9200
11388
9439
24336
31266
28910
1458
10333
30760
4436
23637
26420
13475
11549
24716
29207
29345
26477
9213
25317
14357
29631
31810
10400
10372
21967
21309
26227
30720
22711
20907
17396
2650
344
6140
4774
4756
32763
31075
27842
18069
25912
27945
12599
31520
7704
10822
239
15367
31606
8498
8532
13468
18603
18425
26643
31849
13674
27790
5151
7201
5864
353
14330
24278
17472
6195
6448
17259
4631
32553
10532
8781
12667
13344
31502
23390
30225
8769
23365
8242
18288
24021
27578
11902
16840
21082
27077
3789
18887
5846
293
11125
6077
23659
20546
21450
32254
11052
436
32657
28296
24879
7945
26296
997
10211
195
16708
4435
21412
32673
17290
32291
24973
19232
10914
28767
1934
2368
27929
2735
2750
9099
25574
16765
20466
25940
32671
2904
23182
20285
24045
28822
11675
17404
21310
15934
17178
29278
15545
24613
3480
8331
11895
9814
14339
15501
20976
31159
6076
22028
2227
17386
1261
25947
10075
3698
3357
953
23742
7447
13314
30928
6503
1931
13974
16770
2887
5709
1133
29669
423
26318
25413
9356
19809
6867
28895
12553
29008
5914
30477
5039
14085
5440
17933
9373
31675
3298
2325
27640
18829
14339
18735
26999
4327
13997
4679
29989
5691
5595
28290
7522
26613
15767
11218
9771
28848
2656
8136
3484
31146
5582
23977
14771
12661
29305
4803
13143
2800
24342
32001
4761
2166
13539
12222
57
18261
5446
6871
28780
24450
6832
2052
31452
27531
4296
616
29681
19660
30662
23654
11087
32742
22300
18359
29600
5485
9052
13241
22419
8929
15190
26122
8228
16352
16512
342
4127
25497
20124
28269
30943
13956
22164
23449
3164
11345
8361
17966
4197
31262
14796
16994
22313
15596
20556
30047
8444
25684
17330
30103
19288
13686
27626
1368
28962
31283
23459
23456
24623
12444
8695
28466
2055
20137
20303
30697
17897
28207
16769
6733
12815
29964
31548
29028
21042
3492
2726
27339
21841
914
17219
10500
15535
22679
20249
24594
5659
9686
23314
24643
11123
7492
25249
17230
19307
16218
24232
28573
3979
6413
23450
26092
17271
7679
15069
3347
20851
29431
9074
28704
22566
15503
26071
8873
19870
17964
22316
16225
21397
5427
26518
13544
8435
15482
30689
21736
9364
1021
12905
22877
17738
14547
27450
21556
25382
14688
19318
15640
32243
4555
19447
4489
9476
15538
17206
15150
5168
23581
2667
12396
8730
32433
32246
823
25526
17703
23806
21032
10504
31740
19544
20432
14127
32105
170
21581
25507
28565
21456
11546
29883
13066
18814
7980
27506
5477
18215
20282
6762
7250
798
1116
11825
31928
28412
30935
2756
4657
8513
11575
8785
27325
574
29087
10561
15031
16434
6494
19318
19720
20147
3266
18129
17306
30031
11569
3832
15376
12660
16245
24150
11444
28557
20568
22627
3504
24430
18289
8485
8834
26610
7229
3575
30634
32226
24946
21385
26789
25113
6799
21800
16927
2790
4024
31039
21605
15538
5057
10014
2585
5603
28809
20987
22313
4608
28041
13622
5121
18453
9388
9698
6400
26713
6497
7552
11817
15630
17903
25101
8988
12969
4874
28480
9028
11059
28067
1293
6737
8431
28420
32621
15593
23613
19227
23393
2458
16574
30998
3380
22036
30137
18993
3073
15509
28093
25292
13942
32164
4488
18881
29911
10754
4648
500
15430
10462
9824
25132
22337
28232
14157
7969
5996
30184
16457
15318
21649
22000
26128
21544
23781
32335
2338
30119
14989
30760
22376
31398
29280
14722
8473
7054
8175
24897
29919
10872
4802
28501
18230
11514
20709
19761
10517
18496
8868
14974
20945
13151
2962
29201
62
9191
21712
6939
30487
26807
3211
23200
6304
10006
7879
6443
25993
28159
27483
20671
25366
5051
32061
30480
11389
4534
18176
22515
13200
21131
2203
29716
29851
9825
17004
14311
8592
20858
22909
7905
2145
26889
20741
5863
14510
29252
15666
14343
11424
30651
21285
9318
30997
2280
14911
9337
18685
22535
667
21368
10243
27176
25819
28688
24689
3458
12072
9561
28749
2570
884
24583
22984
16452
19202
996
21210
10841
809
5502
6182
29547
18261
11292
26403
6437
15438
16375
25469
19350
16573
10407
27577
32575
1772
24540
8473
25962
31693
23630
9919
16062
7998
6391
23572
15377
12683
7295
5739
24957
23092
5368
7650
8118
11249
23499
29065
6042
10740
30194
5831
15370
12910
25704
30713
17913
29268
22750
5723
11970
18019
8880
4908
9407
11618
26647
21517
11799
12199
32672
18091
28119
24540
32221
1949
16197
22787
19290
28816
7025
23992
22226
20897
32012
31926
14243
23050
13949
24221
21632
29697
28210
8435
25190
6109
13620
25192
20433
23163
27647
25694
28719
15072
27024
26024
31637
29471
6335
6802
14001
20605
32719
26146
22272
22228
26180
14494
30528
13109
3316
14158
12329
16849
11361
4483
10584
11034
11590
9945
13964
23589
20336
25272
21780
24147
13007
28961
7560
21040
30413
12455
32184
4507
25566
1467
20194
15656
21337
29485
7208
14530
18822
7152
11584
23445
30200
4638
10606
22315
3613
5947
26287
6612
13843
12734
14647
12364
27581
15309
22302
27288
10263
20297
9303
18481
10950
13066
31457
28516
9204
11628
17217
13305
12378
24586
28975
28947
23454
4297
14480
14935
7392
1049
3748
10320
400
19575
19329
17426
31362
13110
32704
22046
32580
7808
21110
7302
31663
6296
31590
11346
15292
23649
11636
545
18841
2852
1373
1556
29180
28558
20646
1767
25272
29176
16594
28769
6030
8684
24280
16623
2373
30948
21204
652
21244
14932
21501
19171
16832
5355
21719
1720
602
26902
16298
5252
24938
22727
22322
29279
20922
1140
3992
803
11468
6498
29601
11983
25013
5411
27174
25129
1582
25182
28612
12712
32233
13006
6356
9104
11297
14989
28573
25951
25461
12435
713
28776
2038
14457
14358
25022
6015
6531
14158
2387
3141
26334
377
29793
19886
32038
2129
30473
9063
31020
23030
31035
24241
3061
13539
2773
11771
20486
6177
783
20150
990
9146
12054
4453
19909
23921
21495
25587
27844
11696
1983
22090
31477
10434
9696
19745
9469
30786
25303
22293
31446
30932
17164
22524
15826
24595
30970
32374
20444
32458
28303
14276
10241
29542
32214
5598
28720
24747
7379
23487
12350
31911
175
9220
10797
3044
31765
21941
19374
7394
7387
23395
22756
6084
19685
20595
13419
30282
31302
6329
26777
14335
2729
5705
22020
26292
7664
29065
11076
16172
25626
10123
2554
21017
2666
21146
32017
12615
965
24851
9283
32024
12381
11895
14559
26160
10380
12989
20426
30577
12034
15341
31940
15402
3619
26090
15085
5771
25771
17551
16008
23133
9620
29694
5118
32752
20281
821
12326
852
7611
27875
21955
17355
15524
4729
29775
30591
15306
28035
25591
1905
19319
27449
8934
26546
966
9809
30662
16341
15184
29464
7556
30628
12552
29121
23636
31762
3428
6909
13302
20593
32446
31436
31543
16357
29945
3474
6330
17177
16487
29549
14584
28208
6122
28102
9606
31487
19034
23334
8599
17273
7975
9547
28609
16490
10816
21884
25860
24681
5939
17177
11528
19207
12181
4214
9126
25677
8356
27113
26538
9318
17451
15138
2775
6040
28838
20155
812
6777
5287
3088
16742
9823
8568
18257
4294
16920
2306
22486
9236
27355
21229
26802
29668
2431
3337
14218
21016
18411
6893
13736
22182
23246
10462
16203
2460
5008
17906
23873
28257
20104
26996
17592
21565
4463
26507
2386
4123
28180
6423
13687
910
32082
15068
15599
5395
1599
18402
32176
32150
9639
21275
17140
3895
2489
9287
32399
22861
5631
7189
11392
19883
916
9099
5318
19235
20881
10919
24437
12617
6600
31303
12040
24953
7605
23878
13561
20764
8113
25832
29839
4390
23657
19576
10232
28387
14479
16431
31639
4596
30415
2904
5023
15253
2565
29106
4065
2849
22445
14358
482
27607
32410
8281
2353
4062
30188
23668
2551
7303
6204
15586
12752
27603
28441
7754
16089
1845
21176
23134
15627
16280
12775
16387
11719
1700
5699
22194
19889
27965
14507
28958
27842
27469
14836
21271
3225
21700
21470
28334
14610
8157
5703
31898
20250
24738
1183
29658
9666
7602
10140
9372
19858
25154
26415
31326
23071
12642
16566
10579
27103
16001
11635
19208
24637
3892
19773
11847
1513
27187
10613
24124
882
14244
9276
9430
27158
13981
26595
3184
16089
11236
27299
9393
15316
28153
23183
3760
15312
29270
1478
5212
1043
16373
4845
20252
24698
27411
7645
8626
17864
32308
3224
2405
28222
29799
12418
2655
9324
10443
1998
15188
12358
24402
13110
13412
6778
19141
29679
25923
14849
13320
17884
5783
16372
9888
27138
6817
13730
18034
30012
28960
8415
13005
14127
25202
17055
6827
3457
22013
9155
26164
30534
26573
25650
6532
31931
382
44
21678
16183
31325
32731
5377
17758
714
17707
7050
22424
24289
27612
7385
194
13401
28630
7688
1827
28587
3516
8954
29089
1143
4547
4577
27956
3364
2245
28675
9884
3528
1937
23485
27727
24135
31878
26568
11446
32702
16224
15291
9368
24866
21329
7633
20951
22308
3924
18925
32346
19288
8382
14811
30538
26263
7189
17113
17537
15010
4134
11350
29759
12039
20306
9209
20255
13641
25385
13029
2122
2107
24122
6204
15851
31405
40
11489
24035
6474
24577
13443
17085
9153
4300
16343
7396
8483
29793
1060
31763
5004
12414
19461
3342
3846
31254
25963
24464
14250
10988
12513
18564
27401
21857
13844
13431
6346
19082
24978
32334
3732
18054
20434
7732
15150
14095
18805
17623
11492
20558
21707
14036
20269
25588
153
31855
11148
11910
19481
14728
12724
3832
20547
16843
19183
23678
3659
15654
15552
20127
1899
28800
7879
11147
482
32424
26598
12462
7997
13707
22178
27013
10197
15275
14540
26801
12185
12748
22112
5962
30733
7408
941
3701
13203
11398
7862
12089
3562
12511
31705
27790
7668
21985
1454
31671
9404
30207
5170
24274
15799
6505
16165
32174
25674
30079
12208
16604
29325
140
13643
25353
32079
28081
8670
27787
12634
9503
12582
3385
5623
3209
32603
18560
22709
13274
21264
10163
1639
14883
15962
26275
21868
32471
23348
20080
25907
29498
10018
12958
5885
8215
16917
17515
25573
13233
5263
12384
21534
11261
8455
14887
31613
28942
1167
19100
7991
29649
27316
9254
26859
9466
30886
12616
19171
22590
29593
8563
31127
26563
9834
18463
7794
11221
19078
29210
10201
6874
30728
9503
23146
9608
24865
32170
1921
9045
23741
7947
3329
25391
1123
27065
593
13422
26973
27626
13988
31751
9498
16480
25726
10754
18640
20358
15988
9006
28773
9915
14643
29459
31888
23022
14019
23080
14396
9067
30477
3142
27949
13812
29083
13149
11237
29972
31904
2662
19145
1968
25912
9368
24704
30943
23792
13535
15772
23292
24713
27018
10620
8441
31737
12355
26224
8693
4019
30277
16671
31505
31528
14537
12070
17280
20622
31169
16642
18142
30176
27849
27440
14787
22310
28763
27282
7319
3574
10050
18453
16552
8763
18001
16273
9081
18485
27220
3569
5214
16321
2631
27283
22597
14555
22982
12274
16343
24929
12229
30594
25536
25
17793
11483
31562
16630
25014
23578
305
5783
17427
16260
6835
21777
25835
20589
29926
27118
23853
24409
3150
21878
2710
30560
4783
18733
17445
4311
26400
3996
13008
22316
21601
8532
8821
1554
2414
2865
24339
8670
84
2524
29242
3889
18244
32403
21696
19928
24550
8493
26806
23280
10479
4952
20378
32334
1526
14630
28878
1822
14724
31432
17481
15305
9578
21401
13709
285
25943
21086
13017
31912
30633
28363
15519
13924
26756
22602
2360
32154
13089
8697
4311
5376
19817
28657
5564
27172
4547
2510
31914
23566
31530
30316
2458
21793
26498
1262
21681
15427
21548
26373
2928
318
18648
16495
21035
18533
25754
20413
22972
31098
16705
5210
32120
13775
8420
5577
32098
31148
6589
12334
10399
27889
13370
2576
3114
9980
12114
5981
31177
27085
24342
19886
31552
6248
22920
28109
1476
27771
26031
1653
434
12097
24811
5208
31361
31142
3719
25446
2806
16300
1421
5453
22934
11021
12510
28988
14689
2338
5505
24813
17085
20483
21308
16098
30897
32496
4961
23023
20051
24048
23019
20984
8324
24759
27849
12796
30682
12493
17786
27474
9950
8941
16602
5683
6264
7084
316
7033
25255
10075
14008
11174
29045
18733
16839
10024
24107
17821
25613
23516
18113
27658
29557
15312
14744
9124
17283
29005
2412
16268
14566
29717
7556
24119
15181
1001
4651
22548
31100
11342
15716
366
13215
13713
27610
17299
32734
9993
27158
20790
15665
16028
11764
31250
10358
388
13400
25040
18369
19027
26397
7723
8179
30773
8014
82
26766
9078
6041
3469
12743
31556
25344
27428
12509
12469
15314
16765
9898
4876
16090
23172
5240
16696
26326
32591
13077
5277
23595
22787
24618
10519
27862
22769
30152
9788
16550
27653
16452
11746
7592
32097
1605
5090
20707
3141
22299
17179
3910
22834
4946
29625
25311
28239
25479
5815
30798
1803
4475
6818
24696
6916
30566
28064
6784
4136
31118
24754
31219
22553
15895
20534
15682
31958
5917
13744
26742
24729
21248
1737
14367
13563
26367
1432
16525
27998
10249
26145
3395
12428
1487
27931
21673
3484
31774
27639
5121
30742
11884
15901
10140
20311
25009
11129
13134
30006
18552
21558
28447
14311
21813
2505
11331
4896
1753
14642
9805
3195
25508
19070
29855
12060
5690
6545
12325
27283
24826
27682
8515
22787
23435
2311
2571
12420
11959
21683
24756
25543
17021
5885
3655
13817
4705
20003
1436
17897
7175
13070
18053
21612
7168
21207
8521
18945
3300
24971
20052
16305
7329
10795
11820
3897
3090
16375
17831
11883
11476
21740
19036
22994
29013
22924
21335
21141
17197
18909
529
13213
5042
19380
14239
8698
23238
563
10793
23683
30708
14993
28318
28349
10684
22041
19110
2815
3882
5494
25304
20435
26542
10541
6446
31902
1319
11115
12213
22916
9281
26369
905
22150
7937
4013
29697
9709
11678
20379
18983
21996
10643
20011
13419
11649
1778
5109
10904
20636
30715
28683
19974
28547
28397
17021
6674
1397
29212
20515
30923
27277
30276
918
4078
15594
13085
16256
23061
25869
9775
9750
24619
14722
14312
31202
10019
1475
14060
31686
9705
30809
7596
27198
22425
15428
22074
1509
15856
16797
28764
16187
26624
31098
32223
29093
20775
2322
2349
20405
11329
14370
23074
25772
28445
7823
32028
20285
12846
21836
16465
6548
14467
11902
7014
21143
13305
14558
13629
19564
6576
4703
31758
9275
6843
19986
953
30517
5404
28998
7770
26837
4335
19443
25374
24165
7653
12377
5974
5061
9460
19940
11722
28008
589
13139
20560
11167
31631
15385
10141
25370
26170
27907
21850
24235
4710
1052
21627
20046
19893
16334
13260
26471
4742
8521
24268
23114
14187
11817
26815
16640
13022
30034
3583
27465
18223
23327
24467
11229
10945
28861
19714
2807
118
23249
105
532
13416
2913
16588
9464
4314
21233
20138
23539
8046
3308
28372
4962
10904
27462
6015
1144
29522
9568
29591
31551
28433
3628
12374
15833
8696
21905
18710
30988
26956
30993
17763
22014
18985
10153
7509
7484
6259
7416
14364
2817
2574
14244
14557
14518
2642
20218
3517
16309
25017
3028
30011
31058
1499
18624
28098
28
9629
15710
17278
22112
17829
30986
12400
21999
273
28859
17085
19745
17000
9259
32076
27930
2256
7737
26255
27980
3458
21643
31137
2109
23932
10871
11666
13707
15221
6948
1791
17709
24086
20204
26597
16379
24167
8197
4534
12657
27272
21089
3501
16048
4257
722
28511
11973
13851
4466
9620
18478
3857
2882
19796
10138
10753
22289
15173
29681
25544
10656
12084
5012
22477
1283
26097
18150
8316
18250
32096
19467
31734
3169
24269
28656
10502
26421
9088
12427
4184
13848
10129
21604
3557
5735
16126
6996
28338
15210
16635
27788
30394
11387
23945
9690
808
11883
29002
28712
7370
23585
19348
15686
3779
12932
6852
21225
21888
5020
29397
1779
31213
1267
8753
4340
11496
11586
18630
5361
14070
21833
25949
19301
4148
28671
19751
27270
13457
28139
16793
13513
2107
24530
6266
20648
24663
11410
10811
19875
1013
24142
31366
31365
14659
19147
20249
28904
13056
6938
10453
31227
29236
30328
21266
12419
28703
21618
32054
1056
9327
14925
4742
466
15286
26532
17468
1467
4634
13907
31193
14887
17999
12692
7100
1993
30914
10344
27636
23367
2839
16185
24915
25594
29654
17597
14531
12271
31329
19997
12509
18737
28458
24151
9144
14410
13346
7393
29439
4103
10613
24463
31303
26236
21108
2998
31647
24392
18130
4754
14952
11034
17428
3301
14439
8308
29507
14817
18712
20911
14052
25928
28485
17472
5418
30930
14552
11577
4713
15567
3310
22291
4046
3085
8236
5290
590
32508
854
25993
5596
21008
29
12136
4319
2919
14393
12531
3043
9132
15032
4557
20878
13883
918
13269
31446
31877
6541
10664
7026
6326
15918
30311
4750
29590
25649
31418
21443
12717
24586
13076
15430
939
1725
11065
18528
22023
12018
19198
15646
9189
18508
24656
6729
28989
31991
2680
26776
12346
4480
27293
14373
5600
30442
15755
25374
8690
17150
17075
26813
24083
738
5234
29818
6187
7149
21910
25983
7180
11962
22558
27228
12374
12411
8513
1276
23191
11920
28338
2775
11959
28761
8483
30058
11668
27464
12296
5860
30441
15674
2717
1827
21108
8455
2602
23774
21592
4439
22917
1828
8384
3512
30169
23301
4805
13806
11431
10639
19090
12170
15114
29180
26309
2495
29247
1065
27929
4976
1380
10058
9794
22413
25728
6365
28953
13216
18628
30684
20729
15523
22033
28727
15209
26133
30138
14977
26875
8013
20106
17385
11636
23309
32265
4717
6956
13658
30459
14666
30136
11147
10538
29111
14279
6817
22117
11218
12362
30678
14537
11227
31448
30585
24127
1952
22352
5624
23878
6200
9408
14143
18163
13300
901
20544
31285
17555
25268
20179
15454
3509
31929
13249
15071
14227
1854
4891
23123
29164
6735
28369
30400
17219
4795
8063
31001
22599
29629
16266
26119
26515
3035
19564
18920
32151
24847
29260
9753
17622
10277
13778
17264
7763
19300
28729
3597
7749
17520
20902
24147
16658
19823
23992
21297
27771
11627
5728
8614
4372
9207
18675
32132
32760
14358
12669
32628
18618
28248
26713
11322
13215
10822
19966
314
11274
16128
26908
10811
12087
29477
27368
17516
4908
31731
19891
21156
14829
13232
16834
18158
1264
3912
23642
17733
7376
5943
15642
924
24901
26537
7566
27426
5460
31712
32512
24259
7107
18647
27281
19186
22480
27429
30601
25254
1571
27683
3052
11682
8704
25169
2894
19450
10945
28918
26599
4819
23940
27399
18922
26218
14113
7498
16659
30040
21087
955
13439
14612
30311
28207
1217
24505
27000
22583
5170
777
23517
30791
10632
20658
32540
18968
24747
2001
7537
6218
7620
28597
17786
18766
13974
11237
24116
29571
17937
4452
14118
31903
24100
24883
26844
18513
3028
3096
6551
14885
24971
25502
31299
3751
31666
23645
4009
20427
13185
17787
7142
26764
29718
6515
15388
7124
26053
19477
3687
25244
25520
14799
29715
30036
28567
7210
17420
1157
6129
10135
405
25781
1083
13932
27453
12683
7056
9514
30223
11315
31098
17409
2314
22788
9480
406
3281
8288
15904
13059
9123
30428
5399
7455
7564
20641
24703
8961
31965
25619
1344
15807
7899
32688
9451
8571
23732
30522
26186
13217
14519
27672
11324
13930
27587
29946
11967
19877
26368
26812
10831
16566
7630
20621
6511
7647
11259
17744
11397
8894
11321
15426
29674
3607
21199
1757
28738
16084
8334
2557
32009
17482
16903
28738
18799
17342
28411
23477
21350
22312
24083
23214
6393
18742
8401
9205
29663
21140
31687
24103
21328
15467
3847
30299
18455
3112
25306
18950
5865
7294
11445
10268
17653
18350
24680
28024
21180
1798
24985
16510
6435
11175
26993
12287
31942
5260
29845
14684
27536
1480
19800
31215
22665
1295
1583
4006
10734
24440
30821
27889
19847
15489
6927
9183
26421
25172
17987
27780
19915
3913
13957
27293
18974
3243
25730
30327
19552
24255
1281
27916
2985
13826
17686
19311
17367
1459
5784
6507
1432
25489
8406
26471
19653
5350
10630
25485
20722
27844
2558
18988
17475
24463
1191
13658
29825
28603
3758
4061
620
22487
25084
12108
9043
5579
27497
22897
8419
15198
26924
14578
2877
10235
19862
1328
20811
4020
14849
24944
13139
29575
9731
14137
17356
28384
1767
4092
27249
32352
2909
12795
7573
9181
16240
1123
17846
2986
11449
32443
32596
5912
19154
10114
12035
28732
21518
26132
7104
2803
21095
11214
897
14116
30904
14450
24080
10309
7213
32205
16920
5665
25079
26263
8320
23256
30020
1178
18937
12839
22894
27159
29395
32233
11378
12901
10517
13278
28069
32219
28876
22700
7330
25840
31395
11299
17543
9889
10420
27333
18273
5651
21918
18566
32228
2938
4568
2256
32608
23609
19269
22474
9712
7755
4872
18650
8949
15073
30105
7785
14274
5196
6424
16102
26265
17182
5602
31501
12247
11916
15715
2409
12139
1047
17195
23319
11916
21100
31811
11726
32172
19336
10433
32540
10919
29215
31642
17650
26433
13887
21688
3939
13263
17713
24908
30633
8756
4256
5734
105
17679
20732
14787
19256
7987
1825
27877
18269
10072
16692
28265
15832
13328
9934
1430
24228
25596
4189
19506
13114
22079
11719
19097
6742
18227
80
6672
12541
25947
11197
342
19647
29337
25273
16252
27450
1441
29305
30967
15071
32686
12700
31476
8441
2676
22101
18667
24810
12885
30667
10359
18616
28887
16064
8037
1737
15190
2417
6154
3307
27126
1726
8154
9368
2780
3211
29751
6263
30110
11622
20871
5925
13047
20842
14473
13110
3264
22115
7657
9335
23067
31539
14354
11894
23538
6772
24387
20549
15776
30814
13285
8570
3565
10219
32540
122
17472
19258
412
30200
9744
13105
9406
29112
8348
8807
16850
17561
27356
14145
29623
31698
951
16731
9898
380
24694
1577
23132
9809
24441
14558
19015
30899
21288
10636
28737
3312
14637
28557
5458
6852
29153
4899
25795
5151
3075
31323
13687
6441
30896
7479
32127
28035
15247
17675
9192
21200
27469
23336
9431
27765
5705
2744
15321
4252
24464
14825
2164
10879
26635
7758
24834
4579
22519
28802
18367
31714
7318
782
13856
26862
11812
16524
12902
13331
29197
21773
25460
10108
3421
1721
5853
14905
15224
437
27970
23360
32011
6986
8411
28081
13122
20547
6739
23134
31548
662
18393
23178
23996
14919
27252
24561
10017
28042
19862
15881
31640
5160
7413
30856
31632
2595
19606
23334
3182
1437
18218
16036
6530
9206
22174
7949
24890
21045
31470
26428
8854
5289
9018
5534
16092
29136
32027
7737
9101
1143
20023
11757
4247
31011
3091
13050
3788
31408
9769
20163
10899
21048
13883
5330
18142
15926
2790
15131
7260
17643
16506
8069
14575
1537
23561
18086
4960
20335
7358
14286
1874
31132
30576
23112
19828
20167
28791
14300
17403
422
18367
18584
6992
30541
11035
11217
15109
26706
25307
29284
29454
7471
11424
24129
19758
18919
14447
15147
4783
19693
31749
13497
23126
21825
20586
19873
12950
13276
3529
23605
15364
23630
6527
12334
18443
22694
6770
17833
20449
13458
18340
10607
22457
9159
1288
29305
4667
26531
17044
29876
22577
14353
20887
4353
18563
13230
9293
18048
9317
6954
11184
26894
15311
23536
18322
8460
32301
11785
31977
6243
857
18749
26218
30916
8390
30076
4953
7989
24318
31357
18591
10441
25422
12965
22557
15534
8639
17706
576
14189
27465
19320
5589
7022
11332
26068
16927
27323
28447
831
20263
19973
30548
24733
12372
11500
2203
790
9531
7035
11871
12733
23736
16626
5998
12911
20030
7113
23028
19966
15723
18161
13226
24463
7136
9309
6731
29505
15695
4289
12360
14352
4565
1178
29116
18680
23179
18030
11682
4445
3160
4693
8006
20650
21769
23224
15353
313
30371
1625
2313
9843
27895
20371
3568
17976
4472
10468
14028
4481
12618
19112
15119
67
18843
20007
23672
25751
24118
31186
4674
14617
7765
8906
29851
11917
19383
18338
31831
15561
6131
18534
27366
15055
27660
24540
28291
16953
20037
16905
22191
25050
23095
1015
27870
25506
32544
12470
17776
10690
30846
12193
7394
26385
13533
24546
5446
13998
7917
3385
26608
22247
31959
8697
24435
2906
22993
14931
11724
27226
11761
31958
29404
6549
14398
23607
1820
15859
16141
9806
24204
8897
10891
1122
6124
23566
11670
20646
3119
26709
28881
25859
29229
5469
29687
18200
27288
11358
6511
21888
2097
10597
4129
23123
10299
505
3977
9967
12080
16127
6665
7416
32180
28123
14724
18589
12743
11480
27176
28701
2110
22218
10123
15498
29300
4594
20474
24526
13373
17953
21006
23531
7707
15904
22655
20359
14261
30800
26685
27559
28292
27278
9405
30395
7376
15705
11921
219
31963
16951
20540
11600
23644
10580
27972
13654
9262
14957
26505
2080
2122
5356
28372
11293
29683
15189
28339
17786
1584
28128
3717
26088
12927
6248
30673
2463
22984
22403
22236
26018
28560
22771
18810
27461
32623
6973
12324
9453
9924
20631
5451
20504
22183
26887
7916
22685
29215
1994
15973
6452
7317
26611
4743
1336
19593
29780
12268
8108
30340
5793
17290
25469
25678
467
17289
262
3168
31691
8786
5337
32156
27192
14313
15293
13116
9914
21884
10227
25865
24136
14140
7102
10189
32719
18539
27938
29194
32283
28086
30443
22764
26875
18886
6897
6525
8608
12306
14747
16920
11847
14839
17058
4128
28952
12810
17175
22001
17997
18861
5288
32023
19862
19680
4639
30911
25276
18522
29995
15466
2437
21977
16739
2793
20697
694
24712
12677
28962
1212
21514
894
10745
12602
8142
10679
8958
27223
21039
6831
21511
30374
19779
20147
14462
30458
13663
1106
20996
28284
10461
10514
15962
4346
9500
14945
25730
19330
15561
13006
32033
15152
861
22393
31272
1604
20967
31176
4531
19319
18700
348
28722
7056
13388
21060
21958
12594
12935
25456
8942
23288
18367
6504
6242
19396
15391
14654
20031
17747
27708
1984
9829
20757
28316
26867
15901
31548
12917
5053
8960
17427
31670
11746
20244
15250
24651
25650
12343
31535
10909
21248
16065
29174
17753
21205
26469
14044
5235
32102
19544
21841
24426
32452
8629
18452
12493
1747
10529
5707
20222
28413
4267
18131
12854
26663
14581
7637
7113
17636
9881
22682
12972
13289
8902
23456
18740
32450
20266
1773
12320
8387
12565
9379
15066
19008
30683
9685
22778
9217
634
8601
26892
26352
26748
19038
10387
7189
2591
19840
25934
6340
27572
20762
21433
2837
24645
1052
11991
10901
18298
29853
1327
24891
25277
8306
22292
158
1437
29695
27178
22372
9584
11085
30246
15102
3133
18781
3797
22931
13017
6588
28512
26681
1615
28760
2766
363
7301
7058
1482
18360
7197
15508
32167
8376
23450
31205
16545
7236
31684
16442
23398
23526
333
1424
8149
3727
12724
17015
2309
21640
14186
5553
8329
8107
20788
17915
18674
25555
4304
5675
4502
11153
27867
8059
30608
25889
10738
9765
14344
31644
24344
7216
6069
4206
6487
18057
17311
26891
25258
14421
12074
25822
12315
6278
4944
3970
31529
26028
29486
9013
2668
11278
18882
3978
11644
25082
17651
22622
28686
24153
12753
24844
2144
7558
32287
30693
1240
18529
29455
13786
31976
12703
3404
1660
18740
15716
5693
27687
1783
26387
25225
21625
27298
22885
22998
4361
9671
19640
11223
18518
25654
8106
22149
29438
9318
24039
25004
14641
28438
10559
29610
17508
12851
14588
9075
22858
17149
25458
11225
19968
19302
26071
25611
12424
9914
24149
8539
12664
29061
11358
26180
9971
20658
11072
683
15321
13296
31481
2405
7995
5978
19276
16122
18450
2134
23828
26024
8496
29117
11737
2731
12662
29501
417
14524
5192
18428
16136
13272
22078
126
20883
8770
2588
5065
1602
18123
10757
3015
5732
12369
6379
20715
21679
646
22602
22807
12432
15346
17942
15806
960
7484
30450
32070
24088
5541
162
27568
17318
22741
18627
5754
4352
474
11193
8132
31192
26478
4074
21683
21969
1400
14634
787
12177
8150
28789
21056
18968
602
21476
9030
4176
530
25306
15431
8933
9165
6782
17181
30806
3034
13935
19265
17229
6931
27059
31467
4908
23835
9200
2939
25320
11235
14046
10520
2586
11379
28668
30103
17491
2279
31362
12958
17072
2999
7575
22281
31663
60
10949
5004
11585
31856
12458
2714
17697
30710
17904
16262
9059
21594
127
233
27472
15001
27888
21059
22129
29156
6725
6373
15850
5025
3544
4110
19978
16563
13202
18516
6175
15355
7773
13893
30351
3614
11484
5199
30500
5769
26201
7133
16296
11699
9215
22979
8370
15522
23113
8668
19135
28081
5818
26097
22916
23184
1487
29661
10627
23436
5426
24303
11229
23569
1584
6288
11367
22637
1133
31782
15871
26838
5334
21048
16673
32175
28888
3794
14517
12551
8655
20267
24875
20835
28866
23173
15818
2493
32333
10837
4165
19148
5854
15780
28304
22918
5925
15285
27377
9956
29893
10728
602
21733
16208
14558
17654
3285
11634
27870
27906
2767
2668
9591
22494
641
6084
18535
5476
16687
14139
5052
376
12538
28928
23353
7136
8547
10787
13563
4695
30987
8012
22877
12508
13500
30637
14872
11344
22445
1077
5295
31552
12546
32519
1034
12544
6803
24362
21856
3833
5358
5250
9307
16451
25759
16383
631
29559
5295
15380
11692
18110
618
2411
6732
14894
22117
29655
21550
7255
3776
906
31500
9496
32425
3720
24106
12984
26401
32347
31544
23857
3331
7688
25722
21455
28738
1091
21030
14586
2162
28127
25358
28752
10890
7304
20606
4856
31720
3508
6504
32306
5781
7639
26814
12338
17099
27606
15136
26414
27060
4287
1975
14006
9589
32695
28769
1860
4715
8756
15630
13332
17844
1132
9834
15157
3314
9741
13244
13281
23371
17198
12301
32522
1973
10629
31374
26165
16496
28123
13876
7307
22483
5566
7333
22061
20044
2422
30807
27081
15779
25146
2550
12395
2430
26787
23815
6037
31018
22368
20428
6545
7832
13868
21095
4102
11942
24829
8513
5322
11936
3966
32429
25847
6919
28864
12233
31297
27537
12076
16549
20102
6256
28861
21416
32167
1239
10092
47
14743
29371
17899
1142
17585
25559
11413
20156
26191
3058
25254
8610
3480
14436
28583
22485
5785
20695
26925
2796
26008
21835
2243
8596
19620
32093
24101
2282
28529
23752
29103
7464
6499
12588
27412
1412
14825
15630
4179
1877
31500
21536
12519
5240
9800
31939
20798
6386
19354
19147
10861
19414
24282
22402
21026
1898
16203
31471
7898
27781
23921
10840
7252
21819
29474
8197
9285
23228
480
12359
28493
29306
2918
28601
12842
26250
14465
3782
6956
11597
25121
3691
17384
25679
12464
12862
27441
29295
17826
21424
2884
5441
9038
31375
8259
23984
18172
24271
13029
24552
10559
14217
31595
6771
6277
31556
12502
22689
8684
30068
22615
5166
31831
21824
10503
6687
10690
6536
22488
30445
17106
32295
24523
28133
8368
20085
6756
32719
22808
16656
15452
17614
16557
16605
2709
7559
26512
18249
23379
32645
17456
11221
14248
24796
100
3281
12592
1805
7351
13671
16383
15658
24066
9436
15576
13627
14657
6931
19359
6367
12703
20051
18961
3383
23763
11849
5811
11775
431
22609
17416
17406
1270
8433
3079
15009
6255
22182
6092
6371
24631
8676
28558
367
603
9816
9937
32265
21670
18800
6365
6698
7352
16925
18798
4330
5720
21976
15789
4643
13324
26339
24927
25300
19942
14289
19549
23747
12960
2120
31812
4455
20204
28422
22125
5124
24325
5410
1568
12056
24202
13972
2820
2294
10892
3064
3034
31665
2534
399
16747
9275
4044
24455
3519
27854
3239
18300
5008
5771
288
11070
25086
1634
18299
8405
2181
22833
26407
14274
10027
816
18067
13192
20222
32396
12099
20331
18109
19794
22562
28536
2006
21135
27162
25285
1936
18102
13026
6906
8330
19265
31255
32016
12388
24987
11407
12121
15804
18750
20970
2241
14940
2328
105
1363
13745
10292
17156
25599
4992
22934
9654
20890
6868
8039
23580
17702
28987
10578
13886
29012
22065
29229
22445
28487
13021
24796
25806
1691
20987
28786
6773
13990
21530
9114
949
25853
13319
18230
16887
21818
28553
18501
6986
19965
10318
8458
17146
3889
20774
8555
4196
32145
15215
5783
6152
10090
6352
5611
23264
1698
17707
28439
32753
9209
27852
2428
19487
32655
25319
12505
19525
25255
15425
5415
25989
32426
557
449
16349
32111
4538
4040
16123
26297
31531
22470
32083
32513
30119
26257
32110
886
15154
31091
1413
26435
24796
17799
22862
30224
32568
20070
17942
32715
16144
4099
13584
29096
7767
32724
14317
102
351
10547
17324
18389
25677
26883
3508
917
16585
3222
16160
17696
31738
22478
29274
19210
28849
13955
12011
23944
27108
7461
22417
21552
8543
23715
16018
10495
5814
28043
21585
15520
21118
30322
9247
12267
27068
4502
4947
30381
21918
5570
5789
1959
29545
26226
20887
19929
16563
3896
21661
16128
10194
11870
27871
15197
28820
29389
15028
6840
10545
12589
562
2725
7037
21582
27131
8710
8802
11463
7257
19921
29582
25565
32398
31507
12649
5542
29285
8757
22858
22126
22029
6014
25066
10073
13863
17626
7705
7754
26142
12506
14255
17668
29367
30459
22214
29583
8937
5419
18726
10718
31470
12937
15873
11438
30106
17261
27105
27057
26604
11944
9950
26348
17123
22541
25876
16733
10130
13360
32596
32482
375
18797
18458
14166
6921
16940
25279
22781
24720
29796
15600
3106
17721
606
15455
31230
32362
30908
29880
31452
2387
3513
31191
28539
11974
26034
8760
18868
31048
230
19887
2140
20840
13946
1113
10860
13391
24768
466
23903
14489
7864
168
27356
21859
20183
23056
10645
8101
9992
19928
30063
29123
3569
1693
29411
12638
6519
11838
8612
10096
22148
9872
642
7832
15879
14932
21646
15282
31549
23142
11647
17579
26416
15159
29012
18835
23933
26236
27963
25588
20057
5416
6578
99
12758
26008
18412
26196
16483
16910
15990
29235
5266
2913
2330
13744
6687
23539
4
29274
28205
30434
18979
8815
5330
14211
24274
1010
10198
5388
19128
23039
25272
3728
15340
22620
12274
4913
6493
27984
7038
14993
10610
23992
20121
24969
3053
26455
30919
32542
2837
23918
18967
17840
2068
29580
25256
25717
1694
10920
23404
32038
7123
5229
19500
8696
17511
24789
29389
28622
26112
27129
24529
6317
32735
12840
19489
29296
20163
2102
31753
23997
26634
17942
21380
6455
4122
23979
32698
21749
20479
10204
22983
6708
3669
10727
26302
23368
12137
17655
6381
16345
155
1016
13923
331
29447
31658
2224
27518
26980
28916
14828
21944
7467
14716
763
10207
24316
2676
3854
16364
13887
10679
14445
19356
9223
13588
629
27240
3387
29673
29916
11192
4087
26356
15421
15700
18480
2663
13264
24091
18327
32314
15480
26871
17600
2245
1284
3088
17796
10126
10158
64
18596
8800
16616
21704
12974
21661
25433
9025
549
8404
3362
16341
3804
17046
613
14766
22691
29318
12552
16303
10533
4272
438
15714
3345
18716
14887
17458
26744
26274
21666
5339
10871
18431
28864
23838
25621
11049
16754
32185
18030
17120
7237
27798
19474
19078
3557
1859
4520
3120
6112
27042
8663
3325
31661
7394
14438
21415
14061
12973
16545
32087
5360
8355
4863
5310
31099
28680
13827
24417
18633
5561
9824
5428
4303
1637
27232
13931
22469
23289
29830
29581
13281
6492
6515
23498
4198
30045
7430
17806
17373
7658
6855
9558
23458
27266
19846
18115
16547
31980
31295
7148
6501
11050
577
5881
3400
17833
24719
16878
19723
3514
5767
2244
1170
28742
19393
27070
6631
22716
9530
32762
23936
12367
6066
7239
4032
23903
14674
24630
24511
22324
22162
3956
18254
8690
20058
2902
26678
18121
31079
11446
20161
7277
8433
28670
15740
29638
18571
10114
26170
31976
20298
10259
13404
30789
11305
9168
3152
2081
18860
10048
9304
13895
17604
27806
23181
507
4851
31092
11299
2607
21424
14956
12782
10234
20749
4450
17957
3397
29591
2493
14183
15304
11646
9984
11515
26677
8438
412
8284
7602
1500
9737
4085
13709
4765
27156
20265
30507
27732
11387
6038
29762
25138
12983
16283
30024
30755
6425
14871
2604
1198
2328
17268
4931
26141
10730
24549
22149
4831
32593
3819
29945
2346
10936
22558
21614
25061
17022
5418
20844
2756
13202
7448
19818
27573
24896
13519
27969
31611
30538
26842
7137
1944
8763
13419
9539
13169
8696
6560
32159
29357
27288
3846
2270
734
18293
26204
30290
10339
13443
4249
1189
12941
25057
25392
16911
2816
5550
17042
7372
21596
24606
22004
22478
23581
21965
10323
14255
25536
17491
23222
31721
1320
5400
19380
30793
13887
21098
22581
25249
12256
716
6525
10430
15349
20113
17510
25241
11996
9130
3564
13521
4112
19389
14575
14169
13829
10359
12597
13422
22867
2594
22447
21453
25367
21626
25597
1570
31382
26044
32563
17603
5668
29697
31710
31134
4933
21706
20290
9073
6673
25308
12262
2617
20445
30286
32083
6124
7447
8928
21784
10602
2674
12430
30993
27569
31043
613
27369
6481
15147
24470
24798
11297
19703
21193
30660
22319
14532
5043
17997
23805
25447
12011
13703
5610
18700
24569
17062
15086
27932
20912
3588
18570
357
14527
23398
3583
2165
31874
26497
15551
30534
25118
14013
3105
6689
28108
16696
17752
16572
28277
8206
19366
30118
26496
8152
29901
17636
19688
23666
17863
21981
17809
18946
26550
23667
26588
20277
26910
9587
9337
21708
8018
16943
21372
28248
15404
5993
6067
65
27649
21363
3127
1805
4052
3989
28738
25567
26570
8367
17728
21054
16862
23327
4905
27416
214
19941
18189
22791
3958
14597
24561
8658
5107
17197
24025
10551
30635
12952
10022
20712
5906
11570
22562
22995
11760
17405
12506
27302
21450
19891
5420
24467
7325
21677
21280
18257
12755
7171
9084
12643
30575
32757
6290
12700
4491
13706
28509
15587
24068
11638
30412
17204
13940
7745
350
10983
3680
31142
5359
4405
16819
20794
19666
29688
10091
28238
8735
10418
15507
8469
3662
17617
31601
2826
15365
23345
13056
26764
14895
13027
29345
7627
25934
23341
24077
2792
31506
16593
32142
27480
3114
10386
24175
17546
16474
13045
6064
10185
8398
19781
1791
19299
23726
13273
23012
16139
15346
27034
14140
16252
13432
18623
7400
27999
21843
4315
17862
27503
31847
5658
11232
10203
2611
30151
31460
21739
2029
29714
1749
21735
29652
26385
6911
7477
10178
21252
13616
21697
3584
7133
293
12706
6239
28672
10307
23034
11652
20551
18824
19485
132
22857
11712
4598
1713
12764
3068
17319
32691
17112
29248
7536
17370
7198
9852
11474
19634
10969
5053
22772
11224
9476
6053
19013
25613
20013
17433
30051
22665
31096
26937
19772
18065
27878
31637
24691
32076
2519
10909
26117
18387
24270
15194
32044
15751
1653
31580
9347
27815
30689
24564
11371
4898
11286
9635
10414
22953
15566
977
9571
17673
24694
18626
8978
20920
26490
29127
7704
28077
7874
5041
9548
17525
15229
10123
17378
4484
13341
3977
17040
27849
10914
26683
1008
17797
19484
31238
38
32604
18795
24277
9154
26029
19786
12300
5608
26911
5004
20670
10670
23420
1444
10271
32453
7619
107
24636
5468
29816
10014
31977
22849
30271
26534
24315
26697
18601
5149
1976
6131
8014
13709
12428
32328
12572
31739
2814
517
6126
28580
15585
13820
20064
18310
27855
952
16354
2338
29395
26976
7948
21889
358
20189
30258
1909
23197
13887
9783
1825
26016
19293
18342
30395
14430
5820
8702
7313
27007
22451
11598
11850
16026
18892
20994
24943
2729
22892
23293
25898
20666
2999
19944
10573
32487
7598
7625
5781
21895
7834
27607
7217
20134
2478
19085
13950
6579
8936
14077
21269
32633
6968
15463
13831
16977
16356
30218
17511
20117
14635
25402
22537
20311
7209
16819
138
31571
21498
25133
21904
11811
9762
11056
15955
8626
22060
15914
21085
23539
11410
29375
14222
9427
25821
7264
8546
6252
18189
19999
21879
10619
28731
4289
22857
10260
3709
16149
11584
8340
5130
31877
14574
9944
9631
31211
19601
25004
18465
31910
23520
27270
4483
23532
22020
21877
24810
26721
16100
30036
25103
29161
28069
12355
24549
24507
5233
30808
10877
3768
30072
15505
5158
27130
26933
26125
18904
29103
6643
13692
2771
9256
6287
5333
899
32045
11903
12615
20391
32660
4371
29041
26546
32018
23035
7125
32113
4176
26890
16778
3055
32065
4922
16690
7830
27572
17135
30252
5014
12325
28032
26635
23947
5849
499
3654
2138
25898
13576
31792
1371
1311
20090
2347
702
3903
23425
18713
21031
9895
27291
26900
8860
23387
13452
17503
4513
1754
22179
17820
22433
22261
576
26687
5008
31456
17811
28226
31183
9866
20902
7707
27216
24618
24990
7403
12794
19482
10046
14584
31567
27369
24748
14429
12876
32172
31608
0
24464
1172
26842
9925
16065
3014
1851
18689
5164
14950
17655
12338
1451
22517
24674
8941
31436
15326
26889
28951
18479
23371
26170
4184
10800
26941
18118
23757
21190
15580
32261
20989
3755
29196
29211
20495
17854
30784
8058
16698
23205
915
5544
13180
11702
5141
12611
14991
18200
1890
14146
11801
27685
26746
13693
6179
9235
29132
19568
26572
28628
30100
17979
15422
14650
8295
7918
23522
15711
18956
25092
11216
30276
18574
301
15242
18360
31119
2129
14569
29564
30175
21201
24663
6308
9038
9744
15679
16960
6334
21810
20162
18748
2172
21027
25772
3461
9424
20443
18598
19053
13010
23009
1965
2641
16256
1294
28610
32121
11022
7572
5603
14399
32381
30271
30779
7284
16239
15610
4246
29183
13882
30868
27415
29383
23099
5060
5421
19924
22637
6507
30915
26033
26681
1562
30647
19988
25232
21204
23438
19648
20280
7445
28006
25003
23651
4114
18987
6748
29830
29507
18190
13464
26216
543
31283
21565
21370
28967
15274
20590
22630
17445
12961
23536
9194
22966
17112
3284
28647
20486
28245
1879
4277
9947
32600
20486
3770
17109
3729
2342
32315
13812
14737
8018
2417
29018
7551
10598
24800
17490
27148
32668
1508
19602
8360
19957
9101
15293
21495
9691
27052
5676
31614
21252
7726
20206
12195
30617
22697
25869
25044
13208
7221
26131
25862
23415
17277
31181
23137
522
29462
23375
22073
22950
1551
25400
20801
12423
10441
1848
14843
3183
5640
29391
14963
10640
10827
7511
1581
24748
16729
324
17500
14459
4637
22699
27220
9805
31923
769
6722
16880
32451
30758
23067
28884
16910
27809
14034
19565
31046
2862
10190
18393
32547
26486
18075
22723
27571
3613
12000
10119
5106
22017
6801
2710
10138
22209
3685
20765
24892
10365
10891
8417
31888
20701
29593
27501
26378
341
10181
15984
24237
2727
29783
29537
29476
10665
8030
612
7439
4424
31138
31857
24475
21965
11483
28851
10325
7519
14880
16686
24896
14793
15522
10917
26916
3966
17562
955
26154
28122
24192
30552
9894
15531
6782
15950
1076
8944
10276
7229
32006
2785
23133
9140
30588
10031
10146
1432
25589
23948
31341
28618
12518
14958
26097
16132
17705
21008
4872
2052
29847
12986
31085
15341
8920
19523
14635
27626
2170
28884
10325
28692
20033
21230
26872
30102
29374
9391
6990
14350
11811
15441
52
27191
18518
25075
8158
4550
5444
10908
18634
23185
2936
1149
31474
9462
10476
22646
4934
21371
6687
25820
19289
7090
22375
13690
24923
24160
11401
23765
31815
19165
24199
21173
8285
20926
25529
7136
18387
10930
25119
7977
29640
29098
26614
19369
18809
7997
4745
29773
4023
24650
5962
1169
8345
4319
25377
29322
9070
24153
17412
4650
8949
21709
20680
11712
21457
23463
823
1982
7991
26001
14434
10687
17898
22423
2873
9416
12137
27528
15704
9934
14694
4511
8740
2425
7035
5474
16407
15912
13081
2507
7256
15157
19393
16550
25743
20090
14198
20794
27383
30996
19314
29227
10421
14438
5400
10911
14952
24673
23338
7840
2817
27395
16188
31426
8405
24862
4968
17157
16624
16475
14404
2300
23724
638
5905
19759
32131
10732
3125
4031
8994
30570
21996
21576
18366
11559
23354
7435
32427
765
24356
8525
24875
12276
29727
17146
15748
11528
17353
1934
15445
5420
32471
6197
28713
18062
2382
3377
845
10525
14071
2173
30687
15945
11276
25520
11816
24073
13880
29987
9516
17699
12735
12374
10622
22696
20216
9616
26201
17085
19460
9414
3309
19617
30394
1982
1527
6636
2785
26485
24980
10517
16546
16573
31063
15671
7996
19498
30873
5397
26618
3375
16144
4955
11619
23685
20900
15399
27312
29132
19837
11207
12163
12405
4449
27333
13269
15327
4413
17184
26672
5824
2049
31453
22047
20935
31665
6078
25828
3456
18361
4178
22120
21367
8578
3630
4216
2720
19266
9593
1581
2806
26904
9646
21932
5219
11352
26525
28176
11488
18724
15539
20901
10717
27196
25468
18519
26851
5910
9574
5738
31608
16434
456
2923
19011
26024
2594
32102
29552
3075
21415
1113
26710
29521
8696
2537
3671
17531
12083
340
26376
10451
13612
23463
914
32748
7162
3121
18265
10158
29110
12599
15835
2729
3967
13545
2010
26794
4033
31381
9149
3468
31159
27675
5428
27217
17967
31649
12315
17522
8590
28039
2721
28530
3859
32413
23209
17593
20832
14996
17008
19872
15414
5811
20592
21449
21376
9419
13957
19377
23443
29293
31823
19848
16052
26714
12503
4160
27610
15931
24437
6884
4790
22163
19441
8235
24817
5873
14824
14413
9397
4202
17265
27925
30830
3142
769
19511
23506
20730
5260
29669
24095
13143
12781
19869
15779
18432
28296
27461
8322
18721
22062
14969
19124
1118
29505
548
30029
25866
24
24141
11009
28314
18340
11828
19943
15193
31060
10398
10877
21341
29751
2669
15341
28601
19809
4979
1422
32244
5519
17800
9646
30650
8718
6618
1423
25298
23768
8325
19119
3408
24577
15972
27980
23052
24657
32038
6184
12626
11059
8612
13706
27099
15309
31857
19845
15868
11121
10419
6524
8478
308
11570
28902
2414
9436
13231
29519
470
30976
19063
5023
6187
24682
25656
26783
31656
12992
2578
26297
24475
25700
29681
26368
30302
26008
31515
8048
6281
31974
6917
28790
27750
8383
29803
11187
8613
5218
1695
14333
5457
19455
4898
13990
29187
23580
24433
3585
8278
30777
18721
32035
7066
17583
24622
7399
32461
32734
31633
29237
24007
18055
31760
30083
16052
30583
12634
13211
18375
31334
5459
27551
29997
28190
20909
20043
27456
480
17336
17019
14590
32259
29307
21229
7865
16350
11011
10567
11535
11496
14075
14940
20509
24862
24957
1963
6896
7333
15912
6696
26428
13489
26227
6720
7505
2981
8512
10519
14410
21628
10421
24340
23176
9575
583
5023
1631
7607
7447
21033
20238
8958
10882
8301
5621
31089
25843
31222
10242
15249
14588
9442
20333
29963
1190
17381
11685
25820
24837
18833
29066
10936
10767
12500
15836
25517
14510
7874
21491
31236
787
20884
22193
11368
5966
241
14774
4170
9243
4973
12498
4995
1023
19792
13248
16699
32404
23704
27153
19978
13345
26177
4966
12126
26478
30915
16354
16925
6615
2013
27871
17547
11678
21905
23008
10093
646
27760
10695
31343
16541
3863
9289
30659
17753
16634
11166
29451
26342
19552
14973
12153
447
27055
32327
24884
1148
27626
24963
24062
28138
5752
6794
16661
29025
39
4739
1622
13650
10096
14482
24744
24608
7165
5453
20376
26417
24936
12912
14401
21572
28486
10961
1391
29957
29284
30358
4868
10462
13136
18341
26778
16657
17947
2652
1897
9988
26462
24195
20331
15579
10875
7294
16319
11340
23845
15047
5708
6063
17443
10140
4774
24917
5456
27381
24629
32027
21223
9401
27540
63
27645
15153
10039
25458
17999
19901
849
11054
5438
16326
7412
27209
8728
28659
26746
21195
27033
28576
23333
18685
12978
20108
22530
11458
648
20177
25619
19754
4544
5402
26028
14917
9978
10512
29470
26933
31387
23061
29843
24199
2000
23605
7481
21188
28368
12633
32675
1346
19553
12990
16748
12608
10909
20134
12829
22834
28406
20046
18768
23642
27000
14367
20502
2712
26958
8744
14743
10883
31368
2252
28408
9656
12571
32184
4738
20339
9513
17177
32256
31068
1155
9995
104
19107
23917
13140
7870
3406
1697
1362
23606
26066
18582
25138
19865
10465
11265
23395
31721
17284
4509
5962
23112
26985
30503
4664
21270
32126
3501
27545
12378
26815
1289
4974
25443
21323
12457
27645
28591
29630
27025
13254
32011
26811
20898
19386
21756
20680
23580
11688
20318
5215
16226
9976
29259
5697
13309
11163
18750
15886
9444
21826
14200
4371
13562
25294
18851
19811
15833
19464
19126
15145
11214
15763
8216
10300
23332
4383
12552
16884
23206
5598
23868
16701
14175
15676
18120
7401
13732
32715
29506
13899
6997
3708
2084
13313
28511
9237
9841
32529
21125
2783
10652
5688
21857
10911
19877
11134
28581
13000
133
16398
31911
13551
25292
12869
24861
17279
15241
29193
15908
26798
25450
20316
21896
2480
27428
5936
831
2602
277
29309
28726
17385
23080
15250
25169
9940
8698
15785
19885
5407
13883
4797
2856
20418
12630
5024
22563
1834
2132
3656
902
25646
16381
13929
27653
7492
32065
1098
13218
27637
29911
30161
19571
30350
32292
26079
17062
537
19806
28132
26562
139
6385
1450
17199
20287
11810
21877
27641
14755
14578
28238
12241
5170
17221
23708
11093
930
12099
18676
14225
17502
12543
6962
20677
1590
2902
21449
23144
12373
5147
3927
25710
8564
17265
26749
21959
16462
21111
11245
8232
28756
11563
4804
24845
16033
15240
30491
5119
23344
17906
14040
14866
12877
30932
14538
6835
14921
19336
18422
416
18802
20087
14635
7736
2114
9345
3805
26613
21463
11167
3888
11319
9379
6342
82
10563
19813
2831
32526
23179
9816
23062
9118
23088
30890
9119
26817
31685
15919
23680
2318
1110
2391
26811
18056
9128
10590
32490
20594
4803
24258
23264
15205
31662
13306
909
16287
3706
20069
10274
12702
26497
19329
22646
26862
10992
32349
7336
2367
31107
8529
12295
25018
8848
20460
25390
22165
14151
23854
26995
2277
25400
23031
5507
12468
11798
24512
18758
23892
2746
29577
7433
4082
22378
5394
475
25710
13148
20046
25399
15467
19830
22293
3044
8354
4184
8473
21018
19579
20380
24603
20198
6110
23132
25183
9423
13126
5877
19805
6586
27160
3083
4793
2059
24372
31438
12661
27405
30665
28283
5990
2708
26733
25893
14052
2529
6253
30133
9414
24005
20321
5936
21134
28170
24836
27960
14560
26126
19267
15830
1593
30897
31380
29814
9693
7025
10377
22067
13073
31956
2213
19285
11403
14855
14190
25112
31783
6084
8131
28336
9947
17016
19056
27785
14573
22950
19456
1235
16995
19078
17619
24126
30652
15859
10096
6658
19165
7556
14619
8739
4174
29688
171
11507
1190
11479
6038
6616
17988
30550
4430
2895
5952
20603
27856
25137
31649
30851
17529
32310
2001
22401
12316
26551
29518
5447
3411
18104
17313
26761
8722
19237
9108
24896
19842
27228
15008
12877
15116
5612
6309
15967
19379
20380
2526
27670
10664
16048
26387
1385
14872
10855
13840
9797
24905
32200
11863
32374
19685
14494
30226
27339
14486
29122
11083
10613
24786
20120
3423
11697
6137
5084
23216
22183
12701
13215
13979
3473
14368
31884
11178
3871
8325
20080
7690
25626
28800
30714
16959
19785
2767
8639
27670
9873
5581
27264
18907
1375
12357
6320
24525
5707
26756
1329
22479
32245
10674
9055
31072
16691
4962
19023
24013
30831
28519
9048
13477
21066
14825
25043
11374
10629
28601
10272
21398
12834
5858
15850
1453
454
13697
31659
14545
30562
10966
3954
16233
17938
7834
32484
21014
10054
31379
2688
30182
30751
8807
22056
4811
17948
23982
31453
20044
3829
10314
26059
32379
14279
23803
10373
18727
32626
28206
7825
17234
28735
8470
3111
9445
5319
32510
6710
25763
29712
28894
21416
20572
6392
14636
2023
30051
10455
16372
13984
27970
19808
25899
26823
25259
30152
19777
6875
25266
13099
23541
7275
20026
13355
20845
2265
32685
9178
15750
15710
30961
28634
15721
28750
11671
14786
14175
19869
15701
30660
2278
15523
12982
2189
23300
13084
6672
15981
4315
14707
1207
9656
1150
1088
19568
2668
1539
18191
11048
275
20697
9315
31462
30443
27484
24314
12799
3397
9383
12371
28553
17451
9385
26734
11281
14405
17020
15059
25233
30718
5361
23765
17820
13282
29040
22808
21724
20042
19711
15441
26302
3644
13216
32589
31340
31117
18912
21045
26108
6728
3245
11536
13542
13140
17256
18825
19132
10320
22587
27122
7701
7362
2733
4490
8139
3697
12403
4603
8806
28431
30857
4647
21975
283
25730
29220
11114
31750
27677
12421
13814
15253
32536
13532
23126
32390
22857
9085
25629
30838
23786
7812
21126
15106
26421
6169
29098
14893
21297
6642
5110
28673
7883
9754
32731
25466
26152
5361
26055
5791
10554
5237
29269
8178
3985
11455
20673
29450
7796
28112
12702
7295
5425
10894
10699
29958
25521
25866
32163
4061
28495
20484
11380
26730
6634
2481
20530
4895
16185
29628
9581
30112
7263
19594
20353
18984
21952
28098
11533
29225
3858
21517
20646
23602
18871
21530
29132
278
32074
8422
27164
15435
7800
1850
4808
912
2065
629
5701
16850
31326
3723
2627
22865
9398
23374
26082
4351
27980
17644
10275
28968
27467
13753
17052
21336
18213
21807
7281
10618
29991
10291
16767
16445
32338
1690
4570
188
19302
2540
1402
30045
9791
22888
22577
5625
25956
30536
12768
7998
30174
29510
7915
31058
14150
9822
27882
29113
24098
23510
16290
19577
20594
2940
29235
28796
12421
2351
6290
13109
2577
19872
13626
1927
21891
15450
30495
5090
17812
2816
5092
29615
4893
11734
4685
10222
15148
28035
6391
31517
25431
2582
5447
23644
22608
3910
20128
30160
23226
15870
14809
581
11835
12057
8430
9751
7891
4970
29429
20306
28780
13567
20564
24856
27826
7590
10034
11843
804
1713
29739
1868
12139
30199
31560
24428
6635
11291
3374
19712
9881
18449
11413
26930
26124
17373
10236
21206
7382
11934
31643
22674
21780
18380
3994
3650
11844
24510
9856
20890
24407
8559
4078
525
7943
10625
29581
28654
26219
3714
18501
18134
16841
15983
19376
30533
9131
21878
3534
25484
28213
20992
25850
21482
9909
18927
24092
30197
1916
1316
32033
27451
25581
8517
25000
11050
4819
8893
9214
15405
21240
5892
32333
2072
24051
11296
5648
20422
7489
24940
31178
512
13719
13720
9976
31137
23671
30193
11332
26360
11266
4834
15355
26734
26893
7611
17089
5737
28534
21426
22148
1648
14520
23080
4526
2447
12478
4141
11935
10749
19701
6469
30554
11260
6565
1388
23934
5633
12673
14937
20089
1045
21373
512
6136
19067
2783
25178
28833
11155
7577
8808
30981
9470
13526
8310
18640
6147
29651
23965
23619
20785
28912
25227
30181
13126
17671
24967
18549
2384
9468
14767
32034
17426
14741
16260
27135
9897
10636
28329
3249
9840
2531
26856
7530
544
10360
26230
19996
21564
25817
31608
2534
9388
2905
22213
18643
15783
26212
24046
19395
18391
31247
19068
21673
29112
7667
11384
12023
9794
26940
30257
7255
5831
9469
30009
31132
7198
14535
23729
12280
13057
17785
17606
18031
6068
25177
17276
10123
17639
12388
683
28498
23006
14307
30534
21877
11215
17471
7651
1994
1676
12822
24696
2300
24673
25486
2403
26498
1344
20202
26542
24781
32027
23387
2192
17606
12690
24
10807
11639
5838
22960
19396
24328
23469
10655
32408
25582
25887
29728
23758
14687
6352
12355
18696
8201
15111
15935
23407
25859
25550
6153
8181
14084
20307
28710
2526
23507
3470
12989
16510
23038
21796
7408
10564
27343
32139
24172
21239
18556
25711
31039
9792
11422
16981
21483
32617
4836
12927
12728
5476
5129
29199
1358
21007
27907
6767
20866
32694
1662
23279
3185
28633
4232
30128
14539
32560
1678
962
10610
6893
12167
17545
9028
11073
28271
31845
20788
1825
30455
9873
16032
21834
14971
32332
19423
32387
8500
9015
20761
5410
25519
23807
25435
21969
6269
16955
28650
9618
18989
18072
8664
12545
10615
29747
17878
4313
12218
21574
8265
6074
17833
19207
27040
11562
16960
27341
25828
23001
22014
629
17552
26921
13902
27396
20900
17389
7494
22669
2293
26737
29075
12886
8903
9148
10932
13878
14493
28689
17767
27457
32080
7356
23649
10152
15199
8971
14658
11738
3462
19610
29128
9455
1426
3795
25923
28743
13683
16310
11849
10862
20115
2006
23722
18243
19302
13732
2982
8538
22339
22000
10334
30366
26738
13741
31881
6203
16518
12533
20840
20923
18156
29517
16124
19310
29125
3369
31606
27664
12529
691
16111
32166
3948
14280
3929
6569
32478
23875
2230
8294
365
17279
30088
16293
9686
13847
19336
19593
2492
17648
24730
29879
22080
7802
27649
2746
27345
24370
10191
29095
10821
31340
9888
27644
7721
8271
12680
20942
25686
17697
16970
29220
6853
11717
28107
9118
15781
9601
21190
18522
11178
16645
24768
18711
17575
21161
2879
19355
22111
29687
15671
10323
19353
18537
8389
25402
20850
23923
3871
11259
26359
19396
15564
10586
2803
32202
30224
5072
31750
16244
32683
25461
16119
31547
28611
5412
24395
18531
4894
19161
7703
11902
12948
19293
786
16947
19652
9510
1006
32573
6151
30840
13801
950
24738
11473
15775
4246
5952
5508
28962
29559
9119
18852
24652
15771
20361
13091
14164
27695
24070
6459
12192
26065
8912
10765
730
29009
11783
18313
5190
2484
24614
7053
17491
13183
31286
14161
8816
14130
32321
16898
28960
25874
29706
31405
12369
17963
26107
4447
8682
24214
10847
7051
31907
25848
19665
10155
16665
4939
11252
13354
25890
29921
8037
3458
18781
21925
14830
22434
11534
13989
31741
18066
5161
27597
2644
19033
21421
18165
15617
12831
14387
29727
6801
2703
31431
27385
4993
15231
30710
6570
4597
10451
23848
11466
12716
23198
16433
6322
13364
28811
21794
18423
1370
25724
13925
4913
25573
24688
29449
26113
644
11178
22362
13650
13572
29456
9141
10974
32198
28881
9626
10740
3953
14154
26371
4473
5860
9003
26612
24366
24943
14549
5716
6192
13122
28935
30715
6853
25125
14522
15116
15701
2154
10313
8325
24247
25632
13781
29972
19375
13962
26344
3117
7604
14288
17752
29017
30454
29427
7023
17361
16287
7686
15176
28747
18521
17052
21884
15636
30225
19069
8959
23647
23291
17565
26180
30941
24791
30286
1960
28813
26738
3252
20749
12758
623
633
3269
28371
9543
3523
2995
6894
1167
10851
22188
26288
28026
5200
3875
11735
19614
18003
17158
2985
16635
20739
14307
2441
24633
7668
29007
7112
4145
29484
30344
24765
6575
19158
7001
22040
22646
21307
20542
30835
11397
10989
15817
298
4249
11589
12100
13933
31219
25360
4248
403
25947
27526
878
16305
13669
29052
20371
108
17907
218
12961
9995
22779
20558
21212
8657
16523
21314
22874
11145
27146
10252
30567
19298
11968
13925
23335
1789
3481
4637
22397
31429
12837
30221
17196
19583
27876
27468
21308
11297
193
28838
29856
22248
27100
13897
26901
20645
396
16834
11085
18264
9125
3624
24141
21759
14582
31895
19476
5040
19222
10464
14205
14310
1377
30335
1382
9497
18237
27086
274
12433
11170
8568
16332
1659
10713
1071
26573
25917
13187
30370
24160
8967
29662
11689
8516
12714
5188
28867
20306
5294
10740
24771
9311
32158
12565
5830
27748
679
14584
12136
12765
9058
9630
5688
11118
4077
10874
9577
11468
26176
25207
28106
7899
22974
10557
15096
17172
30987
6576
10193
17962
1566
21946
22317
26093
5271
31563
9417
11886
25170
27294
25220
4708
7740
16829
30158
25294
4453
12615
26973
27098
24151
3697
18209
11526
19111
17995
20091
6789
18121
5701
23210
9700
10280
11761
3462
6125
18806
7690
4720
5580
1345
14518
3465
9072
16072
18184
2850
9524
27916
14281
884
9407
23594
11128
18065
23848
6375
