12689
31531
17389
19242
23126
8659
332
16967
7576
15242
29168
32318
27201
21796
8877
32427
3923
22563
4937
20294
2164
13613
1830
9725
29609
4798
18720
10054
5218
21531
26297
17587
1975
3207
9844
27078
3569
12984
15742
27400
3404
10380
2195
27477
12795
27385
19488
11130
20333
32322
16293
30722
26319
27249
26718
10572
30418
23553
1826
27105
30894
15579
7563
14085
11879
22916
20055
20364
9806
26260
7438
1263
6092
31338
20709
8863
32091
20254
32483
24473
4053
24759
32578
3643
1777
15262
21016
32342
17162
3923
14135
17796
17443
22879
32081
25020
4649
15498
19552
27171
31351
22605
28484
16933
18080
13450
24750
709
20584
5499
7998
3633
5907
19433
3304
410
14819
21918
23964
31042
31708
25116
22822
23255
13514
3983
29779
6655
21381
29697
1365
11060
21876
18125
5992
6354
22352
15958
8630
28270
9002
30200
9592
28266
24496
28735
30559
17862
17580
2391
14386
12857
30925
28100
16568
20097
31914
26963
1240
30967
18180
8785
12799
2150
30283
5370
3266
17181
15204
25396
20933
19523
25002
19582
7643
31595
6195
25123
8558
21096
24660
19379
8994
1379
17767
12211
5557
18731
16843
5268
17706
23499
29997
19938
24358
31586
4102
18878
23194
16175
6245
21134
674
1772
27631
6387
10413
29789
8996
6652
16863
9000
14820
13721
29619
4839
8497
2386
21477
30588
7734
25400
24463
25508
6792
24860
28050
464
18861
4096
8247
20272
18395
8139
6678
3344
5633
32577
31287
23655
5900
29745
25464
14253
29283
1008
4910
16110
32691
16391
19215
2589
8178
19241
4688
30122
10142
10856
4618
7510
15942
13992
4322
31047
22348
16979
20969
20823
10217
18254
23233
31410
15985
12588
25858
5024
7897
6050
32475
12703
2166
32059
7933
13749
18695
26189
12212
15108
16630
23596
21847
21407
31963
12445
29667
1948
2114
5518
14307
19051
23982
23812
9875
23142
6110
30036
31044
16040
18510
30102
18434
22307
5889
20055
18293
13037
3966
29326
7685
8411
16153
3281
5185
11857
2163
5321
9346
2136
20548
22756
11723
29425
26456
20553
19956
19114
21976
18705
9992
17518
27595
18100
5099
24481
15068
9409
4160
15981
23902
20947
22409
22614
11917
14016
32656
15125
22551
7699
4615
19875
22747
12221
26987
18836
26864
21767
21806
24230
24297
6347
18708
13466
31319
22500
7134
16194
14224
21987
6438
6364
4271
2563
27274
22174
20444
14432
7180
2962
22222
11107
16313
28068
32653
8577
29833
20730
31357
17189
21639
28035
19864
13546
3633
8915
22779
6670
11554
11822
1188
6948
21998
1762
31610
17672
31054
21722
6029
21528
17021
13681
25504
16289
17633
17028
21989
6552
11502
4043
10247
5771
30792
4713
28781
20950
31015
9921
24766
8730
10496
10380
19872
4587
3682
20776
25542
20681
14878
20531
11817
12370
8106
21081
20885
437
19655
27242
8552
26474
17506
4272
29079
28449
184
11391
18929
2040
24766
23565
24232
10480
1216
28292
29197
15266
24136
17494
923
7982
30529
2513
28727
22389
13404
32755
26550
15496
5811
18303
23456
15967
16557
25168
19251
4303
16929
24302
4267
21430
28606
25183
5057
2937
18858
1088
1394
32176
13673
12564
2305
17951
3841
1755
28223
14313
21851
24551
24842
24320
30189
32747
12820
13792
31638
5973
7398
25469
9417
4317
12068
5497
9454
23902
13586
19099
5381
12773
20311
8573
22413
27656
5633
32644
29604
4218
27850
9237
11119
6108
27801
31750
20924
32213
1612
18771
8934
18020
17077
29459
9465
28021
17378
4522
21271
29875
27554
2879
6171
926
19268
21617
23675
19933
16546
10565
11123
13269
25695
21091
13152
20858
11628
19075
9578
28517
28113
22562
14437
2600
3242
28537
21241
25566
8559
28847
8449
21510
21625
5710
6194
18833
10434
10228
12285
13113
4845
17739
20662
16917
390
23866
15861
14954
14986
9565
61
18117
12842
9651
4571
326
16076
11415
21265
10047
20051
16114
2420
11006
160
22702
28307
6118
19288
4462
4569
31941
2792
31100
4533
20577
9415
17154
28663
1108
7931
2942
1406
14874
20703
22896
22800
20073
4387
8789
23945
11968
1300
27865
23352
11587
29982
25417
2182
18118
19087
27207
5592
3880
6813
4033
12471
14306
25259
26148
16943
25823
22984
8140
27764
17295
31609
32448
3020
6199
12216
27804
16040
13707
13372
20174
14612
4734
11003
27397
26450
29273
29166
28647
9154
21258
10260
30211
1030
5567
953
3334
354
5556
24056
10545
105
8521
6015
1290
31702
2392
14994
19282
22200
15045
32339
7480
6610
5719
3904
18636
8257
31430
16637
17334
30559
13589
3412
15912
30184
19233
1146
25105
20059
21627
4755
4756
8355
21875
15993
16312
20215
20597
17849
8801
6655
409
14815
29823
18488
30837
756
31109
23705
1078
27460
27421
8311
9711
6245
7705
1190
32048
5492
29613
7649
25307
21154
27356
16491
9779
15855
26161
32503
8246
22838
31151
4294
4397
29034
21770
25359
31873
23327
7704
22947
30416
22604
20354
721
6720
2895
28607
17031
5395
6961
13379
14523
1660
27948
25843
26377
7601
5994
5085
22942
12098
28944
32038
22356
13481
25467
9027
23838
27170
24777
31596
26791
32445
9116
15950
22070
2737
7194
12545
21973
16371
11833
31289
15282
2311
9529
22464
12229
2583
114
18468
179
14402
32079
31917
7667
31542
667
10129
32047
3329
20731
31339
28397
3108
7356
26858
9838
29673
29903
966
30934
28407
6930
32761
6030
14372
12754
15915
18919
32138
25229
26222
27136
31197
25084
27691
10473
14332
30032
3676
24072
13509
23741
10236
26044
21294
18229
25788
21313
22161
13174
11768
31188
22344
25158
25577
4375
25978
15869
14108
30902
20020
23365
13859
24395
14012
30494
25482
20607
546
5669
26637
28274
13591
10517
13575
23134
19458
23182
11054
4215
14161
27157
6526
15125
29197
14429
10355
16660
26290
26820
1403
4987
5693
15393
25259
32349
13702
2237
7857
253
13520
29599
10506
28981
26015
20237
30325
28185
13002
16975
6567
26071
7888
7862
21568
13026
31855
1501
13310
5199
5491
17711
4144
1407
13261
2729
31598
14590
16612
22241
32136
15019
28464
20552
10684
32025
8708
23468
25900
22070
1963
7681
29071
12074
6583
19296
4134
27522
30614
26448
20721
19342
20326
23109
25124
19975
18698
102
29653
21749
10110
5523
1015
4560
5223
8871
9867
31974
18927
20474
7701
23548
3791
16683
22605
7224
14509
24092
8984
831
10409
11581
11702
31642
30259
8974
10813
94
15391
2783
9030
27660
15355
27866
23014
11958
19360
5444
16352
12131
16647
8448
25112
23733
20574
13141
22347
12489
4187
14577
1790
11359
6353
23597
23732
3387
28545
3730
15204
17355
14130
19356
17706
27657
21764
30911
19261
19875
1
1704
31265
10073
28405
14277
5662
18855
6271
12295
23536
17573
14697
12775
22976
11563
5429
11431
21587
15672
9464
32730
3202
21397
10348
6182
30954
5813
19776
18761
18404
16096
24754
2394
15800
19345
16224
29009
17165
10268
30555
9930
14244
915
20606
4870
23878
24555
12030
2867
28411
7259
1089
19949
14461
32517
16884
31236
16876
472
856
25216
25539
26293
24796
25570
22283
22224
8689
7853
5583
4442
16666
15141
8143
27997
30274
6743
30584
13031
15187
6233
27412
3946
32516
17363
32319
10595
31219
11966
1946
5946
23027
15468
22211
15721
14247
4297
30340
22497
2640
1248
24394
12969
3555
17569
11737
21961
20319
31201
12863
10342
21341
10402
27398
20270
2792
8341
16558
18935
2704
10205
5467
5282
14266
17174
31946
20294
24634
16022
12425
12683
28708
23794
5224
19795
14814
20164
24363
25760
1146
22444
15233
22194
21571
17557
30010
26735
8598
5946
1716
27656
29172
2792
6806
3034
1876
22149
21953
15506
6590
20433
32132
6805
20245
21484
19983
13983
25909
6425
5419
5545
16958
19905
25896
26641
24366
10427
29718
15349
16566
20170
31544
11999
29254
12647
10933
25256
14187
19137
1425
14742
26458
23299
14812
7624
9933
2773
18729
22484
29709
5925
5442
14510
14672
27175
9498
6860
22854
17818
13827
32391
27119
25166
27937
17861
4527
10467
15647
21205
15012
26579
21536
3738
4151
10931
9721
6636
31473
5813
26269
11835
3729
28786
2264
29045
7771
12006
5441
16682
27570
16316
28010
14575
8937
24780
20313
30720
6743
13027
11580
27177
1961
27074
11608
6118
8060
15721
26179
16841
21292
149
11091
19228
8422
135
32086
14280
10757
4615
29571
16757
923
28585
12465
18419
30029
19791
14535
8408
6757
17647
14964
2667
6434
150
8480
17857
25682
17837
802
7206
15139
17788
16435
21439
23351
22252
25634
22381
6390
32145
8650
5619
21032
25063
31298
23644
28355
7900
25683
12183
25601
2191
2095
26981
28086
20568
25439
7285
29153
10760
26878
972
17025
22130
29221
363
12714
14122
4774
28716
11223
20364
9725
19694
19586
22272
10371
31473
8434
16509
12517
10115
3413
23372
7637
4317
2062
28943
19455
13384
8016
1281
26687
10116
31980
6271
12817
8553
23655
6344
16969
30159
10064
23041
10756
2220
11216
17276
32222
31868
8579
4409
8549
8166
28806
20141
26318
24220
28370
28355
22247
14723
1992
9505
13645
2580
524
25772
5343
5378
22423
10062
4210
12316
21512
25335
31687
32630
27963
20449
8378
3523
2589
25625
23739
17414
11199
10299
12930
1130
11433
18812
9215
27757
2672
3310
26768
580
28043
2048
21367
20859
25442
16964
32395
15069
32424
9334
3373
31635
20971
22713
7038
12176
30825
35
11728
21292
8486
24956
13402
2062
20539
30019
30511
8528
19057
29426
32369
15070
24334
17284
19137
24607
1007
32051
29179
1496
30679
19590
29728
23373
24327
28299
23700
13993
3599
8289
906
8351
30435
10234
956
17234
27697
23071
14431
16498
12018
16821
22358
12968
31296
19518
31654
24117
359
8099
13354
21718
5182
32048
27272
4330
23992
21984
13923
19414
28854
29659
28882
5033
5919
23869
7185
25596
5939
21529
29559
17949
25372
6078
14248
15468
26310
19256
2828
32004
26609
9498
29312
16286
11397
19579
20043
8883
23333
1855
24403
27617
18950
7576
11409
10128
12290
5835
23746
27605
27624
13112
22623
17047
22039
18325
18384
32496
20555
23930
16861
469
1974
15650
15973
12794
7507
17520
8530
10992
10359
12080
29132
26512
18345
13472
4525
27549
13235
7726
2357
12453
2297
15236
15104
23080
15114
22466
5172
29949
26229
5130
3327
17904
29918
19266
3393
27568
18256
25365
2437
22505
23253
11835
27702
25517
6980
17403
7952
792
22619
28910
18644
23604
4365
9477
4928
17690
2333
717
3390
27994
23788
29682
32092
13981
1936
26371
14460
137
3877
6772
20684
27621
19304
6377
12537
22782
31362
19122
30624
9545
6177
16529
9990
27721
10957
7108
32008
20403
31610
14143
1877
2769
27481
30266
18394
21796
23540
23531
32126
22605
23930
20629
25872
15662
5975
14273
1661
5196
7944
15307
25159
7543
12590
29345
4914
12974
225
16328
14401
23101
4422
6048
15072
17448
19812
2024
17763
14028
21043
10628
32175
11972
7926
24446
22583
13834
8139
1868
5931
13918
18049
32337
18923
19180
9641
8358
24770
21801
16880
9497
10449
22782
3500
31350
17481
25640
17076
2566
29406
1247
3701
854
15992
5045
17474
5433
24619
21698
2540
14352
29033
13310
12947
27977
15734
8430
15291
6182
18205
19843
8354
21440
22178
21567
30674
27211
9207
2457
3826
20891
28978
31907
30945
20711
10559
27370
16902
13262
22226
11165
16097
11927
1952
22002
10470
22461
28623
9926
32140
23211
25003
27012
21409
18372
28058
26695
6880
9638
15954
10051
31173
10160
1353
28513
15776
11714
2925
27689
4329
28995
14870
24805
27603
873
12345
14595
29475
180
14302
30652
14659
7612
12244
19187
5522
28973
15779
17760
1535
7952
23490
1005
20182
18764
6154
16992
19673
26988
5739
9019
11667
30626
11230
12000
489
780
9626
19961
24306
7991
4235
17175
265
19170
5376
26521
9504
13316
15012
12240
3159
32016
10415
14945
24013
26487
13917
28394
23221
1902
24480
28648
6317
25843
29201
25560
13900
11786
1581
22940
15866
24141
6334
19489
11013
32675
22679
2367
17649
26704
31876
32736
17679
6702
13697
14693
31313
10041
4394
581
24412
16209
24691
1527
22239
19260
30361
25107
547
14571
21593
29876
26084
23806
4959
27168
20832
3466
9729
19883
15277
23065
16173
8664
2895
1266
30368
17346
31754
8603
32089
7610
5877
31901
30286
27954
28880
12423
18269
8154
8855
3125
30341
3080
12375
11858
26454
2141
21057
31260
3238
9894
21501
18791
25222
5632
32321
32741
17525
28736
16033
25508
29651
30353
425
24280
25240
351
29481
3803
5701
10100
6352
17522
14107
24673
31484
22866
8075
9760
20433
32483
32751
23031
23689
27203
27255
28831
266
398
23398
10662
8638
28253
4478
22034
25503
14732
19128
29255
28305
21569
14649
5931
10741
12841
17538
1671
10107
22789
27367
22193
12343
2406
22338
360
10232
25780
32488
23039
15061
13429
23516
11966
2312
14028
5955
6533
17664
5184
14360
17330
30641
25279
10785
8517
24367
23011
12578
26434
7035
7284
7248
16727
7580
15149
19976
2751
3314
21699
27585
3686
5832
30499
19008
4686
23592
9723
27147
12849
29171
10877
6175
19816
10033
4192
1765
3083
1445
29735
29539
16218
16548
1701
10927
8539
1576
27073
938
14277
26145
19063
8426
24093
17419
23583
3832
15135
1733
6386
4796
9567
31393
27594
15413
15152
6584
10025
4462
12741
11904
28029
26029
8086
1184
28322
12525
17925
7170
7849
31630
7746
4650
18904
12876
11628
13767
10737
30318
25593
30856
24760
15935
3159
13105
31663
22978
3283
28654
25892
12194
187
12007
26221
18024
27839
22804
8051
28144
4765
21843
5997
7454
10238
29624
19182
22477
29850
8996
23330
12552
7075
9497
16980
15741
5217
13260
12724
2606
5658
20092
31832
27498
31540
8195
13184
14332
24477
13227
22558
17570
32363
27714
17814
13249
4800
29041
14786
27990
16369
1865
7737
21296
17639
1055
30417
1373
32453
22682
6498
19170
32458
24074
4813
29359
14202
24315
23869
16593
1272
3595
19373
15338
5303
24312
20139
28382
28753
30205
30299
29392
12215
8543
21950
21837
5771
4419
11060
11974
8394
16834
29248
32068
17070
19263
17036
5975
24531
3320
8237
19279
15768
26076
8487
32431
29896
28573
3124
25055
9850
28677
21697
3105
30773
29837
6202
5062
7000
19500
135
30370
25529
21357
12247
26301
12685
18116
6556
20299
12936
3874
27862
9695
15941
15559
29589
23515
20967
9304
3001
1067
28417
21041
7421
307
25011
18428
12340
20229
12822
14466
3026
15832
17626
13762
31149
12470
28462
1344
6661
13428
480
3744
26562
743
4038
6259
20990
18005
29532
18257
3779
12586
22446
4904
2838
15852
18553
9939
7220
11121
3469
24047
22043
2384
21877
21738
11084
26773
29530
16220
14800
1209
13349
30875
27001
30929
3812
650
16234
21765
13423
26289
2777
10308
16971
11667
20244
21046
7374
24635
3778
12658
13444
18457
23660
498
15058
24844
21564
32707
2521
12736
25348
8705
17309
32314
32385
515
27751
2225
13026
17107
1128
21664
10628
3297
25758
8217
3328
29176
25340
1884
28263
19824
453
1704
4044
29862
11833
20049
14339
19369
21107
7443
29609
4662
16018
5286
26468
31975
11543
15506
5996
28327
26254
10053
18507
26217
18545
28003
23777
29978
13129
29533
21930
20435
9238
11589
21828
21076
31985
21729
20011
1454
16624
17918
15816
32575
18250
29958
6314
11235
10683
13269
19475
23401
29226
14537
30902
8260
19338
7192
19135
22403
14846
16231
4884
27908
7744
21400
1498
12260
2115
28899
16956
19257
7447
29992
1895
14084
5134
7299
15065
13665
3869
2082
9180
12289
21124
10067
77
2522
8113
14049
22178
14621
14178
19105
10540
15721
18187
5448
28312
17982
17783
25215
29628
7604
689
30522
2705
11117
28453
19525
10875
9160
24067
22303
26065
14167
18148
21772
22681
22164
19120
19558
29843
24015
32703
14388
20090
15723
18750
4606
20614
29258
15829
11743
30261
25222
24966
7387
30027
29282
14041
2419
30743
25984
27446
17015
19705
24660
8850
26652
12065
7640
9806
28494
3225
11649
31579
28487
28038
19826
9123
28001
24747
13553
3748
6952
4398
25367
32094
15028
27039
17867
23920
7478
26678
19697
24446
28624
2140
15838
19669
19114
25965
23311
24658
13890
31421
13339
9856
6915
9433
12775
10496
20250
18447
13081
26926
13957
16432
19663
28161
10604
32148
912
26931
5301
29535
4227
14242
2259
15107
1758
16631
10974
4358
28066
31365
15337
3846
8582
4468
10896
18170
4912
30
25296
9146
13739
4793
20508
12994
12566
7991
17836
15154
11673
29802
16665
17946
19102
17516
15143
31733
5693
3646
31457
31603
6391
19119
7916
3452
18856
24703
20757
23153
32183
9157
22572
1205
10640
25742
31765
19564
1364
20679
28700
8322
27086
11613
14217
16623
31146
10914
14452
22074
27361
22515
28891
8764
1144
31384
498
11815
9322
19435
1466
6599
25059
25276
25301
28679
8110
19445
4761
9398
8945
5754
3427
8075
536
22099
20782
30823
15
25357
13924
18651
10164
21853
1779
14058
15244
2055
2980
7440
19892
8190
937
29571
5147
24525
14964
24248
19695
18997
12240
1833
18261
22552
1578
7766
25693
17814
11055
13577
9269
14965
28317
18143
5021
20934
31570
7940
11674
17605
26282
31294
1391
15618
18951
2605
19657
4542
6833
15825
2618
29848
13281
29516
5096
20841
18200
30441
8839
25964
9909
29534
4228
20898
7879
14158
6531
11380
20512
29714
11788
22171
16811
22969
12161
5949
7167
13389
10324
17240
17203
28248
21622
29796
17140
7335
3603
4660
16598
30542
29308
13342
26856
25581
21349
7515
2187
30001
18512
22704
19332
925
29769
14158
20303
17290
21460
14072
182
31852
10020
4963
30627
17752
19597
1762
17715
27331
7996
32323
26635
24973
11814
17395
23279
27454
24382
26217
29073
20367
21227
24002
30630
20268
7097
13481
17983
13240
7759
14458
17239
8465
11681
29863
32680
3030
14182
32090
26308
31015
5325
19804
13664
27564
21355
15157
10739
8665
2680
18837
9088
2416
4156
22258
8879
3143
9156
28787
24867
6731
24281
19469
29448
5317
1075
11756
9963
32476
32233
15636
6095
5979
8236
2888
9597
16309
1077
21546
18203
21575
3964
14245
27648
23004
31531
29576
24263
9334
28626
24691
24226
23372
2396
13815
25329
32271
22338
23033
15636
20337
11518
16215
3197
18664
22211
6095
14601
31663
1643
23836
26512
783
3249
30049
7355
27612
12960
30411
533
13634
18251
20082
357
20162
13759
20097
10812
14199
14134
26519
5578
8862
30093
4461
15605
17749
12792
9912
29869
12707
17397
14417
1145
25273
1150
7059
2902
24183
31107
14340
9922
4146
21911
22584
4116
16565
8170
499
9230
20357
6263
6542
2229
4458
11390
21660
25952
30762
3893
16333
24848
26520
19131
23570
23295
23501
23885
5889
4476
17590
14012
8828
10997
15055
10782
28557
21846
28973
10180
20629
28562
2242
21357
1702
29054
10461
19129
15917
1510
240
12257
16084
2779
6038
19620
21158
27722
2772
24965
10356
3283
9631
30003
13688
12503
28319
14409
23097
8147
5171
20791
20142
28653
22965
9344
6566
12237
27135
27943
5992
25262
13102
14691
21398
693
12198
8090
14935
32129
16470
16269
25780
24323
31805
25553
1091
7824
6444
22398
12803
16948
20942
17451
9352
19530
27879
11289
4440
10057
18905
21678
15764
993
5740
13605
475
23879
4558
15749
17771
6093
217
2511
13449
28085
14229
21884
13860
7751
23550
17190
25781
4897
17927
19590
3689
28623
8414
28318
130
16283
12658
26167
8698
13734
26163
4238
8554
13112
5144
17483
14891
2133
1255
14002
21691
8849
15025
16669
1634
7717
3227
6826
13333
27969
229
23089
23706
2468
2084
21625
19949
25707
32210
10923
18915
2086
4617
7430
24077
8497
140
30165
29407
24642
14599
8350
22033
27454
23704
16797
17478
20561
13453
24944
13804
12093
1648
276
29539
3314
26945
10768
13409
1376
2
20208
20117
20361
15737
4085
14218
18394
5425
14347
24015
29883
15810
1531
7509
14693
26706
5602
21272
10995
4444
32482
21505
15292
20144
30999
19211
12513
16059
8141
17062
5666
32009
9200
23897
9206
16392
707
426
19418
1039
5333
32066
24297
26526
2354
25421
685
7400
8406
10784
26677
5262
15975
19486
31079
17838
7715
28636
28824
14108
18967
23427
3674
11759
7825
14198
24981
9536
29401
25653
21978
29486
14876
26498
31731
16165
12457
13506
16575
11617
26976
21669
1597
25517
20326
12297
21222
19313
28702
540
2880
13547
8533
13761
27056
16317
22461
12854
10383
11432
16797
23283
4737
31895
31174
18133
27906
223
26313
29307
28994
16581
6759
29169
18227
22593
17737
25995
14048
13313
4850
13844
1024
20145
497
23592
10187
21370
3163
14047
23820
18888
13432
13740
12920
11857
18877
22916
5950
7507
31226
20802
5599
29212
725
13642
12608
32720
6007
9836
6142
18279
20101
21516
8705
20213
11346
11648
19540
32302
7507
17082
10035
9257
29907
6183
27238
2660
17383
29142
9166
14601
7333
23005
13374
20591
5521
26105
3724
7140
8536
116
27879
16810
3777
14412
28778
13375
17632
23697
24306
18657
3981
26383
29485
5970
4116
31277
29428
1753
9774
30229
32731
11401
25904
26901
22022
24261
27011
24389
27966
8708
8788
21867
12355
21202
25484
21275
15972
12568
21507
28707
27470
12444
3056
18726
28962
13003
30629
10118
2250
3511
21113
24711
23692
1116
19973
12210
2271
5159
14739
4216
8062
15289
15827
23320
24764
7912
208
10435
7959
11270
17955
17149
271
9830
24422
8774
5433
14877
236
16378
27791
32006
20143
16246
12042
265
13706
12924
24179
23452
25769
31961
15222
18057
31549
6980
248
15858
15988
20874
27050
16275
27560
1000
13278
3912
31447
16312
6042
9423
25939
14161
25323
9934
17594
13608
12412
5912
24105
19003
27751
5164
28077
15279
6987
21503
17914
29623
6047
15355
6240
31161
14662
14919
30970
13740
7011
17481
29481
709
29806
7785
16960
21842
13448
20760
641
30694
24075
28433
28233
9142
19558
4319
31623
30787
23848
10656
28018
5689
12122
6408
11900
24983
27922
7849
1665
12049
21317
4721
325
24755
27613
1652
6429
13766
11787
13803
31212
20983
30943
25981
28753
16310
7190
6334
22815
29149
25395
16630
9486
2194
22225
18723
17584
23918
10295
9025
4262
6879
31533
15048
531
25290
526
28791
20305
18549
8223
848
16611
8613
1567
2788
21163
29443
32031
26320
30045
31684
21396
18312
1076
9353
8363
13395
17124
21892
20956
12951
30671
30685
14018
29271
30331
9812
32554
9210
11844
20775
24426
23374
4430
22838
20212
9164
26558
26213
5418
10782
25386
32066
6260
7902
1613
6120
9104
13985
13568
17955
5418
27444
102
6356
11693
25125
870
23703
28504
7301
25438
26532
17556
21485
18709
32499
24709
10431
26098
5796
3551
1454
22892
29085
24571
23681
2754
25717
31274
8211
19180
16273
24905
8095
21201
9356
2965
10042
29114
19164
8897
2465
7
30643
11334
30517
27169
11556
3067
17988
26543
21639
5349
4234
13069
26654
7248
18936
21753
24569
17182
13492
22672
26134
26976
22112
31610
5581
35
21151
11873
19051
11660
20181
31143
16670
30504
17199
6744
4625
26237
23780
27485
17623
23525
21946
28403
1037
924
25803
3164
13371
8471
11401
21972
29180
9367
18944
27335
15199
16127
26971
19009
18572
26594
938
10662
22443
2529
10722
9123
28673
18740
293
21348
24668
6278
21572
12296
31922
4102
24195
15442
24325
15035
13212
24225
12169
19991
26886
29986
14345
32720
25718
31300
18055
28139
29607
19820
8995
19738
4439
29675
7486
20807
31634
26157
29662
1137
32562
15666
7508
32695
7335
21570
12829
15026
27124
13021
32519
25864
22010
21234
660
32318
12537
5969
22947
8142
7764
1633
24397
11642
21396
7446
1038
24543
18608
19998
8229
23885
15756
347
17725
21718
14527
10134
21324
20389
25497
13938
21692
11410
26469
8350
26057
31219
12267
7759
11050
8628
14137
23022
7155
7082
16035
21773
8890
6692
6409
6560
23032
25795
27224
2922
26547
21900
83
28085
15450
11324
10388
28998
14577
11227
10189
24208
109
13972
13908
12328
30818
23492
9695
12665
15579
3153
5260
30137
2953
26941
20772
15132
27169
24699
21664
3655
3071
3073
29932
16903
15119
1822
13548
3907
18413
11790
21949
28975
17739
31692
3389
4547
4756
31271
1485
23148
31182
30744
2901
32001
25797
31315
2441
2296
28006
6684
16235
24794
19817
18012
19473
9204
28979
6900
30889
24656
12794
16977
25530
8419
31530
5440
29101
11272
24327
27908
9867
1581
24212
23463
19720
3276
26804
16013
3777
15774
21648
24399
25026
32267
23352
5830
28491
30436
21645
9829
22484
22612
15198
15308
30798
6676
15569
21147
5292
3039
22277
26756
2978
18982
19189
14245
30636
27396
26016
27412
24915
30580
25703
443
26284
1218
30902
21350
31777
575
12006
27674
10867
3897
15458
12713
28160
27946
30985
1923
6978
25136
2004
25807
27801
8125
29369
4282
7498
400
15823
30991
13767
14564
13746
22281
27953
14311
32041
5733
17435
29037
7686
12986
15505
16614
8526
32525
21336
3725
29338
2976
7800
995
4797
7692
13560
25692
23975
28559
17385
24152
26506
9639
29862
26708
13627
14560
2137
32354
21466
15850
19649
21462
5045
17646
20019
19779
27242
17186
27359
22182
16460
15004
11093
27104
11528
5220
1096
22890
26505
24780
26001
13124
27928
29188
14966
20526
9160
1257
16173
25371
31761
27678
20380
7395
21947
29022
4963
14392
11261
24848
11036
475
19687
29724
17121
12559
8189
3070
11791
9295
16421
29977
28746
22076
27843
9037
22466
7897
5666
7371
3252
5370
2326
1832
14899
9210
32223
2737
13352
10669
3665
32767
16024
12437
22322
7115
23077
6745
18660
3331
14808
20082
27459
16668
17949
16680
6353
17067
20751
26301
29969
26159
24566
26344
8752
14641
11790
9349
31210
26512
19595
28042
19884
2838
985
26429
29174
6478
23080
2724
6404
25498
25384
17725
16557
23936
15633
4592
14219
7493
24295
7746
32092
19133
7164
20427
680
28769
182
15850
2981
25250
27794
29623
14935
12669
3433
3641
1019
22608
8179
2778
5542
8172
6537
23063
27690
26347
7983
2684
9017
17476
28113
8144
16333
14364
6093
27277
31174
24287
15282
29587
18645
23184
6215
20508
14490
26205
8656
29171
18441
18551
31884
18401
22546
5664
130
17000
28033
32262
10878
4276
18979
3279
7766
10703
8490
8181
7793
30228
27346
31444
7306
11494
6981
12801
18354
15010
16572
24798
15252
17105
19688
23915
13565
4771
3472
24159
28572
6041
6267
18296
4358
11905
11920
4111
17660
24231
23100
30703
28401
21834
19732
32359
5319
13645
16572
20382
26330
3887
24327
7207
2367
5437
30047
3797
590
24582
30568
21713
29277
22288
5344
27625
30927
4553
26314
11051
27214
17600
30667
14771
15444
3861
11220
26561
18928
15407
19201
7695
21959
19884
13249
22369
27993
24990
30776
22621
4485
18676
27361
6557
18511
25142
24184
6147
31714
3190
7447
32588
19153
18051
23199
25320
11682
20063
9817
30985
5517
21747
8157
3067
26753
6658
29491
5555
32360
1116
24633
14762
940
2644
20804
4332
25850
32371
17674
31851
10310
5230
4032
29082
22287
12886
14207
30007
24036
25103
28652
14440
1319
30467
31000
3082
26385
15383
26021
7750
1782
15839
3115
13925
28106
1293
10201
25317
28645
21808
27744
19916
3
17307
4364
11068
13199
15010
5940
30280
23585
15629
20437
28678
23109
32198
25722
5349
3454
8149
26463
31809
1418
12942
11989
22069
22760
15881
32744
31665
17560
29651
19520
17612
31010
22499
1861
6491
14553
30160
22151
28610
11105
30273
8540
11786
2671
10404
17355
8500
3024
21795
26792
32461
11437
27347
20225
9411
16909
24111
32441
2935
29339
19398
12403
7699
32170
13104
27825
27934
29558
24134
9789
28494
17068
18579
21449
17565
16173
6917
19666
12190
1551
4072
28106
14610
25317
21269
18293
12727
6721
12903
23956
1632
15735
12911
14529
6730
27555
23401
20378
7086
9197
21102
2849
1683
3339
4843
27235
18918
22024
23633
2392
17100
5188
10254
3851
567
17085
15293
18170
4280
18060
11161
27072
9364
7347
24888
22769
32281
5397
31350
21062
24114
16070
5295
24058
19258
27013
22577
31859
6158
24711
22512
22309
24934
17015
6524
30900
30053
6842
22833
20568
22894
8183
24237
1158
25146
15319
30088
22733
4647
16393
24127
11006
12755
27786
19312
19343
22250
11043
16205
13633
19772
9267
23883
26625
5651
4270
1050
27404
29123
28006
17370
14935
10114
29577
1164
9006
32634
31339
28870
21531
8989
9862
30891
9225
22457
2496
283
21673
18252
6380
4903
21525
19353
6802
8136
16820
28539
29427
11216
14941
6778
29000
30752
12223
6812
587
31260
20224
125
27640
14428
15012
418
30357
24484
7089
21771
9968
9239
19984
15879
28136
17063
11319
14669
28974
14032
15877
71
20813
30854
20205
22193
4328
22124
12119
22115
323
16454
9539
11627
22534
5553
20528
607
21053
19730
1084
29426
2210
1740
24716
24772
22815
24758
9454
127
2447
7628
2749
24351
1989
30244
9478
20881
27343
8996
3048
640
6523
31731
22337
4716
14875
13869
11399
32252
20358
7899
25587
16021
10079
24482
2277
22827
32154
9274
14724
20311
31035
13346
10660
9898
26209
21650
19694
31298
20868
1714
27706
19098
26619
30217
10816
32678
16833
11064
15216
20768
30840
22248
21790
2333
12206
18689
6114
21731
29280
26652
31039
6142
2492
15676
28802
30097
12587
26552
27373
1003
19343
3452
19221
24154
32201
7026
30601
2372
21119
27194
15540
23667
19228
6945
1541
26545
536
16721
12877
1429
17017
11077
1896
4252
14490
24704
2335
28283
8235
10111
14157
26036
4985
10220
30529
29032
24559
32020
11364
1900
989
19611
17435
1183
14713
13678
14575
13178
13092
11002
20716
8424
27886
4252
6982
13144
14171
10584
28995
14353
24424
12237
32340
23238
6089
10856
4997
15211
1909
20441
18968
5703
8548
4035
14701
12873
10647
5048
17446
2463
2906
19556
16520
24709
25798
24328
35
15963
27529
1835
31413
31995
3818
16524
8268
25161
31495
19802
5803
30732
24929
27815
26095
5628
10907
21787
22642
21019
30079
18405
4592
19273
1858
20471
8680
531
4361
371
5445
13261
28331
19808
19262
27616
17081
15778
4475
16228
5052
11561
19321
26354
20157
20584
10543
10931
21259
8713
12530
21693
27448
2015
8342
7584
22373
17436
27094
18235
19647
1732
19957
22997
3658
13153
23718
14185
734
12025
23082
31040
27759
19005
20664
19397
9361
7171
20769
15510
570
24566
9908
11991
19658
11660
607
27083
24650
6969
24856
30117
26353
8675
12667
15003
19437
21653
31925
5693
19296
16503
5792
23301
17320
2302
6447
28207
11235
5216
12045
30666
21426
23627
29057
22800
20542
14038
23957
23795
14969
11192
9335
22264
8871
10679
23327
9288
23836
12388
19762
17157
3143
16902
30503
29658
3055
12756
27560
6614
8637
8807
10299
19578
5883
18542
7457
20496
8091
17828
27774
26687
12923
12287
9403
14557
14055
6442
31273
10500
11104
10806
17383
31848
10651
10125
16389
5863
27597
28967
25321
7778
14118
21248
13810
28364
20379
14793
2396
5248
22761
8157
32100
16600
18647
18040
9900
27899
20155
3875
20960
7926
21567
2419
10906
1295
31589
2291
18819
23381
15817
22367
28092
20348
4391
22291
25980
22248
13596
10690
27130
11016
3633
12139
29325
24549
12821
29065
17169
18683
2346
20107
14734
8263
10563
31107
7956
9121
19885
8738
32745
7244
4204
22756
20199
1228
18630
904
22559
16631
13062
30147
18114
7247
17786
565
16962
655
22206
6044
26292
9860
31036
15944
7289
2846
12276
2511
4893
8903
24697
21249
25471
30963
9788
19998
7474
6649
27405
20807
17188
11553
26847
24371
31613
29950
30924
18979
30410
10750
21337
792
21083
25407
9722
26947
31209
420
8665
11709
19581
20777
26579
8056
2188
21619
30147
29558
17255
28332
30980
23864
28627
24461
10801
2938
14323
17852
5679
23837
11887
7001
30830
25189
6863
24787
2667
32356
25896
27137
27770
15542
25851
366
3010
12143
5978
22004
10633
26962
76
26252
26546
26692
15219
24676
32387
1024
32748
9010
32684
13579
7031
24521
19077
18411
10456
1257
5528
20628
1405
28252
12639
29219
19040
2622
26703
20174
19503
26781
8213
13339
26283
26946
8223
22353
5966
31693
8542
13868
11056
9736
2890
28629
1067
17525
551
10769
14653
14633
10887
22201
5679
31965
17937
28010
15988
17987
3456
28029
30548
15254
27631
15418
23882
25205
32595
13128
2218
16881
585
29544
25990
27365
786
20324
17107
23174
3035
25409
23752
27450
8258
11196
26247
18350
13335
12789
22271
5154
32607
8037
32017
16904
21407
19989
7921
16846
22103
10514
10448
1784
17612
28956
11960
4721
9482
14750
17847
30499
2090
12771
30783
3269
16849
3718
22989
17652
14585
10026
32201
22150
13812
7276
21933
13083
20909
6678
14954
31476
27186
2453
9480
25353
16495
18606
23180
16725
9020
14444
3870
13173
19355
14429
17515
4977
20026
25086
26441
11994
17984
6259
28825
29717
7494
16507
3442
2550
5282
13476
4732
1425
29676
18875
16025
12876
187
30599
4299
8249
9136
31159
13650
27811
24246
32024
19988
30951
30855
11531
6722
901
371
13623
16697
22391
5469
2939
17574
1474
32518
5670
24046
23882
8334
619
19149
5354
17719
24335
19773
23492
16493
20325
25241
17366
32259
27260
30210
15055
26560
6807
4610
1312
17434
4317
21871
28501
29249
8530
12178
10662
10079
6918
10121
457
4382
28813
13034
28427
364
17582
24489
9375
1915
12127
21820
7734
6667
20210
28924
23248
14059
31113
463
14801
7101
8911
26372
11863
31739
18922
5758
15563
22583
939
19989
30390
23207
29960
29753
26838
23776
20941
27608
12146
31458
13198
24450
9450
22357
23776
18380
24210
29970
15561
12530
27584
18917
18036
960
2852
28305
28969
21938
19032
4117
29821
1114
17336
1582
5318
8194
28276
13085
5074
27027
13540
4266
6617
26549
17691
3689
10927
22328
20414
9532
31550
31411
10519
17433
15156
3434
101
31246
9977
23925
8566
386
30180
20767
29816
4285
30894
23437
12301
5035
31783
9376
29085
13020
17447
26651
12272
19408
13000
20489
15356
15986
28626
20057
17403
13282
9335
14796
3265
17015
8001
12817
21837
4869
29768
3886
6302
27483
28072
24609
8648
16912
24626
15559
9798
16256
14434
28414
23186
20497
21393
14086
13555
11195
31084
12078
21142
30407
2469
4780
13025
24534
12777
27596
15620
24358
16401
27981
17361
31505
25756
31495
31693
13782
31069
9682
6023
2204
8305
7844
32296
4020
20340
25849
20556
19487
6900
13432
12048
7760
22054
30163
31084
24114
23256
14063
29636
13421
3495
28229
3513
6374
29298
3464
14917
6788
25871
10119
3591
21562
19004
11606
6107
13122
19672
1704
10158
29350
31571
2432
30609
28677
22883
5385
27403
15764
14840
21441
22708
5475
30067
26845
4607
4578
20498
3306
7512
20387
9391
23984
22127
23649
10155
25947
26835
5954
22053
7389
22722
26201
25967
28046
3648
25967
18114
30229
5734
29187
4912
5772
3837
14479
29659
2015
28747
9997
23141
629
10541
26810
7591
14355
16742
20250
20134
9469
30263
19516
22978
31838
1328
25151
18481
13289
6469
11285
13740
29377
3620
25479
20072
26518
32198
2169
26952
18961
19524
3440
4689
2931
9709
11601
6494
31353
9109
20076
30997
24194
2351
5816
10777
19955
21151
5472
13953
17371
713
9599
8586
14547
26862
28200
30600
17193
20536
9130
6691
573
19859
28178
7359
22826
8127
6385
17724
15529
21923
28767
1248
6195
12005
28479
32145
3686
27319
8901
26440
6314
30964
26422
27074
18964
16747
25071
15993
14731
30075
23721
11986
22313
8160
26107
17048
12515
26316
23328
12969
27245
13369
16123
29679
27736
14462
600
28306
3710
31521
8565
13676
16799
28141
15041
20926
31820
13892
739
30497
28420
8374
14846
13247
17310
29394
1588
28866
27622
3899
22377
22285
17291
8191
14409
27690
2361
15141
12428
31620
29442
13701
7288
8151
25090
6109
7592
228
31043
27168
2317
6505
7134
18705
30258
6480
5731
31249
21444
14375
30587
28981
9553
3024
23500
32156
20048
14202
12573
4096
3682
1744
13499
20362
4823
18799
12571
28907
16756
670
16064
936
8307
16697
3167
10677
32716
13295
29250
27974
18355
19886
21738
10466
4194
3674
6904
13753
26392
17349
14926
21559
25698
22236
8305
729
30617
31006
31281
14144
2988
18003
7821
11652
26911
11898
8401
16842
31060
15363
19969
2073
20234
2622
6522
5737
6179
20
15575
13565
23722
8949
3858
26867
12052
5649
22251
3354
12742
6603
7310
27907
5592
8042
15984
5723
30489
17682
19834
21623
14675
19956
29801
2609
19152
27329
28277
24051
28700
26212
20784
27665
32013
2800
11698
29532
7937
21207
19699
12276
7271
14942
2936
22621
11649
17741
6194
28885
21095
3307
6819
26853
19024
27177
1090
14135
4109
4126
4385
26535
32726
10931
15309
20380
2633
21920
10357
23705
6320
32663
19279
12559
1667
3518
20024
886
21550
21347
31131
29595
30483
12780
9363
19004
27347
29964
28756
22226
26569
16189
21191
24494
25304
6762
13428
22599
14951
235
9637
20947
13481
29367
28360
23060
13090
27349
22
15477
16231
18708
1138
22869
21797
1020
7060
1955
3428
14084
32614
13483
3853
24838
6318
13871
26794
26351
18158
698
14190
11963
24456
17457
16245
26273
10278
30891
22860
19594
20569
5506
22708
2504
11905
24747
20643
30469
17388
29762
22668
23673
19522
8297
14048
609
23584
8019
5333
9644
21251
20380
8038
9463
9320
26844
14747
31163
15409
24187
9226
20933
587
25799
15774
23783
16782
19523
16791
8942
30180
10050
9938
30163
17838
28085
1099
21558
10851
4930
7904
20487
3194
17302
1112
19847
22155
14587
22435
11887
17329
24877
12899
15726
27954
17513
16300
28121
23394
25288
29704
17311
7620
31691
1727
30587
11891
29751
4181
11117
9408
20003
29267
17258
31517
26447
27723
13907
27706
29111
534
27428
11117
23144
5984
30318
31831
4755
25703
19463
28101
28384
10239
14591
15316
4356
15066
14807
7513
3990
26630
238
127
20510
11959
16700
31410
18288
20807
4418
28604
5176
21883
31297
13358
10197
23048
1963
12034
29035
25941
27351
15998
16179
4483
1784
25692
18966
14763
31056
32039
8059
3174
29089
1768
23901
10131
28389
15106
29856
8532
13374
32603
26021
8794
2608
29372
11036
30051
8206
6267
18201
12288
8626
26455
9834
22684
21873
16291
20009
11706
22095
3239
1933
29310
15982
5443
32261
25711
21965
16341
904
15995
6447
19805
28454
27964
11608
20447
18916
22649
4735
24585
15814
26096
11265
22038
31533
6482
28755
2546
2147
30096
21818
24223
12149
853
19518
7383
32321
8403
25436
24819
3279
32451
24059
8203
32229
28327
23073
2143
28117
26195
21991
16629
17306
23723
10538
19588
6179
25518
18308
5009
10223
9140
24186
23000
730
7155
9207
8941
28215
19528
26874
18979
11550
11317
17547
20909
8967
4902
27379
11523
1176
30200
1324
2696
2748
7611
7319
24681
23541
15287
28397
16584
8179
32430
15992
14618
29029
3425
29315
16589
8719
2645
7183
31534
1309
1239
12999
20619
13239
31550
7734
8852
32725
21104
24376
8199
2389
26280
28078
31629
10571
6518
7798
2527
10136
263
9627
2860
28350
7334
2248
9151
12786
12931
5635
18397
14707
15027
12951
7916
18715
31609
5714
8667
21811
15044
18161
30909
31116
10488
26585
23479
26315
26865
12808
31517
14853
22854
10314
13016
29324
714
23472
3339
31240
20569
21566
22518
29385
29649
29156
21274
16475
7262
22960
14237
32347
25083
17217
8177
22922
2613
14975
4785
32544
2610
10633
13515
5731
27123
16111
26340
30839
27862
1058
20984
6776
9055
14376
10049
24006
18999
17044
5979
15008
6773
21174
17573
30965
28445
32527
13546
27510
25574
30983
1601
24816
20801
10467
27441
16345
18838
17905
12825
41
31697
16133
23503
30571
7965
1833
1416
11027
19439
6801
10744
7442
26183
20429
32186
18088
32051
18754
27377
13689
17300
6875
28720
32484
1572
30716
26263
32144
17080
32184
29503
3399
17603
27971
10201
14600
27420
27306
5777
3927
31489
5057
23865
4312
9307
861
27555
27932
6979
5316
2382
443
27334
31586
24133
20387
25829
702
837
23215
21472
2732
23838
10108
20661
5059
18267
19320
25315
28689
21029
17211
19827
27662
5989
795
11577
975
27433
30202
19544
30844
27465
24163
20228
23044
12874
19926
7564
22799
12674
9823
12183
30005
30333
23149
7341
23405
24480
24290
5626
2248
1036
871
11599
1375
21190
9474
3434
19337
11540
28394
1911
12114
42
7578
6615
23081
8709
30756
21535
11993
30104
29640
15460
10683
6694
13765
6582
4393
10735
26479
18410
2613
19470
4226
30877
26011
7586
27574
1397
14581
13868
27027
14250
6190
19256
21895
10437
825
14144
20790
8360
23555
26573
6673
5327
30886
30431
19754
11477
9695
29583
7494
28730
11714
7667
12084
355
13996
6722
4190
2530
3706
24376
31646
15352
13816
25532
24659
3416
16540
20417
24499
3886
23669
13418
13411
1888
5726
3953
14405
12052
11895
7625
31889
14962
4310
16770
10279
3499
18041
32494
4131
17210
29311
21762
16050
26474
12184
29950
23589
3352
25019
7505
11844
8122
20503
7094
8677
5792
6987
15012
4797
28026
25561
7653
17781
1563
13528
21124
18432
22396
1770
5613
11309
3588
28526
6224
20600
262
20471
15942
11046
8588
6652
9655
19345
18003
31441
29179
1472
30998
981
9023
31802
10511
8942
32043
31772
26300
32562
16578
24426
3295
3559
15753
27043
31432
29614
32235
21144
17366
1531
4828
29565
30780
200
17085
19009
27393
17547
8063
18203
6475
12389
18444
6246
5852
27804
22754
26798
9181
14667
20481
17163
20442
5464
26632
4525
19983
20903
11931
27321
24290
25741
23047
8020
29360
4488
8745
16636
27084
14637
8332
4383
5573
25953
31697
3814
24552
26060
25172
5970
14598
4235
6156
19339
13944
31525
7091
12661
95
16321
10023
17027
30000
8854
3857
23760
9841
11170
17860
19052
4797
2207
1384
21235
16654
19251
25943
2917
8508
22375
24263
22577
21952
5722
1194
21907
19134
16695
29394
6688
15939
22628
14425
1952
7627
6908
16704
7707
23814
4736
854
1335
10715
1737
29275
16321
8622
28225
32614
15753
27614
11859
10116
16243
23954
16416
21922
16843
2742
3444
7085
24793
26688
6648
1783
27573
25528
19625
5085
6493
5111
28040
1191
5125
26415
11155
8111
20142
29227
16117
6342
22778
17624
31610
10707
9535
26629
26437
7869
29914
26727
10693
22667
24262
4832
26341
3018
9325
17920
23171
15919
18621
31949
18468
18302
7551
30399
4838
22954
15076
8463
4534
21566
5473
9522
29634
26363
9661
16544
18737
18371
22377
18905
1042
32694
12559
1706
1427
5018
27501
14252
2932
2944
27236
32015
4539
7588
19532
30869
31912
150
907
20705
7915
10391
11878
31218
28693
29766
8471
26347
1869
3196
22047
2325
11844
31604
14557
16422
8299
16175
32352
8132
19043
23318
122
11845
7604
11490
20245
185
19651
2233
27594
22570
766
24729
25520
9250
27994
31482
15218
3694
9983
31919
24997
29730
24129
18958
7000
28637
17875
848
7916
22862
9783
8251
20774
24055
9081
28414
22658
5937
2845
31324
31434
16753
15958
6924
30952
30921
3193
14432
23801
7858
4528
31782
28322
19720
28147
32204
16807
31318
26676
10439
4793
13140
20954
25140
26256
3502
15985
12736
7994
14343
25504
29126
31667
19262
13659
19128
13749
16624
4697
32192
12753
13118
5321
17063
30143
18896
23361
15605
22771
30745
24055
19546
9072
28893
9267
15436
3809
29425
28164
5874
24038
21315
9779
8001
32172
26650
12405
13925
26048
14750
26596
12386
10789
7066
25008
23547
29604
5249
18450
16851
21091
13743
24962
24274
7865
18674
6186
24010
23617
30537
5530
5210
21293
19691
18109
18195
21469
16011
23564
30938
22705
5083
6657
18829
31259
23375
3535
10218
26872
19235
31312
23212
25376
13215
4415
9462
22075
26266
19623
2549
9431
14397
31899
29634
16824
32009
23848
16773
5487
10523
18568
224
25135
29871
22936
22155
6619
10724
4749
23099
23139
32703
23522
27081
1105
9841
28564
14224
8095
26845
1170
6167
716
1877
20079
21232
28719
12196
9563
31455
7562
13906
27217
4415
23010
29987
31634
30882
17806
29409
19793
31416
20623
14427
31408
25970
29471
30382
25323
870
21644
25283
9939
29558
21575
27161
6783
9132
10552
9413
32574
29545
2901
10423
6607
16575
7027
8766
30933
25883
32092
21967
32645
25895
22561
28418
2210
22510
12466
16605
13739
18754
21163
23381
15955
7002
15217
6674
21553
11200
15230
4211
28345
16235
16889
30418
4971
31271
1674
32009
28234
25918
1388
9780
20112
18769
452
4537
23456
24455
561
21894
5692
7658
31652
19866
31224
8973
7794
1223
21230
1266
31143
6838
7092
1836
26782
19243
30603
31809
32462
31370
7385
22098
26087
27547
17370
11006
25118
650
28050
11907
28868
14642
5894
27174
13598
10394
11435
12758
10097
19392
21023
7436
14940
24470
21015
1781
27242
1099
19097
22995
27624
971
26987
10657
27380
24969
19659
25077
4567
6012
23648
2859
18837
9319
11889
27328
26818
20318
19797
764
17558
17542
28970
13780
22596
28444
458
3854
30344
13497
29947
31142
14719
30164
23782
25713
9404
30600
15051
6656
11672
6807
27122
20423
7625
944
14053
12414
1079
6381
30428
26056
10251
30880
13177
25875
12808
19791
16053
959
30
8957
17179
5762
22332
8619
9268
8203
26471
20767
17218
21221
22025
18916
31792
27295
17035
30610
28362
8234
31013
20560
26666
15746
18421
9622
114
5264
10831
29240
16577
23888
15957
18848
25951
16175
14535
19546
4155
2487
19228
17879
32664
24685
12241
22378
7427
24058
20737
21655
30856
29322
15670
13453
1061
370
24191
15601
9087
533
10178
18909
25556
10248
11348
22313
28721
22132
21959
12009
5605
25276
11267
24886
27957
27232
25496
26930
31313
16418
9811
9030
23175
13415
18960
30894
20919
15583
27086
25656
19463
16232
5385
13384
10199
1072
2372
11808
23544
4890
10725
30302
19992
100
10821
25286
28033
27782
7688
6466
26116
15197
25514
8231
32559
18056
7515
17338
31687
3859
11277
29939
3442
12882
24779
1409
12467
9744
22604
25869
1307
32746
13512
17347
30142
19445
10762
15887
17893
13991
4039
30116
22018
3572
28206
15299
13545
23991
14528
12474
20796
11092
11106
31915
24359
5275
32176
1422
17998
22000
24725
18041
11268
31657
31256
11295
28094
17080
21369
6808
8135
27786
28029
96
25653
2607
28422
6817
11803
698
8678
20149
17664
22763
12789
15590
7312
29707
25186
28793
21650
28696
11590
20716
29978
14626
383
14459
15104
30197
4795
21481
2192
1528
28627
12156
20099
5717
21339
5450
303
4698
25207
8371
28154
29472
19951
11055
1300
12906
2438
30282
27494
25807
3464
14060
26821
16156
22179
26078
1644
2804
6135
31114
29097
20153
21360
27906
30422
11440
19540
14404
10379
15711
2072
7613
1810
26938
20856
28939
15387
1407
29127
15111
16049
14431
5251
24323
29549
26718
2348
9552
7402
15100
22358
20228
12408
26261
22782
5881
25365
23430
20250
17433
665
2193
9331
12505
28464
16003
21175
27652
18701
30483
7626
22202
9821
782
6494
25528
25978
25521
11459
23514
28514
21334
2304
19421
32359
16724
17698
32618
15656
17696
5332
11600
20927
19640
19760
14610
10556
2625
11221
11681
5971
25838
5178
21866
7761
28965
14146
5011
29524
13277
22800
25218
4796
13643
10524
7072
30941
9917
24710
27740
21238
8134
6827
7282
15463
13979
7159
2413
23582
30653
31482
31594
30291
216
24509
14112
18037
17131
19798
28957
13668
12202
10682
1618
16352
22049
30675
7634
8514
12953
30674
6103
5737
13759
8647
28166
19704
18179
11886
26868
21183
17983
8780
20200
6518
20633
3835
28643
25265
19626
32451
13021
10256
480
15978
2130
21430
16160
31052
26109
23805
21680
23470
12260
7528
25941
12111
12948
29146
21176
9792
4782
31749
18702
18422
21922
6180
11768
13470
26555
23277
30376
12976
17244
11201
10566
15047
7561
20263
3474
30128
15272
30072
20682
24768
22153
8668
8398
3179
11941
32116
642
10515
13731
27353
26484
22046
28961
28102
18111
26443
31408
15121
15663
5190
16672
1248
30885
18042
28415
22297
29373
31014
6748
6170
16047
24499
8656
427
28275
17989
23232
9776
21289
24720
29916
22052
7351
31469
14059
31170
7348
16812
30923
13061
12421
4780
32435
23507
5829
3370
6588
13429
13291
21463
12704
22091
2598
13613
7105
16062
26764
11778
25453
1653
5492
31326
26464
6348
30752
10378
28810
32642
1440
25193
9747
5809
29938
24843
669
15620
32366
16000
11977
21540
10850
6634
25852
9587
29433
16854
16995
32509
15713
22733
10548
7340
28204
10277
6199
12731
7415
5405
7046
9836
11082
27690
14993
24062
17088
30347
1892
6361
32360
3619
13101
18189
17258
9096
19448
24314
3310
27224
1982
3152
12089
8140
16542
19259
22041
8079
1642
17367
17028
15056
26981
31210
2940
1430
25163
9426
26165
3667
31634
17340
14714
13245
8176
16919
77
3289
12829
16457
16334
5976
20954
21664
5214
8231
29234
22667
6659
6722
9472
5642
13326
22473
16305
26979
30716
22869
15691
11031
16283
10124
430
30228
9838
27379
25115
7724
30289
13828
5874
27334
18272
13697
31424
27091
22294
15111
14968
28420
23218
21990
23297
4922
20703
28208
14321
18495
5779
5648
24473
21683
17208
1373
28737
19529
4106
29551
23220
22579
20160
17202
11776
25562
13166
13688
20599
467
30122
5524
18937
7438
3310
5156
886
19025
3133
17454
8110
19941
24841
28271
20795
10640
31061
12015
20946
18115
5399
4313
24262
4371
18144
7306
24269
5357
26558
3048
5383
30342
610
6389
1340
21778
31102
6820
28006
28214
28017
25579
30831
5567
9510
6425
3643
21908
32313
28522
25833
18921
10332
2776
14166
3510
12282
28213
17635
19304
7194
12663
32377
17878
9093
29267
1226
28022
15659
13069
23513
21969
4035
7054
30652
7988
1202
20663
1696
10409
558
22005
7183
7717
4259
11541
8558
14083
28501
10330
12234
14513
23624
8909
14036
4522
4957
4821
5417
8356
18621
11015
1495
31754
8826
32063
1821
19884
30068
21488
7795
5814
18810
13752
7626
28638
26802
18232
19989
6626
32315
32546
8968
29234
2064
24723
23584
8169
8240
12196
14051
3330
24828
21564
5737
32713
26848
24360
17435
26767
16693
25965
11707
14242
11366
9692
17573
20349
8018
11496
25172
26427
27122
27317
22055
29010
21308
28529
101
23165
11335
16871
7808
13562
7855
1105
11414
9206
14907
23406
61
6982
1469
19413
128
18263
5946
393
7973
12648
30539
13773
30514
29686
21443
10042
13487
4984
17810
22542
10668
20301
11754
1735
13446
32499
28320
5361
23399
20345
468
20540
16652
30007
13524
20945
22219
9660
2622
26598
28628
28168
1893
15760
6583
14588
28918
13529
24102
6670
15068
10003
20988
12353
12128
32620
5503
13653
4501
25538
10722
3386
16115
24504
16399
27083
5186
17929
25763
22201
6586
15388
11577
16837
14952
9177
19179
21299
2771
22460
9750
10875
25312
27943
26462
21313
20211
28925
4594
1671
7255
21100
4881
3106
1248
28682
27342
20586
15822
31524
21008
566
28149
9554
476
19720
20251
19535
32727
900
32418
6152
5126
20007
16743
16115
19417
12853
16105
25762
11880
1267
30638
18072
1532
7959
31458
11099
25297
25725
8002
18379
15130
29723
17208
3761
19526
5175
22599
7835
8578
11991
15786
16872
25471
29306
11832
13599
21877
27397
17803
10117
9064
9984
24673
10734
26026
15618
23618
32723
32161
17770
31332
1701
12234
7248
27083
10081
7934
32700
15540
1637
3316
24085
19764
25986
1032
26844
21789
27730
20026
16282
15649
19147
23930
18198
26426
27157
2339
204
30793
8089
17605
30363
25853
5723
13351
3774
17910
25225
16524
23549
14122
29524
4918
15908
18056
22270
6441
26293
13788
1332
29745
5594
5107
9119
32038
9117
28927
30902
15215
10587
12860
214
30149
24438
18644
22932
16441
843
20481
30546
11129
22884
22129
22800
31055
8174
22254
11909
31338
1389
9278
9326
31073
30638
19528
19239
22261
24317
13945
19320
15255
6553
358
23985
554
19301
25523
14073
16393
21984
5171
24803
3660
3159
32080
12098
30791
30810
16302
18495
13140
17004
18443
29352
979
4862
31850
7819
29550
32671
17520
23556
15522
22637
28942
13395
3962
27087
18272
6449
5022
1638
13013
24165
19341
27968
25233
29074
15655
24655
22031
17491
878
32538
7435
7305
11661
14771
20127
16116
3866
28649
31660
10241
26008
4286
8315
18147
30528
19996
22948
28389
3841
14531
24623
29439
31173
22662
4346
8103
26870
5303
858
1769
24128
224
29445
21178
1177
25011
304
4490
6783
32324
4340
12568
20865
4470
17142
7050
18177
28595
21575
10941
31288
13537
25737
26074
25467
3729
26452
15658
4284
30329
17624
14379
27475
28964
28099
18915
2815
9448
26213
16244
14887
23833
3345
31985
3942
19836
8135
31856
16455
10750
17681
17248
4429
26278
7211
16925
1847
13257
6246
20930
15745
2685
11214
17471
1582
23887
1291
15019
14021
16697
25733
13787
18074
8910
19660
5427
8782
23480
4662
30652
22681
15460
3530
13175
1095
24060
30556
22257
6017
20630
11002
26904
27726
31147
23943
23373
15962
14026
1190
25018
29173
6285
30170
9702
19550
18893
235
1926
322
30482
2443
24471
14720
19021
25657
31145
30511
20170
31334
14206
31458
20832
31190
4819
3626
4331
4938
29054
22365
21244
3164
32697
6806
12494
10410
1214
3069
12412
11830
26004
5961
32370
2317
18984
16515
23329
21031
6303
524
4344
15759
15083
19425
1679
13251
25244
2078
16677
6750
16121
18625
27468
4084
22864
689
13283
7998
2954
31231
6469
11639
17666
17259
29888
10245
4504
32554
23113
13660
5889
12518
8301
27936
31841
22791
9355
23433
28699
13105
8001
21516
16359
15885
7460
22328
14118
28749
28596
4062
14195
16106
10895
11124
16251
22704
228
4539
21518
15101
5931
16288
32630
966
7443
18784
23303
9434
17340
18416
22263
23659
25639
13724
13424
5834
27115
32238
26084
7538
22057
17617
18849
14152
28353
10486
29349
7713
28102
1399
29619
28037
17712
30395
24742
28339
19153
9881
31238
26084
24715
9152
14041
17620
27839
18518
8379
26239
14088
29663
13873
14376
32042
7265
18235
29600
21573
31429
40
20165
10831
22145
5806
17481
31680
13428
19770
22965
4495
27921
16517
1709
23390
28096
13160
8565
14834
10625
19697
29876
19941
31955
31926
25208
7839
2260
31081
14459
11650
18857
3501
6565
18789
27680
10024
8401
13892
9876
23514
8404
32053
6418
22957
9659
30878
30905
29773
6997
28838
2663
17721
15602
23529
12434
4635
12905
6256
4211
27989
32352
12512
4714
17628
8647
497
16798
21321
6310
21538
20196
10029
5145
15788
15074
13477
5528
24756
27508
9519
20348
22980
12366
22972
28351
29308
31459
21255
12804
27781
19846
29732
29143
30919
9679
21340
32309
11996
26177
3384
30031
6340
809
19932
30603
9946
30409
1174
23756
8198
16566
30135
20211
25141
29823
7842
28070
1798
7055
8226
24400
16582
28245
8961
29544
927
10402
27350
14839
20236
32082
2846
13396
11152
27950
29326
818
12456
1297
16552
13789
9982
18250
6541
7873
6879
17474
27666
20780
29423
9823
24085
11349
24348
13607
21266
6044
13264
5033
16625
21523
1387
15896
18210
1854
6128
2746
15340
25367
30462
12800
9218
3925
18947
8695
18520
14318
14508
8415
24116
25819
29600
792
30088
32539
13677
30790
8575
9978
20418
13229
3926
16275
6368
29661
32621
21396
19787
11668
21662
14145
14789
24032
11725
3004
16764
18308
15808
1923
5251
8093
21809
10298
10879
28037
21282
12715
21923
8696
28529
7691
478
10613
5036
25470
29778
32231
13862
13022
7945
31621
27467
5048
23779
31991
8496
408
10707
698
14703
28295
11083
27077
30001
20177
7413
30061
26508
4620
30116
12422
25104
11605
22666
27083
3996
6877
9899
20352
12662
29349
17553
28245
12955
133
26690
6030
1364
31603
879
29281
32522
16898
7662
15519
9819
16425
13419
32407
10094
25158
28506
13880
25219
14690
17967
15733
18638
13495
25298
28654
31621
5231
22861
21452
24888
31151
1992
18924
9569
14292
12984
2369
22076
19197
12627
26995
5336
6089
15943
16588
2926
22626
16555
22869
7667
23226
8502
16700
2281
29716
32687
31353
25210
19911
23716
19889
12743
28478
2911
17499
4222
10564
22
3617
2730
18046
20066
21897
12496
9529
27634
18388
4151
7783
2945
21543
1415
24035
9221
26088
7574
4093
30762
7787
30846
2098
12798
20942
25331
17723
26350
19233
6611
30282
6129
7114
27647
26000
515
31272
11882
27650
21205
29559
13935
21085
5571
29940
20072
17255
27910
28737
22652
13176
27435
7946
5048
24890
8387
10729
14177
21421
12893
13959
22665
31086
2737
8453
19937
19768
32030
25754
1486
9131
27735
30589
703
1612
18777
7685
29117
16334
32416
30990
3908
32144
7066
21408
20049
10854
21596
29643
30140
26268
10644
29397
10184
16696
19646
24728
2041
5760
5275
13861
29477
14268
5599
23469
32206
16445
13354
17826
11439
15262
16186
27929
7061
330
28767
10099
1648
26942
23599
8508
26794
15889
11386
83
9911
4145
13953
29003
30190
20079
16738
9234
30359
18366
4311
31696
13381
31287
2080
30226
102
21345
31038
3368
23320
17840
29794
6603
24126
22347
11173
30724
24275
3602
16121
29513
14463
23776
1120
15848
30568
30221
8284
30633
21579
10040
678
1966
14027
8771
6946
19871
12809
22430
23315
28164
12148
17865
22156
15858
15331
25108
6695
4586
10977
32426
2296
29694
1095
20941
22212
1333
28689
611
29295
3633
5226
23986
29876
783
6665
6760
26393
32399
19136
19678
30497
30837
32338
28829
27075
15151
18822
11042
25371
23735
9081
11230
22112
16059
30008
19841
12822
23036
18318
23672
7300
22772
795
9908
21609
17851
30374
14510
2539
20267
6069
27560
17360
26947
12634
10549
9456
19657
30031
2043
9706
6707
9029
9656
5911
9160
14970
25219
32444
8963
27018
24917
10116
23864
12423
29127
29485
31609
26955
18205
17793
6587
10765
8324
7048
20789
13875
18072
8956
16905
29031
553
26109
24614
2285
28735
24326
1901
18228
22363
2336
6931
17835
25088
16469
13382
28885
25202
1640
9235
4768
958
32707
19591
22259
3066
15537
5396
32390
5070
8909
32311
13302
22324
2747
6232
14105
891
26133
25074
21135
9874
424
20723
20377
9091
14305
2918
23598
20542
10114
4943
5964
8344
17049
27094
14221
659
18867
28072
32762
20448
1869
30875
30499
30882
24459
145
5232
19317
2093
16286
22450
32431
31934
10093
32509
24294
782
9183
20154
18098
21475
28918
8184
17331
15340
2034
10499
3286
18678
26553
13368
11733
22370
15484
14615
3069
5079
10904
2970
10292
17716
16570
5573
16954
29385
21831
20351
16687
15046
21243
26784
1366
27891
14544
22859
1816
15778
20769
19582
26444
9443
25615
6375
21685
15862
26916
15354
27340
15110
31798
2880
28096
16660
6542
4082
1980
16433
25930
16582
27496
7152
512
3593
32690
14363
15012
29678
30926
15781
940
1830
635
11232
6001
12208
24457
2544
12761
1523
8856
19584
12083
1546
25634
17331
4706
3423
6588
9565
13886
22139
29336
1908
11831
26396
23887
24257
6716
9352
6877
21979
29147
546
749
4182
2729
32315
23896
11832
24036
24874
29928
9132
20823
29343
18273
14587
1918
6452
30402
18103
31467
6213
24520
570
26856
24578
31156
28239
20318
9154
25422
17454
501
10907
16682
26798
6781
3631
20778
16822
18573
23496
22340
32756
17513
19368
18309
12498
26921
666
20822
11430
14872
4557
12287
13609
22363
10466
25705
22571
9683
11844
15400
27269
11844
12728
18872
12110
30646
27957
12807
32594
24859
18421
29492
1215
15923
4044
2199
24354
15277
23737
4097
17298
20111
21179
21573
27947
13015
13797
24823
29119
15714
1205
883
20167
1294
3234
23841
17056
10012
11508
27384
17908
10968
15320
9793
14710
18555
16820
8862
7122
5968
32440
19786
23523
26390
28342
12706
6951
18598
16179
26341
29809
2517
27582
2872
6878
10396
29824
28653
25866
374
25365
23300
6276
15626
4506
498
2431
16650
26631
8610
25290
10331
959
22458
10754
1654
32102
8479
21510
31246
16627
8635
32171
21235
11270
6526
7345
20278
26235
10914
15606
13198
10559
21812
7658
17146
26466
19408
17475
22952
3438
1452
21490
12054
19192
12759
18005
887
6772
28611
20654
15448
31566
28930
3796
13443
4662
26701
17960
17187
9147
27082
21707
15914
7451
8335
8462
31728
8025
32098
7466
6172
16529
17090
13106
32712
30601
4652
11589
2272
25992
24215
28168
6347
29291
26689
3411
7758
28405
9645
11563
25261
12647
15852
6897
30227
24656
30749
4312
15155
24487
17456
11165
22064
5143
16623
26738
698
28826
25406
16187
5499
585
8865
11516
11441
28275
20224
17042
21532
5868
29607
2978
8218
22695
27537
25040
1041
6279
2790
49
26637
4723
450
27394
16810
7849
23608
32666
13365
24916
17303
16541
31758
6240
25835
12915
10576
31629
8391
23544
28084
25282
26690
16245
435
9893
27456
24528
25835
28520
31731
9727
32196
26085
19361
15042
23635
31470
25767
10386
9343
14558
1470
22996
25442
21364
17021
18259
21490
27106
3359
27373
22240
12064
3463
19085
8640
27782
27009
12121
26987
4762
25163
23852
2977
19495
27476
24134
31731
18319
7747
14146
30688
10849
12347
5961
17983
25390
19549
22662
1501
19865
30607
25817
20326
23726
24956
21200
11913
16245
18140
20179
13911
13254
18678
9374
13548
31582
24163
31989
19026
10035
16660
9106
26274
11525
32151
26979
29548
31542
1941
30450
11353
32475
30624
8997
27407
20499
22059
8743
27221
30872
6106
8358
17528
2195
12029
7999
12525
28085
22103
8758
17719
16515
31011
2411
15628
31729
23641
9353
3507
21299
27949
22401
18608
6608
22744
25399
4515
29176
20892
9850
11118
13591
9474
27450
24726
19114
1895
5109
19180
24914
14518
15731
15980
15910
26231
10419
23397
5710
28425
293
3034
9934
27179
21274
28712
32415
6850
18040
32490
12036
11734
29106
23578
22043
27357
22775
11129
14258
14652
28074
25136
22621
7947
8723
23479
20165
7448
25940
13814
16195
3119
7070
14506
13742
24473
26276
19467
20849
28899
21072
17068
30688
14561
14773
31394
204
6641
30790
6632
4436
8068
15173
27138
6399
22235
1918
5857
9480
9487
18228
21767
32249
