274
15318
20062
14456
5767
25335
22205
2395
15386
9923
30216
21162
13541
24443
32466
19127
5056
29483
9029
28181
27071
23074
14276
18348
15868
18341
2255
32524
12950
19173
18471
8450
31481
31790
21811
22121
1888
2656
25763
32067
2457
15523
19283
22537
14088
15447
28786
18239
27631
15178
10979
16714
5101
18990
3555
31878
31684
29514
26861
32660
28767
28015
32474
3057
20243
31534
14413
5837
27429
19016
21838
17434
27788
26470
25141
6115
3065
6666
29642
20959
20501
15558
28330
10054
12297
26028
24045
20195
16196
29445
7429
4971
18040
20550
22761
24589
28134
1855
11380
31562
23772
29078
23559
25607
29308
7796
29814
1248
31678
16510
20770
12736
2745
14343
19810
9134
21278
3459
9512
26346
12293
28735
18657
28473
14060
3408
10396
18045
31740
21194
14959
2440
27535
29490
16406
10034
23792
15669
4062
5545
16993
7065
25794
29193
6755
20853
31187
15917
1585
18077
29917
12484
10638
30817
25671
19367
14272
25207
21563
11370
20957
29749
16135
19248
6725
26115
23747
7108
8560
785
5684
17638
4074
15173
7921
25059
12699
4472
31428
617
17996
14817
29267
23704
15207
31953
15104
25948
13054
12705
22029
17147
31759
26089
27396
19946
24583
1267
8534
5093
27012
4976
15682
4414
2143
21353
1016
5238
14058
25720
11007
10
1142
13367
22228
24207
10521
21241
27860
32001
1710
184
15451
32601
15132
1615
17198
9053
10204
12009
4374
9660
4789
30138
3790
32090
17354
15341
11295
24809
17623
6877
14666
19129
9656
9863
28582
28369
27179
13376
28042
22334
1238
31139
10605
6827
908
6094
8268
24882
20684
26318
17229
11122
11914
5463
26785
4066
20018
28856
17326
25188
10731
26895
10350
31262
793
9657
7698
2437
10789
15885
1260
15546
29568
27210
21387
4634
32229
16589
12072
8465
11743
21384
25409
17198
652
16815
31875
21373
10144
4532
2797
30737
26796
26486
20275
10720
27041
27318
22368
28372
18576
29130
20160
31262
3251
17557
1277
9934
1713
2998
28808
160
1566
16384
12346
20249
2113
11818
20540
22227
17435
25288
22052
17686
14244
4730
22624
31143
6744
21092
9432
8933
22770
13534
15055
24593
32376
7788
7178
24046
11895
26352
14645
8586
5264
6942
32130
30043
27955
29233
15763
11405
2987
19420
3482
12443
347
19076
17087
3357
19015
23980
9154
28129
8918
20657
3297
17212
27350
12727
2812
162
14784
9443
12791
10613
2109
30667
12896
8219
4842
2346
29265
27475
23128
22745
11672
26057
25688
21498
24854
3048
8821
12662
1381
23535
8641
29355
23742
31815
26581
23646
22553
7188
8467
31735
22421
16906
1070
3309
18971
32129
3821
21119
28734
11724
43
14757
18022
21447
13091
22342
23086
8624
16362
5803
3850
15672
1341
11316
5677
26585
32637
8265
7594
361
4344
1684
31449
6384
8042
13677
21500
32695
10948
4502
3362
4769
16683
16937
31820
11710
29764
24782
10447
32286
13231
31281
6649
9699
12497
29364
30967
26266
12247
9057
2550
17868
27127
17186
16521
24527
25849
28724
29515
23778
25591
28121
29381
15482
21857
27213
1938
27350
25155
24828
7104
21721
715
27890
4986
28185
15366
8083
6372
23860
27370
12172
24391
16995
16537
5129
8558
19537
21476
24617
24400
3885
27662
29358
7919
20989
26835
19962
13439
17974
27561
11319
21963
23946
9798
9173
31957
12802
29282
28729
23996
13388
5822
12979
29667
5206
23909
16305
27216
6172
24370
19507
25426
21694
10386
3967
25447
32213
7051
11542
25436
16135
13054
31462
19894
21465
2857
30657
27473
20933
21359
1550
839
22669
3420
16063
12819
7374
15588
28803
15351
216
28139
7996
24219
12221
13067
6067
26102
28328
401
27530
2161
6256
3784
26995
20042
30573
4731
26016
2103
29067
4789
26235
6477
15004
7371
2454
6175
243
3996
13541
2858
18478
23320
26667
17521
26195
22783
17074
8292
22303
8939
4415
11270
22938
2449
30789
30287
3055
4420
3673
4303
31099
6075
31462
917
20260
1811
27938
14415
10732
14871
32576
8371
13253
30144
23016
7197
680
7160
11236
24697
28129
31651
18972
27235
19885
25056
3012
14477
22790
20620
14036
22113
5566
32265
4280
31208
3787
573
26441
14571
17634
21725
9725
6488
3399
235
19290
230
21219
12669
21169
18428
28055
31681
26120
29648
976
2622
27736
23500
10843
3420
18425
15925
13947
5415
22874
2062
30265
14416
6645
21562
17148
11380
25474
26082
8793
13217
14187
8726
26924
791
6785
19639
5352
1867
22765
3220
20267
10546
18025
31443
20374
30907
20144
16787
4059
24734
27186
3535
1559
18260
19213
22661
22883
16742
22073
19224
17573
14571
15618
17140
7085
11852
19132
14448
9853
30283
15026
3320
18151
6468
10847
1131
7262
14258
31713
28098
6662
6132
15530
16115
17165
16722
25721
10260
318
18491
136
25028
18899
12240
7943
15047
1163
1191
3786
10480
26877
5320
18239
24900
17964
26876
3234
15196
26715
25416
9332
25611
4387
9908
11817
9025
13762
11344
29729
14639
30646
10617
18649
5804
2955
11097
17507
29912
497
2989
30227
4095
10001
8907
24188
2496
27681
23267
17818
13934
3894
2181
16721
22966
30042
11363
22
5762
27359
601
11245
5662
15859
426
31123
10905
26484
12941
14332
28783
13829
31976
29696
13156
12129
21595
1105
6835
7151
25984
4528
24680
28823
10353
28512
6155
2773
31883
22491
18558
29451
12658
25029
23848
6428
8533
16670
12884
16182
16500
10427
16595
1775
17887
24567
11497
21652
20864
24742
15463
31933
13147
4426
30740
28709
14357
28554
31825
22969
7859
16095
15613
25327
7077
3985
16535
4697
3331
12770
5794
30842
17430
27016
3406
7896
2074
30049
27220
27986
13890
16227
11042
31156
8957
18642
4152
30089
8312
9909
30674
11825
20068
8842
19399
21299
5881
21305
1713
30420
32059
16967
5198
31976
8316
29004
4390
27624
6434
21415
11630
21573
4778
4208
14125
16892
18157
8366
3997
27755
16034
7626
4052
6242
31525
21572
8355
24702
28023
28325
2495
22450
24197
19637
15390
14887
11437
23277
7076
8262
638
32303
3071
26643
27327
26549
17616
18620
26035
25928
12555
17521
25500
434
23968
27767
18558
2421
15195
11128
23845
18365
14344
2590
20841
3988
29404
8672
13233
25941
4112
12827
438
23651
28623
2916
13962
32026
19538
17693
31192
18182
842
28998
21613
9043
3710
17046
3575
23429
28597
22730
6157
26730
5078
10046
10864
11596
29006
10682
29841
29546
26034
23438
2131
14762
5797
9441
25105
11400
23037
12870
12771
23122
26913
27280
18973
30615
25525
30440
22297
18397
25978
4380
17463
32402
13167
3130
29217
11333
17469
19294
8788
3094
10193
6856
15324
17771
4683
7985
19806
30181
3607
20319
28764
6035
6489
11256
29109
5989
12943
10644
25451
12259
6258
277
31657
23582
16668
23099
25861
30439
19568
1139
25602
23104
30135
12784
30169
4880
18567
26877
19577
32027
7401
8082
19404
23344
7866
13605
27708
16292
25682
16066
9846
22784
22628
22878
19565
30455
31525
30313
29602
23451
16049
22178
21668
11472
682
10031
17362
6656
29474
29933
10088
2576
20155
27141
3770
26003
22540
2496
20154
20798
30279
24220
18368
27804
18713
20127
14475
26883
13266
2539
17027
3271
9158
18323
832
30381
5619
17581
26448
13731
8164
14760
6709
2222
32725
14816
14254
23331
30743
12656
8760
20762
31158
30023
8915
30752
25178
6527
13833
28716
20843
490
10797
8405
22648
24813
29409
20161
2778
6289
21978
9569
12436
12759
21736
2267
8318
24140
31024
17480
1443
14302
25532
26656
5095
13038
18231
27890
28653
30374
12017
28249
20023
3981
14122
4651
3471
12376
6796
28659
20646
29956
14585
3234
23292
23585
31623
16001
13567
27249
14793
3434
23415
11441
1105
25400
32289
2999
30834
8316
4506
9917
331
26994
14463
10237
10752
16179
18387
18302
25931
14635
27297
28717
28212
29390
10466
15151
9756
391
21920
13686
5120
1777
10332
9106
26876
13130
1454
14282
11790
19493
15147
28268
32541
2910
12939
1121
30522
27219
24588
15364
12837
11601
28689
25653
1811
17229
30735
21928
24750
19925
11945
23171
22110
25926
28442
13353
27335
27966
3028
13136
5011
3412
13414
5722
28273
8711
29347
8674
18269
14837
769
10133
21539
29518
3135
28483
18718
19847
31307
13877
11078
17235
98
14530
874
16591
1657
31261
22201
18940
1500
15985
2183
25971
6421
27440
2382
8020
17167
16808
30451
14464
12667
10199
4683
22024
32371
29568
11742
17637
13661
27518
31211
9705
7955
29529
20908
5621
6465
5399
28122
9837
32014
23892
8308
14825
22782
15765
32189
6445
534
26842
5764
21596
16450
24178
10151
17512
6645
5907
25306
16589
783
2090
13477
23935
29443
29040
11180
17696
9785
10430
25907
887
3761
22562
8929
21534
14314
25138
28100
18810
8706
24736
27286
24560
22558
28943
17215
20822
17932
17445
18842
15528
4391
8930
14204
30205
30843
24112
12275
4793
42
23739
26059
1539
27663
15106
2903
24954
19872
12719
28526
3619
10521
13859
27571
4518
30167
2390
2073
13243
32257
10462
30631
6111
24942
22093
21113
8011
16323
10432
12552
10022
19932
23733
3243
30458
23150
22045
2397
29541
1514
2227
3264
26897
12708
14987
18018
997
27188
21742
3391
18045
20764
14181
13960
5592
18860
16660
18851
11601
27939
1097
13683
3793
2583
22613
27353
17218
13079
15771
123
32583
8334
18406
17348
42
27114
768
23340
13590
23038
1408
23993
2182
25253
9699
965
24061
29609
1502
21763
6136
14563
26611
30653
14880
931
835
1375
31685
25426
18851
2105
24200
12629
21489
1665
7511
5173
26793
16023
1951
15869
20659
30861
7356
27108
28287
4327
31669
23852
19284
8351
31526
28490
3813
26221
32125
23879
5414
21829
21865
27750
5725
27680
20112
8199
5500
15103
11905
1739
2222
14637
16873
25337
28720
20677
18953
12833
20322
17269
24167
22527
15390
19585
5828
28833
30792
9227
4431
3532
18854
18321
10520
25501
1010
11191
28871
10348
31022
15175
17806
11253
17464
18294
3676
27066
8606
19817
31572
6819
19123
13559
22909
2536
1763
27825
20155
12592
26435
1823
4606
24571
24684
15693
29625
29245
13962
31366
19094
23115
28592
21856
6248
507
16495
6649
31584
18183
9894
18815
16261
5811
9883
13046
9310
27824
24139
2357
10993
14655
25343
6706
32754
29338
7456
2944
22068
21903
5708
16406
17763
6510
28073
19282
245
6949
26234
5438
31582
17322
17648
5137
18819
11673
27970
16121
23154
19999
30976
7703
22352
9494
13988
7115
16274
14449
18282
31539
5489
24283
20321
6126
11927
7579
27586
21286
32031
7611
25473
20941
25788
31849
17955
28710
28728
31389
27855
3720
31521
20476
4519
7007
9151
9469
29017
32371
6472
30794
10992
18797
6743
29545
20977
20887
14235
29339
26275
5859
11980
17412
10414
7215
29156
25101
30695
5319
11915
11527
14187
2859
27091
26641
26347
25875
1061
32059
26182
26801
14716
19691
5981
10038
29136
3200
21027
28823
30166
30774
24307
13457
23526
23625
27431
29931
16700
14686
11238
11515
9060
2078
9021
21099
28144
24612
15217
21309
4204
1561
11412
13581
12436
9501
24663
14742
19652
14185
18463
11384
25263
25139
22875
15929
28244
18642
9236
4233
21806
6947
14277
22474
4523
25387
19054
13775
13024
22014
21988
12772
1147
11231
8043
29199
29433
17320
23942
6550
25
5485
28686
28865
23440
14428
24194
14817
29694
32743
4254
22417
5153
29734
29999
10300
24648
10614
2853
15072
18443
15207
234
16657
16442
28373
24050
25152
22803
16212
27284
21565
1208
23506
18968
23803
8672
22135
31505
8596
7884
3024
12781
26252
18557
1325
16842
9562
6692
23111
1931
6948
8410
22054
2859
13515
18321
25410
19282
31783
8010
745
26406
27284
30601
21472
6756
17581
23302
27725
16303
25431
17574
2772
19752
3586
8361
25345
32574
18987
28197
2278
9672
17445
5299
16389
18257
13594
17000
12656
3762
27213
26119
19758
14055
20897
6516
23265
26907
12127
4204
32166
16645
24884
24436
12093
27511
21113
12047
30314
4916
1463
12084
23706
4099
22379
24319
26314
3073
24070
31911
5541
4923
2872
12720
12524
16764
29294
20322
25115
612
22682
12153
25162
6074
28978
3358
16209
23043
27771
27158
31791
26452
15111
21562
4269
13412
10876
7975
3134
13285
16280
26166
24618
2069
29042
27311
5355
29328
10755
8761
28375
30312
12260
2453
17920
24695
23897
3980
5465
10740
18575
11302
1306
26949
16674
30749
29797
17684
18146
22673
17961
7589
24023
4861
30023
24679
25475
23914
13299
14793
18790
16099
6749
6478
22728
21544
10385
15332
25522
19623
8092
12402
1854
13223
30193
2736
25360
22983
27403
14395
27173
29351
32339
11241
12492
15077
19779
21337
23537
14923
7372
2767
5537
30278
4597
831
10955
10394
24006
20136
13892
20053
24676
1700
32014
8961
1917
16700
24538
23582
27622
18432
1483
14544
29315
17752
9341
14804
29800
23573
2374
5560
12861
23883
18364
15692
5863
4195
12663
1108
3429
16748
31512
17023
28151
2482
12937
157
18054
1682
27271
1548
576
29324
16222
23155
13443
21658
6388
4019
2812
14784
19977
26651
11024
11493
3261
11484
32378
24801
11347
18620
13110
16599
19508
31502
29342
23237
25655
14049
5076
22617
10783
632
19807
31239
28774
27386
10777
18520
25145
24683
17736
28549
16579
3547
4619
31044
1454
477
12792
22754
3815
15163
7939
32146
14242
28136
11425
24325
671
5174
9262
14394
14763
8265
140
25752
9833
25036
3342
4922
18514
29666
27540
17546
11259
18272
17911
17937
18326
7481
11943
8333
188
1338
29842
11332
16234
13559
28232
16281
12873
19205
93
11229
10290
21097
25359
31847
8945
6737
27433
11239
1865
13826
23080
17399
3641
14610
31131
6899
23422
983
1488
9227
23897
13343
11180
1430
22930
3617
7643
27049
19389
29108
1322
15593
30908
12223
20528
20381
23429
21489
9780
3336
20262
14002
331
15605
6662
27481
13249
915
15981
24223
23738
4995
13382
14675
4121
17968
28708
23376
13729
3679
23428
685
25434
30983
8786
29491
14135
12386
31150
12820
29685
13636
17391
10713
25926
17068
13800
19101
20271
3992
24939
31353
27823
25374
18700
27199
16801
11961
24871
8811
17379
8929
8741
23638
8120
29150
4090
31661
7019
13533
23282
15394
24118
10052
32174
26465
7777
11331
31849
10054
31406
21163
10625
18509
757
19204
4914
74
13324
986
32420
3418
27369
24663
5160
16665
4875
15639
8382
19477
5142
14135
4316
23939
17085
27055
2154
27441
22756
5346
15377
13756
14598
25716
28597
23811
213
18268
15936
6363
12065
3642
3746
27141
24827
17386
23062
22365
27162
29785
10150
2899
19582
21911
24817
26015
21330
1838
25644
21809
21783
23475
30567
3687
24831
24730
273
29059
23447
6222
10687
13660
20137
6786
19241
10836
28769
3777
20597
10633
9646
13645
27577
1104
1003
29222
17595
2015
5567
3689
1275
26953
26434
9179
25843
11696
7521
26310
7837
25269
7299
16900
26934
15156
621
31065
25154
25647
30562
17926
2000
9735
6799
8602
10239
9714
3495
13068
27073
23465
25547
4615
21215
3937
30636
21637
28477
29693
27891
6815
32096
12674
24801
3235
17453
29643
3634
32616
30195
20862
26696
13022
17580
7998
29061
24297
2944
802
20729
624
12683
23654
27453
10417
10720
21345
670
6359
13518
9655
8830
9166
18018
720
23032
1110
13868
3209
2499
1366
7238
20521
18777
25203
32659
19350
10072
5858
14661
21193
18728
3706
12706
27007
11742
27918
23047
25905
6240
24569
2093
27463
25802
11770
5803
8073
19729
31043
28348
5846
24807
26572
24387
25112
13534
9709
25868
17783
3279
30508
18517
28621
1405
18772
13197
18010
374
32199
10075
6330
23866
23828
28642
20755
11935
26828
32580
29843
4980
32658
20836
2074
21349
1906
15601
11571
22814
4724
21920
2889
18100
12656
17336
22808
10560
26915
13524
6753
4045
32131
18916
26082
2420
1872
9846
18309
20165
2028
1332
4824
6761
28524
30125
14781
29958
18671
10072
31587
30819
302
26069
32628
19917
31573
10871
12688
27577
26642
26368
28923
22186
4843
28075
26770
26965
6612
6768
8964
26627
17153
8579
12094
25400
25849
10014
26919
11666
5356
1152
14990
26867
3910
24118
26720
28387
3716
28569
16415
6191
1094
12184
14735
10198
26790
12983
24755
23846
5065
28248
7159
28963
21939
16697
8879
808
16480
25919
14272
14545
22544
11890
31901
5399
7650
15176
28790
19133
10404
31270
28588
3564
16362
10276
18311
10522
11613
11537
12843
22832
14422
30903
20168
13547
32684
17759
27154
9090
9674
25496
10993
9866
772
29493
30585
31511
21035
11669
9756
22053
2910
9511
20254
16438
24868
7724
21066
21564
5048
25791
25828
26040
3748
17427
15326
21028
1169
765
9806
399
32094
2482
11296
23175
2671
5329
1288
11579
5448
6564
31675
23009
31834
16291
4447
13910
29212
4921
30016
30468
21086
21963
9412
7945
25051
3831
18337
15254
11277
17177
7245
28308
29509
29460
2231
3214
26362
18767
9012
20939
5217
6141
18364
29370
17727
3234
3414
2964
16636
15570
12241
13116
9208
28732
16821
13674
16674
19432
14969
14344
16838
17085
13558
20444
30630
28486
29212
18536
5453
15030
29668
8974
16544
29993
17541
4472
13238
17196
15851
28471
24553
1152
25957
32426
18221
6171
12190
27938
32673
8560
16590
25155
5476
13040
32049
7854
16042
465
32185
28125
5647
1806
15616
28493
20267
12719
4224
31459
6502
3658
16902
9353
9485
1994
23908
8984
32422
9583
1638
7802
13441
27158
27400
10512
31376
14523
9702
26705
16504
25148
9460
12468
28136
16479
26735
6352
14634
535
11796
18370
19448
3331
23695
720
10896
6200
17206
15948
4363
25664
503
13754
15082
13410
11663
20277
18674
27940
1021
19982
14650
31759
17719
6327
9602
27826
1051
5599
15302
20202
936
25823
9491
21088
29806
30037
20122
15186
9795
16910
18691
5271
568
13098
12803
17117
24780
27514
23601
23862
4191
1325
10517
28371
8169
428
18818
1550
16875
28866
22566
13486
23462
4864
608
25959
5260
31584
13137
10913
31220
29736
30006
27259
2833
11025
31989
3086
16677
26793
5109
2550
26610
22262
21555
3599
23153
7004
27283
31356
30663
18368
21364
1006
25717
26350
17798
16674
27599
10296
16096
21420
5551
28256
26701
3572
17514
17849
17127
14974
28419
1416
21480
26734
19359
8368
17084
24907
32313
27023
7515
11267
8087
19747
14037
16687
12413
18801
21550
21657
19744
8999
7021
22523
13533
7808
30960
6922
31275
16232
28418
11443
28367
21729
944
24997
8271
21413
16600
9231
30888
17420
31362
28843
22339
18225
20339
9467
13862
30544
6144
723
12136
10099
14113
3351
30439
17998
454
8646
7229
26727
12398
30007
10479
15738
3829
21155
28392
29979
24237
17892
6950
22173
7857
4732
24756
4147
11894
7129
20440
341
32419
8920
11661
1125
17443
31879
24371
31635
24952
9775
16006
9470
31314
23186
27085
31259
25952
3185
25683
7771
28774
27217
6939
8456
10896
20351
8656
5744
10502
18002
15355
19526
31168
32688
1657
7493
14492
25555
21803
10262
31405
8269
6383
28020
982
22346
25039
6542
31384
21526
20857
31917
3625
26847
4591
30486
17094
22971
9344
23602
22601
30957
7415
4332
32510
22628
7442
26971
20147
13444
9270
2465
13326
31785
1888
19987
18468
6633
9567
32410
17990
25242
11073
20824
5150
19732
32011
143
4092
22328
5805
30655
6506
15410
31028
23567
2054
24570
30786
29678
1169
5153
31675
12794
30787
6602
2498
26401
1633
1271
11492
24582
17426
25862
2706
29094
8815
22139
15829
14651
16089
25087
19005
4961
3471
19625
15131
3703
4735
15741
17135
23624
7261
23602
28452
1770
13811
19769
17403
27879
16824
12026
21702
18587
29603
31841
11350
18141
7489
30873
6582
28898
6
2071
13594
27997
6625
6875
12562
23787
8210
3058
19459
21935
7232
6720
30168
16953
24518
24188
32245
10157
16719
25212
23916
5921
22690
15795
29044
20038
11455
23288
14871
19275
2090
19336
28970
22526
26503
19279
3458
20533
13927
23139
1637
10092
20066
4050
27455
29103
27750
2461
9110
29627
4174
7684
27456
32352
31414
12804
24276
6441
15630
22815
11358
16447
4078
8795
15447
14731
25513
13965
26324
17691
24357
11223
2301
11463
16618
12912
3777
30484
22136
32419
17608
16728
32222
5147
1705
1311
25992
22109
7518
19662
32345
662
25077
7046
21498
30359
30855
3147
16241
26910
14190
27750
10229
30551
3763
21767
17920
11170
966
2095
7335
24983
5490
5325
7463
11079
7183
1576
10432
7109
31226
8828
25798
6886
12354
31976
5365
9796
11172
24199
28677
9097
23994
19166
8830
10218
30319
9078
29646
22769
20918
11977
16792
19072
28028
1635
17744
32275
31706
12353
22533
26437
26000
26493
10365
6550
20655
22573
6023
875
32661
21128
11917
23126
7198
14666
25705
7320
17177
12122
9337
19428
25593
18602
19446
17766
18637
16991
4481
23300
23155
1587
2815
4580
29960
32023
17831
10798
24738
29980
9305
21523
16962
7827
30770
13838
6404
25715
1885
10345
7065
9212
30252
18948
2551
1946
18023
21074
18255
2316
24804
17572
20544
24261
23895
26794
24906
22675
31852
11318
24965
28542
2067
21060
26003
3315
3611
4920
24275
19746
10499
4710
19159
16548
19213
19671
30489
29025
16275
25930
11497
11953
22174
29050
22954
25793
28341
11423
1854
825
20723
13111
14527
14107
4957
11270
32624
31726
30066
604
23539
18461
27395
5526
16316
22682
18756
487
17093
24518
18980
26201
24963
7061
23002
19470
22298
5869
25280
4812
26573
6736
2917
1721
12216
4027
6877
866
18881
24014
30556
18434
25292
32300
29444
24834
3374
21285
23290
19132
26724
147
31935
12676
28934
19457
5566
29417
3318
18451
24865
17464
10205
20258
14313
8770
29656
4390
30526
28255
8814
14553
8451
23731
10694
27673
27310
6064
27158
11150
11863
15580
18271
21902
29198
5845
2904
20541
31090
14482
9127
7929
5504
24043
4183
26357
9896
13660
5767
10019
1318
30470
2911
10072
17295
27894
19273
25259
32682
20650
12637
28958
13698
8657
8988
13440
18617
23123
1122
19601
14367
9105
10134
5736
12163
28910
3620
15122
27594
9102
3373
4476
9534
7006
10877
22418
29736
22868
17853
1705
25504
5880
25065
18202
9892
30499
8965
18224
9064
13318
21516
31045
18669
28271
2346
32039
25301
584
12842
14529
24438
1120
12594
25591
15405
19823
18862
3025
3060
13908
31626
20700
19511
27040
7844
25805
31716
28248
21121
2920
10434
20471
5695
8864
26371
1971
7370
30208
26396
2817
12627
24905
7636
9051
16382
1629
12955
29505
22235
6747
10270
19582
13080
3596
29464
15276
11893
5502
29547
27898
8439
21230
879
20013
2785
10475
4490
4581
6880
30649
30721
30754
25734
18932
1805
6
23289
13429
30002
26333
25581
28026
10700
6234
5839
24320
5611
29731
31811
14452
3936
3217
25041
17291
25112
17072
5595
111
2985
25486
8147
19739
21803
10930
18603
7176
16201
19946
1932
32265
29847
30282
9930
883
13863
19057
13592
14466
30295
28174
5880
16632
5612
6819
19574
22279
30565
13705
16150
12657
23689
1845
11275
5358
16963
30649
32425
5326
11951
29837
12061
18143
9589
25488
31068
28305
13910
18250
89
25432
23044
30836
12667
13906
4407
6330
31822
23338
31229
8895
12921
22588
20305
15202
9200
16890
1776
10304
19306
1422
360
3961
7958
18113
114
25784
22921
21787
22401
10093
20219
31819
2715
22109
8884
13258
20328
15453
28865
29116
9353
31322
16363
9495
29482
29341
20458
6918
28379
31053
6101
21392
10139
28214
2269
2421
566
9160
26939
29016
2770
14179
23399
29731
21956
16082
25995
26792
25256
28437
3383
4228
13744
8291
23382
23625
6972
21359
23649
15068
18859
7147
28882
30747
21873
5194
476
28355
11114
16075
28249
4497
1391
30643
17412
4008
3366
23769
6376
6195
8478
20072
6424
331
28699
27873
7329
22043
24238
14431
22973
4162
27401
13599
1865
120
786
14655
889
10869
182
18374
21195
6159
16512
7397
2873
26530
1642
20349
32691
6580
9459
11232
16332
25049
6769
11228
16308
32469
6313
12278
15462
24065
10909
24051
12322
3568
27813
18589
27422
17489
2753
17603
9337
31511
31022
3970
6000
26840
6967
10691
212
22643
19534
3333
4283
9206
32603
7517
9335
22207
26708
31930
23748
15073
25614
9070
25669
21961
4691
25066
31282
6177
22068
12233
5451
17652
12448
27665
13072
21523
10550
29365
10035
21432
14680
11102
32590
3434
28033
30058
20178
29216
12504
5429
30527
4521
30469
1688
16539
8523
14403
22704
22045
21931
29622
30433
31529
5100
11264
794
3201
15899
4623
9562
8633
7883
21048
29811
25323
14332
14218
23566
26285
31042
6492
9199
11328
8483
18217
31866
1546
19904
26270
13430
2118
184
30704
31762
20475
6729
29811
22821
13866
4024
15209
12474
17228
24819
16663
2508
30460
4470
13343
27982
14320
10347
3337
1903
45
31765
15395
28187
6523
19566
27019
12485
32279
28943
31626
5476
12713
7761
22307
9915
9845
1458
3820
30686
725
21882
29725
16626
23271
23454
15847
14644
12931
20452
15111
21053
23408
2376
16794
14468
983
8862
20787
15652
2295
21114
6955
3295
25115
31309
25912
22627
14281
12496
31297
20941
31549
19366
7537
9068
4630
11325
13195
17351
27214
21493
5757
19169
2671
900
18231
11451
29188
27033
29117
32027
24142
9407
30587
8332
18233
7300
29658
3750
10382
30171
28432
2447
27498
9920
13116
28354
1007
27930
30642
1295
5945
11493
22163
27619
15764
31120
16546
4042
13548
20132
25426
18482
6021
15271
13604
626
27372
1856
7215
7691
6957
3484
25344
24109
13894
24079
28581
5245
31708
23551
28933
26901
5421
26366
30323
25548
2374
20022
9602
6840
16757
4874
538
10738
12802
16122
31947
22681
31514
20679
15202
3866
5644
1240
20410
686
25272
31965
20693
14884
10563
2738
2603
20448
25616
8838
13634
5412
26092
14396
29055
31374
12425
3089
28220
25058
3886
10880
31515
15626
18860
9059
29337
7771
916
15450
13030
7706
7079
8816
6388
14655
8078
24316
12749
3448
10188
5062
5675
5745
12272
17003
9282
20563
16143
8963
3041
25483
29809
19968
24761
15820
19595
15705
9980
15447
12845
26857
3627
19322
12285
530
20009
8022
22052
4773
23187
27110
10311
774
24660
12861
10169
19339
16755
12559
19951
21798
816
22131
2868
19780
25168
23783
7581
28916
437
3477
21568
4940
26417
6613
4769
25352
15004
11762
10349
13173
31524
8497
20843
19598
7909
26383
29103
1636
20666
9675
25105
13251
16466
5668
24797
8210
14470
4196
31436
9339
28649
27293
51
6220
18337
3123
23163
8349
27766
23194
21969
9012
3625
25441
13086
24741
8455
26480
5690
31165
23997
11150
9309
25633
29550
12838
26326
4659
8195
16970
17919
21045
8899
24568
12400
10417
15651
6556
17011
10776
13791
20183
440
6057
4681
21631
330
17300
31201
6631
450
96
30759
13152
25019
8074
4269
28159
29317
17263
22896
20641
1310
2155
3944
11821
17245
18755
22878
11545
10609
704
11518
26672
13194
6813
2605
3218
5078
3492
157
6396
1199
18707
13214
8777
2835
13124
20535
16697
15700
10125
10613
3442
25104
26982
28419
18884
31588
21193
12795
9649
4701
16863
11260
14381
22191
2520
31869
6050
26282
27418
20576
13111
21353
22175
10186
20818
13645
152
11827
22363
25770
1623
22713
16068
10943
11115
16058
23366
32492
29197
24737
22125
9247
4795
20736
1110
14992
5922
29664
30136
6574
7233
18517
27425
1624
32716
28757
3458
6481
31950
27337
4078
27118
31635
13285
7839
20754
6341
16309
16186
22620
10197
761
1619
10655
13468
32307
17972
4755
18499
32510
6874
28874
30048
2977
30529
6629
28513
11492
6114
5127
12590
2595
32377
12938
30474
2976
23307
27377
4026
30493
1576
30238
18666
15019
28782
4550
31436
22973
11086
30241
30466
12416
28435
21478
24254
367
16927
28278
9256
290
9592
9815
15104
21606
27268
2021
15492
13459
5649
12868
660
11802
29848
10905
32276
11614
17347
28538
19602
19909
5420
24739
20776
7950
20072
20202
21668
21733
27204
18549
28903
5300
24398
29994
19339
21949
20376
5991
25545
1894
26040
1267
30617
29139
787
11317
17434
1210
9052
31140
9525
2163
6487
12671
22653
25935
2275
4542
26458
29995
16951
20552
31847
4933
25196
18790
10264
24142
23868
29304
22688
24768
21513
25831
2322
4977
24096
5466
27590
28265
9792
2861
5118
31728
342
11295
25289
8684
25227
28746
15144
5482
20608
4697
16752
11387
16344
4085
10735
577
30456
3712
23250
8521
24330
30726
25926
10267
26184
25712
6622
7184
22391
8955
15413
24164
19121
30697
6612
30604
4968
25207
2134
11466
20392
32526
3786
5118
31900
22973
15960
6591
13396
17639
32296
11690
30917
2105
20095
2298
12306
31711
18219
17242
13834
25592
21794
10743
9969
8263
31590
3288
18307
1067
6955
30322
11830
27345
1852
375
4544
23464
26267
16624
24793
21269
10855
28299
1858
873
6915
21302
1030
8720
16501
7660
13568
5386
10764
7375
31645
5280
22854
3192
7907
5455
21488
29067
3762
3593
8591
12430
27722
28317
14335
22523
31758
23155
7002
20627
25736
31612
13596
26614
24236
361
9860
26993
15201
8475
6717
14615
25149
10331
22845
9491
11664
31180
9966
24892
18341
1309
10379
24810
27972
3971
23501
776
14715
24679
24776
17515
24223
9820
6927
27746
28813
10323
28191
26511
9269
5906
6395
17653
10330
4834
29971
2385
31635
14728
7274
19630
25494
20599
15096
22068
27061
24388
3918
10817
169
20058
24184
16059
14223
24047
24359
18852
7728
2359
24592
24046
16005
10711
11663
19089
20347
28572
31376
28636
1267
109
20655
32520
8461
21630
19358
22547
10918
8903
9159
31180
27935
29109
19507
14378
9568
8223
10155
11489
29
31355
6429
5687
19800
12370
29505
6164
3368
15857
2939
4953
14776
7778
29700
1907
29330
22938
8517
12848
27934
17140
32387
25041
20069
31710
13761
11616
21019
3794
12002
1860
25309
13961
2575
24082
1975
9579
6488
16294
19177
24905
7582
12915
32235
1870
19120
14615
32430
3123
22196
13362
25125
19635
6345
5753
10244
575
31466
7942
23496
28658
17173
3570
18167
23495
30637
1830
6313
10250
25374
5998
9799
8460
31423
4048
10643
21275
11516
11035
8168
31921
23220
12738
11971
28908
32736
4075
12675
32318
20342
4548
21613
11622
18061
14870
24819
27807
31425
26396
7990
31511
10201
14741
28873
10402
16551
29208
2232
15792
1840
14504
25801
8061
28685
648
27649
1159
21777
2640
22122
19781
15148
3649
16916
21782
12175
18646
6490
20344
17
22427
11878
1402
21202
1090
12280
1908
24862
9204
23394
9973
22932
229
4056
19709
11655
555
9958
108
19876
1488
13890
12475
6613
8486
7876
6378
2150
15194
3251
20153
18535
13900
19778
21019
25425
6558
7514
12520
8684
29708
21914
4818
14447
26363
6045
16794
32233
4180
24699
388
13025
18066
9362
19976
6969
23322
22662
20170
28505
22219
2950
6348
26761
25815
30417
4066
27805
24529
9849
31847
7384
13575
8039
10543
19467
4625
9888
7612
8189
4266
3527
18613
25103
21695
10466
11923
17184
20678
20833
28830
5807
9297
6748
16408
18751
18659
6684
4536
5632
258
27869
9562
16299
15757
21714
13812
20654
27984
7018
26060
9865
27350
6098
15080
19576
31870
32443
16326
26962
6865
24413
7246
17585
28947
29115
15109
10067
19480
6697
20099
6848
27482
17932
19239
19501
26696
1506
10505
5793
10208
2178
560
30806
2687
23460
24838
30562
19960
5539
21256
14742
21988
19586
5058
21415
20026
32302
25595
5003
23584
19970
24877
18982
20736
15248
28984
22566
5085
13983
5718
556
13544
13424
16210
20524
24398
10822
26613
31766
7509
4388
7618
13238
8871
22233
15587
12761
4333
24634
31074
29361
27296
175
2204
1914
10268
2801
32499
19806
8951
24337
13764
2966
19344
6589
19865
15571
23787
18623
8351
2012
700
18630
14682
11128
9665
12393
8599
24974
21077
27753
7586
32139
27971
28982
10170
18948
10968
9653
16322
27037
31804
27457
25401
16169
26370
26352
16748
8466
31485
28695
32746
23547
23125
18448
9017
18597
2011
32570
28615
30991
28570
11074
22307
16610
23982
21153
17773
7435
22362
12646
25356
16042
2644
15158
7838
15659
18019
32401
4917
13234
13612
19798
7872
19901
17481
20106
15559
1797
30108
23893
31068
8869
2531
22861
4174
7549
14732
19448
3231
8153
28618
1931
31800
12878
15336
8952
3036
14821
27870
30504
8027
32636
2850
389
14856
18024
9408
20412
19308
13919
8109
22721
13372
7318
1624
26387
6025
18470
643
30785
19511
1460
31313
13741
688
32337
928
27280
29401
32159
8600
6974
9798
25397
132
8620
12970
17221
9185
29487
30865
31356
15029
29574
14929
14634
3619
31003
7997
18851
15931
26246
30493
5605
16663
32083
20955
12411
22563
19973
16255
25761
28604
26970
19549
4520
7421
14033
3469
21916
11733
5226
20892
19237
32605
9133
18817
24235
3689
26605
15827
32445
30302
6606
9273
11188
21059
21509
10529
10899
13338
32095
437
24370
9840
5125
6666
4508
27699
15870
29595
8885
29380
17141
18423
29728
10829
21309
17334
1887
14421
16402
28081
6204
14481
2338
3699
13928
32765
25420
11242
8803
5676
7335
28002
29083
22748
454
31669
15832
32206
10298
12731
25559
26325
16985
12552
5429
31788
24638
11991
16784
268
16913
3393
6888
5758
8073
5299
14667
24687
2222
24990
8625
258
17380
23152
13349
24106
19749
16836
17701
25975
23182
14549
26188
16944
2589
17977
8750
14755
7353
13516
12164
8633
25202
24298
24457
9677
15371
14817
19363
19902
21941
13733
1606
31555
32542
17606
21269
20863
17578
8352
10827
15062
11776
7634
2906
254
17865
9457
25298
11097
20148
9085
1923
6018
18878
2323
4838
38
12720
9445
6329
26133
4073
30568
490
3992
20061
19532
3766
4614
27358
12465
17426
6546
28571
6552
18506
25447
21734
20119
29416
7671
12346
27858
5079
9103
21628
5670
13768
17199
18305
8359
24533
2970
12497
23117
6756
19625
9642
13546
15183
17124
30280
28255
15682
8531
24676
2320
9828
28050
19195
10389
16953
25124
28496
9907
12999
19209
4916
29834
7415
4243
14469
7183
29759
25717
26101
30141
10622
17693
27916
26248
16679
19268
20849
14867
5282
30147
13669
27938
17135
26536
28560
31826
5261
19593
11776
2824
22170
22296
19055
30375
28987
3576
13252
10758
15678
23247
4317
17697
23806
3997
140
27918
7303
22092
6879
22579
7419
16008
6053
27319
20277
24016
15917
30518
427
13773
593
30649
1433
21731
29363
21221
12124
25863
23623
370
13851
7376
18194
10207
13997
18128
12337
30820
23991
21284
9500
28969
32021
10058
9260
19125
4220
8243
26203
10921
30045
31385
30284
28334
23052
5523
14475
9132
10273
17255
18709
32061
28191
7327
21019
24929
3155
2399
16387
23667
10495
29941
30384
4443
12216
24498
27651
31238
24589
17144
19361
3091
12137
31637
2039
5583
571
11855
31868
26468
83
23232
1334
7245
2191
4197
12160
6413
1976
31217
26634
4385
13991
13031
18977
10547
940
7015
29745
2448
11056
7752
1416
29916
17304
7528
10588
14085
16493
30784
21264
117
12474
24764
4019
396
15542
29257
4298
23117
9891
16175
21583
12887
21238
18465
3577
3351
7096
4626
13758
11837
29484
20043
24471
8812
6578
18619
16515
16438
27371
4238
1230
13639
1566
3841
23443
29664
21979
116
23424
5256
15070
960
9433
32766
24117
13260
25791
30065
28326
32603
7603
16627
19787
13096
22870
13868
28031
27189
10098
17227
27646
22624
3646
12354
8519
9015
20446
24115
13125
15629
10538
6949
27183
30286
28080
24060
19629
14607
9468
32424
18236
8937
3351
16028
25299
28936
9805
13698
20167
29311
11315
30253
16876
29918
8169
32719
30461
24327
18333
20332
18493
28221
18256
9614
11871
18814
14045
21563
9891
24339
22839
10532
17475
16485
22770
18463
28941
28690
11781
2519
8529
22080
4302
12994
32509
20274
7766
5716
20487
2073
4567
31347
7179
7724
14203
20266
21814
13306
31847
3745
2146
28927
16376
22861
22658
8054
19020
8804
18753
23663
3077
148
7398
3617
2889
30452
18811
5249
8717
19003
18734
26644
29076
13872
18935
6913
12082
5985
123
28778
11862
23832
8753
32252
19400
22411
19139
3013
7726
13907
20663
9798
4053
19231
19790
5834
17838
25770
23468
13814
30615
21994
21306
19616
7644
32139
329
30437
6142
24987
9720
15733
12467
13191
14423
22834
9005
20550
13772
21754
1439
4308
182
448
15614
32482
4689
28898
24069
16844
986
26806
8059
22475
13043
1894
16824
28524
1352
2047
3942
30016
3955
24004
23429
10709
8989
6600
8369
21478
2150
20156
9640
25295
26247
26373
19207
5443
8118
8466
26196
30785
9291
9708
20033
21060
288
28174
31791
20155
11581
26744
26354
32184
23221
6143
31444
31724
20171
6887
21212
22227
1369
20659
5968
300
9075
4668
9592
27564
32071
12289
25765
5619
13127
10942
27762
11199
10891
23104
24650
608
25712
30327
9258
2668
31110
14029
20136
2483
15273
31670
31797
12661
17261
13960
26527
25811
27840
910
27610
17284
1738
10839
21247
19657
15128
30804
5781
11939
28666
10659
29968
5443
10793
21541
151
3778
12717
2262
2826
22290
32254
8030
4932
8245
11626
24547
6045
10924
2998
32546
29107
16947
27656
8382
8043
29355
23045
21463
7474
2392
26166
15839
13705
13900
4528
26537
27072
25123
7412
24771
22529
3057
15892
11526
17041
17273
535
12395
7251
5024
23967
3361
16014
28961
12489
10204
11247
385
16981
18031
1234
20038
30215
31901
4285
14436
16972
23340
301
16376
10529
5436
20886
29752
14385
4055
26789
8106
21565
4041
24264
1173
21441
31154
3568
15798
11477
22617
20118
5939
14929
7491
1532
29653
23604
20357
27061
4721
30535
7382
7271
18343
6141
232
2000
32719
15518
30457
6151
7473
2724
27045
15364
1652
29542
21758
20323
31066
3059
20190
20837
30122
7233
27004
3384
21613
10631
9278
6008
24412
32743
24270
17653
31898
32592
624
32439
17055
12195
21907
5951
2164
24596
11685
1296
17958
21972
29484
9838
22901
19949
11283
29286
716
22125
65
15118
11894
17094
27761
25870
24078
16245
5949
14431
17975
18658
31867
11859
29838
2439
25293
24790
4573
25429
20340
32499
5266
10323
27749
27290
30575
18057
5279
25504
18562
27420
31419
25607
9304
24762
7621
4480
29038
11576
74
26670
28648
12922
21938
685
29061
22164
6608
9043
19923
30510
18104
25269
26271
11309
7377
10093
20656
7568
12587
19227
29877
28823
13842
4266
15483
4139
12771
20437
8291
21626
6174
31209
10516
19938
30909
23500
14701
14096
14788
16702
13501
21097
3866
23903
21815
13992
9367
7281
18080
20169
11870
17120
22859
4391
21357
32127
24903
12769
9842
18197
5591
21633
8416
18200
1314
224
21571
3512
28716
24388
17873
20768
8965
32716
10305
4088
7489
12558
26592
15662
7847
10750
15585
22774
27694
2834
14324
6927
24869
31395
32027
4680
8369
24727
8377
23876
31612
1341
23276
24698
23980
6008
1309
7551
22802
24096
5590
3976
8100
6309
3795
12587
558
21237
4443
3941
18244
12448
3281
3553
28283
29498
15238
16503
13273
16386
25041
32244
26505
26816
866
4121
28115
15348
723
9446
31564
8236
24448
25880
24906
32438
1433
21488
32411
16759
25717
23606
10359
26651
16169
11902
8114
30831
27482
21674
26166
19978
29263
7856
2225
3379
18506
19613
12427
15615
3609
6618
4635
19642
4328
3502
2842
2184
31833
13573
1368
16716
29399
10608
29101
11209
39
2412
28467
15112
6719
17895
29362
31225
9308
26880
604
10332
10319
14863
22971
7906
14871
25317
2535
16016
14773
31317
27132
28517
26428
6131
27595
29244
32040
21787
10448
2548
17648
24373
15205
16333
23007
32568
14388
18197
3615
14957
23538
17413
9751
28790
16715
31206
24055
6798
13080
9335
28048
4114
28376
147
32362
29761
27486
18447
18448
12608
30663
9442
18095
9312
18095
24456
16351
24484
14757
19624
2497
9342
219
15860
18506
31706
25378
31312
5342
3933
16918
311
17441
10223
11926
7515
15882
30071
8568
2700
7225
997
11386
13019
650
374
14203
18175
26090
14899
7659
13816
13673
27836
16512
18418
6545
23619
24362
24683
15862
17371
20298
11160
22799
3827
25119
15109
26180
31517
3968
21885
17992
1813
14545
32297
14761
21246
6192
30459
27046
21998
12271
16974
29504
3245
20039
26566
10388
1466
31050
126
31847
28303
22298
20066
19459
1574
26201
25305
31554
6332
6880
6312
5864
26837
12980
25875
28981
10624
22325
17476
27835
28124
24217
17649
26990
12763
16793
30522
2042
24646
6506
17104
14169
31234
14831
26716
16548
17041
15405
12831
17705
5595
3327
6101
25279
19247
21515
23008
29270
18821
18164
22434
5330
12550
15570
9515
538
15822
5599
9236
20075
18416
19314
9130
6643
1210
15410
19536
24219
27963
2179
23070
20516
28163
4933
27342
629
17450
31422
25305
18995
11156
7636
11741
2963
17010
384
24130
27500
17932
10879
28701
5777
3263
16203
13140
4957
24897
1609
8452
20879
9005
5188
8223
27736
20667
16154
32090
21171
24014
10421
6726
18933
31797
30269
6076
32421
14634
1932
32639
6029
5151
17123
12573
32529
29371
18651
5654
22208
5663
9374
24896
18729
30061
19542
23914
11760
8587
1510
3904
13345
5668
985
11887
1731
7152
20119
14857
8113
8246
19935
11306
15525
9615
1649
4316
10902
12780
24587
1080
23364
24026
1943
23502
30993
26885
16803
32583
27922
30715
16657
13385
2918
24371
22032
24987
22982
8014
2379
3466
9310
30364
30560
7051
21723
11234
147
3361
16326
30299
8388
18945
23568
9980
926
13173
6382
30460
10514
1790
17895
8084
11779
21565
16682
7940
3395
2579
24614
20182
27839
24328
18005
12134
19190
6377
7768
3234
8368
30645
26953
24591
19180
18363
22605
5133
20762
24316
25704
3163
23434
2518
6294
6109
28197
10980
16919
12189
15195
4640
31498
10001
9052
20298
17213
12700
13195
910
6980
24918
14895
30305
21960
784
17004
29100
4898
31635
3187
10540
6952
2601
22005
12568
2375
5215
1757
18437
32467
24328
5694
30728
20378
22661
15242
21274
23743
22596
16390
20160
4550
30599
1146
747
14315
26471
3885
20508
5048
26648
13840
12493
214
17774
14650
14861
36
31904
24980
3946
27654
28493
30678
19987
18176
18364
10162
13118
22659
29288
9038
456
3078
20668
6904
27419
18009
2331
23830
32597
9526
6179
12891
26791
23834
1843
19009
30202
10578
27690
19379
14553
601
5746
24073
14987
3681
3390
15930
3199
48
17167
13389
14318
22573
8829
32017
20667
15291
22580
31758
12190
22213
32317
18875
6017
31642
3199
29170
18986
29948
12933
30368
20507
15987
32385
27329
30646
5864
30097
14732
20389
8558
322
28138
8313
2147
22099
3629
10641
22200
14523
24575
9534
31629
16620
10392
22564
11265
1626
15669
12260
5960
21303
30661
13560
8446
17793
25573
21470
5562
319
14350
16760
3559
22536
28429
32435
29391
2500
5556
16231
23033
695
8400
14462
10933
15035
24411
6489
16885
6604
23794
13423
2142
1482
18569
6967
11935
32123
13149
12617
1026
25808
15402
31424
6976
26217
31390
10722
12698
3674
16142
12291
3109
560
31337
21926
16230
31279
25194
7654
5406
24542
9745
30996
1127
13766
18003
2722
28672
11382
26385
1599
7910
2250
11335
26692
8996
16237
30598
3407
8939
27037
6564
27949
14309
30510
19634
31998
22727
16850
2606
31891
294
26007
4474
13083
2955
689
12941
24319
29129
19578
12521
23818
26510
2487
21196
19149
825
27165
28843
10306
26859
21780
6364
15535
11233
5562
7059
17101
23041
2091
4879
8234
26034
11264
15381
11212
25073
16405
12958
18455
17570
19344
26317
21489
8995
14366
24099
14115
7463
24960
5366
3586
27074
15943
5151
14416
15040
1499
3828
20317
27195
30658
7542
18289
9837
10271
26315
16494
4034
30073
20462
18866
32049
3006
677
7483
23245
6280
24755
5646
22167
5278
14159
26073
20375
18110
18134
19927
15147
25498
29373
24308
29854
28448
11721
1330
11004
17150
30338
25163
24869
24166
30693
15256
13345
25358
8793
32561
23475
25468
20708
9302
6449
26240
20127
27405
2194
17410
20583
16141
1993
16125
14038
16859
10322
204
11377
16435
24330
22949
29731
5801
26179
27235
31723
18832
1560
7048
2001
21531
14078
1410
2334
29378
21148
11821
30156
27879
18141
16282
13372
8634
32579
7183
28455
23642
30846
29518
26071
13117
12861
15642
3223
30417
29508
15608
4456
29539
5054
29491
6389
2625
16853
7970
18377
26139
29825
13997
27584
20143
157
30478
22971
24486
1088
29397
21400
9912
7242
16687
2658
27927
6205
12903
4292
12299
8271
11693
20932
3289
445
7191
24494
9194
5473
1253
12109
14121
29831
16137
4961
1965
28669
23527
3150
13976
32105
12121
16402
11583
3807
6390
11897
20619
2227
29332
30100
927
18828
18443
14951
15802
30906
15420
2530
14175
3786
16210
17939
29364
19543
31304
29593
9001
4899
5036
31580
14425
21862
12706
13435
4149
3941
23851
19078
5215
32583
10919
21486
18132
3876
19353
11449
462
9568
28075
27002
28393
20279
2802
30337
31108
31128
3954
14159
16490
11319
30693
14925
19122
31454
19896
21693
995
8451
9303
15088
17244
31648
31658
26809
25331
21823
11231
28195
10461
14420
15979
29791
2254
15312
22603
3840
96
32243
6544
11627
4793
16738
5658
16520
10088
24697
19364
26814
20625
2786
14593
16415
15434
359
31396
5343
21828
17412
4198
10251
22190
26177
12420
17527
22358
32191
19431
16889
4114
24336
10153
18644
24926
7371
12244
26999
23622
31968
26477
23656
21127
22570
6577
32379
12785
6211
12446
23879
12047
18332
21685
26586
778
26573
14847
6060
16587
553
15950
9682
1376
9878
15557
8308
1953
19612
15002
29825
19219
19131
20763
16289
31244
22530
30959
32364
11032
19421
6815
27353
5532
4143
2133
7929
31161
31136
17635
20453
16243
31289
15366
13557
4371
25134
20460
28466
29897
8954
24565
1294
10646
18609
11447
18003
19305
7570
15684
11354
649
11228
10671
2685
16946
4580
28364
8910
23171
23651
12088
29450
24984
23316
1433
19912
14323
9087
19495
5110
11296
13839
32108
8838
408
31083
4679
18533
24295
3
311
22701
26378
19433
17110
11547
539
1251
32676
11459
6448
21694
19206
11010
18816
24037
3983
12981
21191
50
4221
4520
17644
24579
9351
14418
12513
25489
3542
16831
24780
6781
4945
14285
23396
17324
16157
26523
13981
25941
26212
23103
32135
11096
24150
17847
11635
32722
622
2594
3673
4590
28663
3889
27254
16126
6862
5592
26937
4554
8041
21065
4448
19495
30232
25122
13919
11980
27531
29413
21761
29538
661
11434
9041
11482
9007
13584
22459
515
15040
24185
27503
30300
12700
22391
23558
13607
22986
28289
12392
4798
15114
15851
17645
14378
24598
21525
8898
11506
2345
11234
26255
13105
26558
2411
31318
10731
18330
3829
9887
27041
18700
7713
16082
20259
4212
22883
27876
26790
3842
22965
24629
30998
18624
27789
25529
17838
15315
28172
8023
25029
19710
4984
2190
27883
23911
14828
18014
30516
28062
3406
3174
32724
29147
7042
12618
16876
15239
10205
1111
17316
7166
21213
9834
23418
9364
27159
27149
8154
10198
29808
32484
29934
24594
20112
27720
11447
24345
27540
7985
27997
11075
3587
3929
20931
11700
3332
16286
30815
21982
31182
7592
29769
5703
14687
1229
21649
7820
26225
26673
13782
30375
4010
26674
4628
24429
9747
22275
17086
7258
12235
28822
26893
2705
4861
18880
12439
10527
3343
15000
8227
30336
10780
18464
27836
18276
20645
20775
772
31411
13699
621
15051
11982
19488
22025
26848
23576
1767
8712
17191
30901
31737
31319
19180
2449
16930
27107
12663
17572
6667
18174
27361
10357
14257
9989
25382
11485
16405
13631
2426
28942
20278
28937
9697
2771
6716
5936
11514
23322
502
15007
1563
2991
10630
20538
30627
6730
25947
12809
11660
5324
5728
23961
3648
27334
17779
29087
20910
30779
4889
11999
3740
11687
20336
76
12863
31039
20069
20081
5641
21883
19494
8719
10178
8402
30171
23048
22490
8900
27281
30843
16894
25118
18550
19249
17385
12410
6732
29496
30333
3845
14616
4045
15634
20613
30234
4224
24334
7322
8450
29330
24501
14403
15969
28066
2115
14245
606
21384
22584
32008
25514
10114
20468
10531
23222
12430
18819
24729
8483
2838
21434
2755
1402
32210
17283
28080
10013
5611
28533
19306
11901
20060
18856
25723
21902
18078
19399
944
21624
19588
26982
30493
1680
15716
31894
6753
23430
631
24759
22060
26847
11394
12174
14590
12198
29366
21656
3377
27231
6357
27293
4153
30525
151
6023
12075
12949
27212
23157
27772
21905
10434
12
21259
11561
19561
12557
6754
15695
2485
20269
24633
9322
24260
5153
6972
21254
15425
9976
11023
27594
13704
7085
10638
24490
31755
4349
24921
6750
10740
24694
3472
21266
8204
5329
18139
21855
31451
6785
16814
22138
25361
24204
16843
10923
15652
20378
26376
28417
31803
30027
14162
31557
7243
4558
2546
12332
1919
432
14351
30160
27358
19953
13940
32353
15912
9309
31892
8472
768
10777
23755
24941
32592
23677
12775
30346
30442
29729
1511
26367
10347
32315
5635
3255
4453
8232
22508
5419
15805
14664
25684
20949
9809
22287
27313
27880
25310
12121
4670
22078
13090
5374
27715
31890
9021
6823
23447
9967
20317
22496
5475
616
2714
1134
7976
14346
27935
24034
28164
7951
3467
2926
2865
24404
27031
29688
25038
6158
16888
14957
6626
24248
28039
21592
9374
10832
26527
28339
24034
32450
7622
5372
26371
27813
16528
20108
7884
14629
7105
9765
23234
16960
14770
20426
17836
29494
22006
24787
1875
23866
25404
20032
6535
18542
10359
9550
28258
20750
14653
12872
19409
25835
19821
2464
79
13596
15381
10046
21748
28656
7571
6168
24751
22311
22778
25091
8400
1633
8375
7624
31433
32214
8820
30587
2869
17736
28220
2312
26137
15158
22752
17167
11370
25683
23962
22514
6864
20278
17137
23852
30122
24659
1756
5860
30290
6698
22058
8641
7586
13758
4897
28417
4023
8009
12134
18117
23796
11054
23837
17583
23626
5935
23376
687
31415
11232
24981
26138
9229
4699
28395
17149
10485
12854
32742
18864
17971
11186
28684
29358
12588
16949
2686
23715
19877
19195
3547
20679
28877
29704
10081
24939
21886
30561
10581
22225
9664
3707
165
24129
15759
14836
11725
12121
2782
12673
17655
7077
11995
4136
14694
15472
17525
4271
30740
13017
28699
28244
5530
11817
7367
15806
4945
11363
2620
21044
32695
10525
4236
781
30228
11919
15580
25959
16733
31978
11115
19996
9816
15339
17105
12274
6401
27311
13445
10770
24877
457
26274
23228
29293
31634
10987
19000
31541
14016
26380
528
28477
26426
4643
9340
4392
2347
11134
6174
16228
2645
3750
7151
2129
7593
18589
22394
18853
27924
21093
15176
24335
7579
21697
17819
9242
22954
22848
32607
19797
21929
3190
17757
23729
721
30093
12722
13610
25662
18173
14719
4521
14917
11415
21219
25385
30727
15048
14118
23065
14150
25372
5431
7938
7800
4609
18521
32362
27930
22990
26393
3064
8775
20227
16003
217
29065
31186
3477
22881
31215
223
5364
30198
29536
28997
20190
17194
17966
18393
25440
11559
16622
8114
11465
25168
24712
10729
24670
10533
24202
21149
12111
19815
31170
14138
29674
26749
11531
20987
16143
2327
18535
32430
23012
32273
8270
15544
4041
18586
18246
21080
21647
31125
1460
13616
6884
32319
1010
23553
28434
8211
23201
23990
10730
15339
32065
420
20474
29799
13055
9488
28935
25490
4557
6641
7095
4035
12216
25336
14733
10178
32374
28878
26394
18988
1343
17565
7282
23577
27871
7121
14814
13051
4616
2336
19664
5578
4588
7879
8476
22878
1291
3607
29284
7196
23626
24625
20948
25812
5190
11278
5136
10474
13031
28098
23403
32180
17208
25345
4698
31012
17270
4322
27176
1447
14695
22243
12779
11596
24812
13101
6582
8233
10458
7194
13840
31227
29190
4853
22437
2828
17567
21505
2876
10330
28609
18364
21993
18165
18246
6500
388
26281
29664
5819
3417
4061
2405
15624
5921
26811
22377
5982
20530
9617
10258
21024
21234
22647
24872
10181
27793
25651
15212
2777
12024
5721
1067
12612
24316
11447
7442
25807
4824
18927
11844
15588
5338
7526
16042
9621
24156
16989
9866
22497
16118
6750
4188
10034
1010
9946
31705
18473
13312
9744
30548
29854
13099
30512
845
4323
25356
2497
21572
13897
4926
23616
26315
18150
22034
19978
6623
28309
3459
18556
17272
13629
17516
856
29535
1623
10232
26730
22592
20906
13658
23148
31488
10585
28607
25384
17488
288
12929
3292
131
29403
29598
27362
21916
11336
2664
5520
24492
27149
20094
7518
26459
9213
8954
14662
26308
20119
16876
13425
20614
21967
23560
24335
19735
13586
24731
1671
25180
20612
452
14544
14711
29580
18656
22302
30433
6290
20294
15298
22712
24071
28469
30539
3930
19622
266
26866
1074
21242
30902
13877
722
6689
30576
26049
30786
6095
9639
8597
15512
406
26939
25701
6857
1380
19436
5692
2751
27469
9747
23654
20908
1162
24976
8333
31901
3010
26883
4898
26962
23177
5951
11519
20813
6183
15099
29770
2857
17818
715
2204
30253
19166
25935
14946
17441
26987
22954
12676
5472
14336
29750
26437
6959
2975
15223
30571
13389
29144
18765
3231
14284
8267
3181
27670
25118
32105
15889
25713
6259
9850
24559
9186
30275
5860
22120
14737
22822
21674
29443
17982
24300
17971
793
8231
2538
5453
14034
28204
32658
17265
29776
32305
5447
21321
27433
23236
8047
11119
31771
25599
14025
5752
18683
28592
26624
1073
239
13496
385
28712
15581
1457
29578
4462
35
7892
30340
14236
12681
2841
27539
30996
8307
25759
11115
5769
27228
29775
14181
14274
21631
29885
210
26010
28119
31822
14991
25932
3402
21152
26842
22765
34
13606
9059
18746
31932
20243
15782
31892
11652
26746
18809
16201
26657
4275
10209
277
25836
18432
7210
27625
2727
27760
5431
22506
8812
28164
8470
16573
2019
3601
16087
8194
10680
11749
671
20766
28236
28845
16376
25150
20651
13463
11883
30361
18879
10035
15441
7669
22979
31007
998
17772
17913
29923
5791
9584
24224
32026
4798
20749
24865
13779
14115
19054
19081
23862
26981
16547
11835
5995
25121
23201
25831
12727
29586
13194
10166
8424
7778
27695
27591
16116
26816
30164
4575
3037
11187
31283
15964
30167
19118
1219
28011
27821
2404
20793
6011
17505
29661
25423
31218
11027
3274
19397
22558
13859
13846
16038
18542
19098
1981
24269
25058
25798
2273
25255
24000
805
32539
30267
393
14469
18447
32359
25899
10600
28995
8556
27000
30893
561
14509
29399
26477
11418
4019
15417
11300
22302
5237
22095
17681
13834
23766
9979
18911
26225
9584
32004
132
16254
11664
3085
14698
19976
5249
25800
14028
11879
7182
15719
9060
14470
29762
7763
23619
12858
29810
18209
4608
31698
25982
24514
1300
27376
16723
18937
24965
18327
2996
10002
32194
8068
10299
26066
206
25538
20890
27818
13217
1145
5671
13359
460
32519
32152
26063
27995
4689
15370
21180
31231
3419
5705
22317
21357
27671
23371
32198
13057
13947
5885
30548
18599
21974
25155
15038
11003
21604
29753
24889
4783
15136
22720
4794
25901
473
28726
5809
21118
17800
7300
23796
2667
14561
16222
4857
19682
808
28102
6473
22939
326
31954
27953
762
7452
19376
23227
26680
12055
28391
2781
6846
7685
8415
16879
13009
12583
7076
25186
6004
18567
16359
1968
32138
28555
11590
19855
25148
32203
12237
5994
1178
14880
9916
27665
8837
13309
18570
14768
31948
18179
26667
5630
26261
31951
8079
20150
25599
16663
875
24139
7173
7157
17467
6360
8614
26242
24712
9557
22594
11687
19558
5905
30536
14128
12866
15196
28942
23842
12506
28548
16640
13135
14989
4868
25853
11047
31189
27127
1534
10705
24338
979
5113
17531
15241
31315
22789
5870
3500
7349
18366
26725
25244
23334
2283
4767
28908
1659
3166
24371
20648
14369
8476
20260
29845
30295
22718
181
18619
26778
14871
10110
6689
12385
1815
19136
11224
14859
6639
15862
7482
6678
7542
1964
1396
19089
9420
10900
26690
23764
26173
1239
26618
29550
7528
14761
22732
6239
22688
22816
6472
17288
13714
14918
21536
9567
20776
15213
3888
2535
28334
23746
11195
26592
6708
26917
15352
28730
18995
8504
20941
12752
17523
7350
10970
9555
18987
22023
23993
13700
20331
5137
27780
6055
16823
9808
24728
2100
8692
10025
21401
16335
30089
14459
2487
13434
21182
28280
303
31498
3175
23731
6932
23767
16583
31097
16719
30136
20399
19301
11749
28207
31718
5423
14200
9696
15309
29637
18193
25160
32067
8861
23324
21931
24775
23113
15284
4686
12252
32076
17441
15847
4786
1836
26015
6482
18690
29128
18273
12421
27194
1260
10198
18118
28890
17443
25387
21276
5406
28364
17169
8451
15069
18032
31680
26979
30385
3923
31292
30659
28248
32585
26583
12218
6234
3787
1783
1703
7916
24650
19737
17826
27157
12739
24086
10163
5391
3220
19621
10305
21232
10126
17442
5581
1674
12107
32654
15584
4495
26818
12758
16193
7929
25112
17240
27500
27816
9658
2211
10304
22605
9128
22142
18680
13192
17684
5933
23900
9037
24107
17647
21048
3724
29235
28107
30222
24593
32214
9356
13832
8105
15293
779
10032
9862
5985
8620
12259
29412
16926
10283
25987
24301
7818
23449
29293
16090
30212
19873
6187
10844
11408
4368
8682
30010
26338
6037
23342
6971
22200
7364
24260
9030
8557
16993
20985
15816
5323
16860
24585
8790
7714
22296
2522
28820
14230
18544
7658
6229
16317
12284
27782
3331
28522
27152
3134
18498
25027
19718
17045
24528
25242
3646
25853
12975
30458
30818
17922
29063
21503
22255
709
1606
14315
15089
17580
7945
22903
32014
19288
24639
24935
8389
21207
523
8801
31992
10779
23787
767
19880
3499
10648
20003
4865
6809
30765
23947
24982
28084
8842
21157
2029
17150
15867
20900
11582
10593
20501
29395
19832
7837
19169
24105
13957
10117
5181
17694
27343
14443
7294
11966
3331
473
18522
18940
14613
30082
12806
14920
28292
6007
1435
4708
28639
28574
31934
29043
15240
12129
15744
30291
440
24483
8323
32044
15299
11000
8799
23369
18589
6165
1091
3367
12957
18565
24544
2764
642
3998
12930
13914
17332
30132
9088
6372
7628
31628
2519
24960
10069
12819
29970
23198
21972
31312
15725
18840
12039
408
24377
27786
8043
19969
9602
2659
6656
28441
26608
18748
25936
9943
24555
16105
14766
7889
22786
28622
5308
32176
16526
12276
26160
28897
22674
6749
31191
32398
4582
4756
17114
13261
20885
1159
27712
791
9603
22169
21172
26363
11347
16884
19336
7443
13447
1308
23803
3384
22249
9418
19383
12530
4138
12023
8606
3890
7626
13367
4550
8260
8759
27464
24002
11775
21561
13035
8228
1087
15757
26098
8255
1429
19665
13723
4914
30780
16032
32284
28194
8015
8701
18815
11718
29754
31733
29872
14121
5231
20096
10965
13739
14170
1705
10973
6729
16534
5614
2908
8223
16993
15082
28822
31275
1101
15665
26841
3668
25145
8316
25361
25003
6016
4870
29590
6640
19056
6965
23368
14424
27646
18557
1246
29069
16311
27522
27771
18167
8186
6524
9602
17722
21093
32480
29356
3072
141
17725
9304
760
10482
4195
12578
24607
7218
22219
15542
25406
23164
6451
231
27315
25928
15753
19707
17781
22853
4362
3913
26195
25747
13739
7431
23676
27955
32440
11357
13636
31676
187
13501
11045
15951
22687
10615
17924
14284
28181
17032
20662
28486
13623
18355
18371
13237
13163
4564
9578
18411
19339
13936
12005
2762
5443
4496
9966
28595
17338
8656
2433
23361
24436
27315
13540
14392
22391
20793
9189
22712
11692
9908
7523
30647
17033
21975
32015
28334
1005
26128
31092
29585
843
18712
2869
29445
14091
9928
22934
23246
27437
6958
20542
26758
9520
6880
16956
20629
32562
29072
15943
20829
15960
3809
30794
1717
10352
5497
27680
4505
23765
24663
7579
26655
13459
29287
6604
25005
28108
1108
7550
21354
9819
9374
1284
20722
27062
7660
26933
25934
22041
6051
3508
22563
7393
9399
1141
21289
25142
13506
10876
31711
16364
6995
25064
21886
28587
8584
11569
32555
24654
21983
4014
8816
14986
3657
22362
9709
6352
20608
13271
30795
30324
5275
16051
1906
6670
5600
22763
14332
32545
9689
429
28905
762
13738
2658
3988
22747
2465
19436
22501
2393
19215
16684
13513
259
27734
10952
23775
29252
4932
8235
12149
3723
32159
12749
23986
23208
5121
180
13332
8826
7910
28475
6174
20423
20996
20242
3658
10347
8667
12422
23621
14261
6028
14082
7003
26382
5870
5846
20272
2523
19167
8248
21682
24741
11224
31624
15691
22391
21701
31449
27227
904
6675
9388
31973
9242
5898
23550
28041
10914
9565
18822
24754
3625
29439
27192
2832
28146
10809
26381
14921
18269
24570
6662
21995
17163
15470
25711
27814
23875
4561
14945
8632
28053
21894
1930
3752
20925
12131
20784
27959
16330
4944
14708
7572
895
6416
18388
23759
11001
1630
6900
16272
26258
16188
26526
17673
8198
4232
26887
5673
3284
2256
9812
17682
16359
21351
12636
8398
32374
18872
17072
28989
23593
11995
22233
12114
25213
18790
12512
3455
18281
20358
26132
25710
30530
22862
22279
22514
30172
19790
14810
18493
23282
31592
6586
25427
28103
23007
28587
27327
9230
6321
14468
388
2055
32551
11323
5718
18924
18346
31331
15882
139
28120
12275
4684
23860
8919
10825
26768
22229
23529
15215
30027
4196
12097
25500
12130
32381
29462
17406
2018
4173
21237
11958
18931
24494
20315
30757
14087
11411
23427
28006
13143
10151
3453
5147
5776
20529
5248
5997
29897
26939
27009
1614
29625
18931
28164
18177
39
3409
27955
25565
30625
25850
13101
5454
6769
4965
11936
11548
22989
20796
20634
18160
22094
8709
7836
25108
8868
23553
10993
18554
7815
26452
26429
26368
32240
30823
1369
31474
20618
18827
23134
14544
7523
6111
30720
20562
26344
26483
28702
29098
11024
21165
30358
14345
13271
26860
21854
7524
19438
24684
26321
23416
11185
8042
2630
24076
12889
24712
18151
10870
16243
30322
4289
24672
16529
29378
25623
14284
18239
13345
11004
8278
15160
8111
8481
26041
31962
2470
10731
32149
3032
4410
19656
25200
1583
29635
19396
8186
4955
6941
2135
29845
4042
27471
10881
11284
3217
4972
15897
6083
30558
26039
14947
