8594
11393
3041
16230
31068
12699
27500
6014
17193
15153
498
337
10178
10360
25895
25046
17931
29523
25521
22567
24456
15047
13777
15250
11809
20911
8518
16365
18210
9649
5230
13355
12166
4720
31919
3885
1397
29955
23573
16090
25355
5031
25148
28018
24155
11696
3185
12575
19124
18374
4372
22990
7971
2125
6720
20796
9784
14373
5039
16724
23309
15252
4055
29880
6021
6016
2137
9630
30674
22242
32156
11997
5946
25719
14773
21319
2586
11449
14987
3898
14635
7181
1848
10354
516
19774
29874
28705
16608
31786
7594
27458
10146
4283
4532
21802
1558
22041
32681
12384
26490
12830
24393
22958
10557
28939
24101
20856
28422
31097
5053
12109
6136
31890
16613
29628
6453
30336
7789
11369
24992
4902
32512
7776
10984
19214
18509
27304
23490
19619
1893
24860
24437
1441
9316
30070
5788
24777
31060
2733
17703
3033
20558
2177
8612
22971
3298
28499
27069
5373
1210
24123
8193
22145
19321
16213
22247
13430
30185
3675
11535
23942
6230
28025
24268
29777
1077
31836
4320
16155
2314
9613
14470
32705
15496
22013
17590
2034
3577
21217
27812
23963
10464
8639
18314
931
27357
14025
4519
15065
28882
23915
17031
20267
32580
3872
22662
17688
18948
11401
32144
31592
24334
19648
26922
5402
14513
5866
9142
16286
15088
23051
3826
10564
8233
22303
22467
15349
6388
29030
13617
28705
9038
14591
6322
19448
23799
952
13227
25309
21784
2085
30260
26903
8489
12015
27420
12234
14610
3695
5420
7462
24208
17531
12720
29919
5083
8832
1076
1245
25990
24529
3980
2612
2982
17983
24599
25174
9782
3306
19268
23688
6330
21847
18516
16274
18723
32450
18018
22459
17907
17333
9121
8436
6049
21977
10726
24916
16703
27661
13414
18372
13402
30389
25280
25340
15394
28244
32062
1198
9162
28766
28247
25856
7218
7751
30073
6720
9412
29408
30470
14547
31644
483
3485
12143
22763
21964
16538
13195
31133
24555
992
21011
15673
11960
25814
30815
23305
24166
2223
2406
29308
30651
24559
21295
31432
12574
13098
30857
21971
17906
27919
8956
2644
22562
17830
4351
26933
4093
13014
21611
8765
28229
16938
21808
3051
1154
16341
27719
8869
1948
20211
10984
786
28841
22289
8700
25540
8196
27376
15829
21018
13983
3206
2589
13924
6554
29254
29196
25417
21524
12705
20702
13414
19265
29389
26245
56
30908
4549
1179
24892
7967
20625
1946
6740
11474
32455
28751
6765
16672
14930
12684
25439
1936
11634
1566
22548
23922
28164
25342
13805
30136
25092
22988
15713
28423
19792
32632
19944
4110
27822
11075
30999
7703
16913
8678
20748
475
30232
272
30220
11931
29400
32534
10091
32620
7131
21222
23468
32467
18280
22590
9194
19601
23813
17435
24183
5568
15675
32115
31938
21279
22169
28198
24702
16811
3068
24627
5120
18799
20493
15143
25065
18076
6666
13788
4102
26844
6090
20575
16756
7396
16635
10802
17416
13384
12207
2228
19693
16276
25111
8669
26767
20120
18829
32558
8632
2819
19160
3304
9209
24884
5036
10621
23884
11084
26993
18756
25335
4744
21829
624
7604
6862
20804
5443
270
3205
23303
17535
21006
12458
3946
4638
16663
4896
13203
13378
23311
16200
20272
22127
5567
10962
15359
31480
31613
17107
20116
4279
14856
20247
31831
4353
6323
8120
8908
14809
6598
14575
21527
14436
19233
28971
19647
22430
2594
13664
30386
1866
16073
26530
7561
20271
21018
3058
14350
641
25539
14168
27387
18334
767
30002
10501
18427
28346
5835
5145
7261
8438
8495
998
18764
10605
19774
21915
24516
7032
19968
26866
5679
4911
20792
28269
28048
5586
28220
27359
14081
20840
30467
5167
3423
32677
24448
27481
5956
28689
12078
14261
9525
32103
12525
18300
29
29243
21772
6536
31738
8416
31143
21595
8919
12937
3379
11875
3066
29102
16215
11133
13150
5042
13309
21431
25956
17858
27818
18266
4805
256
23562
21544
8395
27105
22480
28642
2497
16083
23741
15373
25000
6692
22781
30454
4907
2847
28858
32244
26837
19064
28908
17645
13954
3562
25710
26395
14099
16158
32599
13584
29286
6607
21639
25592
16262
29996
2432
16927
14110
15485
31864
5299
10804
23306
4268
714
28947
7992
5366
12710
9865
22774
30882
30264
9043
14167
17022
16356
19926
10624
32304
8324
4624
18117
5068
5551
5581
527
15782
30523
32030
11393
4197
12032
21255
2907
18777
7647
27256
1310
22287
20996
19326
10737
20514
29287
187
6979
19539
921
22804
5810
21468
27069
29097
10283
22786
19412
7178
18259
28650
15423
29864
25638
14509
19070
15753
9950
12206
25150
20800
26391
22572
7059
16925
7728
29971
24706
31137
22772
17432
3010
27700
27770
28420
25795
13594
29257
10064
7408
11940
20416
8179
12850
23203
19638
22904
23221
12066
32093
29779
24046
6997
876
32117
32477
22732
27261
26910
23439
23788
9139
12275
26088
32416
25761
16976
22943
9292
28007
17887
21386
3587
31262
20842
28188
4089
25463
6893
1836
20795
12958
19440
4855
25245
11365
28691
8297
16884
6046
12779
29336
7558
17096
23052
21394
27583
3311
17511
1112
11046
30157
16343
28202
24207
31029
3062
30981
6545
14770
26933
11115
12602
15979
28460
30562
25858
18505
7470
22719
5118
604
22817
10404
21078
4475
20620
19016
29433
18219
28658
5366
22927
31683
25695
8025
10416
21453
23360
20470
8275
29870
29815
22266
16521
27786
6831
30006
1131
20834
13805
13416
18768
23423
27752
29884
13892
32532
26011
29586
14262
18719
17304
12162
25457
912
18079
19869
22734
25773
20207
25590
28967
19893
12508
19810
21646
23747
3874
27259
18111
22006
12153
29675
16468
10191
32106
16871
10296
3802
12128
11513
16734
7313
16898
27651
8371
9597
15808
4993
16209
23198
31404
6670
31989
4621
22156
1578
9907
736
4397
10554
21992
30798
17146
3024
15217
16404
8652
28461
11034
22550
2052
2052
31577
8010
29144
22145
3389
3538
25834
16266
4257
14440
30239
19269
22693
8959
25006
11482
21599
9895
26999
30586
32717
28338
28055
9376
24846
20757
29497
20374
26066
1553
3502
19004
13584
786
24001
28421
18679
31959
6980
21570
25894
21715
23791
17571
15647
30163
4715
8442
24313
25570
25769
3907
13910
873
28792
6882
15253
23451
3927
10795
9033
22544
8839
27943
8681
19888
5221
10645
6089
18131
1015
2096
14664
23207
20165
18224
1867
5073
27882
30227
11243
10839
21354
7837
3947
5309
20678
32542
14701
13422
6094
14835
21093
8542
27831
7759
22861
22766
10349
28220
24987
21520
1578
17884
28016
18603
28488
2037
14354
6721
14676
29612
1180
15823
2659
18321
17652
5364
22441
5596
11518
1110
12871
11766
1551
18754
22117
16188
22181
21138
12417
6399
12885
8404
19718
11215
17924
29096
26145
12281
29786
14954
976
5454
5748
13841
25148
8230
13529
2647
4680
22437
19632
18459
2154
10557
30000
19203
3514
25972
31063
15461
18248
31208
14815
15720
18355
3216
27502
31846
24311
23620
1293
14741
7303
2688
29403
32487
14236
12901
24834
3886
20940
28928
13035
20612
18398
17103
31406
13802
1245
23169
1229
27695
2923
21758
19489
19988
10584
28327
27156
25517
2419
7647
22289
28938
6048
14026
3897
22551
27435
31828
28504
20929
11100
17014
24087
16986
8780
1461
5491
11583
29174
7147
8301
3000
8081
25161
24835
2847
26910
3229
12896
30277
6461
31185
31568
19985
19780
12724
17654
21866
24978
28670
10689
5207
30753
24718
12444
5733
19803
28917
26725
26698
20271
23352
22433
6343
10851
19922
5230
16595
16940
21753
6328
22261
17916
26914
9904
20978
22939
18119
20858
24232
889
29544
32294
11578
21827
5072
28898
6509
692
30617
14958
12882
23214
32242
6608
25894
22153
14240
9800
20342
13227
27203
21894
31878
19288
22747
12827
4596
7372
30090
22062
12185
15751
24732
32368
1712
9193
22724
18770
27706
32766
168
30325
27297
5787
7584
14945
5787
21162
13243
31355
11089
194
8964
1329
12737
26875
10755
6776
14176
15104
29062
22648
22532
101
1441
24709
7938
2363
24563
18514
915
1762
26411
11105
1149
18719
1995
28862
9967
20846
18988
6381
23724
12442
2498
10273
5483
25226
12706
175
32638
7262
8769
16833
15283
16571
9343
32335
2168
28258
3556
24651
10306
23816
31273
3100
1839
31842
15866
22606
25578
2431
30458
11656
32719
3674
23816
8894
6735
32688
14529
10663
15254
27919
9029
24434
4716
30512
29502
21941
26969
134
31519
26534
30477
19479
31914
28557
3582
32395
30133
28793
28499
13698
10797
2098
17665
10539
3931
15728
1844
3091
31846
32330
20720
7482
17434
25329
26616
8300
7143
2206
31727
12494
29741
6345
24765
8632
9655
20636
18484
25026
6277
7335
16116
5154
18382
7381
28811
21557
18245
9375
30433
22363
11676
2943
14548
24840
2118
25000
7199
15640
15490
23796
3712
13411
31125
4638
10778
12178
8278
20017
31000
31793
17392
9280
7315
26629
10212
856
23221
9887
24397
26803
22559
13617
29032
558
137
12449
10067
21757
25256
20956
26389
15518
853
1133
16351
22027
27627
19278
2962
11060
30705
26621
18816
12972
9721
30675
5751
30627
28615
31634
26108
32276
28086
32061
24788
14143
18776
18476
3273
6746
17245
26463
8618
13700
20662
24083
12180
19194
4858
20115
31344
20109
12296
849
11965
22356
19694
3637
21392
22942
12297
29237
7640
15658
20078
2854
2279
9115
18569
10193
22574
29478
6660
2634
26184
31118
234
17021
25915
15186
24589
5898
29690
17189
8357
28755
11566
1438
22329
31186
4917
11569
12227
28081
32107
25182
25871
16020
27305
25640
18276
5050
23820
1225
5734
19268
8952
24228
12859
30420
12636
21883
26605
1626
29495
14306
23823
5419
12891
5363
24228
3412
32113
6724
5948
5421
12093
3606
28768
31537
31523
14799
9008
5132
8938
22699
15435
16118
14785
24238
5871
1088
6271
11229
4962
556
26415
32685
3216
7170
24524
16572
20725
8032
11849
27839
8893
21458
4564
17595
810
10402
9052
2425
19767
29938
25937
23604
25467
32263
171
6036
30031
14312
21293
13536
7987
29736
13035
4463
27246
29440
2826
10335
28661
2721
13767
5258
8846
22727
14266
28342
1077
12946
16476
23564
19135
18066
5064
24780
14269
9504
16830
19262
10147
8949
19949
19180
7210
18933
11634
2062
17906
19532
15772
20294
20844
11708
6130
9613
31479
5941
26487
22637
11849
2215
9004
24178
13585
23828
20951
7131
14554
21737
15107
24468
7219
6798
10568
11369
28429
30012
8652
8820
612
7695
13578
7383
24354
27484
19666
22449
9280
17988
7057
12874
4142
7817
4307
24977
14709
20641
30470
9929
15003
12809
7809
24191
21830
14300
14789
31679
20645
27556
20226
17287
5900
8816
25309
23676
22238
10791
16496
1756
10928
24859
658
4276
3243
27617
16985
23123
6450
32097
3806
32510
25797
25897
4672
30181
26918
22535
2028
16214
19898
9942
26651
29233
3889
22424
27804
15772
19050
21701
21203
13047
11920
9955
32514
27667
23178
27735
25799
24990
10642
891
22758
1506
13091
6896
12361
30640
537
7222
20549
24982
18196
9337
5151
22872
2589
32686
11215
21406
8076
23007
22531
32747
25640
6851
10087
8398
1169
8082
6436
13404
21467
18199
18598
221
30076
1031
1699
22982
24168
27025
857
12520
29050
26166
28183
18406
15126
8411
11774
5612
4109
11293
6153
13726
5056
996
17995
28495
27017
2363
29816
13172
5462
28767
1447
6488
20375
21781
5974
13841
20571
26945
17839
24498
21941
29109
1290
12482
26981
1351
13490
24557
10676
16934
20204
16378
6560
28014
23093
31741
15417
12537
32716
25550
32587
27513
27504
23737
14653
18115
22635
19063
15929
2158
28623
1117
20622
20637
23552
10964
28754
15129
13682
28937
20043
5795
11444
12006
26128
9864
5550
20288
875
8821
14375
28242
14082
26765
2442
15466
32310
5561
13289
30946
8780
30783
3650
6482
4810
4247
27137
28932
16164
5242
22983
27816
13208
10299
21866
13897
32087
16986
24381
21888
6629
27991
3729
8168
30146
23492
9083
3537
15946
670
2008
18233
2778
11741
24975
31992
8500
17226
6678
25146
22821
10129
32568
23090
25445
31127
24853
11789
30654
6157
20842
24357
11888
9542
26642
27000
2261
32069
12493
2648
27969
21019
9793
24420
6700
25200
24126
29110
21651
32351
19270
350
21915
20103
14157
9487
15224
4446
23485
4633
397
17097
15037
8343
17364
25066
7603
24554
20865
18745
23815
20326
21218
19671
21803
3914
1674
4895
11480
7670
22958
23421
20634
30040
24527
10115
18318
7336
28057
31289
17770
597
23308
8629
7615
12863
12505
16108
31867
15398
17679
32712
1970
24162
2806
16251
20126
18645
6715
274
10724
3103
12622
30797
28952
2320
14089
5294
10628
29795
32658
17104
4645
17065
22658
22522
12535
4227
8263
23540
17779
23316
27847
9497
17493
7350
1349
31406
16546
8684
13193
12658
26090
10905
12347
30326
26570
11119
11921
15407
2742
17321
19242
32202
10741
15101
25145
19647
24301
7116
4325
23721
11681
15773
26096
341
23160
21449
1431
21273
19776
21623
17594
28007
9586
19403
32573
31649
25528
28507
11694
2095
19628
1507
32296
16848
26851
30521
29815
11053
17962
6275
21884
26804
24079
2215
25043
8355
17828
12547
9140
8547
2687
15967
21527
16920
24837
9759
6940
12662
2025
3005
12201
9942
1263
6775
6741
10633
7926
10053
8069
25196
14645
12046
5332
11196
29637
1307
9657
21292
13663
17868
19300
16949
616
24970
31720
174
17706
21500
21663
17820
27493
23422
17354
2635
32006
17615
30073
21406
4150
7945
1963
9635
16022
27607
18869
21866
32713
8162
2792
11544
3380
1932
15470
5687
13057
25569
27253
15952
12906
21450
20624
27068
6452
23940
3417
26807
12921
11345
14684
25270
29867
22126
25904
27643
4310
16196
17127
6502
1829
27106
32425
1678
25768
20395
2715
528
3668
3916
25093
21543
15692
2034
1973
21373
4191
13497
17310
15425
22225
23655
25541
32122
30814
26970
1118
28827
7804
32191
9009
12119
737
6149
579
31670
1861
23441
7603
28265
31337
20916
14562
24411
11864
14042
18134
15496
17388
10244
12769
17170
20373
17528
18045
20113
15190
6070
17787
12971
2576
24495
24925
21222
24579
818
11008
27833
29842
19623
12670
18409
20806
15615
22866
16659
534
2795
11965
25220
6886
8780
14185
32593
13901
14315
1869
1189
20891
17771
7376
30037
10779
380
18481
17338
32661
10321
8742
32191
24599
10323
21955
32569
24821
1815
16798
7799
26895
4749
13361
1818
28754
12923
18303
14119
22658
28202
8187
21083
17206
31328
4773
16319
2340
25485
30326
17788
13982
10313
9470
5871
12637
22526
28236
2304
27518
2530
1038
24752
18378
16425
8185
28658
4922
2936
26987
29884
14266
668
24143
28253
3118
25212
17218
23825
26035
27212
24307
8147
20007
18436
1232
25714
1003
10513
13023
24039
9959
17226
18153
13542
14031
27173
3806
26291
18085
1067
14453
1591
2432
29865
25619
4947
7307
19881
24302
23668
12880
24096
18546
7784
823
28777
9956
22128
10057
19698
12101
31382
15674
21814
17529
3136
679
19179
29096
14598
16796
6012
25573
32193
14169
10169
9997
32740
22614
12238
10738
4368
5508
27505
19897
4322
1750
11872
1153
8464
7936
22795
17222
24500
19583
1421
19204
7143
11225
225
3359
14482
12070
25683
12034
12673
24271
25396
28934
30393
6038
8402
31894
4620
27094
8872
23954
19178
32268
13009
10992
15482
8855
18115
8873
4585
26300
15929
15571
23811
26349
3697
31242
15104
11851
11672
28949
15264
20841
21123
24519
15994
9811
23711
17186
14992
15823
30763
15043
9256
482
21156
15226
25815
7574
29569
21816
6623
4603
3361
4142
3259
7276
23042
9523
6647
21011
23091
5478
31301
5296
1292
25877
8654
17557
17180
32222
10694
21493
17507
31764
30787
8031
1729
27493
6735
12166
8367
14009
1083
18499
9261
20316
11319
26845
11771
20320
13088
8583
29964
6973
3993
25130
28216
18107
28509
9829
22577
16658
17108
8915
17336
3151
9956
22412
27665
1017
8457
11246
29620
30453
25000
30621
22853
6311
160
7368
14534
3418
26659
6062
11532
5602
25028
10081
25967
7807
31184
29642
17350
13573
11490
21742
5779
10810
5042
8047
17274
25216
302
6742
30200
6580
18124
527
9809
7765
4894
15541
3274
18409
7847
9105
21785
11420
6893
1501
9754
23083
6095
18637
20931
5632
21273
18640
16730
26783
9814
24595
29157
30784
1765
13894
5347
30397
19535
15780
10553
9903
12504
301
8303
15316
16468
10294
25628
6837
10556
21284
20383
15237
9217
13685
29200
13387
25760
4352
11383
11844
19063
30333
59
19074
16983
28487
8669
14810
3802
29793
9189
3069
27383
22199
19997
31205
15059
31911
29950
12147
16090
6336
25960
22614
32015
15818
14486
29742
21664
29702
9296
13809
28606
13239
7010
29326
1963
26848
21070
25297
12053
25680
31806
15495
5794
24028
21564
26338
32716
27628
18085
19999
20975
5177
20187
6757
1440
22996
23867
19953
23105
27755
22863
3696
2514
23752
5188
7596
28426
31386
16286
17771
20903
16248
15402
14996
19714
27427
21812
15252
1254
13579
15355
28160
7330
14101
22370
16252
9309
30108
15336
19931
28842
10422
24538
6792
4189
10936
24520
3364
21660
12284
26421
2416
7993
11233
4498
7278
27455
1812
22382
1219
17354
2830
23527
6752
7452
9950
11876
22881
17390
28969
21638
5173
22276
2927
12379
4352
32516
19087
5845
5693
22664
18574
10875
10920
17522
17300
20063
3163
4736
28215
17744
9015
14880
5372
20816
29317
5509
15643
26441
19933
21242
8323
19195
21831
4214
11038
10041
31905
21873
23894
30293
8769
24311
14296
20185
30939
29179
5272
26743
18596
10221
4373
27971
19383
27023
28126
27424
10680
3076
1877
31096
22200
17449
19379
26417
22873
25641
21068
1244
15411
5964
30741
24367
11894
4112
9571
32181
6096
23675
8437
31172
9105
21679
5173
432
1805
22463
9403
7230
1857
19137
18195
16475
442
3621
11968
5390
31923
23877
32640
28076
638
19516
9170
22091
19493
22524
27830
17528
32592
15515
24244
16429
873
1518
20511
6397
12799
3673
15515
31634
26216
24549
29149
31577
12459
11155
31154
25724
12189
19185
25923
27153
22089
32746
23959
1169
8341
26338
7513
5259
31523
20227
14300
7577
25206
27857
20828
11668
32086
6917
11399
17412
13941
7576
12603
19930
6482
6942
20626
2402
30302
16469
27164
26227
4702
16894
5739
14057
25872
12523
31445
17236
11025
21594
2677
6130
20222
32385
22643
7643
28121
3946
24453
21628
31407
6657
25270
16198
17784
24428
19303
23463
26943
5274
10387
13114
25987
9759
13143
24123
26332
28223
31921
2621
738
4424
10376
22815
27466
29734
23020
11324
23634
305
13472
12258
19040
12105
6101
15110
4837
32549
30265
22325
13448
25320
28464
1230
21121
17397
3425
3951
1858
6917
20085
1709
19037
20087
22555
12040
28066
19175
32336
32541
30087
2561
32477
32030
20686
31639
5665
4224
13153
1266
20752
7155
6273
2662
16508
29591
12319
14121
29076
877
15242
30566
20394
14860
7499
22668
21305
2965
8269
17388
8742
8424
14914
18307
1350
1816
19777
24852
22305
29469
11444
32635
20469
28105
26993
11837
21246
31742
10535
8035
8437
5917
3324
1929
5079
2497
27508
50
18407
1198
24981
25694
22006
4
32585
23391
738
15545
4867
1512
2141
31301
22693
359
23279
13471
4002
13716
4414
32361
15455
8266
20622
19303
6368
5015
25220
16182
30880
6671
22575
21563
9152
30053
24137
28377
28004
27452
9913
12519
2395
21562
2909
8545
25854
8542
19975
31837
1882
19348
6597
16193
15505
24967
10598
17716
4221
10167
14137
2002
23703
32459
6680
22564
27927
1064
13221
9167
349
8386
5076
6795
11152
31282
30122
18391
21381
31242
31044
29932
24802
24421
16154
26351
20611
3778
18565
19818
14620
5138
16767
29949
800
2831
6058
4689
22498
25040
661
14670
3067
10650
24890
21646
2283
27130
4299
12561
31235
10768
8366
29234
16514
9262
1990
473
29438
22434
16116
20723
27653
27855
25821
31775
11269
8067
20206
10410
4713
9092
11166
11710
12805
14188
6643
24022
17588
22967
23112
1141
575
21531
31821
27672
24193
4376
11855
105
29385
28623
4538
24757
5760
2583
14556
30368
27404
8398
12779
25880
24307
8813
17226
25479
27716
32735
15624
22861
5683
17300
938
19821
27139
7889
14378
32390
1833
24906
8511
14086
29358
3826
14815
12698
14805
2066
2306
8681
10238
30616
9898
13697
5066
31666
4640
8465
1920
15516
15744
3546
18607
26039
29303
31584
789
13530
29772
26981
6848
5100
797
24087
26995
28851
9324
7305
27467
18151
21722
8032
7842
4235
1841
11215
6964
4221
5288
4293
9344
11083
611
26212
15218
16968
16442
25014
29502
17631
17595
4251
3471
27688
10866
4614
8673
21689
12904
7785
21547
27327
20457
29806
24258
23629
8586
32232
29562
1523
31595
16649
14350
3475
26298
29141
25026
8048
14968
14294
13382
392
12672
31762
26590
28964
8645
21306
15040
32429
14555
22564
12733
23489
25017
2683
19492
20358
14269
1462
12004
17726
10992
9286
2800
10524
14732
25364
17128
1878
25275
6442
5109
8572
13986
22448
17909
28168
10142
1563
9944
13878
205
3745
21833
17942
9681
12016
7825
25311
32720
16671
29625
31622
15295
4325
14831
18319
15841
4361
31276
18468
28298
1305
13331
24420
17449
29535
22555
29181
11909
29457
11504
18173
18247
10952
9239
6629
27577
4915
25041
4863
9165
21005
31811
6642
31329
16716
13779
13972
10945
30364
14037
29695
18286
24331
2663
31207
15902
17158
25241
20523
23811
18052
26578
169
15696
14721
5999
2903
14074
19630
30124
24720
16827
32359
5832
21931
26461
21477
17252
18386
11061
12981
15405
24849
2798
28264
24762
13230
31880
24205
15799
8121
3487
4316
17988
14051
2033
27572
15512
4756
16155
21704
3562
20535
27555
12309
9617
10201
14139
19223
31594
20722
24132
2108
24954
10626
2706
24217
21716
21344
19311
475
21949
15311
20194
18049
2831
16723
16433
5705
13531
27587
28580
2280
12882
27294
10124
29950
7910
19874
21124
3401
19116
11163
22263
24089
4613
11130
19426
16132
22653
9126
27355
3290
10995
17303
25427
16348
19707
31648
29464
12840
13696
5900
26653
10872
16046
15469
28542
32524
3342
18481
21951
25829
29171
13686
7253
16180
19734
2336
2151
786
12669
29480
3797
881
20897
6710
16762
14675
30415
17779
8622
23610
1999
22680
31759
24287
25284
22092
12674
9254
3667
23724
4468
82
1543
20523
10598
23157
9716
10396
11688
555
31131
5261
24420
3464
29198
26327
5087
21327
18261
627
16636
21861
2319
14479
13058
12165
8796
19681
20382
24116
21755
5180
2604
29176
28592
24929
27954
709
17385
13335
23853
30648
7840
24190
30865
30472
18563
5280
14603
4665
20819
6729
14857
658
10890
793
18556
2514
21824
14551
8156
19231
10063
15368
30829
12351
27574
21184
19138
12042
25147
6585
27775
799
25173
11170
27235
12247
9544
21177
17285
24183
31634
30876
27101
27818
29062
18524
11271
16174
10039
14036
27716
11469
24471
25913
18626
5519
2784
4594
6429
31278
20531
2985
25893
10186
23167
23202
14562
19422
27813
5195
31189
1139
218
3349
8577
16531
30540
23683
298
1281
6152
26496
29405
26919
27675
25846
7088
24656
12791
4252
9035
8983
28953
16
1191
19743
28905
20005
23574
773
5858
4222
22148
13459
28658
19292
9724
20279
26916
22452
8046
29875
31612
28549
26031
2581
20258
21608
17857
13034
6596
17513
10325
3247
15413
12565
15502
16008
25434
27860
16392
12597
12358
17017
2073
833
11172
11032
12374
3452
2133
5655
4697
2988
31067
30600
27330
15744
7926
4278
20348
5061
20236
9982
23362
15836
15566
7393
12897
11116
17305
8535
17599
22100
22810
26981
28956
26852
27318
10225
28056
5196
10793
14294
6517
11092
3437
11316
7199
21838
1501
15113
30057
27977
12954
13830
25370
24968
4654
1435
16296
10035
30575
23125
15939
5707
17830
2153
10261
16867
14321
16785
32457
8334
14310
8470
10314
6420
1913
15918
1997
18281
16928
14473
10257
3551
31029
29479
23269
18074
28571
29036
29164
10564
14500
2678
29853
14595
15922
26286
30605
20136
29213
31645
30961
4906
11989
31234
26206
32338
2889
25121
12244
11703
9735
12893
3067
10221
11172
25609
20908
24570
7262
10876
2739
3337
5376
10339
9172
10851
7942
3932
24076
13210
19458
24000
25880
28935
8254
11967
12092
26743
4259
20659
2621
17954
6105
5550
31151
20957
9904
4693
19063
17552
29631
16114
32648
4585
28235
11972
31728
31314
22634
20890
3608
31009
19559
29600
16455
25359
12649
28536
4713
18668
25424
18060
271
29329
4576
5027
32182
1557
6945
2995
15436
12100
25861
246
31216
23372
31308
7232
8442
23738
28325
16528
28219
2981
19990
19685
31622
13865
7069
12371
21358
29976
8984
1109
29266
14571
8802
8549
22679
8959
3519
25034
4661
32510
29562
1714
22389
28826
17100
29568
11001
10626
31232
13159
6396
15246
32725
32056
31707
23357
11300
10616
27092
9826
17346
20150
12302
17178
27560
30747
32474
27393
22353
10819
11065
13990
13924
10827
10654
15676
9619
15148
9717
23698
9923
17735
23779
15685
25709
7233
6736
26420
17476
22288
291
31284
3352
28246
76
24325
9210
5358
6408
1157
9377
32453
23136
32036
22796
2540
13811
4248
21609
32235
4598
5586
13622
21847
15481
10544
21158
17831
9196
4852
22854
31043
30945
29173
6880
12254
7444
32404
5535
14598
936
31218
30325
31993
26291
7520
6842
1979
30205
7703
21782
19045
25349
6442
31136
1728
28229
31672
30023
6418
22967
15206
29810
5176
25752
29452
23779
25589
13420
14255
7905
27018
20290
14768
8598
18055
2873
1602
20150
18912
5955
32033
353
13123
297
20098
23627
16553
23760
5445
19226
14892
28858
24946
13071
28696
3023
18147
5865
24388
26718
17470
12806
28579
16479
5671
20172
278
30459
19123
23623
14980
31566
10527
1811
20269
18539
16834
22909
11835
9888
14912
9957
20634
4604
10753
18023
6410
27151
6881
24762
31347
20209
553
21847
22648
20358
17855
31454
22094
19711
8601
16054
1999
14244
375
26612
14538
2257
8914
383
16030
7743
4879
12145
2055
23173
24057
29632
24375
11999
110
9757
4649
29229
29528
8988
30002
10559
25312
30358
29657
9295
26078
1356
9192
5583
18835
31180
3779
1638
17818
30873
9465
18997
11292
24454
4121
23390
27204
5219
22215
15815
27890
9947
1806
20507
15796
18845
23288
11794
27634
26298
2908
2035
5736
21326
17656
4951
10457
26211
29631
31023
8706
30482
22644
25864
30158
1515
7288
6542
24520
5528
22497
11855
14805
30396
15819
23234
11043
2849
25331
29320
17245
17427
21122
30449
22049
24583
25894
25026
10931
11137
3687
3382
21491
18740
5177
23874
17548
17770
25805
3613
29551
30886
32429
19456
9344
32136
7944
30763
10638
15858
10826
16168
12169
23401
752
25683
27631
30398
17051
26266
16008
6893
2403
25218
6995
20293
22381
21866
20672
5321
9408
9748
32287
21207
11092
5729
20057
30471
5996
604
19166
19542
4646
4218
23262
19844
23121
14113
17084
30394
24446
15206
14272
23152
4954
3355
23564
32142
25915
9225
14033
16081
7160
17018
31938
19825
510
16635
15561
29441
6048
18271
17657
13462
16303
5895
21445
3883
6731
19041
26991
21316
504
11695
19907
25554
24309
5386
7684
23639
17609
21414
30503
25162
3614
14423
4159
9661
27346
13140
22841
21821
5196
2364
29129
2298
7180
14166
3236
26920
2182
27933
4848
5028
13361
16124
7160
1243
8923
30294
3365
2024
16703
8905
30250
29180
17113
20660
32126
11523
4601
2294
28943
21892
1559
32249
20277
28617
21606
2544
23524
30785
28331
25180
5671
21282
17488
9429
8649
24402
6580
8455
31061
12424
27078
1019
31810
13487
1490
18584
11623
18571
26523
4457
13749
32670
27049
20384
32548
9037
23012
23387
31726
11583
6754
24871
28156
16646
17534
18626
17053
26881
554
31014
22142
6784
4486
7618
13783
17706
9905
20747
11490
29084
8158
20531
15505
13139
16299
7224
18304
29132
25007
11297
2857
19689
23890
5253
14679
8343
2786
18508
17885
27566
7907
22201
15495
7705
20390
19113
13137
4662
31005
3861
11479
13695
13037
31966
32525
9323
3269
30154
4656
15759
25838
12489
3068
28681
3364
7038
15136
18718
12709
29946
22255
1314
13959
1483
26456
10136
32590
6453
26904
24219
21694
7103
558
13693
23790
754
23183
23213
22942
25181
27932
31966
8394
20956
25809
869
896
2330
23103
9699
5870
21589
1340
10021
5055
18017
14041
14152
16296
19440
12180
16673
5437
1040
9679
9948
7690
501
4225
12770
13023
23545
2604
14849
5739
11233
24591
18375
7692
25698
8604
13870
23782
8164
17452
6015
1331
19589
12018
24944
29657
22881
17197
9359
6722
18705
13474
21220
14952
19825
17994
22994
10543
20646
16200
4927
2808
3936
11293
20981
15987
10333
16415
3399
27060
17711
27432
28663
23946
16446
30603
20055
17164
27664
17484
18351
18292
24520
28560
5855
14897
27885
1362
22085
20791
8813
1624
15073
1946
226
23397
2743
19035
17427
2225
21109
26498
26046
13718
7766
29548
15765
23692
14918
6247
25222
14167
15687
1148
12607
15231
25619
27020
7154
15105
32515
17311
10069
32068
30511
22904
14574
25678
11991
11117
6797
29240
16642
17525
22298
17119
25700
8579
21648
19933
30085
8978
20298
1208
27680
15617
6782
8536
16329
22690
18951
14527
32723
7438
10599
26100
8817
4539
9228
8512
20251
20304
722
6045
10292
12983
8906
5740
22505
18036
2362
24422
25692
22070
30948
30933
3842
24748
27787
19972
17225
23450
6836
13300
22655
32300
26282
9808
10991
1418
25284
20643
20557
10156
18410
14281
27476
10352
1622
6052
25261
17642
21400
18704
32531
26875
23005
17432
13493
25381
27760
4714
7131
2717
25985
17928
23757
2978
4390
18497
4849
19982
18847
5344
27443
10795
10462
13731
425
24519
29511
4590
17015
907
8116
26305
20977
22152
8380
31464
16384
15379
21301
25457
2759
16851
13815
27747
13446
28184
20195
31149
28862
18542
24868
29789
11414
20595
22709
6162
30333
22245
3875
13492
2321
27903
19861
14434
32063
24070
12297
5548
26540
26399
19936
23043
25940
8547
19357
2157
23410
21045
14826
3198
28319
5587
26076
22915
30013
6188
32375
2560
26902
20466
13173
4957
7233
28655
12611
25052
13638
668
7757
28878
13953
25584
32123
13063
5324
3446
6651
24463
8536
26786
24642
30362
19164
7013
18509
4794
31218
767
13613
23124
3261
20757
28098
9553
13776
32515
4807
11029
16971
2931
13838
19637
2887
13871
30477
20324
5749
11827
18586
6959
10753
26119
17395
20971
22461
587
11521
21099
17275
5779
3038
31734
10426
9334
32660
17911
25478
4322
11816
32759
153
946
30167
19913
6342
25987
17311
13316
31640
28611
13057
18615
27958
778
23302
23639
31625
14254
27776
12028
11937
23698
1426
1485
6229
22590
24178
13497
1834
8245
13166
28777
24695
14978
4141
31858
26054
32149
24632
2510
27004
589
26808
22925
14013
31830
3970
30664
12426
27829
4944
8919
27692
25249
6481
12995
19158
16021
13285
5374
22150
11171
18081
12370
26156
17163
27546
17688
19726
3596
15840
7594
6507
23034
11592
8987
9822
4753
16239
10789
1286
5769
25083
3170
228
14954
12836
25023
17284
28066
23924
28207
23392
13781
32714
6044
10753
29812
8869
30755
32103
10897
16799
24704
22699
12018
30776
24263
12259
2660
15573
7510
6982
28241
19721
11783
17809
31125
12050
5546
6569
16270
27815
11186
29569
17778
27377
8750
22590
27110
983
18939
31129
27340
17534
26424
2181
32092
29968
10747
6930
11382
19901
8002
10642
28982
32000
11821
26362
14794
25380
30058
30859
21120
9990
7408
20657
25891
2076
28656
12587
648
4534
21256
6252
27236
4996
27323
7745
1376
857
1566
949
17776
11310
8659
31282
24672
20074
5947
26088
6320
5473
19432
8050
2209
1562
30033
30903
9104
19285
17610
2319
24963
716
4019
1192
18690
28602
18415
8999
19240
13978
22680
22930
9721
1585
15088
27501
16630
20942
22427
5923
14319
209
2060
25000
2073
14186
19518
17757
4960
7331
2212
18484
28158
16801
24674
15636
10829
3622
32701
13439
5849
22107
27344
24690
8890
32205
9345
28556
23585
19381
16820
9075
15664
21628
15551
9844
15119
7294
7453
25705
19260
22543
18278
27360
21282
27835
2430
5241
13806
6098
14093
912
29854
24101
27184
12316
5210
10506
15471
3287
16136
13478
3054
1952
21019
13163
8423
26909
20395
19167
18263
22436
26059
19871
12536
348
23
22180
13168
12703
6028
10694
14024
21923
13469
32126
26655
13402
22402
4592
1184
23958
15060
14633
20657
5233
9303
13477
3949
14572
14359
3092
3669
29910
438
16733
6466
12272
10244
1508
27295
3918
32464
21769
27604
1024
27390
6129
23045
11506
19674
13960
8957
4113
25772
14790
3685
28335
25997
25394
1850
14633
10872
23973
6526
26055
16804
27473
30765
12003
16913
13569
8050
31822
8033
7842
26395
31727
28650
17667
6475
11693
22793
2265
24942
26256
5561
19206
10098
3874
19300
15899
11061
8476
8441
28955
29753
10302
19518
30594
27039
19071
2408
21125
9811
7014
12521
32668
23940
16056
24457
20542
25431
7763
25784
28395
11740
14170
27426
13680
25153
17042
3973
14439
16965
15372
22975
11261
3568
3589
19500
1528
11649
25354
32046
248
14249
25440
28429
25852
10230
24994
6658
14633
22930
15020
23694
17095
6701
27832
17936
30093
26936
10695
28567
14622
14164
26947
22261
10195
14858
15586
28693
10939
10172
27853
24718
5856
28635
7938
6519
12236
17243
3574
17278
13132
356
4735
12596
21108
23627
1266
19371
15331
19136
14728
11587
6985
6473
7175
24257
12838
12271
11934
27297
28116
24630
28688
15022
7879
20307
27925
29647
13588
20634
253
17444
9776
17462
2454
22353
24570
19996
4688
25882
27900
31042
15007
3633
11758
6923
23457
31563
19580
2822
12545
29305
19274
729
2331
22198
22324
14968
16480
17852
15834
5275
3068
18461
11612
28526
22455
18318
8546
28042
15129
16262
8544
19236
18898
23560
13336
4996
17241
31420
11360
19129
26066
16965
13093
24460
26677
17359
12976
31154
24493
23271
1832
30790
5182
16272
6232
13430
2219
32403
16563
23676
14743
19478
9621
31440
22506
25712
25804
32155
630
28476
15191
21103
17115
6316
2413
27190
20903
21793
22466
14697
26050
760
16901
2179
4874
24230
27309
10420
31802
32007
23541
24793
23568
16371
31269
9900
10671
30995
27412
30776
23618
12018
5867
27025
4578
14423
9771
15041
7610
8659
8434
2565
16744
4502
4986
30266
5543
7558
23522
17810
26155
18323
1329
25739
1229
5188
21400
20770
22504
28566
26103
17987
10243
21511
4259
15237
28848
26606
21863
3348
14515
1293
7368
24558
13671
24169
5261
5715
15710
14426
22399
26742
20040
26334
17006
30073
10774
1586
6772
24728
20319
8612
26750
20133
20738
15523
11783
22452
20749
29208
22311
16663
8925
7673
3533
5005
22663
17690
21064
25014
16247
12103
32013
21194
4183
26513
3508
17803
22067
5861
27459
8056
20698
27875
31151
7236
22151
2796
10400
12678
30912
9597
24437
23218
28799
20412
27272
24904
5520
9553
19891
30027
25914
18039
8211
10741
23585
23123
21771
10921
10091
2948
5772
15401
28962
13051
5268
24073
19417
9485
28149
8292
403
21702
5720
461
18912
16769
23937
27016
11081
25269
31701
4603
3054
1554
18457
30559
13678
21453
31356
7867
20487
27960
8408
18707
6399
22933
10293
26332
22594
13612
8079
24500
22860
22171
6105
592
27465
24174
17729
12470
11387
25839
17846
7340
9437
14911
12455
10352
29702
27814
21518
16297
5711
2344
17070
15518
1336
19033
6040
11686
14088
10610
4852
3807
16820
1443
29694
19491
9474
21931
13391
7992
32750
6055
2142
7751
13645
29479
18758
3728
17328
16775
11210
20315
21643
28797
26774
28978
18071
29422
14791
19789
14196
13318
20910
12622
20627
16519
11985
29487
23379
6753
28979
376
24682
27268
5334
17333
22151
1266
13693
24359
9270
29464
16310
13242
30979
30814
13080
9527
16866
17661
22986
1211
15566
19216
6469
11880
28593
27119
16474
12122
1668
25528
30326
2012
23735
20782
12325
24028
13779
1991
19669
13213
26974
9728
16861
30380
1535
14836
30397
31509
12258
13869
13991
14038
15966
10426
23359
20884
23765
26753
5280
23693
13020
11479
29343
18126
22428
17230
4947
24998
5240
22478
6869
2394
15089
744
22596
17946
4550
4710
15372
31028
7519
16423
872
27272
18283
19242
15654
19004
10697
9960
2987
31409
164
13543
18486
14005
2019
15500
27497
26618
18368
5425
24325
16838
5302
13943
7413
29677
18081
8925
16270
2557
27425
24722
26389
19128
30527
29832
6273
11207
15443
5066
31107
11692
9253
32527
3524
13305
30802
15503
22894
11711
14577
9237
3309
8778
18039
29014
7671
30219
25304
20609
29129
31702
19951
6423
31924
9806
288
11005
31449
28061
20028
8656
9777
15720
26020
21112
3536
32513
1970
18176
29290
5087
25940
11428
19478
21580
29690
26668
23890
26206
14515
17529
30535
296
20114
28510
21327
28721
11351
14513
9653
27430
27979
18337
19900
5579
8556
14921
18146
15415
26826
25478
16229
8001
24113
6918
30727
25910
5384
21410
20750
717
11897
27630
10384
12380
18899
27918
28141
16203
21548
11211
3741
25545
31562
32742
8236
18111
18372
1451
27522
29698
8804
7626
15720
30925
18640
8035
8264
18030
30057
28768
25396
11583
15988
30727
4650
984
28792
8143
17303
20099
26598
22131
24345
31473
11775
18758
16777
1067
23795
18374
25145
4810
3910
1395
23930
28011
24184
11746
2146
19806
13541
32525
29132
27550
30442
24045
29855
23046
18249
6475
16212
31937
27343
20179
29874
14339
3892
9834
18908
9718
31042
22465
17806
26872
24121
11818
1188
28163
27763
32427
10204
13164
18244
17489
20188
26577
31268
22215
17527
30029
10000
28455
16428
19693
29741
28432
24815
1640
31919
7673
17709
10250
18681
20677
25610
10994
4613
12183
3053
3965
21511
3559
10814
5634
29773
2262
16494
28608
32362
24510
10808
31764
15507
15118
6439
26096
12105
21845
26969
13704
10297
15004
13186
10830
3168
4601
16435
28961
370
9569
16477
2753
2685
7102
28433
30343
22473
6465
137
30035
19972
14842
620
30917
2203
6822
4430
4784
23403
25544
1910
30923
6041
2811
2277
28842
6078
16006
4244
14317
22344
12081
25340
15544
6429
11351
2523
14947
24961
17981
15670
3698
18233
27298
23962
22983
24560
12183
25512
16918
19419
16529
26833
26522
9369
8637
11613
25350
21341
15763
16306
24511
4686
28846
10451
9800
7470
2011
16935
11005
21818
25712
6268
29957
23634
15071
75
29058
27482
8074
16189
1802
26592
21977
28399
32091
31999
5514
31986
3402
15235
14921
27671
11517
1357
4481
15081
27738
18426
14961
4986
30143
19135
19586
10339
1780
5015
14296
25350
30302
10145
5159
18198
6261
10947
20936
12122
6520
8852
268
18349
8031
24697
9168
26698
18449
22286
15697
13894
22487
24263
5186
11614
11280
11735
23324
30451
17959
1872
12982
12883
707
25996
15125
4666
20797
9165
9861
29593
32599
27424
744
20885
27947
26247
11599
15059
15713
598
9159
11251
21925
15070
10614
29530
17240
15945
28902
565
22662
26053
16544
20154
5401
18917
17917
11185
12364
30275
2617
14644
22114
107
15817
21171
28311
1524
19950
7739
32087
22000
30859
8439
30382
18823
21044
31991
5376
4062
29319
15408
2042
28990
15039
19652
4040
19826
27270
4740
22664
22896
30475
12723
10751
24636
22613
30477
16267
2826
16599
264
23641
29859
29508
3674
28632
3081
10916
5563
24174
2654
18600
2796
17001
2
15930
29944
14648
15612
25177
14778
4315
6299
11044
17055
27032
23644
32052
24238
8176
22031
1327
1477
4817
21814
20378
24869
6669
6062
4847
15664
16651
27025
24560
18546
6589
31834
11322
17375
15313
14666
27421
2139
17452
4875
10411
1408
26772
6804
23311
7579
29612
23372
24097
759
15654
17010
19767
31327
29236
5564
12093
9950
16959
15678
10504
17097
17372
25742
10727
27135
9724
14118
18043
22896
354
15369
13769
18396
24155
5290
9358
15325
17065
8969
21202
808
23488
23327
12224
12048
6453
17276
26549
14924
19315
26927
6295
15353
6832
19174
8296
19427
27167
32598
14875
31744
31591
6877
23718
2877
26197
6246
4184
13693
14541
18830
11885
17631
21255
4613
16096
18496
21496
29238
26752
4866
10765
9514
10054
27147
7199
21929
15590
528
24228
11939
4004
13075
2338
19151
27497
1322
32746
18322
22806
31363
9730
32546
24
15013
27491
11755
17981
760
2916
1842
8645
136
3959
31992
20925
30470
27155
16161
28808
22800
15857
13781
5311
13745
9595
31527
29755
7980
3714
6132
15727
28405
32303
2062
6907
2817
20796
18842
5503
4159
19555
31671
18349
1639
4375
20577
6307
242
19059
21908
28791
20841
9840
22964
6931
12003
28506
28460
19779
30410
22917
21334
12
27357
22844
15515
5696
4219
5370
21467
79
5406
18397
23822
21088
23590
10327
21292
160
6616
10023
31563
13786
8102
6791
13063
30793
15792
10663
32295
4266
23948
3163
6014
26516
14914
29456
2318
19724
22939
11013
3956
24149
10908
21176
19584
32261
27981
12958
3363
4702
18367
3606
9870
32218
11340
160
11928
1544
29985
15178
4960
7319
22778
13932
22068
16048
7469
11157
28082
24202
10474
27589
4909
2872
24001
26077
32595
19141
22884
29011
23052
23170
1199
12586
24997
18847
5093
8994
3373
8697
23613
12076
11807
4915
8861
19232
21826
21512
18341
1714
32462
11743
29935
5027
18896
26272
12181
7732
16079
31943
29684
2528
27056
27063
16048
26186
19159
24144
9977
12405
25487
11715
28172
13363
25004
23205
10236
8672
11887
31299
25010
11343
25769
25142
26674
17157
29219
21559
5409
15525
26686
7220
17540
1452
16343
21667
22475
10078
5229
17686
27150
15105
6790
3855
6550
7496
21838
7446
2719
30226
20354
2058
1884
26709
23436
26293
24892
32340
7920
15266
30572
9753
27878
30003
1693
21023
13384
13294
9735
4687
1199
19224
5550
14637
28378
12165
16868
24916
17487
18606
8207
26400
31300
22532
18604
10922
13247
27268
29332
11769
14077
2188
13182
25462
21009
6125
10694
16545
29389
9281
29549
26883
30181
383
5728
1379
29010
31948
15869
6973
32245
3988
29139
30832
17533
18650
10665
1847
20874
24780
25282
7770
29970
10907
6752
8614
12549
22665
20871
1690
31532
17988
32259
4451
22103
15730
3245
24075
1719
26765
22761
2541
25993
26609
15731
4460
6132
15667
8796
13796
11573
181
11343
32737
26617
5495
28953
12687
14090
20272
21864
15730
8494
16030
30675
5463
10317
6170
19739
25995
26577
26735
20913
4170
29266
3052
29816
32122
12915
7096
7883
4762
21255
17766
32194
26357
29305
16585
28849
2075
9578
22538
16626
25233
3227
13815
1765
8904
526
28318
24628
8780
8552
30235
23388
13630
12186
31150
15465
27652
9664
20241
32512
7487
25417
28168
14755
19453
19289
10297
17969
15921
20843
4926
21420
22368
14651
22777
17727
2972
3555
25127
640
32438
5188
3896
7410
9136
15527
29535
28366
28785
22436
17893
5891
31164
4676
32194
30331
2915
32098
19310
4768
4280
9303
25845
287
24901
30422
22602
16619
17853
2580
22493
9350
18738
29996
13679
12668
10887
19651
32549
6448
553
487
29404
11994
28666
10301
15293
32465
25998
26460
11793
27398
24730
7028
30038
28881
10665
26931
26770
31729
27409
18665
30951
27342
13350
19690
28264
10240
15533
10036
26411
32021
31892
12881
19615
655
27616
383
13088
20781
32486
15375
22473
22636
12990
18443
12426
32332
15861
2075
17018
27735
14722
12457
12910
11744
22011
30788
17354
905
28937
10050
14743
4104
7962
19114
19926
16938
32085
3665
13076
8215
24531
578
21567
22489
12300
20323
18104
14616
3983
8022
8873
31783
4855
15262
13721
31301
10522
10243
17214
15132
643
15415
18578
31630
3363
185
29993
4529
22595
21242
20161
21016
29885
5311
13083
23125
9580
27334
11273
25787
29665
20140
18889
2409
32087
30734
30609
4228
3049
24815
32363
14787
20483
26969
10819
7473
19991
24135
17726
2350
21649
26563
23886
439
3596
8780
2052
17640
966
26490
6309
30911
9297
2533
31871
26147
8844
2114
12669
25893
16594
31695
2810
24197
23665
17906
14547
1656
19806
16668
17600
13480
28199
30964
31204
32125
24616
11698
27298
28827
24578
9928
2227
8364
15945
6344
885
22623
20605
8834
24710
8368
28220
9580
658
31851
20149
32072
4713
31979
23136
23296
32341
5160
17645
18133
938
18417
890
3512
30366
10869
29448
7672
15451
15368
17200
5918
11091
6692
30994
4374
17876
8110
7823
24207
732
23163
29112
20131
6446
31251
10373
12731
165
7093
7371
9645
7625
6043
29800
27944
19360
13182
6592
22098
14279
24157
6254
29871
17600
22907
12851
12869
26254
29351
16434
31742
11647
13247
13408
3405
29514
11127
20278
7956
24153
13143
23977
32198
12136
22275
4955
19145
3407
16575
21779
27934
17180
20274
1899
30019
9317
14442
13768
30808
3037
24097
9615
9858
10276
14143
10646
8333
2788
29344
18905
20693
11801
14102
4975
19302
25520
9394
9404
31074
25428
31551
18919
5027
27269
2576
15758
12450
8938
19708
25017
27031
17128
23206
1293
23266
7283
2050
2115
938
3620
25876
30680
18628
2700
30459
28165
7894
10697
21295
20721
8124
31062
7
16678
3882
32296
15998
19521
4755
7414
8502
14318
8266
23768
5309
30996
27112
14355
15632
11085
17901
28467
19549
7321
23722
4699
14093
16723
7262
13530
26882
9316
14495
32510
24605
10166
14587
4653
20484
10476
23264
29489
13090
24144
19129
28372
27887
12
30810
11437
24945
4510
2718
25657
9731
24454
13902
26670
12117
1345
31813
31755
8372
3963
4818
10228
8331
3713
32350
32445
22058
11509
7503
2629
29895
7877
11052
20997
30658
31837
32513
12264
29742
24092
2309
26461
9100
19461
21370
12971
3033
21944
2773
14982
26828
26272
20767
11231
14937
10861
24731
24576
7289
5573
16809
19159
19501
26422
6122
9106
32192
13424
19109
31597
26701
22449
3177
14024
10882
20864
1524
7293
27811
29342
10324
28528
25554
25146
27212
18024
6797
21604
29945
5661
8824
1220
949
8594
4957
18828
31548
17572
31601
21163
31758
19683
9433
26948
29716
21666
21612
17246
29573
21578
26043
16349
18699
24052
26702
7857
10530
14134
8753
2381
25793
17724
7088
32602
29501
32539
6238
31661
21354
23139
8540
25975
2051
26099
1239
8636
13132
1810
28371
22791
5621
3259
32551
17755
30018
3383
201
7276
11369
16882
9804
27151
27964
21895
28583
28400
29703
22557
7480
22403
12988
19958
21513
24381
14157
3141
22353
13315
20826
22592
31550
11747
15116
31863
13553
12034
18753
18532
27595
16341
26345
11843
28647
15252
24495
29476
14823
8428
15837
9534
22516
23285
16249
19590
11264
5731
9908
2432
24398
30464
27014
5717
12085
16730
1170
24103
30497
19640
30031
7841
7130
20819
8041
18386
15369
26307
8549
3643
18936
18104
23685
25382
29337
10218
13291
18234
30154
17747
18176
11085
21463
26011
11031
21369
29760
30420
26702
28786
10685
4711
15797
25366
14208
32078
28851
24134
15290
30852
11173
23285
9056
30138
12231
4734
2863
1100
24152
29499
12782
2675
23801
17235
24563
7868
22871
26067
26600
5561
12297
30209
9423
6134
31420
11501
6468
21550
18829
17736
5122
8639
2998
20857
32169
10076
27501
14318
13247
23042
8457
18864
5364
26669
359
10043
8874
25931
19340
26508
23476
18801
31115
13691
13406
6477
6313
22347
20398
19036
27840
21632
24042
14172
25313
11760
17498
14597
5949
23581
29263
14068
29254
1986
1893
17640
8465
12460
12036
8240
27903
14027
21805
8548
13980
31113
6259
30292
6087
346
7495
14398
28948
26517
9849
12868
26222
28802
5884
27676
3841
2996
16618
19722
23639
11929
9671
27403
31936
15695
3082
23123
15608
30137
3545
4346
11524
4307
1301
13043
3165
3650
30870
23101
16720
24112
28344
12125
24485
23894
18710
26123
639
22362
3477
29228
32131
860
16549
2304
10556
11980
13507
17053
20158
2686
29506
28572
30346
19968
8780
30482
7858
9515
3108
20674
7230
7160
11181
28560
11213
31893
25136
12345
30080
21432
14938
8258
2067
3892
23684
12590
3917
27338
6200
11252
18843
8001
9968
30896
248
1976
3104
3737
2831
12604
13943
8243
5284
2198
18018
22470
15408
6758
7635
14350
16331
6518
7488
30004
16975
8008
12782
23037
27579
23281
6511
3394
26837
8746
32362
19360
3604
6309
21146
26992
8636
24989
2585
12537
4427
4017
7135
28901
5652
18162
27525
20210
3370
17723
79
13034
1663
17601
11626
24021
20301
27882
3954
365
31669
17763
824
27602
13223
24429
31169
7039
18177
10615
19858
20349
19707
8434
32042
26582
21186
22113
28369
10829
23907
30639
8592
16204
17131
21702
28545
31518
7884
4701
17737
18270
25987
32529
29410
16560
23416
16056
31134
23727
29478
16370
31592
11302
22139
12288
12109
3458
8066
24794
32572
25479
1087
21883
13066
9283
31195
26752
19641
21568
4865
16625
31226
16894
7559
2399
16112
5536
17233
7471
15927
2278
12914
8245
16933
23387
4245
13445
27472
22224
15772
17029
10320
30728
10630
1863
23238
4021
16790
23830
19869
28579
14513
29263
24719
30772
12041
25203
3307
6668
31992
25977
10134
8205
9518
2409
1104
21894
12815
10790
24121
23719
599
7051
10644
18745
18688
14778
13002
21388
17509
21425
11954
14256
28839
9247
8207
5351
14672
19573
13915
24923
28214
1599
2499
17933
32675
32437
22642
30478
17842
4237
10514
23537
22268
20500
30352
7296
12916
7549
18720
26030
16528
12665
24706
31437
28586
22536
21379
26369
28581
19854
18630
25333
20691
29225
11460
17100
2582
18242
2322
91
10822
27490
24803
13717
14547
2119
14029
6982
2476
26424
8144
24581
2143
8085
1940
27491
16001
5042
2546
24937
6480
12261
1462
31298
12951
8158
19619
564
8402
28215
5304
5589
4755
16972
3762
28283
14628
12365
17874
21236
18030
20370
11488
119
537
2862
31856
8155
14837
24774
18020
6919
4505
420
25266
26282
30026
2567
6504
5164
13342
17085
11757
16356
1376
8436
12169
12171
32055
30798
13095
13552
13443
4915
23130
10478
10248
9579
19359
4763
4814
19692
32738
20163
18375
5360
2371
19349
20147
12107
14105
11419
18497
22524
15159
27376
23927
5890
13423
17837
15955
21617
16981
5796
29619
29380
1605
24401
2162
25461
13736
8717
19924
27083
8562
23429
16164
32756
22255
12395
18587
4691
15808
9067
30084
1307
22305
26465
18846
14365
621
8649
18882
31966
27363
12662
30661
13037
682
19848
17824
32371
12051
4248
17358
19724
2591
17461
3830
7381
23873
148
16586
14791
14692
29827
26671
25923
20528
27039
19614
7149
29321
22727
202
28094
22617
8912
2179
7253
5520
16762
5594
29582
24681
1187
8582
4182
3310
12219
25222
2494
25022
2936
26888
12366
10766
16331
24714
22427
10478
2578
15679
24091
20941
9103
22708
26425
27200
27673
16819
31653
30975
11537
17256
1006
9776
2200
26562
20818
28905
26879
31004
10453
24048
1151
18205
1168
965
18731
13020
32588
6114
17698
17992
7759
24897
24329
23240
28022
13343
29369
4894
8580
23296
9780
11409
13498
4339
2782
27467
12712
28951
24298
9728
8258
32606
786
13520
18742
11921
30859
18287
17277
1940
31544
26243
48
21996
3102
9293
18590
32126
24
16524
25243
23961
26315
17310
20251
25911
24029
21737
22271
15488
9314
20601
23086
10128
663
24554
5352
1658
22995
6793
20311
5773
28858
28854
11111
22742
20404
26253
1240
16869
16798
25029
6034
5844
19647
3799
24632
7046
14333
8547
27391
30253
28752
29648
1217
27663
25208
18996
589
23433
7403
15475
4610
5972
19986
2986
19356
1799
29364
26318
29261
12509
18611
25232
7440
4281
23030
10372
14650
24679
13222
8579
6993
13605
7581
8014
4642
5730
26139
18803
12302
29125
5563
20853
16037
4209
8102
12839
4214
29064
25095
32345
9508
11757
2751
694
21437
18767
13401
16109
28488
5219
20288
31247
6557
1136
11055
30264
14458
9233
13546
1906
16594
311
15404
4566
19560
15469
21984
13045
11677
7520
11923
6774
30086
20638
24874
22016
8258
12958
9680
5210
23435
19457
27955
9168
7050
25367
15344
12249
29168
18085
23115
504
23362
13797
11300
18912
30324
2511
17703
12507
23226
919
3394
15468
32667
25719
2396
17459
27463
12974
7236
32530
6954
20425
21479
27534
23233
17441
5831
6008
31917
25509
17832
2764
10758
12249
9612
23001
15345
6943
9698
8866
21365
4406
22267
31109
9098
26880
9405
2330
8563
9096
10651
26974
3918
7235
11717
29201
5354
3734
9883
3164
23256
5273
19048
18359
23493
795
3149
13834
24583
18150
5243
21266
22389
10051
2213
31495
1404
4545
14518
13436
13167
21299
959
20870
23839
25080
2355
11296
2988
7551
31318
462
21146
9993
8179
12929
8999
14257
26701
26299
27100
6058
4441
24819
10851
6857
17194
32315
3480
17987
11949
10784
5602
951
1174
18898
28100
1391
22682
25221
1199
16355
17631
32534
28187
7294
25009
6386
14038
18853
25974
2100
9371
19446
228
16141
5094
13517
19313
21609
26631
8717
21515
8655
16757
27421
10762
30857
28262
7984
29283
12806
18844
14538
23838
8060
31618
10880
3850
7377
20855
10495
21423
19132
8042
22095
11140
13352
24487
12889
2658
25305
1264
29863
23097
10065
13008
13164
5634
6133
20524
31684
4340
2924
10267
16188
15867
4680
3320
14997
2918
13288
12725
14789
9951
29340
11633
23871
15777
23307
23885
17524
3301
8914
6268
16794
22173
6766
27290
31404
3685
30300
18495
7090
21175
13182
29139
32322
1630
6849
30884
27207
7725
10237
6709
21505
30448
22557
26074
15181
18339
8831
24705
4135
994
8606
6867
16493
17057
12014
28028
21221
32029
30215
20422
13186
14866
17158
31853
5347
31023
4144
22703
2845
29383
5849
20898
17338
32713
26501
9162
32514
15858
19788
16619
11897
17473
131
18460
23720
31660
27800
17437
16928
28689
3390
9194
11197
11631
9930
8592
5672
32086
24029
2880
8863
6300
29252
8866
18681
8530
8476
1643
27364
30966
29242
23090
11378
18154
29898
8320
13780
17189
12085
31526
16997
6441
17993
17875
8426
30517
8084
16101
2327
7611
784
12928
27222
788
6
23517
6085
24435
6444
28901
30077
13592
31760
3071
2842
10438
18362
26662
8056
15990
9869
9022
16826
20045
16239
31400
25489
17868
16938
13844
26811
2375
4881
13462
20425
2456
23014
20477
22566
25108
30715
2656
18773
4798
10648
14841
16250
10939
22173
10038
8476
30470
22120
20750
8745
2405
11001
19346
30778
11164
30548
27844
9241
4832
13607
15275
29825
26510
28077
21927
9764
29981
31186
15875
17650
5714
3480
19401
12953
12722
4793
10714
30280
23101
5774
7485
14777
26713
20271
1464
5998
7949
31708
19613
7739
12655
9372
13799
11780
15456
32035
18309
4552
2166
28409
15094
31454
10298
3801
11542
16767
18068
344
56
3717
14723
4807
9332
21106
11537
1625
14915
11700
31367
24713
17225
11816
32733
12470
21873
1500
2932
7696
1087
7961
12296
15288
29794
12705
5344
26659
19849
15669
5703
15296
32376
3418
19008
19162
1883
10845
15734
16063
15962
23445
31858
2594
17005
7912
15632
15550
4210
14736
15412
14908
28285
17951
9145
22615
8559
25537
3242
10302
8394
27330
29109
28473
15555
19024
9692
4752
27289
29569
9070
31401
11046
30104
18230
12656
16308
12164
19442
16379
8465
15017
6663
3951
27878
29411
16242
20765
15684
16328
9218
12785
7808
814
19908
23821
5953
20718
18879
4529
30423
21479
3298
20574
24014
1093
24891
25403
13507
4867
13162
17847
1399
11950
21588
12144
27170
1388
796
18004
1802
10302
21327
15365
16979
13186
17246
23170
11801
24764
5970
17413
22716
26005
19387
27175
30587
17444
13545
74
8005
28781
7775
27960
32715
28455
32389
8
21722
20931
4765
27714
488
13225
30456
20803
3053
7365
3946
20706
25972
27970
21499
31059
16625
13973
21983
1612
23893
9662
4265
15719
224
25290
23483
27080
5686
2461
4097
15103
8118
8174
13791
2863
29959
11411
20327
20592
32499
21503
4816
15731
25977
7689
10531
21861
25629
18671
17720
30485
14467
19866
9953
9048
24380
31011
24165
685
4832
16279
25648
28189
16733
11255
22728
32613
27534
4483
259
27735
8976
25144
21112
12670
6737
20120
9267
20481
31465
4777
22445
8905
30254
5184
3579
3814
17410
13951
15685
4911
1008
1693
14970
31529
13432
9701
2882
14635
13478
5378
5172
11199
1002
17529
30538
21066
13347
3703
13969
13552
16893
32205
28453
946
18301
1593
16477
12505
15578
4583
13123
2712
15247
2103
13895
6125
30638
12737
308
15560
25463
7575
30050
26991
12585
27593
20014
22817
10008
8495
13735
9209
31232
26722
4490
10262
8601
25612
7281
3577
23403
30306
8007
27694
20452
8686
24319
20015
3496
26514
4741
8837
20264
17866
29941
21552
15990
15665
18444
4937
11096
32327
23260
4326
26523
9329
26819
12862
15785
8769
25757
32526
13662
17144
1081
20283
6936
25929
8202
31672
32013
21344
15135
5802
4834
23587
18261
28362
17273
4536
31180
25099
15626
20807
17303
17278
21365
30721
17080
22642
6358
26977
16203
12511
25690
19121
2305
24325
15186
6097
18640
21072
20614
30004
6889
22911
3532
25387
1259
4101
23513
13926
7254
15023
7254
31159
28994
22408
2615
7450
4433
25850
29768
5619
14050
9269
1544
21654
30855
23253
4795
13068
3258
22462
5819
16661
30155
16203
25359
4457
10781
25257
10046
27715
3218
9853
19813
2848
18756
15565
23688
16836
27254
13853
21798
14463
14794
11736
15376
7086
16820
5618
18299
25732
814
26060
25171
7947
13229
12376
31186
20837
5972
25981
18770
26712
19304
17085
6239
19722
5381
14101
7953
2056
2063
15908
1176
5517
6762
30352
11289
20226
30574
30630
17337
3521
10133
10816
18935
27422
24695
10476
32062
16808
4345
27466
27066
21420
32193
16566
2412
15099
493
24103
10873
1517
18436
855
4040
9638
3884
31525
32715
4504
20638
31543
13725
17481
22872
9955
26702
30039
11281
14672
23675
13497
16242
6872
13345
19271
27779
26033
28850
1149
8548
7629
23401
17788
11325
8190
18395
5457
12919
3166
25808
31354
10285
12270
3920
20902
23517
12669
23553
445
27236
1484
19120
12576
12073
28399
22573
24626
1176
2806
25180
3351
26834
13773
4745
17596
23202
16993
16892
17687
692
20228
3277
5296
32001
14611
1786
13152
22158
29654
18359
18520
4950
18087
16133
29030
20612
13911
2438
6004
22246
7629
13968
27730
12703
14832
13440
30133
7452
11464
22353
18815
25161
15327
11629
24384
29188
19950
5826
6909
21714
27573
21017
30001
17104
18475
29859
25618
30701
5079
32725
27157
6231
8062
2422
28084
14643
4606
10743
15983
24977
13690
9474
27409
6047
8119
85
19764
19996
14790
31953
28167
17936
27364
9678
10319
14523
27294
27314
11180
24011
32313
30402
17694
8658
9552
15160
4295
8438
31167
24469
30963
14827
18112
3128
9813
19742
6996
17200
17811
31795
23525
15183
17926
32178
5929
29055
30139
22781
8777
25689
7869
7814
16451
11764
2454
28734
22669
28667
2323
28241
251
17923
29512
23568
24290
12827
11220
4398
9086
14244
9062
2864
10129
6243
28800
13087
27213
26580
25979
11136
30580
26817
18380
14982
30910
26900
3205
9349
30331
4074
15903
2730
2937
20968
28534
8682
4136
32722
24597
22072
252
9049
13748
11771
9235
7733
28415
447
12824
16244
29593
23594
1639
17170
25953
5682
6769
28617
5876
910
20578
18218
19315
17258
20738
31725
9094
2399
217
8838
23456
29346
20631
20473
16261
15228
27827
6894
30474
26874
4177
13064
4124
15077
32617
627
27140
31220
27686
3516
26089
30273
19340
1510
151
18938
23902
16570
14719
13401
27455
2910
27390
8406
791
2857
30690
11931
12472
8374
29226
19512
31426
311
7949
15256
9923
31244
31806
4659
2211
4757
10863
2438
24896
68
24852
13248
4181
8438
20329
26815
7584
28547
3766
32570
23876
9875
2513
9792
13164
1460
32229
29409
15153
27818
30835
30251
21694
16646
30358
28504
24241
20987
2443
28229
7877
11884
9328
31270
7598
8521
30540
4217
31301
18460
31568
4152
30693
30687
5213
25939
19477
25617
27590
2141
28519
15369
26710
9861
30112
12937
26517
1481
12568
9110
7239
31078
9572
19591
13878
31379
3379
19037
14129
14702
30582
21074
6485
14903
16324
22709
10891
21180
26108
6644
16722
7188
2348
14843
11967
11408
2481
28092
4545
11759
5792
25359
28586
9169
10853
23229
13803
30319
15018
10455
2335
5512
8059
3917
1356
18335
30119
9915
21349
31075
105
18822
14355
8559
20039
13608
32692
3123
9531
21960
27557
9266
31249
28686
1212
2671
30480
7477
30489
4897
21980
19810
23327
31406
4251
17460
4029
26327
11863
17308
2546
2096
11939
22767
15760
28628
22658
57
832
27990
28804
4565
8134
2299
6706
11834
20614
28198
26796
7192
327
23059
25233
19620
3896
25288
32031
31279
15664
10825
21148
5374
15674
21004
6132
29270
29521
17068
5539
29142
21864
7137
10197
3338
3246
24752
2508
1340
15375
13279
28803
9101
4094
14508
14481
16197
31602
27583
11087
32360
17966
2140
7997
1162
20550
19933
30626
995
11999
14688
18291
25766
1590
1981
7030
30351
17636
5051
12199
24763
9312
25731
5083
17341
4805
84
931
16878
27093
22393
30067
25092
5950
23416
9476
32743
6685
5773
7414
16320
31169
22358
954
14162
6577
17616
12207
16781
3824
28290
18059
12384
23167
11512
27645
20688
11556
26227
17297
30023
6250
3039
18899
31278
20713
25093
18615
30909
26055
27394
27448
7186
4479
1016
13376
19585
2017
2819
23752
9516
25947
8559
23872
26579
9078
24104
9777
25325
13987
1137
19489
32247
14648
4825
10935
24588
18358
15979
17183
25782
29261
11814
22960
21252
26530
2733
5836
2780
15567
13887
12040
7315
30379
16616
22157
32443
14413
27897
959
22076
15051
22455
17692
1191
29255
6736
11878
28870
1069
30483
8452
15736
29366
26335
29606
25275
8625
6876
15656
23819
6274
18026
18105
26347
9579
17751
26940
28865
17930
29269
23022
19174
31011
16811
10825
13822
23968
29738
32553
19845
17110
30307
17198
171
3594
16407
22625
3426
6452
18415
3354
12725
28418
24429
22561
1883
2080
2851
8211
15756
28087
11043
4615
9491
25908
1974
19314
17061
2378
5713
23368
23409
29754
2756
24164
12280
24402
2229
15146
22815
23475
2381
16491
31618
2136
18737
11144
17676
