26230
30550
26333
25603
13006
14183
19363
2571
31213
5030
2637
6931
2565
6929
18741
27164
22497
26067
7212
26312
21358
10168
7449
25453
25979
18147
30691
360
31421
19139
28049
14260
16406
14147
4784
10171
29718
10305
19701
13419
29123
16706
21540
3981
22677
17764
14896
12626
30149
27540
16036
28207
21192
17152
28993
7915
3350
15311
26601
3831
23343
10256
3004
9469
25312
18673
16768
31163
17602
15410
28998
20754
261
24025
12618
10586
6507
29222
6172
21753
5271
11209
31229
21044
18056
25171
5516
21829
609
3307
29602
14509
6507
21826
32378
18379
19292
22217
5141
6062
3034
24097
6108
25128
16699
15570
18312
5923
24719
1345
22335
6200
2784
17116
6399
21118
4024
664
13120
10912
30948
16285
10965
28467
888
2111
17428
17734
10771
28465
32566
17210
9316
7413
13313
11732
32749
5527
4260
2960
13831
1691
32738
568
25383
12596
14962
12982
863
17591
1958
1831
22568
15694
29004
10032
23390
6897
28370
1685
25484
1170
19373
16903
23914
11160
19706
15934
16036
911
23142
15688
5597
8734
11852
24097
23540
23353
20766
14979
27270
28055
25606
5887
15284
21351
32461
22861
22310
2879
9467
14561
4175
27989
5696
23998
31219
24817
32274
24975
13031
1570
18072
26356
28697
10161
4807
15130
26576
2387
9163
13710
564
26146
11688
19027
29456
13134
24353
562
8407
31504
8409
19793
31973
25568
20408
25607
12552
14312
30352
10735
17983
184
19200
18235
10433
2875
29081
27723
11585
26602
19776
29567
31601
15167
24019
21833
453
29293
29200
8838
22137
12366
12466
30990
10709
1693
15580
9865
11696
20325
31163
28037
5683
15033
12648
8390
6111
25766
8971
2269
1745
1894
15430
18429
31557
7638
465
12297
8026
2603
27489
16113
2581
5344
14031
13631
19367
22514
30326
31469
3827
27216
24285
18042
29771
24461
6038
14909
2426
28633
4965
27640
776
23599
13221
2736
6841
25296
15080
5820
14167
22511
21214
24605
16817
13998
10616
16141
19172
15945
26956
15066
26585
28561
4412
4853
26127
32413
28498
24134
15771
3260
17135
13507
25709
16045
18981
5953
26324
787
15969
2442
26949
7459
1101
4783
30552
18336
4852
6048
17427
1033
22056
17401
16235
27153
4128
29983
9480
2895
32358
23436
26697
16183
17905
18023
8584
27465
27277
19800
24735
7048
21892
19610
2218
32558
12151
26450
6415
7582
4493
1055
1980
22426
20944
30706
4272
2230
28371
21280
7869
23820
24216
1205
12684
12082
17586
18444
25825
617
21415
4252
32032
27927
23960
26645
7441
1912
22564
29356
2272
12944
22409
3506
6760
19300
17676
15468
19120
7785
21660
22303
29878
12093
32178
12394
13676
10389
31611
9432
3329
2167
6201
18614
9569
23721
18407
10274
25087
9065
22043
19813
7378
9310
11057
387
13469
21967
27814
31504
20596
8723
31938
28484
31868
8520
7546
14674
1010
6984
14996
3062
11375
26073
7948
24909
13930
29476
6583
7402
18174
9321
21798
5158
7917
13552
26317
28855
17126
20803
22884
8581
30979
11930
13966
19897
16278
13975
21433
32278
8485
6963
26181
28812
2483
26361
8936
18954
321
23922
27729
6805
28565
16352
21771
26519
19770
18990
30885
12409
26056
31784
28688
8563
3942
744
25928
26787
31628
22160
2614
24925
1294
24639
30422
2499
8022
15421
12949
30357
19184
27769
27901
14666
13133
3894
10643
27743
22976
28161
25344
23023
29133
30950
26992
28804
21155
483
56
31277
8679
19613
32443
18896
7091
18002
30862
21186
7135
31247
12506
24213
19583
5411
23810
21809
7596
4051
31366
19238
27272
20047
15400
19009
28540
19941
21069
2142
30148
12917
4773
124
22574
18469
17166
8727
17694
19797
2998
2738
25046
6358
21632
32179
13044
28758
4522
3699
28220
8991
17324
12438
6552
15618
11875
8856
7005
25997
2926
26281
8144
16261
15321
15803
30697
23696
15608
22745
21847
6449
25750
13498
1987
29945
10320
21398
8025
15100
29755
18744
6277
3715
21709
19797
29946
12288
30714
18460
26105
3655
18845
3342
27600
30714
12058
14352
3745
325
9793
24766
5220
29132
19318
6147
22575
20194
2831
25574
9909
22012
510
11687
17422
31589
20912
22027
32438
16691
27445
25588
29655
31353
5536
308
26827
20158
13233
14755
24028
4526
3249
12400
15951
17168
7326
16308
20898
19192
12168
13901
21009
17982
19515
10217
19551
30510
12830
865
11474
11905
28251
25417
7552
16525
19520
19653
6601
23224
9446
20637
23333
19762
21008
17044
800
7396
18517
31478
9890
29091
7298
22129
7796
13482
30778
26661
16640
29511
16863
4606
26968
22996
31670
30530
28538
23273
7749
32102
30163
22224
29184
20262
12289
22329
11301
5589
1757
13103
21221
23793
15801
12107
11460
21498
31974
28200
16194
25220
25978
17686
8379
17036
4687
18707
8588
5384
10831
10231
4215
9409
26607
8686
7753
19301
14842
14123
9401
11480
24976
24027
21652
15564
12654
21592
3863
17041
21104
25504
28316
20270
12627
9733
17018
22960
31168
9766
550
30146
17030
27165
31646
22654
20264
16122
16647
8067
2711
22641
6548
3656
8000
6351
31147
13744
20553
5426
17987
14814
30744
10746
26513
10826
20502
13179
28387
8212
26034
16116
21452
5785
24744
18373
3201
12869
32387
21724
1411
27048
26464
2673
15486
17611
16374
1011
625
9924
7379
2626
10512
21896
15080
31262
8039
13313
8520
28384
16831
25184
4141
1383
24773
14517
24892
19286
17385
20412
15626
11901
11013
3066
18910
148
4927
24329
14265
25391
17200
13105
19859
12270
25158
13624
23528
12532
8038
28794
14451
15771
10966
28988
10042
3942
1883
24893
21706
25400
30366
21134
17860
15043
1236
11428
24472
21058
30622
28588
28305
7787
9262
16926
19730
26271
28844
31893
4127
20325
1240
10206
23838
26902
28144
8526
19679
5850
14804
22873
32731
25042
19816
24673
18361
3223
31290
13772
2583
31460
5989
3417
16518
16783
8629
32436
14806
29374
9995
21320
149
31319
259
26196
2770
7864
8917
19265
5926
31145
32377
11827
23286
32142
17679
8926
26098
23266
1661
21915
24289
23008
29786
21178
32161
31875
19467
22554
26217
31921
11307
25848
19026
31411
22833
31749
28950
28649
13644
19387
4119
14780
28562
12528
4771
20691
11866
18348
14198
138
14566
32312
10112
12960
25670
24183
27113
9007
18296
377
22867
4322
31444
24910
32351
15714
26280
32024
29554
21009
25887
868
13753
31995
15207
30395
1898
23050
11794
115
18253
31865
13501
26059
24956
11402
4336
21304
15719
11644
19526
29177
19738
8119
25038
31729
8643
21323
5808
16822
10606
7832
17940
22246
31252
3406
9279
22714
19924
31641
15615
733
5248
29077
12618
1662
15963
21256
30754
22436
9249
14160
9915
25793
12360
32154
992
27787
11654
29013
27283
26119
24211
4839
16372
12006
17200
22686
100
29717
11880
31721
10217
2192
4630
9928
31188
7799
9127
5505
27554
5731
15905
149
14113
22778
9572
25330
22484
28353
3761
28778
30615
18994
4712
20580
3718
30735
27414
28881
14876
10741
9646
1378
3992
20276
10007
1784
28069
12254
10983
18269
4409
15902
8047
27953
29118
4555
759
27687
10352
16957
9802
19825
26374
4704
30838
23672
16788
8966
16333
3025
20400
8066
25647
9836
26836
6258
11916
8463
3
220
8612
8195
25263
381
20497
1294
24283
5725
21384
6561
5245
10919
18780
10577
30246
9912
30787
8331
15588
9334
861
900
21352
15843
20082
20848
31844
10738
30588
10228
14391
7065
2405
15069
11724
5927
19473
29714
6847
12760
21919
20423
3778
28582
16620
18676
30272
13155
11609
27142
14400
29957
27599
21972
27531
12865
32000
23764
26385
19803
17647
29327
12681
20028
6066
5970
5208
14789
886
2599
21940
29539
31685
22275
24073
23779
18948
5441
19611
10376
26432
27215
16238
4443
9002
9384
21091
28099
15455
770
6563
20565
19949
31688
6976
10989
13843
6346
3098
10238
23113
15156
21504
11814
27776
23484
7448
16902
5547
6944
29313
14928
10622
14032
12854
31265
18294
13799
22070
9618
3353
25184
22754
1162
15743
25223
14502
2006
529
1709
24283
9339
10385
7968
28140
31050
603
28251
15032
29366
18666
2937
30008
24803
11165
18672
17506
13311
27323
29563
22861
21205
9142
32088
15765
16287
12972
27060
24833
32540
19763
3172
10851
30179
14934
29141
4032
12279
19419
838
31153
18075
31944
15156
30217
22632
22821
32278
32184
18332
4866
27467
20976
12981
26812
14929
13446
23359
16509
30775
32666
28394
7426
14677
24698
26335
20385
4922
14788
29012
2954
29414
28875
6494
15949
9018
10812
8455
20892
6060
14850
16801
14930
20287
19046
18010
30901
25523
32379
13584
28152
6392
5049
31078
11013
233
18152
17943
7289
1847
64
8330
14319
31139
2766
19111
3713
24689
23321
32490
26764
15129
10502
12981
20148
30015
24825
21227
9256
10213
12349
11962
13863
31456
12454
1208
25796
14984
30580
26162
18662
30132
2939
25792
31634
14310
1665
15901
25197
13250
26088
31286
9596
29125
20109
12161
12847
22323
18415
24976
28574
6481
12948
11750
2066
28885
32168
15113
27591
8603
24552
7641
28912
10905
6078
10527
13564
12821
30381
23401
8984
533
15344
24342
17397
10520
606
20653
15051
4867
17809
16243
5022
11870
16967
7228
18112
29120
13832
2689
5527
21896
16906
18355
9376
5582
30033
7375
30388
20634
16922
3635
11658
21587
25210
15792
13182
12922
28739
13024
12944
27288
13351
32185
31920
16756
28704
26467
18745
6282
10511
9543
27579
22969
13219
17001
26621
19260
2172
13047
1858
24539
9104
17954
21196
22370
29390
27180
6047
17235
6146
30402
22407
17368
505
29069
19292
4347
8421
260
23173
9241
14850
388
11195
5524
7802
28834
13071
713
18823
8896
24879
4162
10711
30430
22501
23596
6708
31923
18400
29963
19812
16636
23479
10412
12622
13333
21547
16219
3423
24262
14765
30551
24620
22879
18208
21635
16473
14599
29151
6238
17593
26449
13058
30261
14262
6160
30173
22424
6644
20845
20426
17674
14385
14902
25897
18172
22640
8825
8100
21245
16982
31314
6584
6443
9940
11009
25456
17901
11014
1599
1140
3044
6747
16339
24387
2590
1015
9568
22973
25229
18261
2177
28388
5304
21553
3863
3555
28849
8613
24034
27216
13895
8338
20815
8622
13436
11585
14481
23094
32058
17482
18163
16087
321
32437
12141
31867
10340
6496
7797
9356
14837
2976
1559
6326
10622
28971
28744
25583
7089
19254
19320
9397
14242
23770
25958
27799
6196
9916
2104
14583
29137
17901
28107
26894
16479
14863
32072
21809
4463
22202
1784
27474
16055
25630
29273
29897
11458
13033
4721
26965
25062
10091
5218
29533
2423
32759
15423
2428
14138
23181
25630
16701
32540
15799
29038
16163
13604
10417
13451
26605
27047
28364
26256
14103
30139
25108
14701
24228
11245
4401
11833
5147
311
7307
9673
11984
16940
26290
24449
31588
10358
9212
23146
26767
25730
3440
19589
28957
28538
15074
9311
26423
14708
26720
18662
1252
2025
10957
2939
26064
6248
22476
72
20043
23435
9440
12500
25492
23595
16849
23764
14680
9936
29265
15685
22646
17771
27359
32183
8965
9032
29932
24556
14744
27966
7740
15777
17856
16937
30608
23724
19923
18330
9858
18759
30188
30412
20144
10924
21043
13786
5660
17890
11871
4400
18643
8918
28281
10559
24525
1965
27874
10358
28437
15961
31127
21869
16169
22634
24244
5475
5540
25895
3639
29418
28954
19934
23815
31969
15428
19576
28469
4515
15453
12368
14721
27262
16075
25926
15392
31591
18946
28943
23228
31467
21926
23247
30141
9833
19951
12521
10439
5759
26194
8469
21123
14274
32606
22196
18851
15282
9188
4961
25376
5613
24922
13769
11718
22946
32641
8892
1779
2889
23366
17540
27804
14993
26854
5237
12432
30874
8534
25285
28929
32357
24290
20638
31296
6025
27924
12402
30152
9511
20439
16527
2686
19743
1500
29683
21047
10628
19005
15713
18555
3150
6497
4276
5769
11087
32031
3700
24730
18537
25638
3495
30826
10749
2204
30697
6389
30630
10757
11199
3966
20264
7783
22825
30166
9635
32427
3190
25051
18701
29255
23388
11839
5598
24090
26696
16523
13581
31383
12275
28771
30268
5414
21814
29707
6704
199
24351
30250
8579
31225
7492
14542
29597
474
9815
27057
29152
29839
9467
3003
19235
24294
26326
6599
9058
22330
25064
18090
25523
23960
9243
32369
18044
1823
24859
3307
29668
30893
4711
3432
17031
29880
23977
1983
28782
121
13635
24214
26686
25680
26410
29405
26287
2916
3575
8348
5184
1674
6203
30959
26410
13928
23059
23886
24978
24794
23805
24594
2
13716
25066
3637
27674
1545
18837
1626
18307
13452
22290
269
8997
7861
170
11851
30362
1799
17126
3141
11234
16847
10730
7009
4952
10575
1284
4994
21476
7452
30853
32393
11123
4293
25040
23580
5028
28085
16816
12966
7876
19547
8431
12702
8445
18568
8996
18701
31178
29976
15308
23114
4526
13012
14748
26120
24614
28311
7190
23443
3548
2736
26459
27991
1821
30600
27200
3746
4749
16261
10915
32427
16410
2605
27648
1234
17454
23183
1087
16937
4905
3294
29392
15412
20750
22368
28154
1261
27004
21126
23152
9227
25569
19549
24870
9604
18410
27429
5986
29009
9790
25406
27926
20593
6507
17484
21869
17200
21280
8595
23972
3241
2462
6563
9755
6026
22889
314
29100
6167
28483
13670
16187
3954
3674
22762
8590
5145
18113
227
18783
944
28701
5291
30128
513
15521
25854
15967
26945
30780
15963
27898
3988
18448
31405
22484
1492
32295
22059
29529
13198
21857
2941
3486
29774
10673
31520
26685
6685
137
25099
9311
31047
30099
25491
13594
24930
24482
27276
19454
10123
16872
9649
29674
9715
23913
9030
20004
21659
30383
20475
9641
24411
9152
23828
19650
23849
13901
20935
30936
3224
5676
19429
4233
14751
8201
13245
8188
12444
23640
26430
26481
25240
8845
8283
14364
7885
31888
6836
4915
1381
24171
15474
16198
6021
1606
18034
18383
2186
6294
20391
6922
13459
19601
4025
14854
24639
15589
15602
12028
9656
12457
347
15841
13040
28820
19234
823
15658
31853
31807
29992
19901
13506
15703
31445
19476
19677
30689
3564
26874
6388
15239
6776
20244
3232
4815
4350
15535
32144
2810
24261
27325
32383
29485
16501
25881
26211
5838
8932
14355
22504
30513
1580
5928
23836
18548
5889
24849
27500
13735
29249
9472
25551
12336
18125
3366
25409
20078
18840
21112
30579
32157
12285
7603
3009
2810
9302
31133
8804
18471
26826
14990
11753
20176
7270
32560
7905
10127
22127
11907
31195
22541
3063
5924
2447
7275
29615
5070
348
20448
23548
22817
9205
18595
10061
20642
16983
11019
25259
9476
9982
30708
10898
25510
16728
23142
20991
22364
9594
30833
32714
114
13330
19291
13878
19950
32412
17150
30919
31766
15321
14443
1107
15410
24701
29651
19804
2451
12328
18856
14493
20436
23192
4863
16867
18016
31005
1337
1310
9524
77
11490
23992
5863
31224
4057
4133
3047
7007
15025
12732
21253
2976
15704
17093
6964
28277
23286
11987
17037
1822
28952
10068
5783
1948
23054
3174
27078
24608
20113
22508
8769
8899
2730
16097
9704
20343
14799
31981
18326
7230
28238
32310
6563
3482
10223
23417
18862
29508
11732
23641
27033
7456
16293
29687
18900
23665
25066
27586
18655
9546
18872
12433
15370
25669
11152
30191
21888
23670
29060
9141
11139
8610
7323
16863
17657
685
21879
22168
20264
30802
28725
27287
24766
27671
26517
10158
28180
27519
4955
17824
21171
7041
7669
14644
5144
57
32093
22919
16820
27870
29505
28582
5687
12276
22626
25692
15886
20418
14138
73
26410
27399
31201
29236
32260
4585
12081
4003
15326
11054
11049
936
27211
14766
1679
24573
32753
5640
16857
17491
31374
28821
3918
4072
6713
12186
2153
20824
25067
32194
21118
26805
317
7371
30367
4057
2931
20607
28865
15611
8122
30182
14875
4993
26286
6842
21199
22293
2335
10523
3788
5371
1045
31620
10739
30626
32273
27902
26489
30841
406
14739
16524
25603
16616
17158
26169
25646
18196
3521
6797
1249
14896
2575
9466
26324
4836
32139
26109
5284
27946
8409
19966
11815
22097
17811
15224
24061
15432
6278
1113
19815
25113
21535
11948
2652
32180
30496
7285
5082
25326
21399
11996
123
24521
2577
9358
29512
11766
17675
14177
21201
7576
18601
15671
30334
23883
10923
20516
15904
869
18076
16851
18379
15484
16972
24101
14312
17192
13953
16668
18310
1289
20458
17400
3313
6412
31828
17823
12934
27371
30752
21058
4037
16371
20469
28222
22696
30986
10930
2112
22323
13808
28583
22189
25421
15813
7428
9281
3278
20684
25233
20470
11225
18286
21664
1063
19308
8834
19265
26869
8757
28875
16820
21994
3496
11714
18980
18140
17230
32150
27026
6164
11360
27250
28687
19888
8084
1790
8494
27206
27959
6696
16569
6346
29052
14372
22435
11698
8468
27825
17726
17239
17406
23199
28846
30111
21153
29838
11934
217
10520
13048
12081
18408
1229
27506
2107
1444
73
11566
12210
11645
330
18117
31327
16226
19734
22835
29401
4833
14096
7203
7348
23951
7561
14190
30710
30890
10456
21982
22730
10749
173
21815
26489
29700
27554
14200
23701
12625
3347
14686
19832
32558
13616
12842
7405
15236
30544
8356
25644
6651
31369
2400
26636
5219
14461
2624
28276
14931
7798
18234
2066
9231
17590
5211
8784
3247
12296
268
30084
22398
20891
10389
9063
1185
14608
27615
6601
22777
11474
30846
3459
15690
7334
16622
8620
6300
8835
18973
3856
10721
1443
29226
24541
9433
29658
5229
5024
5683
25895
11959
16240
21237
23945
27611
32361
30493
275
14189
18013
14216
11843
16073
29893
2836
4752
855
10238
28418
27970
25102
14514
19102
29830
13367
26516
13857
4290
28020
4944
10454
25126
23296
2753
21116
17540
26680
20325
9196
17761
3163
23567
19195
16460
17806
17372
9634
5486
17699
15720
28764
11875
12570
28226
13264
17736
7912
2717
13744
8725
11128
7496
28897
16941
21616
3040
22748
7732
30389
11076
27732
545
5681
30793
23321
11156
21204
18607
17212
8809
11992
2132
18804
32653
2634
22184
4288
5648
30662
6241
21838
12924
20098
20848
11932
25702
7565
23347
15581
1602
25689
19180
17822
30588
13432
7282
937
15556
8355
29990
11817
31401
7424
4905
31504
32361
13477
15564
8374
18695
14424
17480
6850
20639
19096
29616
13902
27639
27874
29987
10566
7254
29229
2886
14609
10649
31415
11761
13428
17539
23811
24361
17587
9045
8226
19535
23033
19614
27443
3990
14073
1109
3622
9659
24534
3877
1989
27632
28736
16392
11508
14873
7393
1047
21815
27962
25591
24737
12406
30256
12610
6010
10749
16544
31008
26005
31943
1582
3831
4053
23804
25071
15059
12833
23224
14368
21072
1207
25102
17944
22715
3010
31821
28283
27252
25902
13953
5553
30614
10427
20797
8854
4570
3664
7576
30579
20921
20115
11126
30510
5841
29110
11529
27325
10122
147
13207
23264
29689
19452
10621
12816
5
15948
11636
15026
14536
27458
13075
19857
14648
21008
3221
17547
16902
1454
16861
1419
26822
12148
22711
14775
16977
8168
29281
1258
3175
25045
25162
20836
6809
925
8729
960
2662
2767
18161
11047
677
17916
23539
452
547
28871
17925
20855
396
24124
5330
4302
27791
7523
25874
19505
13885
19476
14348
12124
3250
3084
25689
17171
28664
20033
1002
13072
12328
26739
845
12353
5842
10500
13867
17200
16287
23817
5398
8899
25653
31905
2177
25381
8027
29062
25872
4356
27486
11233
32019
3325
24499
31075
27469
15188
29149
21137
31481
23529
15762
4703
20751
7783
6169
19457
15043
18111
29430
13054
17742
30165
20937
18822
754
27256
22388
18693
8504
20120
11900
30968
13437
25779
20658
26624
23724
10641
29202
15156
10061
15921
4843
1980
21183
11779
32064
27292
22209
25944
12654
21197
22072
27670
1552
12690
24108
14512
32544
1289
5651
12117
8287
28928
17746
8552
16118
23051
20993
24881
5725
14035
7406
15826
9340
2993
24293
31612
4368
17532
27439
7138
9297
24735
31577
2798
4306
9582
26679
947
5288
19130
29735
16804
13774
21922
2714
20995
7624
5549
6353
6556
22663
30742
25573
25266
31373
9575
10
1850
29265
7497
19732
2887
2277
17563
7227
15302
21974
6593
25371
9579
10836
831
8191
30699
14226
27782
21342
10604
29808
9485
12966
28217
1624
13732
30777
22715
12645
8198
29877
13733
5067
15533
17785
30830
12403
10986
21605
19460
3301
1844
1248
7103
26219
23489
12832
10387
17011
32595
25254
32395
24118
22101
21767
24178
16791
10790
18930
28627
31054
2741
12143
20261
15429
28238
4453
19519
66
947
29535
27922
16839
27247
30607
2198
823
17767
30484
3589
18233
23474
28536
19528
2657
15274
27005
19886
14
5187
15641
7140
5774
14492
22207
34
1673
468
25056
5026
29084
799
31922
13398
21572
17433
22832
12762
20222
30042
28514
18088
2732
21322
9438
12683
15419
11062
3471
854
2947
13988
10677
29909
24942
16612
17709
22788
24925
19176
23539
32639
4551
8534
10213
6970
30755
6362
15305
370
11273
25793
20370
21731
9620
15300
8671
28988
19210
16161
4805
10960
447
22513
23502
13966
17974
32437
2369
20019
3978
8498
6308
25790
524
6783
24704
32548
13614
29020
9572
1350
4256
20677
44
7968
1208
28359
31107
29251
8727
21907
32423
21381
21642
17105
4973
16631
17710
4406
25988
14359
10200
24665
9469
15431
30643
28354
17931
8574
26411
23108
4104
28478
1802
14990
7609
28614
26849
18940
13011
16264
16554
4275
2750
28893
18859
17900
1176
6136
29342
23440
20605
21272
5390
26630
518
8962
15364
25160
11279
10159
15843
25661
27070
5442
11665
26435
30913
30013
26327
12042
18646
2035
14859
22185
9361
23105
31468
13291
22362
25465
30413
1258
29877
16287
5622
7136
9414
23000
11335
32057
6676
6943
15646
9197
5261
28986
13947
24588
5578
16876
26466
923
10901
7789
13697
20894
28072
19223
22035
25462
10168
28514
3588
30829
12466
530
15702
25488
30277
17839
14787
3005
19360
26934
15524
12796
26237
8462
26641
29202
11614
19517
10058
12628
15126
31196
28245
28602
15244
25288
7401
12084
1468
11163
2187
25921
5886
731
29175
10941
21387
28529
27073
7674
12349
25436
26684
11027
10646
26278
7323
11901
11268
28311
14166
9695
20835
13610
13264
25380
6084
9405
25910
30158
30061
11276
19114
16013
28193
3680
28321
24848
3489
1028
21897
2075
27506
16121
16304
12250
7137
10218
16993
27253
12869
26466
31824
21220
14468
3901
26935
8709
16344
30813
6338
6635
28371
10398
19625
15225
12449
21771
16923
31280
27022
21586
10851
25158
21703
5493
5830
25848
28517
28355
23466
16161
5287
22791
12030
11786
12159
27391
1493
26244
9553
10511
30036
564
24055
32055
6863
22319
3336
27459
20271
28103
8282
21825
10647
2212
30661
25656
5447
29462
18986
26903
32448
2473
23476
18924
23592
12538
26974
20310
5361
11978
28086
26173
3254
6481
8928
10688
21861
20692
26077
18799
19619
14202
24334
8123
10348
7004
5107
3242
14074
1755
17977
26832
21993
27446
17396
9338
25752
22876
3369
26412
13778
15614
29327
17230
17582
19945
4502
21026
12467
11155
20905
19449
17728
22259
18096
28839
4139
32406
7386
21556
19369
20720
29081
25556
8046
18672
15854
14105
32021
10455
13798
360
7105
5961
16741
14250
22277
4772
29218
15939
29953
11922
6899
13128
6094
20442
27723
10476
24093
23164
14848
25660
30490
1532
20050
29709
11671
19454
28202
13362
11878
9491
29343
4338
3590
2003
7102
7865
20867
24108
139
23053
32407
25849
16451
9156
30485
10710
22756
19828
9095
6963
18159
18988
12566
24232
21101
22369
26283
24968
11568
12843
21844
22457
18011
11442
26601
7363
30501
14306
5615
11046
27865
13671
15804
7665
29729
9685
27100
28816
2437
1830
1460
28902
21295
30570
17765
6044
26609
28602
17652
15032
1929
11118
8871
20081
10275
3984
6322
10305
32031
9872
23058
30781
23317
1080
14010
27810
7446
9699
19181
13232
28469
8938
15851
20411
8774
16736
21455
29055
27878
17151
22200
19636
15804
32353
6951
6882
766
6260
9128
16503
2870
29224
10165
18455
25414
7786
471
10291
21929
29782
18702
1757
28413
4520
6515
28634
11198
24948
20508
12537
13141
31512
15936
20644
17489
28014
6043
21173
13812
19014
8212
16267
13041
1555
23710
8540
4468
32740
19292
27596
27747
17814
26376
447
25059
26696
31125
19820
6943
29968
531
7860
325
26092
12756
17329
17360
7932
17613
3985
5133
19438
14654
17317
14808
12729
10902
3765
26023
18574
21393
5783
25547
12811
31651
16383
5362
24499
21401
10393
20463
32155
1406
1877
4286
30053
31675
26371
6338
7538
9091
28447
25682
26708
11886
12014
6516
10370
5988
7882
21480
15440
28349
19385
29289
13854
12710
24901
18735
21711
12487
1416
23992
24701
18979
15239
4040
16234
31295
16321
21423
22330
2182
4871
25034
3680
21228
10125
32588
471
31954
25666
17470
17170
1321
29277
709
12853
2011
2360
13220
18565
11878
11362
3073
26397
5066
4080
8300
32228
8102
5907
14621
7867
7326
8432
15229
20731
3583
6059
19689
14622
2214
30149
4786
26812
4894
13737
13160
27322
20744
24449
32088
24510
32192
10574
22099
16101
31293
23864
22705
3769
29241
31266
16790
10845
23698
17026
5236
26379
23281
11632
6097
11713
15529
28157
3915
23862
10466
1221
22233
2067
13302
4040
17235
25440
25627
19573
27701
31036
26947
8
17056
29650
3136
14870
6561
5256
6444
9574
950
11129
18696
23299
10638
8998
28323
27535
32273
29800
27325
4826
29600
5802
11117
18868
5790
16468
15040
10751
12591
2954
8355
22792
23615
21271
7171
27671
8647
23460
30514
31556
5195
7470
31629
22157
32680
16567
18524
4390
5900
9787
4345
22288
17478
1765
1589
16621
31808
1923
28407
6675
15561
20280
13350
19679
6040
30320
25545
26955
28302
25113
28525
31171
17724
24337
10695
6709
19365
4570
18331
1384
1605
3733
26589
3214
14162
11566
26389
11548
27969
28116
520
14553
23180
428
2964
17461
23219
19398
14812
20189
18561
28240
20133
23180
2448
14345
7936
25636
29455
1529
15914
29437
27587
28000
20400
12925
28492
16876
17622
18921
22186
19502
2362
26234
2559
17487
25269
11188
32662
25855
2178
32243
11301
10927
13730
23367
18511
4864
14974
13953
3949
28795
20943
2190
23438
9858
15547
3076
17084
24966
27200
22267
6530
8059
11734
18206
32427
7305
18768
29698
21579
30725
19972
7094
18948
9631
6443
15771
23682
32477
28555
22389
28232
2248
31827
30915
23983
16869
14150
8268
15403
3174
30235
6139
2769
2210
11556
17132
8214
29635
9007
4551
6874
24254
7338
4429
1701
20873
16906
18224
5424
11912
17773
20776
4391
27208
2941
31299
28205
27503
23448
14973
6689
9971
23343
21648
29599
19595
22636
1549
2506
5987
10264
32172
2377
5908
6843
3040
31376
1235
19717
16815
13665
30952
22380
29121
11666
5219
8471
18359
32016
29450
23035
27070
20260
31125
24644
22627
4341
21534
5366
169
2895
14547
25556
13400
18850
17134
641
31897
29262
31207
10981
31424
29725
22759
21714
19305
11537
27265
13031
8134
28257
19613
30389
311
446
12468
8225
29467
5082
11331
23561
26343
10283
28025
13867
13941
31213
10291
8770
6302
28262
20267
8305
17418
31853
28012
229
13383
11565
13322
2743
17689
6695
4111
2575
6161
3190
23736
2447
30817
8535
1506
15087
12527
6120
11967
21220
2216
11312
12493
23623
22807
9056
1801
18035
29494
27992
31072
13039
18052
32621
7270
17997
32343
19562
31050
81
2420
32212
29194
24406
16349
21107
13795
21230
6890
17933
23052
16841
13211
26229
27299
9944
31533
31173
2024
2481
25067
23015
25513
22070
24647
10586
13053
22385
5673
17714
26677
22979
29831
6241
18704
14398
9526
13366
13614
22863
9472
21027
12487
24224
17398
8899
1949
3132
7
3611
7215
10997
28114
18721
14128
27139
9145
25722
27447
1005
23351
14472
24760
10925
15475
21156
7731
32527
2069
18344
8363
5978
4952
4017
22618
22834
19040
20259
23971
10941
11471
12525
29256
16133
30867
13838
8925
413
30465
7768
7293
25992
8232
20083
2747
6998
2143
22310
4571
29328
19489
466
14659
27222
28187
1599
23084
13639
23426
19867
26269
13473
2730
26304
7322
11945
26581
4022
31129
17486
1097
30841
565
27145
15269
8956
12838
26631
17268
1133
10353
9610
22787
19387
25564
17293
368
29014
9125
19111
4100
29750
16499
28721
26306
26654
4493
13995
9536
14626
12874
27996
14774
18535
15305
21305
2133
17962
18145
24840
7386
27907
19035
32453
6754
619
10591
10309
23936
16509
1581
17689
1165
3321
11534
14261
21055
8590
11145
26578
7805
2393
26585
19472
18802
6057
19615
14048
25825
15365
23765
27297
1976
22384
17411
14601
32743
30443
14005
12743
22130
5948
14124
9318
22981
21998
4692
31093
8777
13209
10486
9957
17716
19299
22831
17330
10661
9159
7201
32454
13296
31893
11240
32026
15158
15930
17871
25374
32058
28226
23748
3419
1135
19739
20490
15446
13398
284
31278
14264
28678
29381
11324
11437
3852
15945
26930
19338
5238
24137
30133
26802
23595
29667
4099
9402
12926
20459
25641
24523
2562
8568
4214
31816
17311
28067
20015
13489
15589
13451
4740
2248
6305
26525
15299
1522
30126
5394
7884
28383
2062
27832
2245
1645
18489
502
2319
458
11445
28426
6008
26073
8679
15766
27314
21464
13353
14427
4868
2367
8221
2628
11583
5867
15680
20134
16884
4987
30402
30406
9444
19707
18069
10396
26808
15808
26308
31446
15090
18578
11526
12832
15396
17
17555
25507
10335
32081
14902
8395
25583
2504
3747
4174
16453
8298
17164
6250
3381
2578
5103
32366
19042
6436
22066
8059
3318
18544
10865
9868
28054
16730
31383
25524
4757
3384
30123
10407
10855
30204
32237
20092
27225
23059
15650
18609
25984
30605
21292
26992
20463
29309
21213
15120
557
6819
269
4831
20711
13384
2538
16671
3297
18538
8336
590
16178
16409
15578
5547
30129
20257
27511
7413
13227
29161
25664
10614
23255
667
23240
6720
8331
10629
15669
12215
25391
11456
21839
30799
29683
25359
32727
31383
10429
19977
28186
16503
19045
8059
9670
10165
13093
11784
13051
7102
12619
7442
16549
7332
561
15326
2826
14179
31087
24562
24735
21352
10319
16066
9504
31060
6530
2700
2783
30461
29969
22145
30301
1205
8342
1573
16407
20432
12203
19448
18594
3680
14499
31574
4858
67
24952
12700
22808
352
14597
6796
20162
4397
12405
21491
1703
29557
18684
13448
11691
20056
18885
31256
4224
27027
4651
8928
8054
29441
23595
30267
25748
27746
793
125
8167
9820
8851
1566
32282
27839
8628
12827
7495
18445
32393
921
21517
30778
28105
16075
28387
3248
8896
25879
22443
15766
21389
30836
23435
27218
19853
3607
760
24908
11799
29774
12307
21749
4970
28588
30521
8713
23011
21350
26069
19217
14708
30973
11129
19755
22353
23325
22830
12813
8172
22470
11016
840
32036
23977
4093
714
15545
2261
25590
19623
15108
29330
4135
17945
9701
14477
1436
32197
27644
32566
17941
24895
11292
29543
28436
27601
14588
3910
31540
12920
1328
9836
11708
28976
2904
32071
23668
32113
1688
28604
3000
16890
3912
27409
4298
10189
28652
16139
11885
4219
18022
2643
24495
17825
17770
17950
17670
435
10803
13581
26526
30200
14964
14674
18162
29142
24210
22037
25754
3920
11280
24598
16995
2253
29771
8595
1701
7195
11111
30060
15057
7859
15241
7557
22602
10047
6214
22636
6006
28761
9820
31292
13588
22678
19360
3265
8656
9155
15160
15068
20500
24942
21002
2857
5154
7337
6004
11744
19040
14602
13886
25081
14322
8438
461
13716
22926
10527
23449
9623
5260
19788
3297
24729
32317
10841
26781
12543
11646
22910
18868
21092
19085
4308
16751
13887
20763
11540
2605
31679
14498
2210
4697
7930
30456
17355
13210
9031
4389
25163
27209
15592
11890
25107
8488
15853
25026
12105
25937
19028
7461
6543
5740
6005
939
11912
26405
15006
3446
7576
16862
19194
12819
2284
26016
23223
3339
26555
20312
2919
12468
24011
17216
16807
6989
11318
2715
15359
586
8046
14757
4362
26605
7807
4554
22743
12054
16276
21526
1422
8540
1469
6125
12119
7004
11247
31228
22391
21329
8525
14191
26300
28134
6821
2404
27420
21832
23870
21664
22681
1662
9937
385
20840
18685
22229
4148
14673
1143
15615
15656
6233
10485
12554
18883
4255
23845
22452
15699
27524
26357
14601
12871
526
608
3043
927
1167
6792
23218
28321
25985
6406
25977
31950
27573
16254
25881
18964
12205
16246
5074
31557
2118
1128
7943
30920
10905
25621
26177
16783
292
10525
11127
27208
32293
11213
6285
7384
27975
27960
15898
11269
2176
26761
28526
3954
21562
3735
8148
23505
1713
8122
9492
2900
32412
22494
828
10852
3343
8405
9632
15510
5792
16114
10528
28123
20425
11219
7081
25591
6285
4990
21759
17460
15198
10160
19641
16727
4927
15729
4493
17875
23846
26860
17869
3645
14500
2942
17714
18432
7111
2061
22489
2130
15936
4507
5771
12134
16321
18458
25665
3043
3497
6018
8423
21142
19427
3362
31073
15971
17675
5939
30924
27778
9683
25267
16134
18664
1958
19313
112
7938
3723
4708
13042
8873
7755
20032
3136
1363
27350
19019
13660
27526
26595
18285
22365
22163
23511
21383
25966
22144
6632
11014
18457
6214
10114
22712
19910
9277
20713
2014
1150
24788
28961
15490
24821
11653
28939
26123
22216
10760
16848
14
17923
32199
22146
13671
25062
13203
24833
14729
29929
32149
22044
19474
9725
30087
31993
6819
8981
11556
3511
29934
21733
8924
9041
1808
32745
28365
1222
3618
30378
15343
2423
15114
16701
24974
7376
14231
24076
12542
9514
462
32729
19338
20976
4478
27903
5293
5377
31771
25595
5253
19286
2760
10540
24196
22757
30390
8663
20585
15301
16301
8302
15726
23186
20712
17938
22979
4627
26662
7510
31292
17946
29438
21062
31815
31148
22131
11176
27168
12898
21704
10625
12104
11023
1430
27867
28979
6563
5147
19654
24640
3152
14293
15517
5359
8683
6991
26506
19791
8596
9532
9548
7861
13721
22466
11320
28595
19864
14872
9342
20040
27620
83
174
30293
25130
25981
16251
7248
16725
27624
31422
20540
174
30657
26558
3289
8264
30696
11438
18200
19099
4351
12151
4561
14703
32450
16824
10680
25084
8086
19979
32142
11343
24164
27275
1684
14831
28327
29843
1349
32705
3780
6600
30276
14121
17563
29273
21396
27250
18523
4229
30215
8304
4506
10590
11001
27491
15013
15053
21053
24351
11796
21207
6232
12906
21154
23582
8429
4006
10556
5035
13689
22704
4440
3050
19521
25095
10120
24822
31624
26929
29263
535
11524
19034
20787
13450
9619
14655
25107
13184
13611
330
20667
4456
8975
4350
17590
15985
10825
21654
24931
22603
6740
9193
3148
10030
28697
18321
28082
27678
31517
22860
24429
25709
25336
930
15859
9857
8457
25801
20406
15320
17000
6341
14003
7240
1564
11987
8263
28300
11150
3592
10053
12796
1342
3382
7239
13724
9141
16911
10305
88
11451
19341
32092
3726
13001
7057
2561
2253
8385
970
25139
22493
3549
2520
21283
14847
3557
18097
21758
15733
20902
21828
20234
17477
11167
5213
25073
30011
19709
16329
11357
15917
20170
9402
15812
19330
23393
30061
11142
6389
3109
9
31797
32663
20338
19659
23859
25875
27348
26464
22147
28726
28023
22418
28889
26287
9951
3367
499
6163
30169
17158
4908
31268
946
7580
5711
23122
16294
2174
23721
18562
11931
5968
1122
7951
25360
28133
20493
19470
12624
29607
7293
16343
29675
22074
26842
9409
29798
8028
9461
17452
19506
25104
14809
15557
20955
17147
163
28165
26242
24590
7059
15611
14221
23397
25954
5708
18589
3439
27350
20856
22976
8784
8853
22878
32233
9859
22327
15875
30109
18116
30622
5007
8686
18221
16778
17048
9133
30111
31336
11683
31452
7011
10859
20456
14946
12817
3550
14678
9218
24497
12473
3031
16526
32289
26738
24021
18520
12727
8213
9725
28650
21286
10903
5187
27895
12454
3944
31782
18321
27215
1351
13365
19355
28102
3930
3794
11906
21788
28798
20534
15656
11507
26844
17845
9761
26083
29117
25155
13346
29980
27551
1080
3254
26700
29319
18512
18227
28867
19610
3574
28653
10709
9959
4290
19369
7807
5256
15168
28501
21070
1001
5875
32758
20861
7783
32153
12001
3165
17949
28593
17966
506
9722
13371
22890
32252
2071
9663
28300
28107
26184
20624
13098
4343
26866
18002
4589
2262
18460
19130
15427
2927
17096
15765
31827
15766
8323
26124
25398
30809
28987
806
10084
32155
32593
17806
18284
24575
10223
5783
17641
8712
3484
20605
2993
20606
22797
19438
22863
7187
31806
26312
14516
13894
11202
26661
26153
30088
600
26005
12168
1181
702
3498
9388
8518
27594
31674
11302
11805
4790
30944
20529
7104
14268
20036
22505
27953
2274
3228
183
23421
18200
27891
27664
23708
16768
11945
5471
4505
6925
5820
25663
24563
3663
29765
12014
14914
9101
20038
16638
23581
3349
7842
14926
32060
7632
15981
23097
16346
3609
26470
2829
24157
719
28354
16831
23609
2729
7468
1501
15890
1482
18441
13763
3361
11158
4096
23314
10712
8899
26810
9054
12745
24499
19942
20775
31940
15617
18817
14603
30015
602
12116
7993
20475
19854
12734
2345
26341
4582
13235
22411
15163
8633
31749
15485
25327
30266
11746
25088
25936
10644
10911
21677
19175
22329
16563
1700
25759
22134
19463
32454
3626
844
11117
2084
28575
2427
12141
30134
616
26079
26184
20049
23899
4607
26935
29907
3111
3556
3828
8353
30194
15399
10107
14931
5952
17486
9490
28845
4887
28505
22151
6609
24417
12951
5817
13492
4241
23742
5465
7887
2185
6459
7410
21015
3259
15815
31271
16174
1935
5691
26685
6107
30981
8869
9945
7608
23196
31643
7434
18730
31346
20687
11657
23702
4524
13796
8256
14290
6680
12672
17674
32730
10001
17059
13242
28357
17828
20535
19806
24567
10225
14056
25285
27799
8147
26933
9278
11332
11459
21959
16035
28163
8441
2050
18838
32124
8661
14043
27403
18535
1918
13801
21511
30785
24521
31934
31398
21571
6236
14455
13667
32660
5139
7058
7060
26558
12194
24576
20276
30559
31100
12155
5093
24865
8436
26138
22325
5867
24738
25379
3617
16729
26633
23584
3032
19306
2166
26165
13761
22137
10539
10672
14526
10863
18109
29666
9139
30262
443
6958
2882
29809
144
26975
6873
18538
10411
62
14063
10059
29405
27749
5258
8594
24322
23118
27141
8383
19171
8623
7440
27983
12379
6922
4600
20718
3769
29567
41
10473
870
29414
28657
31970
21960
26650
17798
28103
31333
12183
32075
4357
20812
2120
32079
3064
9137
10906
8214
934
9431
21973
23709
13486
31283
18348
12184
18299
3790
21011
10750
13501
13803
848
18631
19994
24810
5205
31221
16160
27756
4429
29393
6783
18616
28789
15223
18293
349
2861
5012
25481
26649
11599
5231
27772
26362
11967
13350
18045
15811
19267
3642
29340
11921
11413
5454
2433
23998
23223
4652
20062
26886
1671
5129
28194
31208
25235
13834
16112
22351
32302
24071
5071
14962
22212
22670
30883
27385
4970
30251
27228
26209
7865
3558
24429
5793
4829
2318
13439
23566
11241
23605
20839
28284
13421
4476
6742
22950
8267
18449
336
6352
18886
19701
19424
5546
1244
12547
24841
3704
31958
46
13183
10096
4125
32266
7192
11107
7759
2958
14461
16288
31890
6680
8741
3862
1065
20401
4484
12472
28485
16530
16767
19750
30749
25064
10020
18313
28224
6613
20888
28094
13866
4279
1616
29624
26390
10156
28036
15903
31508
14422
25313
16445
17755
475
15999
28955
8928
26416
10770
7143
6440
25240
22116
3993
22362
21095
9475
29143
19864
780
6710
14613
20111
6734
11062
4608
28493
18390
15515
13341
6483
24302
25877
27053
748
15752
18524
20181
445
9346
7786
3067
27548
25896
15079
3955
31142
2043
10469
2651
24971
20657
11981
13507
6445
17276
20121
7442
30826
3983
5700
1700
11573
735
21631
7096
13804
27430
1446
30346
21989
2094
3314
17852
14411
29516
3568
4090
13608
8234
31282
23262
27842
23242
10052
14609
11563
26312
225
948
22036
9184
11111
17150
12002
23471
10889
2598
25348
7358
24644
19075
6275
18108
30740
25074
21722
11275
4711
26744
9225
27775
17490
296
13797
28002
16259
12871
26034
4795
13943
2223
24563
7631
20717
2673
23169
21737
17562
15550
4827
22615
26142
16648
1725
18613
17975
19812
6900
8814
12084
1075
9328
29311
5805
28417
1947
18558
22386
8365
25065
2523
18369
17098
29104
2663
32700
4678
12347
3602
25625
3913
21018
6137
18716
25696
8635
10912
16834
18651
26687
23931
28480
25204
22662
27572
25771
27185
12428
8232
29433
6283
1273
17075
28968
7375
27379
27309
21693
9157
29751
23220
11888
12688
12648
18860
24358
21205
11942
15621
6431
26911
7779
22588
369
5762
9842
17829
1461
3199
865
7271
14848
16936
30217
26568
21269
21892
12131
13227
4312
7221
11934
16982
11526
10072
17774
20345
8740
16045
13990
1132
24245
5880
8969
441
14512
18343
14429
8666
13617
17332
22210
22852
30831
22989
8258
22436
29166
32691
9897
20072
6390
27872
11159
129
19779
18540
9939
32615
12286
28209
1762
14686
2284
3886
24537
15609
3046
12585
31855
21980
4745
20888
1366
26309
7726
12226
13004
9422
13852
546
15469
6124
30205
6924
31563
1212
24719
16531
29248
9087
19100
15273
12419
18530
29228
25224
17018
24836
5625
8785
9423
27442
8483
19443
28102
18677
16165
10319
8398
5582
27656
6042
24662
24896
21719
16386
29153
29327
7250
3988
18525
31176
22502
5469
2224
20993
22749
30159
15509
14562
5587
32359
10150
8036
18537
7309
29369
30681
4925
15292
8560
9517
17433
20194
1548
28523
1642
2314
10114
8578
6644
2360
19921
13386
25029
32148
10386
10946
24423
459
17361
924
28250
15539
16155
25595
21441
302
31448
24443
30300
30288
12252
370
21174
2756
9528
31605
32672
14187
30806
7454
22237
21831
11077
30989
5663
2712
27985
23341
3123
4932
20951
29752
9848
26748
26967
24190
29333
2973
28875
24546
26731
30804
2871
3365
4169
518
14722
12903
22879
8303
1156
9450
13430
28553
3424
25114
18142
26287
30740
8138
18855
2818
25678
12737
26900
8460
26754
26741
14412
8611
17209
19734
3411
30224
13996
24270
22841
16241
17041
13640
20625
11612
12341
11375
30757
10181
9419
32120
27112
20514
11779
26914
26156
7628
31967
22332
1301
6569
17091
3944
7246
32008
25803
28448
11514
14284
31072
16630
28142
8653
17422
6432
17949
23419
9104
23347
19283
8645
9773
19759
6439
6457
14408
23484
5163
21612
8498
29619
28005
6556
16962
5344
31235
11156
19496
519
13130
6608
24190
12836
29392
23522
17824
26359
16107
15380
19134
3264
15209
21839
18991
18248
4737
10299
1032
20512
27146
2984
23278
2605
14571
31789
29992
28261
4307
3854
29688
13779
12330
3171
13612
25825
28743
29815
21232
7126
25571
29807
21990
20638
14797
3628
19833
21962
14304
30578
17006
21207
25139
29769
14267
4531
8847
12451
11677
17789
1062
23872
23269
11916
22401
5071
4242
16308
21179
18006
31653
10436
493
15827
14641
27219
7145
27684
28850
22205
3883
5412
26783
9320
23308
4887
18755
30028
2361
14920
456
30642
23396
8176
917
1083
313
18522
18394
23845
27284
69
21352
29386
2545
25994
11463
20841
6948
25342
30850
7209
16970
9114
12230
14683
5887
16601
9515
5120
28625
12386
19410
5771
501
13543
29872
17128
10553
22093
30249
3004
27706
9485
29153
21231
4311
19674
11471
12648
21733
14980
11667
27671
7972
22812
5385
14905
15474
10841
25886
16599
32063
15930
10722
26512
18241
19949
14559
27289
28521
32240
31402
19970
28693
2934
29367
5691
20359
26892
31089
27094
19094
3708
23690
142
6051
32753
22928
905
21967
20573
9922
17114
31851
8984
32289
25674
24241
28874
24266
28504
6065
5002
30850
23166
29325
24135
30099
32182
8937
17255
5847
3645
24990
20143
22034
1943
16814
30307
644
9683
20861
1966
3007
21776
23614
12867
28343
14912
24491
30533
31000
14636
2553
32613
22236
7097
21515
7242
7708
15977
3046
31029
19750
26148
25445
16101
28369
9017
22317
11960
22797
26016
484
30996
14782
9858
12190
21253
26059
19194
17816
3879
7793
9246
21033
15815
16606
12345
22773
6213
5115
347
12132
15292
10377
27924
32083
30437
32623
27004
13833
12089
27218
15222
7532
8534
23143
23094
11636
164
4485
11265
28641
14904
27007
52
8233
24313
9648
27272
10677
30977
727
25492
22092
20550
31014
21140
16592
25209
25749
25704
24616
4654
1916
21472
15997
20798
7009
1846
12457
19049
25614
9948
8684
20032
30951
4472
18401
1859
14459
20782
21169
14662
6745
30237
28039
4121
21285
31276
9028
16743
32491
4614
31603
1503
17842
3939
25471
11666
11861
14474
14371
21404
5006
14611
803
29959
28500
4082
16698
28396
28775
7857
17491
10203
3625
15869
1532
26749
3759
31588
32279
10104
13080
25693
20946
19603
32285
649
28378
12059
18666
27960
26316
21381
6700
5167
7917
11348
29548
10153
10266
25150
2203
16795
21250
26506
5614
13372
21650
23228
18412
8645
3761
31860
27077
16757
20782
15508
19941
30169
9974
8865
9417
6218
907
5484
13841
7607
25777
17905
12247
30885
15467
16767
64
23667
14117
28441
27984
17891
12851
31773
24323
27862
30330
31779
3993
855
2925
16424
5681
26075
13884
10476
32665
8391
31047
30872
26981
28467
10201
26532
21310
5870
25107
248
6781
17858
3366
2385
21497
21497
7110
30183
30748
4127
15067
13901
5437
30730
13945
21912
31785
792
11026
14019
6915
25016
22250
28754
31311
22060
8140
2870
4169
2701
8444
10481
24187
2063
21868
21754
3470
13190
12850
1379
31585
29481
17722
3769
28504
24982
11320
3884
26871
12823
30689
5359
15535
10788
20315
994
29431
21545
26610
32367
7583
20361
9484
21937
5985
25058
29791
17628
25018
11667
14945
31705
5368
12667
25344
15664
5779
30212
27284
4907
2496
2912
29458
24633
11844
15635
14722
20112
8582
7858
32691
25366
13801
21994
15917
14210
21592
17859
12903
8126
7203
32550
7482
16016
13577
6814
17814
19834
1942
24411
4980
7135
20399
23420
22283
2406
15723
20878
4167
32676
6180
8015
19063
12021
6094
440
24646
4778
26760
23099
15340
106
3185
22858
26533
18130
4029
12824
610
8031
17160
15267
27839
30606
28649
8946
16950
21825
15307
4763
29330
23141
11512
29577
4006
11218
1527
11004
9022
16242
27416
31185
8534
21926
1613
24836
19082
8677
7483
12147
4814
26279
19857
7397
24671
2177
25497
5706
14074
23697
32525
8005
9035
13852
31275
27879
31400
30582
18187
7614
17151
10786
14129
13070
22285
25147
24927
12126
6865
28946
6572
32310
21569
11033
12250
2344
31803
17664
26597
7693
7102
3101
24792
2705
2394
32273
24036
4338
6885
937
9651
6660
8048
21250
27642
18553
13689
15601
31054
20831
20835
27041
1336
15850
2083
18558
30347
31348
29243
14162
32245
22210
15084
9390
16085
23433
12199
12684
31308
6448
25542
5682
28823
21464
15481
20058
27804
12442
30979
20623
11714
18447
2854
21722
9222
16918
21467
28318
12876
24273
6215
32193
27378
4337
17131
15116
31403
3380
17691
25557
13707
29483
11441
18651
31326
29505
16898
17521
24638
5625
16913
23519
25189
2167
2307
4101
32319
4674
16595
8513
30659
6216
26695
19091
14340
20771
17955
14335
31235
3738
7324
15411
14792
16491
12559
2410
6577
5192
31731
29072
12809
22303
5389
29095
32476
31646
12258
3177
24586
27127
15474
14383
24475
31968
35
25617
12882
20446
15100
22607
9861
17092
11539
30192
29996
22134
4169
6568
10551
18163
23092
9727
4389
1683
23133
30896
28370
32397
2220
20303
22928
14523
6176
24367
1658
22178
8643
9347
27397
31149
31710
11459
28120
185
4457
24658
6622
16086
19909
3933
1945
3916
28846
17926
28857
27357
24171
11202
8685
25162
16455
29183
16121
8729
2373
5643
3337
25492
13072
31281
14148
28437
18225
6693
16805
4993
2180
24226
7686
14099
20717
21585
6014
25947
30535
18925
2029
32390
20893
6565
3029
27615
10141
8641
10348
32150
10569
12425
6127
21952
15856
26466
12344
1184
16221
22843
6035
14885
30030
26663
15310
12467
25896
9803
16271
13607
18920
15867
20970
28693
18525
9504
9267
21587
13205
8157
29201
22204
30101
22130
20436
21294
28748
608
13065
17109
27338
30414
26955
10156
24238
2091
29020
20800
14813
5909
27252
24248
26746
17017
3544
8722
15122
1276
26287
18607
32022
16794
15377
27922
20367
909
24930
30181
7181
30065
24798
26172
13280
21413
13428
798
28555
24052
216
29250
25206
3189
1748
13846
30435
2991
16095
11013
1571
17409
21232
27130
16650
28738
27284
13344
31904
1956
32063
19437
14105
32478
7903
24414
26888
9354
31415
26500
30415
7371
28779
8511
22106
16436
1879
842
15629
25061
11301
21879
27130
16631
27807
19772
24664
10523
9665
21359
9776
1661
22547
22350
23386
28911
5686
21186
15528
29251
16828
25573
26465
3064
2621
8129
28913
16410
25254
603
9950
8547
24789
8176
2814
11942
15203
31614
24552
32110
22977
9862
22952
30690
10887
3600
18103
12779
13320
6385
17706
6553
4906
31561
22569
1731
23669
25423
29091
28142
4969
25425
17472
14960
11285
15606
29079
5078
19173
29127
26786
4738
14012
15597
2158
10137
12610
23100
23319
15388
10624
15985
31988
19284
31914
9400
1039
31860
14651
5490
31704
32634
6215
18996
18714
12630
8461
4883
2605
19278
10957
8479
18286
8609
12505
23085
2028
13674
11501
6618
7780
7624
27587
972
17008
3132
4067
19259
18939
28754
14009
5040
5880
32388
29673
20237
3411
7771
5863
15566
9512
983
28354
28302
27956
30737
64
30157
4489
5407
25136
7920
14981
31032
13308
23945
22532
13592
25214
19929
11477
31142
12052
28564
11883
18645
11511
32227
3285
11720
10440
2223
30449
16441
11884
13085
28380
30491
8474
15189
17068
3710
6578
12168
32098
1204
32593
29745
25626
29362
3618
32667
21381
17336
16503
28323
4505
4149
19992
22207
26503
8165
13786
31039
6126
22332
1396
15315
1358
5127
21391
2638
7359
15697
8220
1449
22755
2691
3818
9291
28953
17872
12408
10119
2291
3536
19720
2663
29675
23147
26100
19880
24913
18681
24901
17669
1160
29607
4994
18873
3442
22557
7110
30271
1321
4446
17941
20316
25328
26863
26608
32351
28009
827
27431
168
15368
11062
31471
28775
27847
321
1844
19110
25115
4430
4657
22154
7463
5188
31805
4565
2096
24741
16872
18096
17746
20078
24646
11944
21873
4670
21387
18166
11122
21435
25560
14851
32682
817
13397
555
30614
12925
18560
10689
30157
29994
29637
19540
9780
3033
26446
15665
6769
24294
21020
30505
2722
3144
18263
14741
3662
3257
24290
30359
24987
13336
17459
30370
2754
4363
10082
21820
29633
28648
17535
15106
19536
1238
29993
30957
18453
303
92
26837
3355
6185
7307
14131
26241
14006
22511
31275
3951
29352
23326
14794
10830
29977
14815
19852
14393
25610
17981
13089
9390
3914
6618
17008
14730
25754
18822
25309
3892
28430
30480
9671
19736
26038
13660
27221
20055
3454
29366
28275
32444
29267
23910
28951
1011
15239
30341
18889
1781
8055
18191
6498
12743
14955
27449
30740
13668
19645
26628
17578
27640
9278
32530
30993
27470
13525
29880
10264
7052
9321
31830
2164
9758
19969
16099
12551
20720
42
12236
27234
6624
31386
9215
14728
9843
28434
24386
2036
23494
2441
3018
3294
13000
17286
20489
23483
7335
1742
30407
15363
2952
25407
23924
11830
29563
23548
7357
16929
22446
4042
8029
8798
14305
16570
6966
31002
29209
32521
8352
4634
27801
31556
13313
24064
7182
17327
9630
15051
14858
28904
7088
9630
16307
1480
699
14786
30909
1674
22555
8429
17045
2863
735
22725
19423
20768
11995
29088
26659
4118
24057
10894
19395
5687
9168
3737
17457
28546
16248
30539
16478
7276
1948
6257
15734
7115
23760
31007
27594
19444
5669
32244
8206
26400
7163
26783
25796
7957
9495
28834
16376
7170
18934
22870
302
25258
25184
10544
11161
26052
24896
26178
20621
18082
8882
31749
28215
2322
24670
11861
9868
16002
16389
15805
25215
27751
12377
8437
13687
12767
2066
30633
5376
28820
6974
6780
14528
31972
15064
27725
13998
6464
21149
20665
12158
16594
6427
27617
8031
1379
1547
3949
9961
1147
736
30929
24657
14282
2464
17614
5344
9414
9715
15420
26275
12182
3194
24072
16995
5423
15457
19065
11735
20669
24376
29623
17945
28740
23294
14221
599
7303
19071
18030
3787
22569
20449
31670
21485
14866
30073
2867
32231
10004
4323
10212
6217
20174
23633
2048
4606
28625
14883
27194
15743
9986
22200
68
8518
20032
7300
25234
11398
11846
11875
29024
9241
2002
23597
18166
23481
14343
17803
7979
3956
31759
7945
22568
29018
6150
19820
28782
16249
25875
19269
9755
30219
2776
3270
7016
29165
26637
21973
9335
5971
28263
13919
8780
20667
30143
8431
3865
31263
19056
20351
8126
3183
31489
27278
7824
7486
10500
9842
25433
1724
24893
19184
3233
19428
16135
22794
24108
3318
24308
17176
26820
8232
25780
27418
24377
8856
6200
23373
15525
5510
24086
27900
8180
23488
3888
20889
164
11101
29585
12812
8394
18350
25751
22603
24662
6002
23127
5931
21911
27465
26685
25718
20226
2156
27891
22845
8751
19354
31108
3183
27684
30806
13250
31659
9942
2127
14309
30291
14317
3872
15732
16098
23752
1593
873
22143
6081
5405
18320
9938
690
10703
19760
32278
10936
30086
14061
4463
22838
8616
14317
31102
28189
20726
24634
23859
12139
16644
2151
16099
12786
8173
8311
8091
16219
27204
26106
27827
23914
25934
17785
27558
23172
2414
27412
6177
878
28896
18026
10329
26199
7850
1465
11170
18201
12752
19526
30526
10428
22728
10240
21874
4155
6445
2656
10975
25739
16312
18579
1552
4058
3179
26331
19792
17941
28431
13107
32446
5292
26593
29490
13987
8089
24713
10545
28674
12191
4427
13488
13169
30159
18049
20982
10280
10321
6729
15608
15192
23649
30331
31612
20926
16792
29406
4734
14199
8813
25499
10963
16918
19963
11249
26892
22772
20229
10539
31901
22471
5175
18895
10815
32630
28078
9497
21906
26924
955
9895
19975
12204
10980
8822
25341
17124
14636
25869
810
6596
16533
5112
27453
13904
21218
29304
10177
12276
12961
24185
28229
14360
5481
6596
4538
19701
23393
13174
5660
3751
24577
9649
10069
27267
18461
31633
30558
4266
28959
4962
18343
26590
26004
20752
8633
29589
31466
21726
794
24652
31863
2651
112
10782
1982
9107
9194
4501
32238
21634
2780
21184
11948
25294
1705
21126
8210
23989
17638
13881
6136
4675
17084
6511
19058
4041
3982
22029
20889
20620
8924
4772
21135
23226
18792
2817
29629
28066
28055
18175
2143
3875
16153
13216
5443
3429
32204
21084
4813
18632
27614
29369
4159
23066
11059
10780
7223
26893
2566
32223
5754
18152
722
29603
20207
8572
29555
31720
5615
25178
20360
27355
8636
3651
21021
29550
27982
14560
29319
22702
29782
24755
8334
18770
28797
18254
3026
6543
31724
6595
31335
20276
15634
32091
29379
13298
32673
21643
15578
25083
24282
20515
32391
32464
25867
8393
30510
6227
17494
23718
7840
22564
3251
27999
11070
298
824
6727
17250
27504
32409
723
24058
29235
27883
7502
5750
2105
26285
3533
30693
26212
29448
26982
858
2182
24918
14749
30101
27767
23522
21535
4063
18277
6126
23219
26678
9580
18171
30573
1194
10086
11588
10532
17927
21253
396
13351
26036
10527
31257
2860
2779
30280
11009
17545
15050
4518
6564
28583
10394
32257
10618
24243
10254
8474
17935
14486
18365
1342
28235
26408
22132
22810
1271
13728
22486
8657
2685
13136
11333
21324
9199
11919
28678
17106
4939
23542
21919
10200
1278
32207
32644
7962
22182
8138
7411
25578
15132
15090
19997
13256
24498
21984
4998
4148
30393
29998
19630
21184
19271
28719
2545
18281
16951
32221
13740
16679
27760
3603
22689
23747
3691
17149
32157
26089
16623
7884
30808
4734
3871
14766
5020
2099
13751
5117
27305
24667
26515
22710
29145
7674
15217
9262
29312
18974
9975
8960
32278
10866
11000
7498
7320
17936
5363
16921
14891
11415
31196
18209
6147
13181
19999
12466
17539
7591
16099
21991
24229
24887
12427
29985
10397
32678
1667
27827
11705
9234
6201
27615
32652
31705
30569
12290
20043
32102
27550
8715
24695
4427
18166
26673
11708
20880
30757
16358
8474
21323
32188
13318
17986
11889
7852
853
26179
14316
3077
19240
22373
8686
20484
19042
1109
30340
11853
20642
28291
8302
22901
11707
12233
30254
8643
13669
16205
31583
312
11058
32168
19528
10444
10947
19528
26545
29435
24635
13330
19189
24448
9460
24396
5209
31841
21617
27323
8092
24619
28052
21000
20688
6527
21521
31593
360
14285
17955
9853
17297
20832
23166
17015
28614
10907
6788
28542
12446
25218
3259
12116
233
18556
17279
2358
20476
16214
17396
9476
16457
20876
22847
8610
13363
23236
10230
10910
7456
27292
5588
4371
16591
17573
22962
27597
26860
8623
18354
685
12513
5704
11710
2383
26096
17023
21553
27883
11646
12014
30419
14713
26034
31479
18955
23065
29759
16461
24656
14513
30590
20406
993
216
3520
11024
22710
2547
9954
24722
23222
11421
5154
11093
3114
1869
18992
32019
26738
30258
2441
21806
28406
16994
24832
2292
23136
19508
16029
24865
22537
13546
683
12453
21424
19348
18701
18600
11122
16689
23761
28108
24566
26646
2568
12978
5353
660
16852
23487
30122
25813
17602
12320
21062
28167
18266
23563
2214
7356
17653
18504
3591
17041
29903
2801
11435
6926
5469
21878
18894
18894
481
995
18396
992
17979
12646
22753
26732
9474
30220
21825
19610
17363
12747
27305
32431
29161
2245
14149
17530
15598
29899
9524
6382
18449
4128
6713
27920
6489
32128
20403
28692
20793
4449
26319
8898
100
8313
3324
14879
4066
6016
17567
5450
28516
16439
9736
19108
32213
22441
11429
4147
24625
22961
25718
841
15002
9660
3009
4960
32681
24784
32007
5193
18946
14542
30006
15238
29739
27892
2592
3316
25246
16293
25900
31405
13340
13677
5708
15404
19525
17728
4911
8370
27750
24066
14007
24809
20114
25933
21677
13255
30452
4974
13748
10934
12131
20656
3963
6386
24887
30686
19767
2610
16731
8707
15441
3210
676
24436
29019
20880
609
528
31049
27326
9012
23751
10974
9495
18976
7257
11364
18445
12770
7520
416
15267
2181
25489
13829
22991
2865
5695
30504
28450
5188
9760
13172
11946
20387
84
4383
7448
2387
29347
20828
14110
19011
9479
29651
22299
14188
19562
11854
7674
26396
31408
3253
25431
8335
12280
19772
28900
14784
4383
19675
3340
1918
26502
6143
6358
5058
19990
29567
17675
3648
12161
29137
8859
11068
31178
26750
4669
25759
11015
22995
22358
20810
7014
9945
21020
1706
10350
7560
9467
14477
9607
14136
18744
2868
13757
7000
22228
19369
29377
14946
947
595
1328
5390
7677
5063
4632
967
1477
25569
8633
4699
27112
12052
25480
17398
19512
3582
29562
21329
4314
22335
1150
17191
7405
21388
5195
21225
18540
30719
3165
11186
10070
6833
29754
22909
28172
21899
6394
25750
29946
2905
19974
8014
8057
17184
11040
31731
10740
19890
27556
32511
9034
27007
21261
8592
5492
22702
15034
14360
8552
7533
11507
12630
4669
20613
12583
16773
11151
17969
11639
19923
14117
30000
377
11284
5585
21529
15925
2744
22424
8431
8052
5370
7955
18165
10811
10075
21525
22211
5266
10319
27023
17562
23177
22838
15024
24821
9341
13197
17232
16224
25240
9830
14222
32653
16791
18453
16056
11429
23760
20525
21868
9948
20851
28075
6909
19272
5904
19824
3608
19955
16729
25845
31912
31279
3882
21818
10998
19753
27334
31231
30229
7873
16228
31031
30077
19609
18410
26298
24566
7020
15096
20538
14264
17058
30760
17784
464
22049
6804
12471
3269
613
5273
4977
2684
20179
14555
31562
345
23114
21641
17218
22695
17916
16099
29998
1082
17020
505
24425
4946
29463
181
12999
9923
7016
15899
15562
4691
19239
10704
4633
11620
31810
5593
15661
5843
22319
14758
17742
28703
4480
26191
8638
21454
6840
20509
27956
2828
2909
4428
28043
18070
2638
18959
17340
24278
7255
469
22538
24399
4611
11723
22140
24892
1969
162
20368
31092
11242
26514
20782
15761
16370
22687
3035
9297
1693
22043
22575
17725
5476
19308
12425
15240
15288
9999
29441
12345
29847
21981
32670
20365
5724
909
1738
11670
13531
17531
7170
24105
27053
3239
24786
17399
30409
6145
23553
23290
30548
10212
20745
531
4795
14816
11209
2033
26110
7100
21630
32564
5967
187
32752
7634
18395
31775
20457
11194
22504
1260
22507
17592
12576
26350
23074
29081
2860
17661
20632
23695
24197
4224
5800
9431
31111
6704
18101
5528
27592
8223
8220
17423
15271
31992
2406
22761
6696
23688
707
2288
2303
6525
7348
234
9962
10350
18183
18622
5700
13340
3080
25049
12760
20216
3062
9424
1011
24037
19636
8775
13245
8254
12737
2833
23752
31003
12394
25497
1258
24016
5182
1664
9288
3511
26563
14983
29620
30512
21863
24496
30009
28133
5305
30624
27379
5715
14297
3400
12324
10886
27949
16324
10373
31779
2390
29827
14810
22444
28003
29865
969
11520
7492
31153
18924
8481
6785
27991
17445
27962
22316
24757
18738
12001
21780
32428
1921
3481
17723
32133
16453
22939
15242
21464
14537
2006
19140
13485
22020
12084
7353
5858
5743
27423
23228
19405
24083
18244
31318
26913
18662
6294
16956
2582
30551
26518
7039
11204
2344
20434
771
10448
14972
30892
12082
6219
22321
2909
15857
5079
30831
19002
32467
10508
16513
11573
11661
31258
2276
10150
12459
20911
13982
31564
12417
11803
10449
15502
6755
1970
30096
27655
25625
22129
26865
18754
9101
6885
31332
17090
20167
28233
11331
10054
14363
24047
2474
31819
6817
5601
13960
7633
19174
7879
17910
2914
24545
13067
19144
1617
26665
28476
22114
25920
32613
25008
22990
16612
22531
15726
7435
24077
3373
13386
16551
30944
20728
15442
32144
21863
19167
17513
5927
14669
14961
7218
13206
13026
12870
4912
3683
20837
32567
4907
14662
12931
4046
14805
24376
2331
28668
13741
15821
324
11530
27172
18627
9617
13778
7934
11227
10644
2863
16124
7911
15776
21682
27064
16421
20435
11671
23760
26827
24148
15863
30790
12259
16090
29759
25127
3929
32622
29408
3435
24403
17521
1608
10269
7104
