14919
7375
1963
29166
19470
26274
250
1258
3234
21908
19037
27992
28632
6070
31985
13805
4959
23174
15499
11840
5960
20838
29782
17625
24518
77
18110
18315
9267
7869
13453
32261
28500
9973
16212
21155
29918
25959
2829
32138
24633
7276
17150
26099
131
4151
17889
11719
30168
3847
23873
7021
17361
18849
1063
21983
27978
4094
246
9988
32105
17985
22164
14394
8668
9708
20682
32049
14945
8018
12270
16640
396
28496
14271
2418
12997
15672
9616
17569
20880
21774
20905
29895
30225
20983
32746
20048
17103
19694
9137
31796
26552
25529
6910
32387
22117
11291
9429
22338
2976
26444
5860
31093
4643
2470
5734
11901
8867
27297
22599
26020
1293
12545
11401
8695
5904
20302
22758
31316
7131
9349
1719
24515
14632
5389
18452
7689
17785
12268
30781
19067
19361
13371
31544
5393
26503
2775
8380
12219
24615
2138
11854
16376
8921
2890
21674
3748
982
19088
5220
27153
26616
26667
21967
28250
15297
7205
14366
10228
23455
3014
23497
17542
20846
8457
11315
17915
2879
30284
27785
27605
28504
10827
3053
18116
29052
12367
1236
10871
3436
28835
19372
29106
19117
19784
4291
18593
11660
24297
22884
29036
14688
32273
13379
14091
26639
27804
3354
604
15059
13164
25493
17778
18494
2141
26988
12592
27516
20602
19406
26903
30937
4721
11270
10589
7042
27972
2905
4927
16528
26434
11821
5016
13122
10550
14961
6065
20106
31198
5432
1115
26572
3486
17319
9019
22242
32374
21266
31334
16227
50
3170
16942
32549
9440
30394
27963
26112
17799
27994
30429
6869
25366
19651
27552
20943
5019
31515
24609
14313
20405
20436
18977
14257
13388
7817
28632
31563
3199
26920
24971
20408
14302
32086
12641
19801
16602
271
23923
27054
14201
12941
8226
22116
9295
24428
6829
20879
10153
22283
3587
19252
6411
23605
5589
1034
15069
23041
6640
2433
22113
24566
27082
13060
21480
10611
13914
1147
9030
13390
24109
6677
2179
10940
16311
324
8403
9329
1511
8969
13256
776
8958
9073
9415
28068
28064
23136
6329
12248
5163
18829
9218
32708
23113
13262
5303
28545
21697
14742
11531
3520
6035
7867
25099
31149
2627
7549
29324
28186
22133
27333
27233
2009
9402
20394
26065
19305
7082
31801
10568
11734
21811
30582
24908
9434
15920
20638
7859
584
5181
30127
25363
7850
30154
21290
20859
5929
14447
8472
22368
8878
31103
331
25050
16967
7392
21222
29457
20684
11802
24352
11249
13762
22445
17220
7718
16255
25768
15356
31300
26767
119
13776
28229
3159
10493
18154
18489
20216
1763
30236
12601
15479
8239
29476
5277
25370
6424
9262
1903
27925
30488
11418
17439
32101
6724
20736
3703
21501
24793
23665
5074
32032
10519
27392
7049
4110
9554
15745
7087
16610
13894
31377
1534
18875
16299
215
24848
28442
11017
11913
467
9099
3278
16945
31031
3720
8094
14513
2601
31386
2538
19588
15301
28353
8644
31304
23495
30486
8945
11897
1347
24751
2880
128
32663
27843
4379
7916
2461
16142
26716
20735
25893
2935
18786
12652
13986
18161
28259
1631
3363
24479
31491
23230
9861
16443
550
15534
17383
8888
7683
17754
8799
30246
20091
19952
27627
23511
4520
30187
13483
32704
27320
24216
22605
20513
19196
16339
19400
22633
4412
14866
14157
17236
4942
2470
27770
18518
26086
32573
3282
2108
22192
25002
29802
7441
19612
7401
15588
24894
634
25181
27809
12790
20422
7773
9779
12497
29637
26351
27665
18615
5841
18387
19599
31232
30192
4036
2573
12761
27820
762
4974
12522
20767
5875
24780
17718
22094
7027
2153
23362
26808
29898
8169
10873
14638
19285
15807
207
27108
21575
12006
29093
4553
6057
13521
27628
2580
22432
24484
31630
14879
31983
22692
14857
21881
11452
12524
12893
16439
27543
2147
15401
3466
29112
8426
4625
19607
5256
12762
10082
6018
26980
4013
249
6348
1437
31739
5473
31456
32707
12713
30779
30184
5667
349
21731
28645
7822
4660
31824
25343
9052
6840
2620
32281
20913
9740
25989
13225
7423
14698
8148
10951
15308
28112
30844
18052
25014
20981
1701
14204
23220
10370
20137
19375
27550
22143
18110
28812
7152
5643
3798
6991
19659
16721
24515
2957
16700
18871
30111
7181
31681
12120
31083
5594
5385
3253
11766
14742
28668
2727
25600
29457
28411
20633
31136
27419
3689
17651
26851
27542
2154
12761
10678
18895
26090
8726
27398
19214
8418
2643
26405
14187
15318
4749
22384
3812
29347
5062
19247
5293
26743
7674
26044
9415
30497
6740
18408
2004
907
23970
10394
14634
31620
16135
24761
21286
24771
1775
28236
5570
1321
19016
13024
15210
23623
1520
28970
4108
1568
3689
19950
32367
30512
10196
22560
1989
25005
23069
23624
22915
17420
21875
1835
30064
16583
31483
7079
8188
9054
24005
16351
2260
13980
20479
9624
25011
20507
20584
4579
22395
13578
27656
2045
8580
15406
26655
7027
6964
20775
18523
11657
7120
15605
1357
6621
145
22458
1822
5704
7419
1985
14462
18949
1386
12736
17886
24597
26606
32346
23775
6369
26456
6376
10
7970
11413
19321
17089
9214
8763
7191
373
1651
3682
20301
27162
2553
32437
29670
26840
24675
15049
23542
19716
2823
12461
10015
14926
22302
4034
16909
14908
31086
1484
32579
471
3366
21066
11546
16292
31241
9219
19718
1493
1486
29922
20508
9409
5319
22531
31953
2450
24002
28174
25093
30013
5421
29636
31552
8120
21373
7895
27195
7015
15056
15615
27042
3287
8144
18762
23832
2734
14811
27572
8828
14818
7778
5879
2154
31274
2959
14500
3589
14002
17963
12147
20468
12051
3774
31703
18091
19586
29176
24278
14828
22343
30799
23320
3469
8306
30954
19518
19323
29641
5054
2165
3839
26116
5879
16458
13632
21309
21401
4288
30474
8610
9575
31647
20429
7277
12804
14864
21993
31510
9048
7527
26664
26822
24885
29248
21644
8208
3642
6605
23628
28380
19448
19822
14617
13987
2644
16514
1957
15586
26156
5246
15206
24520
23358
21308
32664
818
19781
25493
10625
18906
11364
11313
8184
28363
14536
22686
23592
21273
10634
29856
26514
5070
15058
20936
31569
15399
26434
27464
9378
26625
20626
15366
4771
27278
7031
15087
29019
19788
17098
29070
30203
15160
9702
24797
99
11327
22098
10331
30184
25845
26784
9054
14677
7817
19604
28843
25647
27385
28809
6212
9534
10626
13329
17281
26696
8027
28124
15202
11040
2210
2267
8484
9184
13719
31908
5394
7282
2056
9497
16286
10069
25868
15684
28848
4509
28404
390
18750
13884
7039
15601
8989
5761
31309
17906
11031
23518
16278
11827
24893
9966
26396
10687
29566
20406
862
29032
9849
31532
3343
9318
16528
10741
18118
27968
11070
9331
2295
28144
16042
26623
2594
14146
27516
31091
30538
20349
14063
16620
28841
3141
15655
21198
16034
17344
11718
18952
21239
6392
30394
6041
27196
26496
4440
27475
24972
4699
9647
6622
5242
14873
30742
9217
22346
7747
21768
17181
24930
11769
28466
7930
15355
3034
25545
4294
2332
2340
22817
5979
14025
23580
27516
24769
29304
5553
23584
3316
28868
6748
13996
3559
23909
8778
24747
18632
1888
1213
18282
23686
7547
21168
8199
12689
3828
1210
28107
14049
25714
16436
17081
28729
9532
30622
28263
14765
7337
27199
3853
25698
5080
18188
14556
4245
21408
30411
10129
26846
714
20856
11849
8886
13438
17128
22935
26680
15100
8876
30676
3876
4749
17208
31670
16681
30904
31813
27940
31076
952
13427
23625
31524
20014
11827
2792
9712
2836
7140
16367
19147
5618
16188
31054
26294
21332
6122
28681
26231
30075
25977
8844
22425
31059
120
22848
10932
28581
20184
22875
27374
26254
22421
14844
3778
1840
14745
3959
17920
15271
2525
24813
26901
28990
23761
7201
28045
19171
32510
31622
982
22489
8425
4765
16967
8877
31291
29821
352
11371
10272
10419
19796
10257
19181
25165
4292
2628
9989
11570
23758
16706
19709
1461
29254
10520
3326
3689
28739
4117
14699
22582
19422
24446
31940
28844
30006
15491
18123
10904
19896
13682
5349
21717
21405
20267
6594
21349
9907
1748
2112
20160
19041
7118
1421
28012
18661
13799
1676
19406
7137
15313
7291
9792
32278
28115
29906
26980
2671
6334
4206
7351
19521
29987
30190
23401
9425
1731
25438
20332
10775
4167
17171
25291
25281
28465
26581
6973
891
29715
21572
21498
4462
2814
4468
18893
3590
18494
22747
11626
4089
11588
5485
12291
28037
14820
5
15894
23545
7617
23303
23689
10358
7685
4419
23544
28151
853
15389
22094
27791
9220
21739
10898
26098
24198
5535
27396
9015
6184
19622
29033
2012
5119
10256
3491
22027
13854
15344
644
2075
1804
18438
17636
25434
2934
155
12529
10250
17440
24237
10695
681
27169
15180
22337
8822
15184
14916
30222
6448
27386
18428
28167
26657
2774
11934
8895
24155
58
1656
12892
11330
22926
1443
5798
20554
6146
29410
23646
16642
16764
16332
25809
30802
20180
3630
26029
17408
19012
9387
6930
32633
12826
5797
24556
6863
29616
9057
8321
4862
4766
4197
23366
16243
20526
805
9207
6351
26385
7647
23782
23784
12112
25540
6804
13328
16005
10328
25982
15259
22602
3611
20025
6555
17138
22633
1985
32238
21623
5279
31759
13435
19380
24191
3817
11448
18900
17366
766
6768
11
2907
13618
5059
25988
25307
8759
20590
2458
14483
27229
28236
22090
17374
18347
24349
22248
272
10798
25479
22290
9377
28305
14170
28131
18830
25326
21272
18792
24316
3556
26293
20056
6430
27626
29083
24575
26970
5858
7153
25724
16807
3058
13597
22828
10042
911
31623
2918
22625
4058
4512
18793
2479
30000
17444
8082
32345
28924
1436
30163
32736
25296
17190
8544
30960
2997
30328
16043
14217
22463
6435
26515
6748
26084
23829
6616
11640
16909
20066
25043
31269
1390
16964
7524
3600
20755
14176
27435
32169
22204
2890
6651
26058
25579
10572
11403
12441
9019
5731
17775
8623
2035
32395
3911
28026
6107
10044
30007
24543
1871
27445
16279
22052
23441
9080
26859
4110
1892
8598
16149
7238
13782
7980
9417
25601
14173
18094
1858
6624
17701
14691
23603
4117
3753
14001
15361
14792
17793
18587
27695
23481
7034
6536
28186
12326
26348
22342
26086
495
24904
18254
28088
760
13297
28746
10533
25039
18253
31956
11499
25231
2075
15233
3807
32516
5895
24606
12839
21007
5755
27193
9129
21068
2745
21732
6851
8179
39
29621
29245
27132
27625
8465
11644
11911
31413
8618
24056
23162
16867
24903
31984
3180
1732
27844
3420
32450
4149
19801
6691
23831
13940
10527
25742
2274
9522
19663
22268
4434
1001
717
4056
25213
30831
23398
6345
28602
14284
19030
7720
23883
6473
15758
15031
27968
24521
4404
11152
13207
11612
1258
91
21928
21778
5715
7108
22721
32525
25811
6189
17421
21210
663
25759
6586
7170
22230
11783
27482
7387
30038
26783
3466
932
3889
3498
11986
13777
24793
24932
21965
26020
16730
21817
2698
9725
14047
23093
12081
28787
13432
14268
19434
20899
25882
14971
20986
12232
10216
20382
6703
24461
8624
24643
8831
31519
1977
303
20204
12165
1980
19136
12715
29748
28976
27939
7812
24798
970
21703
3452
5516
1861
29458
4274
26860
4191
32594
24967
20716
5924
17398
18689
14727
17006
19454
26482
15839
3245
1200
8020
30605
9700
10125
10104
22581
14068
131
2144
16733
27165
25700
2281
20095
23746
27543
20012
1372
24172
17678
12967
24724
8466
13687
6296
26740
16024
5815
15274
19983
14229
27540
17875
15504
20313
23473
11133
21710
26927
11200
4836
1825
19167
1523
19135
16245
26743
9907
5154
6044
7499
16789
17315
1001
30267
12938
32188
11770
28980
20310
4720
29141
22010
27971
15409
12599
3108
28438
17922
28968
4712
28482
23769
30163
31512
23132
4167
20629
4589
3535
18010
5204
3844
20177
9923
9234
31526
11669
16692
20417
10572
10434
29452
13145
26978
9509
20534
3113
22604
3490
4942
30826
28967
12145
22790
21786
17361
9863
10953
11784
29867
28241
7326
29739
27037
27304
590
28215
18523
32002
32713
6002
10727
31205
30918
24772
10072
4770
9130
2062
9177
1855
17323
31165
30708
13493
20021
28831
25105
21340
32652
18421
24633
31139
8884
13257
22304
14084
4238
21378
10851
23351
10819
21173
10766
15782
21221
3134
31073
6434
11348
25488
21204
20436
7007
18505
19800
11126
22316
6154
1760
28099
2010
21125
22560
17707
14436
21463
30100
31180
8137
2329
8645
26270
1386
21297
21704
4845
17587
3054
32007
13
13309
24917
15684
32585
29363
31541
19418
9244
25268
7938
22342
9892
20729
17887
5095
19027
4472
22781
22274
7400
4680
2084
25353
8605
10757
28303
18717
15522
9590
31229
977
29387
22637
18437
12081
20870
13807
28074
515
4879
13205
23855
27724
21223
31794
24109
32534
26242
13750
19426
369
11839
24147
3532
22200
29342
1246
32374
6677
8622
24695
13459
4935
196
2924
25161
26787
9842
25947
16079
12889
20663
24727
11834
21241
27508
16077
7060
14646
23327
232
14639
28393
24507
3633
6968
6489
9224
22203
24719
20153
19703
29950
24022
25842
7520
4802
32457
7587
503
5439
20941
21350
6525
21634
29131
3158
3379
25106
16958
5582
19860
8916
12683
3443
1859
16428
30098
31604
25667
13413
30338
25104
28006
30291
23537
26201
8200
2102
28716
30264
3068
28130
19915
4018
3527
19997
2953
3433
30988
17225
23123
7270
18248
8003
18847
16149
7872
9866
9727
401
17847
1700
9718
17186
21987
3005
22794
14597
17442
22930
3354
3691
4202
11149
7666
17859
12798
24625
25373
16188
5096
21433
12282
2182
13731
19964
6675
23001
17432
1940
31145
25657
16076
2623
22676
21752
32087
28805
17226
12924
10520
18588
12349
30275
32551
7816
29034
2083
28299
29062
25646
32471
26285
6315
21340
18871
27149
23241
16270
10183
14644
15762
440
4083
10730
20480
31747
28313
32424
29684
19672
23624
21072
27421
14394
12744
27676
11035
15194
7514
4052
15588
32357
7488
7749
11111
6305
896
6638
17776
23224
26342
25596
14028
4948
9544
17785
15533
491
23309
6336
31056
27613
29680
10036
10972
1980
14594
3889
18830
13034
32750
17987
20755
9578
24449
2966
14645
6128
3434
24238
25018
4154
18750
20056
30089
18339
30911
13281
2319
24566
22877
11909
30689
23168
27389
29482
17827
1385
30714
17487
1576
21316
24169
9791
4314
20708
32418
9098
861
11633
29436
13749
22383
2236
29911
9777
4115
31696
4832
31626
16878
4042
7312
18145
31473
5866
26358
26012
19768
7145
20151
2908
306
23437
6995
10287
13059
31868
10153
32520
24358
31054
29630
108
8791
28901
954
15725
12464
20737
12339
1756
18450
3855
19374
3259
8646
25410
16739
4593
10084
14821
4417
2113
28404
20208
19762
10365
16980
10201
31648
23287
13786
24492
824
1081
4665
31070
1006
2550
5545
11359
16705
9280
20546
24430
448
20218
8105
17841
1997
28561
3567
20997
1953
743
6070
29843
16016
26512
7574
22180
3982
6209
1215
2230
18675
27269
19167
22222
30587
9650
4422
14097
27281
1564
25416
1678
19917
136
15330
2143
31675
23012
3745
23280
28126
26421
22464
22430
28148
2512
30608
4228
27772
15309
23837
24721
8310
16569
17423
16862
21610
20107
2510
24127
1195
17113
24042
3609
13021
14412
20921
14707
4789
4178
2882
20303
29696
17682
8025
18234
3559
6053
22284
24866
3953
28291
25662
5992
6473
30779
18834
30518
1218
26216
31115
21267
7192
21728
28913
948
10233
12590
20598
11029
30275
13891
14745
11721
15888
20584
29387
22159
1264
32119
5840
22565
26997
32075
21353
8545
30453
26229
31536
14205
26251
29488
28355
2739
29023
6808
8484
30985
6183
18966
15200
29551
1006
21279
9071
30983
25620
24862
27228
23748
28055
2990
26022
2358
24464
22797
30693
13988
12545
17613
19632
18268
19405
7885
3007
15943
30984
22120
18253
960
25201
1516
10688
27814
19773
21070
9868
14256
29207
29468
12885
29953
5732
30386
18004
3069
19147
5809
13051
21338
29429
12461
1500
28538
31377
14118
1735
27384
23452
11962
4146
15745
23007
2968
18142
13541
6073
824
29880
29805
26654
9802
2814
32368
480
22252
4002
31777
30765
28447
31219
14251
7258
11132
17018
31872
11486
11811
10786
20973
30114
11765
31901
17395
17784
9731
20994
11858
23784
6469
5051
15846
14899
16016
18590
7222
26258
10434
27738
31051
10431
16192
22037
26558
16566
6818
29267
16149
4285
6572
21530
30800
22434
17024
24916
14526
24644
17427
7796
32533
19028
11230
23900
9922
20573
9174
21374
13694
12034
19613
23362
10018
4488
2042
25768
11196
10132
18311
22831
3042
18485
13225
30453
10054
17956
16069
26399
16779
22859
30897
4987
4439
16773
13929
32612
17834
1701
25092
10215
30062
31161
1766
12068
11599
23440
28214
22262
4044
19577
24467
3798
15246
26958
23042
6396
27641
14769
22827
2760
2050
21398
31430
11361
4928
22530
6224
31644
13637
11537
10498
22047
19246
6462
3
3782
14201
9183
15069
29253
25623
24303
29742
32527
10946
32272
3744
21623
6033
24272
11290
7445
14794
26156
9528
30828
30455
22355
5369
10185
5180
1964
19640
622
27111
5145
17502
29936
30025
31614
23253
4062
15557
17021
31424
27043
14886
1156
30569
22446
16181
5642
13818
17104
2188
7189
30449
6885
29349
15616
21454
11702
1334
20091
17678
25886
18625
9427
17501
12396
6758
26484
24328
7433
29181
3756
19633
25179
20065
28337
24134
25832
15374
29670
22836
29887
10735
29786
4823
19220
113
14993
24629
2858
11996
11656
11757
19062
8931
14835
21610
25601
24186
24777
31836
6926
8167
3842
10089
20733
20508
8864
12575
21103
11076
16620
23598
32683
22428
25090
16340
21568
24196
13711
10648
4588
15318
17626
18235
4797
30582
30209
11500
1654
32042
21637
3003
7988
9900
17161
11344
29009
11262
31319
477
2697
28158
31140
26961
1115
20282
19477
26831
5554
3845
18306
862
26565
23243
10361
29922
12860
2465
12166
27211
25236
13856
9137
2572
21188
10868
24137
24782
21281
21168
17376
1638
2943
10596
20119
3845
30617
21106
3484
7343
691
22557
15856
9455
1661
15971
24686
16072
12603
24717
28937
3310
5923
19716
9045
6199
29446
4966
18505
11852
23091
14553
16707
6308
26521
18080
9292
16307
8747
9964
30109
3678
8841
17396
6755
10675
15324
7495
26816
20695
11265
18273
30994
31039
5867
2429
7287
31523
20802
3499
7313
25136
15952
22306
10374
13950
17694
29399
4939
20929
8410
5711
18211
5315
4220
8369
4706
4370
10666
12831
12663
31477
21208
19782
14889
30629
10419
14132
19489
7098
21184
2410
10921
11748
2880
10803
9139
475
24152
7988
26653
32665
25710
28227
14643
10950
31702
125
3958
15988
17838
15250
7836
12556
27142
17764
23255
13448
26437
9681
25434
1763
28871
15052
30234
9934
8395
12979
20689
16549
397
220
9033
26529
12719
114
30423
28495
10205
14719
12069
31041
22961
31817
2101
2819
18900
18146
13731
16464
16743
10491
1835
28038
14497
6649
13930
18008
12985
30027
16873
23747
4358
4346
31063
3139
8549
8833
7958
9542
27611
26080
17146
27873
891
15084
14925
17602
24202
11497
22806
3942
31202
6234
20634
9356
19348
25368
22308
27113
18641
31394
32002
25629
779
3252
21200
21478
8279
11803
17657
13203
13078
25543
20602
10428
13524
16930
29929
15921
10352
5792
1974
31280
10109
20375
19634
9435
24297
5714
30669
21224
16092
20321
31780
2203
25059
30002
19515
2289
28494
230
28550
9503
31959
21853
4399
8250
13188
24723
27667
31544
15310
26416
14350
15639
13570
11866
31864
2908
15336
30670
27631
9919
17571
1071
11607
8229
19416
3997
13856
22990
8978
31882
6599
10448
23653
8393
29344
10948
6482
26856
18386
9151
16619
17856
5283
30852
24887
6218
21750
6391
16344
4021
15121
28373
24043
11701
29348
9379
29488
25885
5383
22756
9323
1712
12996
4495
30986
28724
5717
960
21511
12745
9263
942
29712
7545
31743
12509
16102
29968
16179
12949
23555
10798
8380
6290
25215
25754
8722
13309
7732
17113
8569
31899
12321
2304
7556
22085
3596
12742
20951
19096
9579
5597
4400
2797
9605
7555
169
20107
13525
12372
6199
24860
5551
22370
3191
30046
32294
17799
1450
4123
10028
14842
18429
8027
22267
28961
12559
4568
27316
6054
11949
690
9030
29645
4832
19812
14738
14597
26921
7671
32205
14781
12555
20854
1573
27512
8650
15009
12455
28964
23411
7909
31840
8103
10524
32652
32194
12476
14445
818
29258
6141
27231
4984
14176
11840
8516
764
10367
10023
12296
20360
10389
1267
20150
21641
23213
32409
14397
451
19915
3096
21877
27204
8215
3337
6493
16278
23870
15736
29351
3385
7190
27890
30326
18512
8065
11231
10342
1947
32403
25363
973
30629
6135
2463
10816
24383
21646
27885
23385
18476
32090
16140
6584
8222
10395
24392
8520
26082
567
4350
4803
14039
29535
5294
30841
20644
28016
22354
2125
23338
23575
11246
18176
3768
697
17257
28850
2686
18706
22171
19109
28485
15132
13991
16965
4701
16434
14219
32101
23766
19829
10485
16332
10995
5999
20825
18928
16347
1782
8000
5377
8594
30035
1251
4137
28968
29604
12792
17171
4912
8575
8140
31146
15476
22232
9106
23843
14055
9509
31482
7741
29403
29631
1798
5319
14452
15244
10522
30819
3421
9691
30290
5771
8889
4751
13591
10705
24413
18816
22773
13931
23100
23326
28839
4078
22818
29784
14964
27738
10150
10684
21183
10327
23130
32223
12505
8382
21060
9983
26137
17755
5266
22503
21295
18674
19081
4115
18357
4735
32191
14101
16391
21442
25738
1847
13653
26875
21176
2914
13302
26099
8832
13374
11263
29755
10681
18587
12309
26296
3914
13584
5759
9824
5346
32481
12415
23614
10473
24102
3043
31932
21686
17194
29399
6177
23298
19218
7677
5209
6812
26559
19648
13301
2399
16117
14309
3698
23394
1212
4706
23998
10862
21766
3188
17656
12725
20627
3308
29815
29120
274
5321
20239
20650
18569
268
29839
2700
24566
7880
21902
1592
10551
17785
13416
25130
22567
27542
14211
19899
14090
26986
28887
664
2603
24095
32429
29299
22211
27420
10662
31992
4381
14737
9216
16899
30200
32335
19989
25616
4909
28638
9252
20211
17297
25289
14676
22217
8733
61
25590
17198
14412
19154
32523
6832
27589
26025
25862
17028
28474
20919
2003
18040
14992
5472
18967
23849
20032
584
32186
31862
17917
3430
11171
4660
32407
27994
2242
13603
21279
29440
15444
25121
13644
20549
23394
6558
9501
16697
15755
29008
19392
19302
3844
28200
15795
1889
17373
14980
10281
10398
20614
3238
28079
14216
19345
20837
30223
12753
23737
28450
13684
1287
7460
13566
11984
5993
19685
19018
30075
21240
453
12864
29213
26321
13123
14320
28365
12985
18393
22140
11898
4346
1921
29064
5002
29294
6008
29165
6594
217
25410
6829
10086
15227
5870
10796
31137
16870
3739
7069
12326
16654
24379
7354
15384
13983
23703
3000
13864
32403
16532
4474
24573
24323
22452
11269
21720
1597
22239
15668
11640
12056
15972
29100
6971
24452
28219
5139
16007
30053
20365
8317
15464
30114
14197
11303
22394
20856
26377
30056
4106
5653
19604
12260
3960
14946
27174
24835
25311
32544
1359
24738
18680
5430
1063
21000
5948
32329
7057
10523
31305
23438
12993
4051
5511
7900
8188
16368
17931
20998
8863
9448
3260
26727
15971
23076
25524
20158
23519
22891
745
11581
21071
28063
22540
4060
16019
15783
13745
26867
19323
940
32177
8712
20289
17544
19148
12005
25175
7035
23955
22254
21347
28192
20614
10418
7305
7328
22393
19392
15848
550
3644
9404
8551
22931
6778
32690
27569
23154
9442
13481
24190
8750
28037
31356
12309
15746
32639
23525
31758
26162
18394
731
12637
18681
5039
19998
8588
26562
14734
25872
5448
27675
29216
15814
2591
32230
9227
18783
32136
29265
10006
14996
26916
26377
17038
6801
21571
7595
27368
8195
7850
11132
679
31859
26772
20825
8833
5074
15350
4081
11453
21077
23303
19505
12255
5251
22528
6144
23687
21900
23072
29485
4759
6108
13300
6309
18836
15344
11989
11242
22607
14696
12210
23232
24516
28254
6416
18218
23874
30967
3662
19860
10188
20279
31790
31570
23744
2330
2705
18761
32694
4320
23426
28396
20907
11688
15222
24939
9055
7232
9938
21286
9979
10812
18606
18280
1271
1861
22233
3666
14395
16564
28445
15637
30084
7008
22980
30309
8714
16307
21850
5930
7520
27652
20405
7032
25243
8480
12339
20417
17590
32042
5955
8777
18997
14502
14119
10459
27657
31184
10744
11963
15284
29234
26858
24283
13485
31349
18641
24145
15622
8312
8164
27401
6476
23455
30913
21175
22447
23406
30386
22032
30306
9302
20271
19514
18757
28366
31908
6785
25282
31910
3700
21579
1012
22680
14909
5966
22543
13345
4702
30720
32508
22415
1462
4687
11075
22618
3247
4755
22318
2487
10107
19137
21804
23403
4510
10209
16243
6877
20141
7106
2793
19056
29781
20204
16709
783
21918
11990
9841
5130
29553
11353
19763
21792
22105
15973
24333
24285
13702
31987
7010
7462
3863
26682
20953
28690
5529
12326
23559
20219
5834
4102
23112
8661
16291
4741
14317
17599
24982
20955
15005
27096
7445
2116
8437
19796
5459
1201
5234
28623
4430
22462
29329
19168
11789
19685
12596
13298
1574
1009
25160
24911
29316
16053
6821
17790
18535
14077
16437
13519
14508
4293
857
2356
13391
15529
1928
14418
31278
24221
32570
4056
12816
3294
16132
3088
14565
31529
3076
31924
592
26154
10623
27650
13154
21303
27081
31762
23209
30782
18021
11880
26985
24572
17262
18886
21033
7792
8757
21059
28785
10640
10028
18337
7635
10810
30467
7644
6184
22893
20240
9215
7452
15801
7412
19771
24301
23796
14716
4154
13935
13871
19141
20657
13908
6120
4516
1845
938
9858
9796
6991
6053
9970
26641
9170
20127
25018
9429
364
26717
12827
15137
1916
23956
5510
15343
10019
11947
20309
20357
20638
4035
29880
24989
32467
5621
29938
22722
8489
18906
29125
23805
22429
17233
31786
29105
13587
12924
2374
26308
31721
31244
13210
25855
2258
16063
7290
6584
24546
4134
448
17838
4069
3756
23489
13108
24565
13012
6016
22418
31564
6594
16674
9128
3926
31485
12962
18388
4106
11123
6854
28438
5755
20926
28754
13682
3498
12197
9595
23958
8607
9446
12190
2493
9400
20275
14130
31699
24384
27514
1020
8410
32067
23657
31105
27532
3745
31282
14273
16962
19810
3979
13346
1044
7753
10233
24235
26946
32684
4943
10098
17107
23171
17009
30808
23931
27070
24926
30451
3010
11228
21102
8908
7011
4793
28376
9163
14834
26023
12406
23791
3266
2497
10445
5954
6
9340
26952
22797
4406
19583
16580
15688
6325
15541
29265
24404
22192
15776
18743
12013
18249
14576
11832
16474
501
11092
8725
27878
10274
26768
16724
22420
10014
26064
13631
10767
20788
32315
13872
7648
4632
26060
780
9699
17029
15965
29198
19452
24356
773
32454
5894
9904
15780
31073
3340
25432
15036
15146
9660
25444
12163
1105
16664
25884
1590
26347
30319
31205
17583
25403
20364
9390
16698
6448
17453
14218
6565
13102
2487
13470
8342
28178
2855
13886
13601
25200
7500
8787
14490
29470
17204
11520
5800
1271
5860
28293
5019
25561
10827
4195
21760
30960
29817
21953
22642
13879
7949
782
19635
23355
18412
26856
251
30499
2873
5692
24207
19437
27009
30127
8342
30458
24117
23101
15912
717
14942
16160
15017
17936
6028
16116
20565
13271
30479
1560
10523
297
24938
17495
6575
17341
6661
25032
4827
28161
15138
31474
15638
19552
19986
26676
29271
26565
13225
21605
2603
29019
28911
9911
11270
7064
13336
17377
7126
1145
9655
27261
13534
5391
23086
11950
1730
31290
30569
22791
18654
6837
25292
11432
6108
11858
2921
22698
12678
23175
9335
6334
8920
30762
25599
18704
7258
26233
6617
29042
24749
3933
13015
2998
355
240
31808
2395
24084
16444
15232
23661
6573
14662
28189
1958
31244
28747
17901
31193
26058
22601
13703
14481
29784
29377
8439
7669
17486
7355
1718
11758
3071
11532
13529
18060
6225
18388
24200
12198
11724
2890
9650
19905
32752
31164
27903
31795
13004
17617
1542
21129
6860
24082
4033
22821
11987
28840
6461
28972
24713
10343
23702
29599
20215
27148
9763
19399
1873
24771
15342
4311
18450
1261
22887
25293
31310
31
4953
3737
21828
4718
14364
15745
24628
23786
13
13252
18032
13672
8763
25213
12724
26501
8547
20683
7866
1767
25887
8239
24586
14022
29530
12341
17168
2731
24071
9559
2928
25720
14610
22302
14494
29609
11415
27018
18857
14809
30547
5556
29527
14472
30040
26034
31863
11291
32516
26555
13427
30756
13363
7307
14373
10468
1972
9481
30955
11791
7930
29480
14846
13006
23060
523
30719
14090
6112
22892
28371
19944
2683
24638
12721
9616
12283
17041
2425
15411
17249
28343
3400
26188
14793
28069
10569
2598
8164
6811
1998
13470
27560
32264
4255
27434
5702
20392
29329
24346
4701
25583
27483
26142
29293
2218
16806
23561
21390
5348
9571
20948
24674
12294
27233
11750
72
5187
20767
8594
1746
20531
20959
6114
30586
19390
7675
403
12688
5180
19324
8800
6263
13274
24297
17284
3089
6208
10077
28538
17784
19569
8412
6919
27631
2546
20711
24442
30232
25902
20814
10803
11111
6425
32070
1378
22998
13844
29883
24081
5082
14353
27112
27493
2710
18423
27940
6944
22607
11336
11007
10091
20257
11521
20621
14803
8176
28353
2562
16273
28065
2350
20351
21262
8329
23700
29740
24230
3621
27344
11143
23724
18700
14189
30972
22703
11555
29452
15797
5628
31760
30217
22707
32612
7665
20059
3358
17472
23117
25788
8921
18098
7498
32011
30042
16173
7457
5614
25785
14647
29648
27579
23814
19821
271
8857
26592
15560
10372
23522
31811
20768
16442
15052
162
9966
17232
7241
13110
17494
7406
1579
27797
8549
8061
4492
28806
1431
31768
21613
16660
24220
20029
3741
10209
29787
4041
7645
27069
7736
2339
32065
22647
23954
4535
21465
14067
400
13478
22161
9085
14366
3515
342
31837
12338
29346
27514
29356
12628
15444
15194
16230
19549
17622
32062
11968
2431
27939
24960
30139
14213
16231
9713
1529
16476
365
11896
21455
9939
19291
4348
17053
4511
30365
6276
11098
1954
31007
925
12659
16749
191
509
22998
13315
25346
13669
6217
14559
13573
14796
18177
30521
8119
30905
15472
29318
17478
19441
29534
25150
17623
13138
31035
14049
17786
8703
5812
28732
31069
9917
26244
10473
4160
29597
20109
31509
6184
2268
3879
8837
10072
1799
23736
32731
25213
27746
14213
24854
13097
16779
30151
13145
17026
31067
13314
493
3132
2061
8082
26248
7620
30114
20358
20176
21950
28547
8114
15131
14258
7529
16896
23161
10242
15738
31239
10228
9248
19381
14047
27926
19197
14479
32563
19884
18885
29406
25495
16586
201
18679
27420
6927
29885
25875
11810
3626
24611
26872
4974
16797
30983
27861
25469
26817
16109
25965
9751
31243
25864
13687
32295
27533
11436
28229
30665
6336
17414
933
31909
13696
32011
30469
25212
29272
28846
15834
18432
13824
25174
26434
13289
4132
30607
17639
10821
18791
6143
6951
11279
13480
2461
7283
21764
9604
7453
13301
2994
12316
32430
25462
30674
5656
32488
14462
13015
1260
26624
7357
26311
2393
13119
1449
20298
23607
12978
18281
20737
27763
802
3826
6936
19028
23110
18288
1823
22530
1336
28391
11029
25416
11046
7706
20934
3225
10314
18348
19800
8017
5404
29317
22560
16190
19910
29559
30650
3935
3544
27169
5720
13803
29757
1300
18010
24981
878
20789
25631
13327
29157
6243
2587
13773
24277
4953
2858
14091
16152
29397
26404
16913
5736
1018
28082
694
20691
29682
864
18211
20585
30425
15603
32217
824
21974
17660
21750
5498
10379
16301
24243
5132
15792
8428
24370
4898
30458
10406
10103
11578
7234
31078
8628
28238
27107
32038
29385
32590
24164
3173
21771
9677
2903
2937
4164
27643
28032
29223
13052
1235
4154
29041
28919
16533
23
11183
19199
9591
20679
13025
25572
151
14907
16708
9920
821
4361
24611
8831
16415
7699
28912
16031
7532
6500
19603
11573
3693
19546
27906
15921
10721
7946
21778
30690
28776
5344
10893
6333
22331
31878
13956
26202
27417
22279
16358
28095
8069
14901
29778
6369
7726
12872
21290
15720
10927
26311
20201
2227
28280
1708
6326
27932
16652
16323
19001
29821
16494
17747
25005
7155
19925
10752
17462
7393
17063
4336
14965
18232
29093
31277
7002
20726
18531
11850
6458
16109
9468
3402
25890
19142
13315
17597
7274
27205
27325
12588
13453
23503
29069
28343
22840
23593
4783
23805
28832
27010
297
6716
14873
14260
3071
14777
15077
14791
4519
14691
27977
25782
18364
31411
26086
3958
10999
17110
25415
5173
11098
1550
31671
5856
26798
598
23893
5351
4912
27973
21610
8772
17544
14644
3065
30650
25850
13731
15512
13914
28896
3801
15743
1100
12888
28875
11231
26316
17210
20799
7285
32115
27469
9521
2910
696
11962
1398
32301
13750
8384
1695
3131
4400
20138
18464
16702
29650
22270
32434
3613
7609
248
32245
15363
10038
26678
1370
5555
21711
4277
21568
15131
27783
30460
18781
21291
28768
28823
4448
4071
25117
28871
10452
14523
29772
1400
13640
12047
19588
8307
31149
8476
15084
213
27135
24318
2812
20672
8744
1546
20872
19280
17441
30305
23546
32465
346
18117
9439
32559
21340
10924
29093
7341
10157
32403
32162
29402
755
28309
22105
25538
24413
27452
19705
21345
19007
24727
8487
14173
1276
25485
18685
20212
11561
18800
31315
5938
12271
24022
22845
20328
3249
10916
28628
8667
10991
1643
21306
17593
18283
23800
6616
10065
15498
26150
1770
32642
10748
16119
3902
19316
16287
6371
6968
7047
12193
29552
10778
14473
3046
5123
14978
31276
4777
12278
7221
25015
11877
31978
3866
19707
11510
7007
21386
21897
29179
3970
4039
12322
10368
15429
11977
8303
14298
5301
7233
21746
32721
30601
472
16189
8197
26870
27063
15458
20106
7883
27213
8618
470
4793
16204
394
29149
3826
29685
15570
13434
26871
662
13352
30993
24234
3409
11701
10099
18859
5150
17182
26113
7393
19475
27574
19221
24663
31716
30450
15773
8010
422
2845
18697
31872
26072
31820
26728
24795
8099
3989
3277
30765
28257
32380
25336
28750
27741
20142
7218
11884
16089
20978
15993
28323
1878
25180
16349
461
31247
11971
28970
7580
15815
11126
31687
29414
30916
31531
30430
32319
12060
25656
22461
18125
22063
9734
16765
32600
16757
17090
30689
15777
19578
4437
31104
15349
26150
11159
1319
22785
24898
3263
3705
18920
11832
29727
26072
12947
25114
24590
6025
6217
12006
13605
17938
25215
12553
26030
999
24049
13857
11609
28742
30193
24839
13617
7008
6143
20237
13263
30137
30107
8836
24013
20177
6231
5762
14974
9988
31792
32738
12508
22703
9246
24459
24770
23700
23786
27126
7260
11648
8768
10218
5595
3883
23045
5258
5485
15455
23018
23698
19308
16476
27458
8926
4821
32636
16657
28204
14333
13075
5221
9250
6015
23705
23273
13715
10617
29707
19383
24574
19704
21902
9838
10327
26544
12886
28804
29450
11761
2246
7390
23870
9942
26584
20894
15190
16576
448
16445
24766
2562
20940
17369
5348
25054
22927
14800
22916
13745
14654
18573
26153
7786
10074
2210
31985
29248
2959
17431
31888
7845
16605
16386
21399
24181
17141
17496
14583
8308
19174
22019
19904
12791
7928
22325
3119
481
6616
507
10216
4049
11510
28949
17280
23450
25132
11013
7998
26868
8352
25446
9507
11121
14571
26239
30247
28338
31867
25368
23750
3802
25653
1676
18619
5443
2655
7968
14348
3440
31678
14483
12614
9795
9211
26359
13066
29552
22860
13247
15560
25394
19280
24856
21707
15421
22842
30589
12150
14323
4913
20869
23501
3290
27383
6656
6455
32078
22473
28739
14977
15987
29063
9920
14887
19310
18197
20442
25551
30933
29697
3319
14103
23651
14694
21462
26512
23793
7696
7715
7690
32417
23008
14152
24339
16221
4210
7303
15034
6016
7934
9029
10649
29394
380
22953
15122
13754
4876
21862
30936
8879
11668
25813
9137
13296
27819
22087
11643
15733
6070
18841
5229
27429
30544
16393
928
28489
6640
24135
23758
30017
19397
5328
3929
11381
17893
8823
24719
32655
22695
9540
2348
19432
5453
11650
19488
11583
15079
1812
27283
12721
27252
11528
6439
2533
26185
7023
23165
2440
24759
29547
25338
3065
7656
9609
27083
4421
27914
5713
2854
10069
15535
28956
8147
29542
20084
7462
11756
28602
19937
2276
22241
12685
20113
16280
26302
19275
30099
32034
26801
7936
21007
13337
25799
13584
10541
14874
10998
27432
14642
3680
20320
3956
14317
28309
15318
15379
4177
11752
31387
1736
9059
608
7787
22770
4183
15472
27580
958
18421
7371
10052
25755
28482
15481
11707
11758
21853
15147
14562
10247
167
10188
30148
32340
5926
22360
20540
27861
9772
7665
6071
25040
3379
7728
24891
26566
4108
8889
19113
27557
21561
13842
831
13119
19863
27829
15712
6139
24128
5475
28056
22987
11695
17340
31451
7774
31525
26893
17421
28822
28492
28521
7880
21564
12570
2811
13145
16883
16889
13722
23051
8042
25893
2206
23977
2006
5717
26866
18238
30880
21405
14699
5919
13914
16019
1880
3883
32248
22705
25947
29266
22077
24314
26743
23892
5491
2272
31593
7371
28511
11878
31804
9324
8052
6530
22552
2954
839
1733
6491
13019
14659
6461
7146
30591
6046
17819
23498
5950
3979
30865
4586
10770
20658
31870
4931
21733
16605
25165
9763
6555
7156
29082
16838
26707
20523
25623
27687
21994
27258
28719
10773
7105
10062
26345
13705
17601
31614
26894
28215
11164
10624
30606
14435
11861
14045
25376
15862
15106
21986
24361
17873
6609
6040
15327
5473
6217
31223
2990
4212
31186
9815
14299
2891
20856
29735
18535
752
10476
993
25398
12234
6347
1597
18032
9838
13859
934
16936
31416
31028
14314
30011
6427
371
22069
20859
18997
23253
18752
11021
5286
10313
17350
22288
28963
22406
13624
7551
1222
16904
30385
601
21928
24405
17452
10751
11698
27781
22005
23773
8112
11521
11869
28236
25255
10379
28594
2743
30569
2687
20078
12541
19558
1624
29615
23319
21445
25973
25575
6651
16308
8734
15829
10432
22780
13250
26036
15106
9176
28802
28850
2696
18183
10228
25763
26660
26912
23328
8183
21467
30758
13775
32233
24646
3932
11526
2810
25912
28506
26317
23966
17826
15457
20276
26421
19635
30444
32408
20796
26179
25223
21795
15045
13937
20196
28562
27172
21643
30508
22843
18156
11567
27539
8014
12314
20400
14639
10587
655
10939
17418
31508
25540
31803
1910
17237
9401
30841
12448
23649
20782
27784
18280
8559
16150
24544
22896
15717
12873
31049
23411
22243
26745
11003
13529
15747
8551
27139
10632
31839
30550
29928
5628
30164
7104
28047
12698
27782
19529
19036
19265
7588
5105
25242
13347
20590
11405
6685
19667
32500
5240
28709
26782
31776
11398
30086
31519
15094
29241
28166
17422
6939
10808
8455
27993
24212
3836
7526
20342
11473
22477
29858
20471
18154
11245
12609
3679
20776
22035
3183
21300
21959
19482
9961
30037
25850
24315
18713
10638
30256
9977
28290
28778
28310
27
8287
5704
28893
10975
25479
31153
23101
25901
15764
3049
4282
3978
5444
16324
1702
12942
29216
23227
5991
30872
24411
23615
8570
28608
30204
28494
440
10253
21056
6723
21464
489
30777
8434
7222
16593
27580
19700
16082
13905
32634
4160
26524
6448
8045
13819
18415
23784
6774
5522
19803
7512
12100
31749
13735
29373
24695
16262
9238
16863
21509
12610
7146
23688
16861
24959
1063
1594
13771
27111
6297
12577
10396
12835
27672
1863
13442
25260
24587
5127
26810
31198
13611
8644
107
14159
6538
8155
210
20830
22483
9429
668
10511
3027
24802
10899
28694
56
5251
5501
30001
6553
24454
15169
2747
29367
31799
3404
15231
3587
15061
21555
16842
16480
20803
4250
29892
14633
21248
25428
8191
19318
25945
16588
31057
23707
989
29603
10463
7154
26898
12954
6011
26587
28518
19891
30512
1024
32360
13971
14874
1246
22584
26667
27515
5249
23356
29079
7948
29838
3093
10310
27281
24967
31698
17756
7600
15179
24163
29268
11267
5852
25936
2282
32108
7525
12971
2616
6313
23676
30787
4383
23592
27556
5914
17384
14620
2838
21273
2347
9424
8129
28419
1008
13371
12431
17576
6933
5590
18666
11611
4080
23978
25727
20133
26676
22445
18497
7995
12057
21582
27825
14382
20919
9039
23901
18018
6835
12499
12711
12353
4382
30904
712
17328
16026
17446
789
66
8383
25960
6784
20908
18877
26107
11361
20090
29762
23269
27255
20224
3742
21320
22825
28818
293
5431
26898
22776
13268
7368
18877
19996
5944
4459
22957
30214
13452
9594
22433
21258
2338
5137
14614
20544
12548
12575
18956
29237
9434
16317
31245
32736
3854
703
31340
14296
31791
15241
4555
26052
27283
2853
18655
27666
32065
27026
21624
5612
22029
10078
24763
17767
23301
11639
8626
20990
27404
28478
19720
11072
17861
17117
24845
5061
10931
5082
23808
2150
29598
9197
20110
10157
11832
19983
22678
11659
30976
32724
5935
22345
10087
23802
1260
17345
28977
16706
17759
9166
12575
5246
30939
20225
30411
9452
32126
4246
28627
31682
16751
16550
27705
24586
2661
32158
522
31664
22121
6639
5182
22234
14812
4615
16608
7543
24251
7809
31343
25371
2338
13976
20611
22794
17679
5858
11187
10899
8553
8251
183
29599
7233
8958
16074
1417
9303
27260
32082
28208
21472
7334
11459
30027
18566
16909
20161
1021
15537
2573
31109
10922
17925
8004
10881
14600
23852
8265
11335
7289
4821
4251
5031
30872
5628
21976
6167
11793
28524
5424
19289
17335
5763
1304
29783
26064
17206
1859
4434
28595
8532
7886
17723
13206
18703
5819
13409
29857
8376
27808
5197
18247
3018
21408
29418
19413
2858
25499
30954
30539
12973
18594
11108
24172
6107
1710
28866
14097
7667
9617
23770
962
17199
22828
2139
7559
21320
31203
30571
4092
9021
24910
21390
31652
14929
32561
31946
29311
3154
15023
13833
735
10529
29626
28862
25719
1391
14542
31691
31669
16581
1247
6563
10066
3271
6544
16811
3111
6585
18853
4327
21314
11330
18363
11730
3641
16496
19766
9101
13758
24061
11644
30780
30324
465
10593
686
16385
16583
5857
17212
19045
1972
12565
17395
1418
7334
9312
17397
10011
17769
10986
12828
19098
14160
19791
15073
22445
13361
7064
28028
8889
30898
29290
15437
31666
24515
8317
23675
7986
24428
80
18651
15816
17097
23067
27667
3474
17747
8710
13823
6670
29536
26264
8275
17965
29678
882
26242
13481
8092
27709
29919
2713
2297
9185
21250
16451
23041
13303
3438
29745
10981
14466
25201
29831
13835
21465
13899
29331
3414
7912
4754
5286
13479
27032
13524
23074
17828
24460
28799
1493
184
25870
26622
645
28506
16457
24869
30156
31635
25272
14543
29991
8378
26334
14789
4425
6531
5688
23266
11189
12088
2928
10357
19083
3653
17619
23783
24226
17402
15109
27806
12248
18829
20467
2336
25510
16478
10762
24444
20984
17279
20391
5606
7227
29300
5838
19617
15031
6455
15646
9762
29727
6528
15364
6770
29542
31042
11568
6612
28629
14969
21317
17064
7003
24611
6869
11919
19236
17548
10124
6864
3692
9423
16811
28666
10134
1434
14264
27851
7032
21809
2164
30801
19194
28342
26894
24399
19167
25255
31638
226
28130
10408
18868
11876
13573
7811
22426
17041
6694
30829
25399
13288
26835
1675
9134
9812
6495
29620
7430
16396
25141
24953
23587
17848
29549
1378
12021
16853
4253
11131
11503
15194
31986
16911
9147
16284
28031
21172
15404
17263
30164
3207
27508
8078
8915
17337
1175
11325
14271
2635
32287
16428
16790
17941
16402
5791
29857
26637
3617
24780
2121
10438
25122
1668
1324
28215
19136
23062
14704
16062
8817
17265
18263
25957
12969
9864
532
11107
5966
2299
3294
19174
30315
15091
28738
32527
24616
1869
6589
21822
27386
12028
31114
9105
24599
13224
12985
18599
3117
13723
4481
6314
2131
26846
15319
7052
3904
26015
20543
144
12986
22486
26339
27405
1362
21033
10466
31855
3151
18444
29162
16254
3560
29484
12297
22755
4022
10254
30144
8423
6504
24051
29274
2687
4025
28160
17531
31622
15263
19867
23292
31305
20933
18456
22518
21576
3644
31637
10781
8763
14446
7458
20560
19796
9043
18470
31598
31172
32231
23806
618
31360
2011
13030
23714
12869
32394
8477
5740
1497
22064
9028
29682
17301
4950
7431
13889
9248
22673
256
13980
18557
31852
24280
19478
22856
15267
7344
12128
11068
23442
24511
20703
3321
20716
26684
21761
8708
16048
25726
10962
28432
24921
32610
28874
31612
14934
11757
7145
11292
4025
50
5383
15164
5171
31094
16485
29154
19264
13203
9095
1620
32159
20890
7494
17370
20997
1468
25633
24517
24082
11883
16084
8112
17284
20156
11052
13574
11691
26128
26393
29125
17181
27379
4101
14977
24490
27972
19556
22955
10898
9111
13196
6163
23798
26583
26567
16044
19597
26416
5799
25999
3736
2347
21402
13379
18200
21019
190
30524
30782
17593
14839
11937
26147
1803
30270
31315
25273
20106
21308
1834
5634
22403
16151
24962
5759
27582
29836
20726
26092
15454
32062
8555
9770
4872
11853
32081
6781
7751
21291
15653
18679
23855
31403
20538
20532
28225
6747
8890
17736
17807
31764
9447
11766
3617
10703
22439
27427
14998
19386
576
10121
2318
11404
30048
7856
32328
22549
32608
20506
7176
2073
30153
29374
22204
21342
30744
15545
3678
21252
20414
21311
3740
12821
4459
30423
23095
23389
25484
16328
17833
14716
3603
32462
9482
15673
14198
5650
4404
7705
29434
24153
2086
2353
1073
27772
27814
12856
31681
19224
10539
31456
4456
31878
31225
9318
24381
22798
8846
16232
25145
7511
4669
19960
25589
15650
15385
19438
12725
20024
9748
4482
17574
8097
29544
17434
16228
20759
28214
18784
25791
32443
21613
28824
27583
21766
27630
17969
21734
8449
8686
17817
9396
12473
14747
23894
10097
6125
19970
31059
8742
11531
11056
1911
5357
21083
17047
10876
29290
24441
16052
3839
28826
16136
31215
5843
22219
5285
23747
20123
27884
32538
26398
24984
28679
19156
26891
32703
12300
10392
11918
27151
15056
15473
8911
6433
14421
6381
11899
12801
23628
31368
21864
15676
4312
22377
22392
21562
16021
5964
22719
14542
21977
1984
21736
2828
32058
24722
25044
4443
2384
27785
1413
18123
8636
10835
9019
9128
14184
31168
17372
21583
12305
10542
15769
21056
27395
30533
32463
4981
804
23780
43
17394
29236
13146
8722
15774
31059
2778
31040
12881
29380
17705
20143
15406
28912
18586
22202
18483
20142
24380
25474
3854
5313
5714
5777
4146
22690
12803
21949
17195
30849
2387
1871
29486
22662
24146
22885
30965
1372
1683
6293
18122
24560
30688
22995
31457
13942
3372
31637
27626
28334
6089
16949
25575
9573
4316
5014
32059
26430
32525
5642
22020
26290
25731
13939
3499
21334
18703
22953
16570
13916
13479
15644
30445
30813
11799
19131
14219
29782
4595
25620
14326
15344
21968
26812
22657
28932
2995
31729
25475
22622
14794
19838
17066
2497
23130
27103
7825
24876
6137
21926
7316
5468
6653
30749
12003
6034
30004
6445
10965
8342
5334
30334
6527
3836
12215
13280
30342
31398
7617
10986
20785
8586
8610
24032
962
4533
31426
4570
29959
13456
21368
21539
6188
8035
24445
28384
7891
19735
16033
4338
4454
9536
30652
11549
16812
29787
8168
21609
19355
14675
493
4040
6254
27723
23037
31994
6135
8855
31138
12974
9269
13323
26612
12266
17193
17785
21007
23212
15078
23669
24516
20946
11240
24667
16527
5687
9638
11412
1225
20255
26986
6164
5919
11733
20321
5671
27203
13458
494
21614
12001
25761
836
31268
9685
6081
12596
27814
25243
2251
15171
15667
4615
20372
16128
9200
6454
21525
32405
11311
8388
31945
26011
30192
24639
7255
20531
12456
15836
25201
18514
13122
5737
21500
11612
21860
16771
3697
31221
28147
9737
23171
7188
6873
29393
20994
4952
13830
20377
7423
18848
7092
6720
2609
22998
9712
1078
1687
14603
342
9265
14431
30153
16156
20513
16647
420
18514
21351
27330
14611
5735
21825
17693
7550
21744
905
29922
30104
20645
21920
15164
18415
22444
31653
30749
25538
28443
19946
11229
27666
440
20648
15396
6395
27651
8177
9
9029
2422
22503
22395
3639
9995
19756
20960
17323
32511
10649
10237
13928
8661
16691
3350
32427
28831
13146
6998
9479
3193
11332
24433
3951
24406
23210
18311
17554
8703
28097
31052
31079
856
12140
21350
7432
21733
3760
7702
22211
24718
11880
12059
10862
19359
19514
1235
14076
11027
5065
7332
17230
11538
12844
2202
3403
31672
15776
2129
3891
15640
17785
10518
12080
21633
7775
12617
3375
18688
16054
23301
25325
29989
16222
8708
10837
25610
21661
10428
32265
32658
21337
30926
26687
29679
5771
8865
5070
27751
22768
74
5000
3415
22274
8112
13259
20344
19750
6125
2643
8289
9767
19959
14418
27725
28131
27775
4803
29983
23620
4889
9467
6819
3186
158
16769
30743
13383
15566
5407
31466
28676
1338
28729
22211
30274
354
14942
31429
18475
538
17437
27666
12777
20530
27418
10637
12127
20053
17505
31973
2327
29234
16633
23759
15740
22746
189
17554
2634
31337
18279
9417
10818
16617
18414
20836
6946
1651
14866
4337
32724
16023
28212
12570
29414
20223
21356
17518
23866
23374
9174
28004
9471
2126
11052
23196
18655
31307
23450
22633
15226
4794
9421
7053
4884
12575
16718
10563
24970
31533
28174
131
18571
28718
16450
26753
7684
19365
3440
2167
13532
31538
6602
11428
7650
11191
188
23700
29956
12729
3009
9891
3777
20745
27514
17597
6625
10147
1793
32359
2403
16342
21883
27651
23223
3493
30188
32591
3117
23406
31056
30000
22446
27081
4839
5294
1450
18099
8912
24383
27729
8172
20185
5704
28422
5277
7574
14817
4624
19006
18352
25817
30355
18615
13184
10745
21183
25029
20188
22157
14920
10144
15153
15905
19222
14043
32722
29577
4669
22411
13968
4900
15663
14763
26251
609
27441
20671
328
18561
13067
4792
13827
25759
12548
7704
3910
17646
12557
2902
3770
17219
18749
28036
15166
19155
30845
17967
21814
2877
7557
28807
9509
23755
23047
18367
6271
14836
13865
3255
8376
29222
6201
20185
2209
31171
25756
23617
13300
31594
23048
32032
32045
3703
32244
32354
9628
14029
11596
20366
3001
4563
9576
14318
7095
21692
6463
26353
11868
12
9944
25549
18959
27735
16642
8296
31283
5196
24901
13177
12467
16371
5656
32234
26078
30003
16724
16258
27254
20887
6889
24256
8195
12626
19408
26634
2925
18304
13633
2055
30154
2990
14373
1353
3957
8349
4302
32047
18784
6211
6886
26633
22699
14611
4517
10366
6261
10366
8263
10795
15858
7866
22206
21389
4797
1986
22180
20257
10608
13726
19571
28617
16499
2020
2296
13426
18193
11391
20229
12020
14545
23983
10599
21049
17155
16721
23831
27554
26777
19809
19381
19366
6200
21949
23089
25021
26767
10027
12236
20348
28392
21406
24895
14081
25596
5045
23609
18577
2828
24965
9999
21376
3885
12440
18607
24145
19172
26421
27863
2591
11762
31970
6276
17724
13681
25128
684
4375
10784
5526
25903
24419
6396
2569
23052
19061
14864
16938
6352
11502
14733
17719
10325
23707
5917
20743
22696
3225
3957
27976
6475
6845
17449
17420
32669
19506
5573
25476
4502
15716
25625
19722
10423
2333
10452
30053
321
27374
8277
6729
18854
24785
29885
4382
17981
4108
8009
29442
23865
29017
29663
18961
7900
2115
2790
9188
7656
10707
32091
11607
11351
5740
10017
15248
20555
27380
25497
26173
1352
11572
30835
5916
7585
30594
8900
12993
22576
1949
31320
16020
32330
13528
8009
10265
7666
4475
26064
4468
13389
15206
29788
18220
23639
8183
2017
17199
21971
14126
21107
24854
30856
31247
10259
10155
26538
6216
28105
19368
6551
12564
32499
20418
1988
4959
31964
26086
6902
18731
15504
30147
10165
29234
18159
27784
3837
12749
7937
14831
22328
13332
17033
7802
20841
3655
6365
12028
7850
32365
17396
12636
10712
20026
1985
13974
27021
23862
15295
5634
32334
5660
31438
11737
262
21376
1341
3317
5555
30645
2344
27096
5728
15342
17668
2800
27219
31395
14456
1050
23943
31031
22382
28004
3165
29911
29547
30487
14222
30373
20251
32501
5220
13078
4145
2751
27946
30872
878
19450
9697
29049
26366
4339
31028
15620
12043
18177
430
9197
30861
29194
25387
27631
7775
15688
10380
3763
9368
2381
10671
22516
28184
6981
3487
12001
28769
20860
15623
3778
22953
288
22765
29407
23853
24903
2460
14749
6599
10035
14818
17131
20163
14293
4732
19932
21231
4753
18895
22933
497
22849
7129
3434
5085
6524
32358
27716
4871
15128
25991
22342
25622
14317
11328
9136
5210
220
30081
18435
25184
13329
6487
25702
13507
2180
29284
10824
29508
4806
8077
26439
30237
18170
3570
14160
32659
23585
24355
8712
29643
29852
32657
10091
17118
12267
322
32691
14639
2491
3785
4732
10749
10784
2678
26917
10292
2847
11722
8313
16777
5999
15661
7567
28613
9856
9187
2542
13409
31165
3133
23285
4692
7951
18444
26747
23081
23714
7515
22194
31828
2539
19294
22353
21958
31210
23461
1522
10943
23212
5013
25528
17380
11797
6681
13878
24977
16348
9621
19852
31088
15575
17948
30163
29259
20345
8162
6076
21022
26009
10740
19571
4721
884
17702
26826
3812
18422
16205
17299
16908
1589
5807
15181
17533
6207
4536
16132
16936
20245
32495
24178
23016
9207
12584
9578
6999
3810
3066
18039
5862
9816
13427
22720
13357
27743
14859
11566
17023
27852
19415
32465
30658
4289
19967
640
20861
19317
25458
6592
3123
1075
16344
11496
9456
24998
21961
28802
6433
23123
13628
6643
22696
11879
11842
18271
7728
11955
3060
7879
8638
29941
31657
26740
22921
29017
29805
10393
15628
28991
12975
31796
15961
831
7226
15669
28080
23658
8295
12770
31568
8915
26768
19322
2957
16719
27847
14360
4387
10360
16584
19419
8650
8440
11565
1348
30987
4868
26849
12511
7505
26406
1751
28710
23363
25664
27644
10146
2897
11982
24938
6227
21901
19819
5854
10322
26557
22167
10604
7861
20910
11191
625
22195
31691
25949
8906
11785
27629
21706
11843
12955
19573
16049
19282
21343
27033
13118
11014
6263
6395
10071
19770
9885
16256
13090
21774
4548
26975
6599
408
17148
10360
32375
7894
30103
11496
27309
743
3978
19418
2483
27515
22806
26783
15721
20361
22439
29698
28738
31040
20476
30165
18575
31807
13192
21712
8448
23560
32024
20636
27239
30386
16567
25130
23232
2015
29390
30281
3439
22510
10896
13944
30920
27506
25493
21496
23764
18146
709
2342
3922
6802
8824
17672
18685
27361
27100
13606
22541
2228
29590
8603
23552
28196
1964
20331
28314
21364
11426
23831
24107
4166
21475
19823
23824
7438
9571
13480
19068
18630
11907
15278
30841
30436
30773
28091
4905
31113
18528
1065
3410
23547
4742
9349
13849
12629
23460
17636
23566
15229
5465
10874
8553
32343
13387
13928
26003
4920
1479
29910
26601
20638
2215
8770
1980
6686
19833
6935
17820
27805
8669
27010
27094
31427
2863
25985
29755
28077
21606
6973
14627
7650
13116
27545
20402
22665
18576
6923
13658
1241
8
17067
19105
15824
4858
22409
3365
13352
12941
15428
13021
27783
7451
4312
2721
11766
8922
13496
17901
13460
23996
12061
4066
31883
8339
29085
5517
14660
24953
10495
25452
19671
9071
4174
15406
21446
9028
31276
19643
6378
19385
1129
24948
1453
13538
10708
188
25210
13007
9809
3767
31602
14188
24876
24145
32097
2982
20909
21379
7920
9167
4589
31442
27164
4932
5095
14872
14822
25421
11474
32390
16460
20804
27311
3050
10361
14330
26654
20782
10553
10326
4725
26145
7087
30015
5651
5755
27210
14012
25842
7707
27637
2138
2940
31378
32654
1743
18336
30181
31642
20700
5668
20111
17975
3960
10813
8390
10577
18730
861
29951
14105
1207
5452
6068
21171
32509
13946
7781
12591
30751
18580
15837
26299
23522
20309
21942
21527
18775
27039
21791
2121
15803
24778
23773
27281
26267
16956
17040
16543
24379
14137
22840
25860
23865
3837
8951
16871
4206
12040
20505
25593
14869
23994
12113
14763
16175
6943
29509
21150
14886
31756
29005
13146
20400
15211
15736
4420
19190
30163
18385
2762
17654
17244
24288
12257
23333
9137
15219
28337
14681
28774
31134
14478
31463
18828
8960
29483
9992
12419
11848
2570
19586
17680
6136
13367
132
22703
30825
16950
17617
19499
15119
2106
6432
27499
23295
14488
15299
15247
18606
17018
23944
28476
23804
2264
19677
30003
32113
1444
23607
21801
21958
11589
1972
20179
19111
9799
7679
28480
2487
10577
28788
4203
23253
7511
20100
30481
5790
17424
20571
704
26162
2731
13505
9265
12347
21182
22078
3543
22316
18303
31618
21176
11463
4918
1795
26492
16098
2290
18920
14787
24938
5755
32294
20924
6568
4745
11241
12788
20163
15155
32309
26987
25479
30890
19149
3053
7524
14375
20820
1183
31930
29474
30130
30425
27220
14021
31161
8499
24114
16288
31241
30435
25483
32158
12848
25414
7698
5176
19478
27580
13433
10984
16025
9145
17459
8673
32628
10009
17023
32509
3173
3764
28322
9975
3983
4915
14707
14042
8989
21026
17949
4537
30760
26950
26657
30369
25818
23600
17050
13004
7636
30738
27845
17431
7886
10706
16320
32694
1661
31325
12690
4391
27066
9534
24940
25956
25056
32111
14639
22109
23158
5230
18477
10917
25102
22420
15156
15724
620
6051
5577
25261
25579
11934
4273
23464
16413
14301
16822
28563
26546
3680
28839
31885
24475
1380
15777
5331
22895
3892
31885
31798
2829
17986
27114
6605
10627
3190
7373
12775
2862
13510
23077
31811
13603
27399
11588
27268
22478
19970
27035
13023
32473
28619
31173
29463
30799
12366
8136
32683
14082
9771
2711
13134
13354
2500
25819
21143
5198
22163
16626
22522
4968
5826
1592
15351
31812
3317
17286
3473
12073
12395
2809
28418
31675
12101
15093
19117
21024
27429
22633
21588
3938
9211
24148
10891
26900
17692
9864
11372
15417
2197
20398
22413
17249
25790
17546
16943
30741
30738
18560
1464
9077
26429
11607
11620
25120
24951
5694
32055
8020
16145
27660
9526
19287
28237
26316
13526
20757
8819
20601
25269
3850
31009
25862
31880
22370
2531
29601
4948
15199
5123
9529
14306
9724
16035
3134
23405
2512
7944
25000
10397
9780
31033
4922
26809
10152
28361
1800
18712
10099
4081
14391
5336
20106
738
4356
14035
8115
13656
9735
6095
11498
19571
14009
11509
15364
18115
5941
19077
7826
1185
26427
3783
16648
10950
14970
31045
13599
4886
5647
567
15223
16317
26441
17983
4225
1149
22447
6742
156
23110
8772
7174
1918
4360
19977
4571
32470
21445
29124
12308
8239
13034
25856
5533
24088
10463
597
5442
22658
19677
24297
7965
28777
10240
6967
24144
16055
24733
12559
24314
29285
12245
25310
20579
23011
21866
12336
14202
7098
32210
29555
9602
25200
20106
3326
18184
32683
3245
16210
24344
19098
4549
8351
688
15761
737
17802
10357
5875
32232
2349
24741
341
12588
5727
18765
1760
4418
5686
4796
21495
8466
10187
10295
3354
42
1341
20718
15371
13144
31225
23855
6191
23415
3640
13274
11830
20105
3017
21525
11007
18182
16400
8000
19893
7540
8015
32556
17727
16440
11556
15495
31959
23980
20051
6555
7160
29809
26566
1337
15742
15879
28370
31215
8713
10138
20156
23937
24994
19743
18300
29847
24737
10912
10688
16052
3021
30676
5172
20071
8134
25075
5633
29125
32672
6088
23187
16150
24273
23560
17056
22991
16973
4578
3686
961
7407
30679
32052
20111
2843
1228
1579
357
29090
7006
3654
1767
997
1909
16280
30568
30014
31260
26069
4957
22939
30608
29716
16913
31084
27542
6099
26778
7360
22546
32060
11531
4522
20950
10407
31211
29162
16312
2399
21990
27593
4071
10665
25539
4677
22399
8194
7830
30830
4186
9641
9783
7184
26922
30301
12274
25490
23492
23912
28544
13086
32191
5084
3126
23811
16190
21533
30333
29015
3082
18079
12674
12512
740
11249
25903
10037
14105
26619
19545
12320
12374
21124
21307
27719
7358
28919
31267
26891
26938
32102
20587
32689
13328
24271
7083
12223
19896
30366
32557
30889
15339
26484
14241
30381
29436
14631
16146
18172
14699
32266
27929
30490
27064
23918
26449
903
1653
10088
30218
10655
21663
21973
4418
4287
28718
7836
14801
3753
3819
31539
29411
2858
25986
18789
28587
18170
25304
26962
18774
2531
13726
31927
20798
31781
20519
11119
21345
12058
24182
4410
23825
6422
25244
14526
23533
2193
27457
18379
10511
21128
6272
16611
21639
16416
25336
32250
17672
32653
22815
18554
32738
7218
18138
12938
11568
16905
31563
5520
11347
20550
8426
23028
19615
32567
23512
27688
32339
7535
8816
741
4047
10275
1054
6839
19201
17108
21108
19131
1825
21038
24698
22183
670
15921
19526
8716
6488
8078
1741
26840
11023
23636
3577
24863
17947
30667
3324
10779
27230
6560
22243
11377
30840
4163
28526
20405
8505
21134
5663
10545
26972
17575
1937
2018
5490
17447
26891
452
4636
16252
4693
26192
11389
23692
10698
14914
12015
29338
18095
8351
13813
23406
3523
21751
20850
24496
31767
6887
17944
17046
21536
18147
802
12479
24843
17458
8262
5726
1104
15418
30693
8346
16778
17150
12678
28213
15494
11493
20610
13164
23962
29117
6912
21791
4152
16639
27940
16178
20418
11093
19588
31283
30368
1369
20444
17469
913
26528
12034
12572
18750
28663
3868
5553
15381
10220
24336
17048
21076
13457
22588
21001
10852
13180
30568
3324
27497
26898
504
11153
5143
9222
27494
29870
11207
31260
12016
234
2506
16947
29070
9386
9981
28546
39
17801
11677
12834
32260
7934
15197
204
22405
14905
2486
28645
19731
7501
28799
31159
10837
30100
30397
7170
32167
16719
26044
28339
25544
15502
4703
6131
15314
5456
20660
16739
22384
10986
17867
29350
31563
23725
3017
29985
17349
11203
23608
9470
16874
13402
13473
21367
25763
16901
10589
7761
557
862
23208
24742
5578
8433
16375
8424
1463
15189
15756
8227
1373
5276
14407
28290
26571
26862
7103
10517
30308
14960
1681
17617
8149
5226
4344
2777
4939
2474
24990
10748
7138
29219
1202
382
20576
11226
14651
2331
27427
25347
10412
31305
24152
9574
15544
7870
30830
17672
1895
26674
11466
19976
29034
13670
21693
5063
8876
26725
31923
6475
22825
12809
4525
22758
8707
14018
753
12050
10450
28819
11263
27808
4412
