21336
32650
18866
4397
21074
27603
23919
3953
24926
32364
20142
2009
15862
6264
27986
28878
4780
20684
28979
28124
21430
28251
23233
15806
17577
26353
18155
20155
2949
13861
14911
27958
29938
8329
10066
16512
19913
14115
13410
2544
30166
12065
1082
23094
4061
25032
1622
12524
29402
2222
4680
14958
16525
2601
21082
8172
17718
27143
16757
7613
1182
12927
16449
21494
6230
26984
1422
1340
17219
26025
28147
14294
24155
6385
28340
27910
681
8616
12265
25242
5271
14629
4573
4798
5228
21025
8629
26132
22548
31595
16722
19463
4640
23262
1656
11612
18957
21649
5423
27913
10697
12877
31081
27467
17523
24388
17382
16115
14946
3071
28245
6400
24170
20121
19132
1651
16474
4907
537
1119
16585
28807
26186
6720
4627
13609
6954
28301
19102
16490
23293
2449
27746
31735
23054
14966
1448
2434
3478
21155
20241
30903
23008
11080
27355
6514
27563
10550
10592
15919
16592
13045
30431
706
9252
19728
22143
27464
8352
20660
3729
28509
12223
28793
27158
17807
10024
32640
13185
787
10637
11966
19646
25527
7891
13463
2162
19992
30579
4783
10373
26645
16160
28157
9694
20355
17066
11553
9581
19234
19746
20727
15983
2000
16447
15212
30189
13821
3072
22672
4998
7007
18835
24045
13167
27879
32118
5144
14776
1267
17628
24197
2769
18885
29266
30111
11596
22580
23970
1816
14564
18081
27383
12414
14015
5165
3395
2064
22256
6185
18398
10191
8000
1487
29552
28376
30510
22575
18960
27888
13620
14955
32429
11361
4428
16423
25517
19973
8371
572
25813
11168
16109
29612
22633
29810
2057
731
27540
30733
18470
23292
11785
4965
1078
22985
235
29734
2
3447
27883
9802
25967
20201
9136
8170
28927
19492
12411
16212
18330
5891
7179
28511
22927
3115
1982
26107
30422
9794
1018
12556
30872
4444
9675
1401
9200
4790
8141
1151
10740
6311
25165
27468
26863
1747
1707
24777
21233
4770
2562
21943
7562
17393
6923
11005
7890
28167
32575
4672
31660
13514
21308
23733
2892
29234
10858
11315
5111
4095
20958
14989
17674
10663
14975
11038
4670
2707
20071
6821
21546
23690
13708
24916
21002
6766
19871
15139
6334
6950
22836
19050
17174
18651
10788
10415
5964
22631
19247
31164
7634
5386
27878
13557
5454
5215
6601
6377
26596
26255
30124
32039
1459
5829
3167
30291
18594
4066
29581
121
17756
14705
17381
9120
11673
24797
11640
18083
10144
17121
11106
9276
16137
18753
6829
5730
21192
20664
14450
11221
9319
2865
19265
15351
27795
21050
31683
27869
6362
32181
8350
24486
5811
4816
409
30475
20415
24376
22017
27704
15182
21642
587
9690
10533
14347
22778
1402
10623
31384
25284
7945
13905
19680
29168
3772
466
17360
1282
24858
3643
8527
15514
16723
29387
5420
26778
25043
29199
2644
28807
21271
17760
21577
6962
15551
16813
20687
31127
11493
14715
20969
30981
29102
16425
25603
24703
12574
12921
17521
15715
13105
10316
7192
841
4647
13229
21099
25390
17695
4369
3226
7634
14567
11485
11525
21854
27411
8745
26359
8778
15180
5828
14993
28542
26347
6264
27908
25015
25287
24463
20740
20013
1866
6805
29561
1139
17099
10080
119
28574
17943
23886
29808
21161
24401
19662
28072
9240
30461
6178
12778
19676
25431
18787
15482
20087
1513
18885
26698
5216
26460
24092
2672
29865
17807
19615
4312
9183
18406
4076
31030
8242
19941
15181
13375
22485
3069
29754
18713
3752
27301
9503
19728
18197
23469
19807
906
12855
6607
4760
14909
27458
1672
30505
13727
543
6694
23025
16798
6486
6689
9050
14994
6961
2478
17302
8816
18975
2194
26153
5696
12374
5172
32424
14289
12988
24311
4800
24491
19208
12742
25977
11077
11556
3057
26556
15224
23510
30007
4628
14132
28832
13860
2993
26226
6885
27293
17074
31081
6732
8889
22948
20485
14442
1490
3653
21909
1435
11228
32142
17604
23856
8438
26865
26570
29904
18239
24800
10467
31512
2795
30862
1792
2437
7318
26361
17085
28052
9687
14632
22420
3367
11289
31153
5456
27179
5542
29055
28100
2424
1285
26066
19132
16632
32390
30599
52
12556
3099
1946
11976
27947
21353
17641
10860
6093
21023
18235
14685
30087
13447
23424
16216
15223
31323
25947
10505
7394
24025
31197
11206
23580
12569
6036
11645
25256
9631
8132
26859
9377
12845
29940
8719
21336
2778
25260
32479
9023
24424
12926
22585
10502
21459
4675
5916
4611
26406
12199
29208
15319
15506
11496
7939
28495
31425
21210
19694
17032
13672
9263
31319
26199
5404
13813
31649
25319
12646
29024
17857
1956
20761
8906
20793
4696
1251
31224
10570
20884
20515
24479
31589
18002
21498
17446
15076
2264
12453
19374
11511
29920
4362
31568
28897
24821
5264
19365
22628
25888
2868
17548
9337
29892
14298
1575
31301
20423
3296
25383
9289
3826
5881
28746
29657
20379
2617
11553
22223
17025
9580
10775
30080
8695
24492
20399
27887
21317
5171
11021
31041
14155
8301
25528
9329
28263
10321
16030
19781
5017
29938
21081
6785
13029
8529
20656
11866
32505
2422
2401
11821
2576
12223
2590
29297
1558
3191
32725
29419
20493
31658
15668
17184
19119
15672
2669
13072
19541
15145
8758
26657
9239
2624
20
602
31285
22739
25562
8657
4022
16346
11884
24679
8526
10821
31689
5042
29061
18067
7753
27451
15894
13984
24355
16106
9365
29118
10289
8638
14933
3336
31480
3265
23433
24051
22755
13884
30121
11046
207
26919
20760
24460
9676
28899
7683
29607
802
27948
18572
295
29075
8777
22568
13499
25056
6533
24133
4647
24719
9699
14385
16023
1770
8462
10295
17714
32075
29839
2571
2547
29335
17218
9832
24244
11529
18187
27127
28300
6193
14021
883
29531
29756
18555
11531
27043
2677
9179
9479
13978
2828
22759
6575
29821
30742
12014
3176
22822
16854
24507
28705
27361
30779
4876
1773
30588
13737
11846
17137
413
9981
19558
11905
6232
21707
29243
8070
19713
4585
21203
14883
15167
13106
14387
1688
22370
29828
25674
7782
30455
12043
32296
13492
18329
17602
24428
32241
10250
25910
22011
15035
6018
3982
11768
27135
12102
30152
6128
26210
23165
9541
16212
29408
16447
6280
9517
31411
5104
5691
4875
2167
16332
370
14910
14475
7618
32564
21321
10938
12934
5432
20884
14107
7906
9708
32609
27189
15181
28091
5633
3175
4542
26000
9800
14472
10690
11926
25918
17866
23245
27459
12567
2276
6349
10644
25190
12400
28421
17050
15757
16529
7449
21301
6264
29146
2661
12832
2187
30571
915
1837
11480
28765
30317
26578
26774
2145
8175
7397
8654
2979
24737
30116
22616
29173
11044
19448
10502
9513
16650
7675
4383
1726
12779
24759
1551
30912
20660
28721
13660
28137
4931
16550
220
17676
4145
13588
2854
29620
3823
16124
26694
17416
24085
11110
18101
10737
25590
16679
9352
29567
7544
5215
25831
22665
32547
13125
22977
11668
27767
4135
5566
15862
14723
19628
6773
4412
27315
19037
14048
8136
9962
9315
10764
15039
4048
30354
24085
11042
29806
5543
20306
19514
4600
7374
29645
9530
22249
29800
14070
17952
23637
13834
23960
27612
2427
4553
26123
12212
5531
6325
14508
17895
23559
4259
15498
3984
13947
13616
9314
974
20913
2562
1998
13346
12337
8785
7353
28696
20327
422
9494
19498
8951
31203
25809
4065
23125
10884
13318
20285
9360
1316
370
13143
26222
31555
22823
13893
5822
14662
17283
22078
13546
4799
4194
1022
3532
1007
25235
20588
17090
27786
3977
7547
18181
26553
10067
22094
18230
25957
14543
29343
12090
26803
9754
18785
16968
4043
7498
30372
31040
18654
2400
22714
6975
22631
3960
26776
17520
5297
27715
29054
20261
31385
17847
27611
21286
32661
17669
32619
12104
17653
3276
28834
20802
4201
24460
32077
12221
11716
2653
27767
10922
7679
26593
21897
17880
14209
3959
25270
29126
7069
1201
4758
22198
9565
31497
15633
22018
13694
463
24447
13747
32699
11366
29709
10832
15695
2736
22627
13044
26805
1479
1924
31651
26290
29934
10997
14814
16533
32455
18209
14197
21438
6854
1788
32669
6749
18149
27367
25154
29052
17817
24276
16799
64
30725
31658
24075
9323
10350
30699
5142
2086
22768
2964
16596
17662
27247
19268
16505
14380
12240
16033
15142
27673
16744
13815
13315
15137
9396
8995
3726
3991
7243
31152
32307
25866
13330
23103
5148
28359
23983
3372
24394
1951
12608
4206
21221
20203
9804
15551
26320
5837
22777
17918
9857
1976
12160
6865
8720
7474
29663
26510
30093
24536
13774
16476
23191
163
2291
13973
30762
14699
29529
23919
25785
5801
8223
476
3709
3713
10861
6574
32268
2304
5292
11775
10029
15778
16375
17616
15339
2583
30668
3568
13800
9798
26120
22304
2548
22931
786
2932
14814
5469
22102
16892
14474
6347
6901
8100
21572
457
7354
4185
6996
28493
24913
7021
28371
6367
29107
22333
14269
32600
22501
16401
29255
6890
9442
30275
882
10848
4822
10148
3296
1959
6028
10267
13030
9614
31530
32143
2276
6858
18204
25351
6097
24125
8526
1808
13082
6264
26526
2400
4013
11902
8081
31672
20816
27082
3652
27151
568
24980
3238
11756
10455
2385
27621
4372
28661
2169
32294
869
5378
16268
6009
26626
4267
7767
6924
15792
11691
12148
26783
9856
484
32016
15927
4783
32174
13040
25111
4810
1391
8630
10476
5397
18796
1889
11336
4654
20446
16660
17745
27886
25929
18968
8123
2448
26377
11299
30963
24597
7213
17627
24477
3558
4233
1174
1857
10940
9735
2660
1089
25789
20542
16719
1039
10216
11846
25313
21916
21682
30410
743
22036
18929
27230
2165
5576
17914
16403
14378
18796
25350
16457
13237
23426
13019
453
4760
12822
15784
32004
30764
31916
26672
27086
19174
7799
1322
6926
28888
2251
5608
19680
13691
6613
32312
6380
15531
21386
12168
1267
9971
32477
3917
24487
19211
3893
7333
24512
10399
23070
6458
14668
30802
30526
14698
7494
32003
23692
8102
22379
31311
2748
10008
32329
29783
24061
16777
27033
7363
22247
27777
25294
4359
28591
432
17390
19940
20894
26252
30881
31794
32449
24380
5512
31454
17377
2229
31183
18991
1717
15907
12038
15437
17495
28042
31532
3843
21493
8109
22797
21188
16841
14127
19151
17132
22091
11000
15047
29513
7589
16346
24209
30426
871
1396
20575
25558
22140
6743
21137
22768
18781
31592
29062
26586
17028
25222
30642
2312
4388
30828
26609
31926
23063
24024
29211
15660
20759
20461
5593
26177
4658
27605
26551
13854
12152
21932
11386
2884
18167
18073
16051
977
13545
17982
29332
8702
13867
4947
27651
6637
3825
32653
6893
11426
2489
17093
20957
13391
25213
2390
10957
17876
29229
16839
11836
2950
11868
28074
28800
15663
20794
31171
6494
22871
15810
24941
2520
962
29748
8506
5190
11578
10950
15578
31400
26767
24214
23614
10043
4315
28900
17404
21322
9482
9342
11510
4167
31898
3963
16183
26394
14752
21804
13341
441
7180
15440
25533
4857
6701
30087
16771
28836
25208
9738
3097
5067
10885
2712
13450
29533
28506
18100
16552
27897
2796
13325
11435
12289
17123
17982
4122
24304
13470
22199
2543
23277
17015
27899
14326
28064
26184
22285
15734
17732
3374
9764
7443
30461
24716
25510
27123
31596
8275
4692
5152
22913
29313
20418
21549
29585
19432
10763
31261
10921
22065
32194
9088
19489
30496
28716
7391
32116
23834
22956
29274
6735
13540
13438
29584
14567
27821
25512
11967
18576
10319
26158
10028
32396
19154
19078
19142
1312
14641
30283
27398
8429
14945
5686
15641
16510
6288
19017
9537
10782
26539
25165
20857
15340
5410
15999
26456
29233
9455
10375
18743
10224
16341
14505
13974
17855
30437
6975
19388
21206
24647
19047
9374
7270
28983
4089
9986
26412
14670
25532
14308
24389
25347
31193
24601
14916
7537
5519
9266
16258
21339
29737
5027
10933
21357
25645
21285
7364
19908
23767
9816
3802
19121
10693
15533
31674
32442
32500
17795
13138
8162
2283
3984
3218
8235
19766
14211
27006
29016
28438
10727
16770
13815
11383
31819
9734
927
10018
24992
30019
6775
20020
15842
12117
13815
31695
7419
8593
23283
6927
4324
23576
18133
27200
15117
9644
25642
11598
1279
25027
26720
25724
19520
7386
32461
23385
1398
13068
9460
9201
6864
17635
7172
21056
2466
28270
5026
3052
847
29844
29160
16435
5484
23719
23726
7201
7458
8765
26632
3847
2516
32571
3599
29482
13058
31282
21477
11960
17774
12015
16371
24832
2941
1357
1397
28641
5343
19022
2361
2435
370
24426
9123
28230
29540
29735
17397
5880
27801
32234
22733
2891
6988
25101
8688
31878
23032
1585
20293
30842
26233
15062
4389
18616
5230
13353
32210
20993
32483
1308
28740
2046
32045
20668
17452
18737
24340
9664
4915
14124
13368
14429
22402
24321
8877
28258
6024
17913
4329
29056
32503
11913
9952
15337
2320
10625
27245
21278
8225
18311
31476
9473
22092
32452
12358
15154
7049
6365
8388
14488
5358
15653
21192
21822
31023
27409
7488
19553
5729
30956
31644
28871
25859
27339
22763
23378
19518
13764
5696
26580
31596
17243
20571
29733
31960
18749
10373
5491
26052
18737
5308
14298
18353
19787
31504
23604
18138
13410
7245
26675
31234
8901
4570
15533
30575
27434
25313
1590
13111
999
29872
31732
4794
23653
23136
175
22896
9937
18356
23080
21221
27156
11075
29356
24065
28678
13274
22760
15757
25566
17692
29183
20979
13550
8043
4570
8261
4493
16140
28096
19073
3668
13957
7462
23828
19853
2122
7368
5532
15080
17305
2040
1778
12144
26787
31798
15976
4542
22508
23298
20047
18028
20724
24046
25021
1229
17431
12535
15757
25563
31666
1813
21158
13169
24711
23825
17793
30139
23907
24215
3813
3306
9726
8588
6645
28972
25890
11169
877
731
5647
30249
24105
19700
3359
25640
8423
19404
29606
24236
8525
3070
15132
2912
16430
13736
19326
20830
11017
22487
28913
8261
22226
2111
19625
11659
6133
11056
19721
7189
31641
30661
28939
16901
17953
3167
23267
212
15097
10065
30175
25504
4495
22493
13202
30663
15263
15200
9265
5044
24756
6857
28221
32761
13036
31823
26978
13982
251
32100
24736
11449
10610
2276
16296
23103
21314
15763
12169
29722
3963
6342
26251
3196
18522
14688
12123
3442
8579
20224
27497
16828
11659
2425
5263
24540
7353
7299
499
19309
18702
11184
29742
182
17282
12961
11438
24191
18065
15737
5208
16931
12790
1426
13682
10727
29623
18031
3265
20874
609
24306
30190
32030
19605
4815
14127
26134
16835
65
28707
32415
22582
7676
28669
32564
13393
21858
14052
29292
21784
3321
9882
13079
27122
14109
9820
4234
13740
14578
15882
3383
8898
15773
27784
27521
27866
18868
15716
31950
914
8946
25017
26333
2683
24624
20563
21338
6757
13712
12563
15791
10206
20732
6037
21278
13045
23247
20753
6412
9284
28369
18815
19872
31533
8553
19455
13965
12643
25870
8823
21036
30636
25599
22654
7886
12262
8756
9593
27728
18504
31636
16899
27632
23531
21096
11411
29278
15497
528
8536
8215
18820
27124
18792
25582
14378
9406
25882
3051
12599
16327
30128
22617
26523
1742
10810
17691
3198
14320
5047
32063
17538
13268
25724
11478
584
32295
16090
9474
27189
8776
22267
1616
9078
20548
27661
25928
14913
17924
23714
7491
30558
22725
23127
17789
20711
13001
180
31851
22604
6476
21332
32079
18841
20154
26438
13321
8188
25887
15282
17200
21378
5343
1472
12385
9249
27559
29621
10967
5627
26531
11104
8252
737
21234
1972
5055
25878
29527
22966
27495
16214
25137
12442
10151
17943
8365
27944
14642
11791
15418
9317
26896
17398
5949
5488
1778
12685
10758
13994
20931
5087
20483
7705
20095
18119
30004
18703
328
2482
14303
1798
15543
24998
21125
3023
31600
23684
25108
27884
30713
6538
23646
3642
30412
15131
19146
16851
30378
9667
7498
7986
15155
12406
10637
21912
26036
10776
10869
32175
4160
22595
21451
11885
7938
21316
20018
22844
15313
25446
12121
12632
12293
17268
17013
8824
4233
27769
13551
6832
28722
20170
31577
11158
3151
7238
679
18084
10114
2013
412
6365
1742
7759
32386
18867
17648
7222
23838
8489
28659
25927
2275
22837
9471
213
3942
7784
7794
16278
16146
976
26673
28330
7709
28190
11841
15321
19898
14852
22929
12061
11665
8673
28442
23904
21356
9888
25898
14470
11059
32733
25341
8366
21274
22346
7822
6837
2073
21330
19628
20476
13981
13564
22352
15212
893
3345
20014
10167
24879
19585
17802
25312
1340
13315
5965
19197
20977
26364
14936
6204
2135
9634
9240
2084
22118
29281
26715
19997
5494
9854
2914
27955
19702
14842
14903
24343
19808
17081
23873
11366
30572
28387
14613
23086
901
32395
4495
20655
23929
142
802
8030
26740
22206
1644
16944
16175
17728
21005
19476
17509
4403
3770
6849
6023
29330
4493
30643
16816
23900
4255
19056
11995
26098
1497
16400
18260
17600
13319
3068
15724
15647
558
9718
25457
27514
8480
10586
7645
16048
12109
14755
17870
8378
20188
4144
4022
4750
25083
5961
19028
16195
24947
13917
2531
19061
383
13197
5009
24043
6366
20079
7474
14967
32295
30731
13622
20510
20317
19498
26328
8569
22467
12241
28313
30299
2033
14600
4845
8629
13352
17375
30004
24246
3299
22707
28395
2358
1454
18350
20260
13652
7739
7565
3123
27230
16819
21926
15787
1266
12362
27945
29321
1123
10006
15270
14254
18270
14881
13519
25235
31694
5309
30592
29752
17916
5143
19964
10333
25339
28687
890
1269
19011
26183
13024
32216
4764
7034
29390
184
7742
10000
734
32086
21046
31983
24106
15861
23819
10643
22287
9231
20642
5217
8241
7496
4959
15416
26303
25760
27789
8778
25081
25580
12288
22314
31727
18823
19704
24101
30603
9797
17481
23254
14289
10152
18873
15605
3174
16983
5290
24176
10063
24779
9209
18365
8188
27212
31013
3694
10117
13852
3764
518
21043
16114
3538
6923
6722
10921
1852
24668
32741
31290
13148
14021
27275
30184
32181
20177
12129
10682
24450
9439
24856
1582
19866
18296
19688
31020
15767
22496
18645
4921
1591
30955
14129
3309
7939
8210
25442
16551
814
31942
7141
27775
15295
27141
11667
20604
21747
7722
9251
32008
17116
3337
29681
26016
31055
12347
28925
3024
15101
10679
14135
22111
25568
29858
26618
26823
13017
6249
24790
3815
22167
4620
20370
4348
16826
26557
18289
974
2616
6825
15285
26919
22528
27414
866
13449
9950
8878
19012
2080
24479
22810
4915
15862
3189
26323
12182
4454
11421
31285
20518
31955
27454
726
4853
8090
15765
26389
12974
16452
11343
14326
15134
16129
19510
22317
26355
3154
10768
17272
2756
30725
11716
32562
12626
27750
14527
17702
19726
27060
918
32673
8923
21970
32493
13771
21012
29759
15255
25398
7633
6728
7679
28088
23398
29564
24774
11638
10797
27233
10925
15170
22662
2405
15286
31015
6683
26647
30086
2369
29545
30871
17166
9938
32380
18763
9066
5523
27897
3796
23561
6984
27490
2625
5647
14231
18838
8066
27383
3610
3223
12319
9341
14003
19856
3626
13243
26656
2583
7026
9106
12495
18863
26873
2635
12787
15505
27304
15998
4311
14252
4930
21299
4722
12778
27799
8008
5437
9909
32762
21523
23873
442
8948
26439
26228
30700
31802
21532
12613
29132
21725
30634
15734
27368
2497
3222
10026
27298
12624
2545
6719
31283
18799
26973
4061
15344
433
6258
2639
1995
30155
6496
17170
12572
27721
5845
32556
22946
28031
28449
32191
30148
18113
31384
13534
26141
19927
4407
20639
19000
30891
5003
10354
28824
7493
31439
7857
2044
28153
13397
7800
30177
1503
19495
11190
30279
6532
10989
14724
26808
8159
27409
15030
28295
1927
2338
8368
15958
19491
29558
15484
20698
33
15636
13849
19171
7851
30672
3605
18582
14806
31160
23902
28157
22813
4527
18261
24771
7183
28504
21028
3896
30020
16950
6481
26779
4501
21521
3732
27289
16268
8859
15590
10257
27418
15443
16859
11546
392
25770
28977
25671
20912
17252
22185
24874
15469
9026
2581
13334
18768
990
2483
11049
29589
726
3769
9354
17237
24620
4145
22000
1789
8685
26631
11620
16638
6929
20065
12103
7622
22947
7982
30102
1520
16418
7682
13421
8375
20006
11297
26570
23217
23622
9434
3732
17594
20282
21526
5852
24365
1597
15152
24418
9563
2229
6151
29275
27957
14102
25170
23921
28492
772
13108
19212
2812
29368
19217
16592
6883
29604
10655
10087
28056
16474
27712
32640
13978
23978
26255
26647
2951
29450
10552
23031
16783
572
27406
15486
16167
16938
2135
14241
5634
8469
3178
26415
31037
12782
31101
21338
25562
2308
17080
21107
879
19424
11406
14325
15135
30829
1868
29893
21194
10077
30706
3256
9857
19911
17219
1366
27197
16917
20248
12766
21968
2077
19961
138
19739
10382
18670
11539
22658
6030
31635
31864
413
28321
13931
26108
26672
32205
15222
19821
9054
30716
18694
12972
17177
16033
18126
31338
1501
4254
18748
13360
5790
8294
24329
418
26367
21854
23822
772
31172
15498
7257
27901
12682
27749
24192
11163
30645
24592
19509
13976
20395
3503
16923
31452
10816
15377
24536
32066
3440
23439
3436
6815
25684
26166
27329
2305
2895
2856
23938
32308
27785
10559
12593
8075
16542
23796
32116
7900
18327
9599
18096
10445
3609
25920
3289
2126
4828
16734
15497
9063
24671
9390
13903
13620
28378
27094
24649
26926
25205
28850
30197
15275
31159
8950
2628
17321
16449
11285
28656
18887
22972
26722
31760
20628
30992
20341
22250
29196
22486
24017
20232
13920
16913
16836
25230
18422
2584
20366
29386
10417
30935
197
22029
19570
3639
759
15289
15583
9691
6546
5788
10851
21517
22273
380
3701
3832
28952
20979
17182
30743
13490
19838
13237
23021
23704
13520
2798
11767
20389
6508
531
16095
2600
12658
13712
15090
13962
7609
8885
19156
14641
22047
12984
114
13219
12317
30457
12857
17135
13215
31370
5766
32073
12818
19695
13149
29428
21438
10786
30301
13925
3926
25563
2291
12197
16333
28685
13519
16119
19564
16564
27796
29371
5922
18638
19668
21650
9499
21159
10555
4547
13715
2906
31242
733
15085
26517
15815
22174
27135
17820
9011
25620
21425
28817
3965
26626
15558
26866
21685
12677
10233
5731
11395
503
17996
18094
19225
9236
16797
7688
7782
32347
5498
23702
3469
9399
27190
7471
19605
11615
9788
29028
6242
19707
10660
32445
28388
32264
26628
326
6030
14205
21641
22346
4106
30383
21574
31327
12587
8306
10955
2466
8227
32129
5370
18756
24566
22048
1558
15174
5934
28927
15133
13696
24017
31074
6232
6376
10128
4223
1328
3601
7745
3623
14915
27378
143
13481
13751
9705
22768
23540
18894
31232
8408
22523
31163
8302
9261
7774
6325
17249
14586
28486
24393
3578
8039
1424
27380
32153
7657
4655
23537
22620
11702
1739
1360
27874
19324
29614
25416
32597
16466
31969
19406
1959
30447
10898
3430
9499
12569
6329
28730
27400
12641
18940
19817
27354
11534
8655
12449
8025
6743
18911
14320
7470
11989
1713
9687
11426
8759
16262
22945
12458
2360
15747
8690
32545
23758
26126
7587
3668
420
29819
7885
7107
25547
30440
17444
12326
31405
4709
15495
9391
18754
21081
26837
3471
11910
1825
20481
11707
6698
30713
6505
22512
31113
27680
355
24820
28895
20279
31769
1824
13493
29930
31384
29467
6048
16339
1571
13800
8235
12187
9677
26659
15122
6755
16967
20103
23985
5474
31734
10164
11451
20687
10056
1839
31535
27393
25417
25003
13704
32469
32369
11911
3381
29008
7616
17047
30792
17029
23054
18471
22898
26041
18332
30781
25647
25798
7150
31007
4414
21181
26077
1557
14164
20943
3048
17520
7185
12398
1227
27083
4403
25007
32339
6033
29194
21747
26224
4032
5420
28870
2700
9964
1641
13575
16667
6022
7425
18506
20851
6750
16917
29818
3550
26727
31580
22211
21486
2490
3607
18094
26385
5598
20039
14478
22885
18759
28189
7964
30414
5148
25010
4190
26181
1598
11000
12749
30067
15493
8689
12214
17022
13133
3358
17377
14371
8753
7739
3953
4101
17686
10025
19467
20292
13932
6956
6202
29010
16048
12374
25362
13570
15669
13635
15124
16354
3621
28423
1106
3019
4546
4965
22996
21174
14578
13122
7737
27857
15099
10584
32673
21715
22667
24879
29387
18060
20475
2633
27003
11200
26324
2973
18463
19253
11411
19272
24241
28171
23209
7806
26847
28492
30150
30150
22890
27076
5207
6503
29900
30739
28238
2589
32541
15104
6689
23057
311
6672
6933
4616
26905
29272
9404
30427
2441
10127
14268
17191
15614
19303
31699
10565
12220
20253
31512
12669
5441
29519
8836
18550
19680
27151
11184
4593
14764
24373
21472
21431
20887
23289
1089
3280
10203
12993
20335
3318
30361
31799
26682
8266
27584
13983
30122
9029
15665
7784
26689
4848
18465
24320
13439
27992
16318
5869
5804
30268
12053
25114
17361
13322
21043
24174
11272
14602
2698
24227
12789
3288
29335
16214
31637
18967
21698
4698
16438
17508
2438
5202
14279
19081
209
8319
3922
22771
31406
5846
1735
20583
13089
26710
7163
1264
1362
15768
26352
14620
18926
27560
2903
22887
29899
11027
25427
3064
13771
17729
18304
26763
8450
11269
6196
27823
8731
12147
27653
49
16119
17906
1931
7640
28056
6802
615
29778
318
21919
15747
4975
29391
21366
3740
31117
2172
15767
17662
5460
8354
14844
27535
4003
9198
9385
27663
29129
25285
1925
30622
31737
25059
17512
22655
16376
23106
9589
4379
21529
28733
18346
27721
12907
26101
5045
25292
6193
19700
14601
31261
31122
31504
24370
108
23954
18066
357
18913
13889
19864
10332
21287
2354
19640
30305
27947
31791
18662
14760
22049
6699
4248
30945
25545
25720
22568
11790
8944
1083
30073
9106
4153
12316
32477
10123
19997
6722
20790
2402
31793
31358
16732
5537
5031
2246
31935
1028
27928
31718
23886
3026
21377
24690
13463
4717
18571
23551
21039
10280
24079
12434
18772
18266
18649
5209
14801
2481
4268
12697
8226
18376
391
25320
28889
22267
16935
32668
832
22906
13261
19587
3904
21660
32577
25813
17025
374
29463
12134
12499
2989
5937
13344
9165
12936
6533
26033
3507
73
30752
13185
9117
3006
3179
30695
25302
30739
23470
5788
1411
9962
20690
24432
10885
20653
17259
2363
13472
30499
28662
22807
9436
26178
17758
18892
29739
14149
11206
18316
12365
2558
10370
21473
24561
26732
870
9699
29213
2192
20804
6830
15567
24701
1968
2579
20197
16559
32262
21390
6458
26781
32687
14200
13074
18833
21407
20606
15800
27576
23842
16722
11109
10613
14809
27296
28004
13563
255
15684
19828
7195
2033
31930
30318
15962
20462
1494
28711
26951
283
28085
4760
3852
5834
3315
13372
19266
8443
19230
6074
10762
16163
15979
23748
25945
14381
29608
30783
3219
21439
29298
30628
19036
22718
20904
5030
15531
21780
28704
22037
4895
4785
9624
22274
26519
24015
32751
21796
1277
123
24725
11642
4194
5969
3648
30258
18512
9095
3808
16586
20059
32301
24022
18293
12026
4274
21088
2496
7061
30379
19032
7285
2783
27856
27935
12479
13158
12615
6868
5776
5225
14630
23497
15936
233
24371
25655
32119
24834
28654
48
6988
7548
14033
31702
26542
27038
28886
23499
25091
24386
18490
31208
13072
8495
15744
23090
32281
30626
8634
19465
19785
6958
1540
11171
7508
8646
17489
22457
19546
16921
1386
12160
28687
24862
26675
11483
22297
7663
11824
28367
14777
20442
4425
18487
23982
10933
9930
9913
12630
32115
29614
26104
8727
16117
5661
25355
12797
23842
10291
25647
4260
570
16387
10424
15193
17511
12508
13646
26748
29590
29131
12373
16936
31108
19808
25261
13335
28
16053
12444
20671
20992
8109
7944
4545
10598
3194
14570
30596
24869
8290
26879
19485
15375
28610
7105
3443
13954
25427
15765
17056
5690
22700
26950
16538
11369
11272
23218
8722
32266
3914
31171
30364
18034
21054
4513
27921
2088
34
2086
32049
8182
30309
10643
21645
3648
22702
23681
2725
27285
1568
21018
24653
13700
29661
1672
3669
31921
4296
9646
26472
1320
5776
10262
20789
28656
27626
15403
22733
3300
31773
20393
26188
20414
10180
19793
21436
7029
13007
25313
27446
22473
21452
25411
4170
1307
18533
6405
6306
17027
4905
7433
6113
31261
18063
1406
8913
10147
311
270
19902
27969
32628
12889
27165
27300
26120
24483
18290
2645
10798
19145
31600
14661
15070
17786
30049
15529
20300
21923
24776
6663
32434
32299
6981
17809
1359
32737
16826
2739
23215
9907
6316
25320
32046
30496
21484
11985
5816
20464
374
1416
24274
21538
7065
3634
24030
12582
1624
6099
30106
5452
31761
25447
21227
27261
11612
21550
11481
10537
6198
31303
29914
22400
23135
11136
23635
2277
768
7789
21340
29087
10129
15287
25796
25298
16378
6583
4948
17070
3576
22083
7256
21735
5059
17096
17244
26469
24046
5785
2868
14140
9358
7047
63
8670
1950
2226
30700
30352
27298
32671
27004
31770
13195
24458
17418
32451
28891
25341
26057
31356
11017
15265
6286
13660
25895
8277
14222
24140
4290
381
25192
1028
30986
22428
24934
30774
26930
16422
7935
29448
4634
23695
23201
2760
29484
10152
30894
21467
19076
13611
5061
15607
20563
3988
13122
31635
16773
10291
19208
7323
32161
3456
26750
3431
15345
23470
12503
12526
7140
7043
5271
21815
5296
870
23634
7441
2107
20154
29367
12804
32060
8042
4046
21127
17565
7621
10622
4211
3621
19085
19794
21432
12371
14154
18301
30031
10125
6372
15131
1648
4218
26737
4025
6148
8620
1612
22552
5725
26754
4967
5678
3365
19788
29922
110
26516
8881
13788
11337
230
17486
15241
16885
6413
2208
32644
7533
419
2596
17511
185
5922
3004
30874
15215
23127
31829
15208
27514
15892
24007
14424
15130
32038
4860
19642
16428
3206
22869
11136
24748
32212
29001
29519
24696
26112
14928
27350
31830
7243
17919
22367
13881
25966
9844
8611
14016
24344
31732
15587
26624
16286
1491
1076
11651
15854
14996
539
23952
13766
11090
22105
24493
23587
13919
11784
5219
6139
19754
487
27201
21294
20838
3827
17444
22459
19816
15671
5301
3375
3025
26852
21298
10852
21102
16804
11634
12135
17500
13356
6947
15290
12144
4624
13911
5308
18645
27612
32063
28773
7415
20832
24885
22582
13984
27723
18176
14448
16737
10492
23636
28549
11060
24980
26265
29132
2399
16208
28397
21880
17564
17942
28524
23243
20598
15949
26031
17543
29174
28914
28306
5286
22911
27112
20283
330
5111
13456
3928
13815
5927
18074
2215
13568
28005
3355
4028
27967
17520
20447
6655
22537
25499
24320
1268
13153
19758
16055
25279
11372
3849
17779
28647
3622
1674
24616
5722
18514
7089
28906
8625
25271
14210
31674
2230
12425
31147
5536
28707
22566
29031
18938
19117
771
23970
27155
14913
18917
14430
31479
5774
12628
4437
13702
15555
19020
31712
19656
3226
19255
5143
28288
13973
13592
24378
12804
16263
22793
2896
26955
23895
20967
21005
2120
4353
17996
761
5750
8669
1725
30927
24245
24100
23589
32291
20820
17584
6786
25928
19567
31747
19423
22385
15995
14987
1922
7958
22303
1061
18790
29082
14917
24799
24044
31786
26994
28930
13773
14312
22354
592
13907
18761
22936
2698
22985
28347
27909
11061
13360
17036
32709
8862
12339
21511
13826
19996
6237
23520
23732
8597
16522
4050
32438
14403
25499
22918
20511
25272
2414
29879
25551
22048
2318
14484
24392
24775
31526
4197
8384
18395
12476
26482
2932
12914
539
3104
28222
17870
2577
20062
14442
22240
8539
23871
28870
21772
11870
10216
8952
21036
7448
17837
14100
19415
4949
10615
26478
6627
13606
9321
18605
9768
3471
31683
6177
20871
28544
5638
17495
10796
25350
857
25578
22287
29379
25899
3739
23745
28060
31002
19620
8037
28849
19219
4170
17916
19858
21179
28082
25319
8368
14
1269
1446
11281
31558
21110
6630
19016
7167
22900
14267
3493
23448
23771
18730
24489
18140
6752
10474
13500
13026
15308
7787
10274
14641
29336
23320
5164
16168
29115
23770
31403
3230
14784
23005
20906
13765
27419
6550
2141
23636
4797
24325
22612
3045
9446
18487
14068
13723
6715
18192
31528
3849
25368
5959
2900
22607
9511
21938
10123
19846
30514
7364
9217
18271
3893
19028
10179
20230
5816
21151
17317
10573
6491
17553
30076
7430
16819
25408
27534
30896
22612
30906
7239
6999
14639
17920
1582
1205
13087
13394
11287
12445
1470
11181
8601
16794
29053
12947
15298
16083
3572
15114
14858
26929
23158
16615
31622
27588
15593
7500
5214
27491
25300
13168
22401
14739
14522
23198
10391
11947
27559
10625
10808
28469
10504
1694
7259
8342
4287
8738
32529
20722
3447
15582
19827
5706
1845
24720
25816
10471
9264
28004
27724
31996
3043
8378
20542
8071
24672
31018
9849
23160
25063
7109
3670
25621
28855
7838
24879
7581
24868
23690
18198
9515
21994
13859
967
16094
5313
25619
4060
22839
2354
16015
21056
12482
27048
7713
3558
22265
13002
14763
22459
8293
27912
9641
10457
15878
28788
22710
24829
1525
6868
22866
19771
12104
11253
30946
1776
1334
15426
16376
16121
21884
404
28629
18722
7678
22092
15660
31713
15794
13984
10281
14405
11450
10290
5554
11817
32720
16359
3565
12461
15079
14838
17410
12007
14095
22591
19234
9429
8090
31455
7368
6294
19069
9985
21566
30682
28665
28662
17252
27032
1402
30345
17581
26623
16319
29324
28266
13998
59
31415
2891
2343
12731
32435
31778
28033
22602
10097
26347
20318
22609
4544
22282
10013
14595
5919
13011
10577
26104
6351
10831
2673
13336
301
829
10961
11707
28479
26200
16080
27151
16525
4568
18259
29625
27954
5435
28275
703
27186
31301
7283
3493
1550
32582
22773
30166
29590
18075
19565
21318
30463
8055
30165
9046
26933
19428
26787
24312
1394
26628
9976
15379
13584
22173
27674
7721
19868
22228
31524
31287
29995
10041
17916
12764
8433
23044
134
10686
25103
16030
29719
7978
29869
1124
10029
250
17737
31399
11613
20412
24654
4599
13196
18704
32745
673
7266
25170
11288
15478
16636
22137
8452
974
10721
19263
28560
24525
21560
20867
3122
15845
22328
17643
16386
28316
32223
20173
12304
24464
10471
4176
28411
14008
3318
14286
19647
13036
8469
1405
22735
30120
20835
847
19044
6669
18954
29718
17172
15656
28275
15852
8102
23415
20662
21458
19237
10153
15701
25239
18483
16038
12073
17660
25760
23759
16284
789
19259
30855
26393
24818
26600
26098
8641
16511
20979
26620
19552
23209
12452
21150
19871
5058
19988
8797
24443
28455
19518
11539
3317
26144
12377
20465
14347
9735
14438
16069
15336
31149
12037
22649
32600
25081
12684
9436
2942
8658
7258
24486
31433
16703
4457
13494
21540
19405
19747
4509
9837
20018
15735
12384
30761
22319
3883
16250
24438
32699
9588
19233
22080
15965
12228
19402
7864
2522
20963
32239
19458
3856
4673
26384
17198
32290
651
11256
18538
13013
22140
7233
27766
15418
23798
5914
28248
1934
3921
11592
25936
12894
10995
9323
18190
18414
2336
16259
7715
28124
10516
28850
1206
17409
8271
22596
14200
31640
25905
13548
21722
27042
10182
10576
7293
6281
11491
31432
17129
7427
24434
11619
11651
12857
3082
8492
10937
24873
31427
5291
31360
14152
23368
12462
15104
20588
14125
329
3469
14314
24195
27
2010
25851
682
5075
17769
22117
29543
10483
11590
4439
12854
18388
16373
1940
20450
19434
425
10451
18514
8266
21687
9062
20646
9577
22601
6171
19331
9255
8023
17760
22442
29196
21459
28074
11472
10961
6692
32023
15018
8994
18646
12882
15943
30882
18576
20151
16802
25392
12358
4535
14712
11113
29103
894
13655
27245
10746
21204
22008
30438
27325
19009
32206
9031
3886
8309
28639
12626
29077
10214
20691
7901
5377
8635
15946
12245
5946
14313
28787
22915
32504
25244
6619
29454
14930
15576
31106
20290
24953
3168
21300
9103
4518
215
16918
24661
29777
28197
6528
24159
18084
1564
18442
1453
29999
21852
28906
20854
8157
1907
12157
21869
6695
13897
14627
10308
15239
18620
20816
22382
5168
9351
17376
18474
23036
14184
22955
10685
8614
7042
31578
23806
14393
23296
30329
29976
12488
5883
6349
13708
31328
5533
5607
12661
4667
31623
27385
28688
9782
13425
13545
14971
15237
20240
11428
30397
11686
20541
15797
13319
6547
16723
27414
19514
2364
32217
30277
16040
29492
1121
31899
10271
25259
20143
32474
31780
23452
29982
1797
25468
20295
8512
24692
25585
13538
5061
5671
13650
6796
16798
11099
26556
17026
19554
16987
16152
8341
23024
9625
26597
19420
3926
26365
26936
14502
13041
2429
30720
20146
14806
26862
3983
12195
17521
21529
29526
16814
20076
3346
32240
21142
5586
9157
24931
26330
32117
24274
15522
2349
28301
9883
10838
11814
32161
9882
11485
57
22187
6393
7059
10214
13431
28764
30033
25648
26444
21506
15412
1873
11982
8716
16032
11180
27427
27676
29060
13571
26965
8738
16351
29162
20215
24435
29571
29051
26892
3612
6937
24908
25124
21621
4453
1950
9160
249
2507
11735
26392
26708
17938
3891
14515
27070
22889
8118
29655
3464
7335
16229
30922
29172
14295
11701
8824
31306
25844
20804
16221
29736
20465
10183
4517
10010
14332
29251
6802
618
13828
29057
13599
23866
19577
18108
17379
31951
9299
19612
30263
21808
6997
31848
26779
14320
1939
13175
9302
25928
21554
27879
16989
13161
23407
17298
13686
16399
8674
20542
32669
24666
22276
14356
22183
17114
16112
32596
31781
30696
26982
29766
19595
21565
23061
18036
18834
25021
1562
7702
9178
21140
19140
18382
2004
10884
16794
18581
12767
4733
5535
28149
3505
2671
15828
11898
25849
27996
16639
28259
24898
31665
26283
31900
25883
24534
31088
23537
117
24836
32372
11388
1100
14423
1586
18783
31114
15396
31354
28345
32552
21900
3513
31698
21398
29777
12155
9625
3421
29929
10798
11601
18179
11473
20009
28551
16942
4388
19949
24391
17933
11116
12202
16783
15604
20664
30725
15620
21830
20207
29208
4580
10648
1123
14522
3644
13331
5545
25857
4699
4378
13737
1542
14726
21805
13297
17896
31469
31246
17743
24596
22238
10018
15006
19651
25657
22809
6624
17860
21028
11474
19853
2171
12799
20856
24107
31018
7579
26098
27167
2927
3494
17786
20419
5134
29802
1931
15800
26609
28856
14081
7550
27757
11550
1148
3137
31943
16224
30725
22006
18679
7206
26100
9895
4523
29427
11024
26123
25999
1622
29689
29018
17356
21604
5059
10079
18382
9061
11748
31439
16971
18126
14160
32473
25473
12400
4834
8702
23231
8686
19710
2851
3878
4724
14965
19685
21937
7334
32424
25388
18547
2263
15601
12035
8992
18300
31038
25767
18639
28640
27647
8157
22270
5913
19779
4745
27095
4922
23325
381
30130
32458
8013
911
23002
4213
14364
14062
4244
6914
10376
24758
8285
18821
29601
10945
12916
27606
1843
29633
29336
26433
14757
25995
7187
8063
24353
17846
22519
27621
14838
13413
20648
27868
19002
19809
7834
21905
16563
24427
29276
32238
6392
11728
8150
20680
7891
28733
28367
27226
25322
1237
21682
31474
25246
2177
31633
16874
26420
18823
14954
13530
24626
18527
25257
9996
15628
15042
1775
1328
2560
17667
7954
31057
21567
23970
11621
2824
6477
3871
18745
4080
17834
3084
12963
89
1714
18790
21376
1089
29634
4901
20919
19584
21148
20242
5822
3138
31501
25049
28768
9914
7629
27231
11965
25877
29350
18261
25490
18605
4568
6926
9914
19840
31933
16781
1013
12512
6569
27875
30185
4204
10004
23480
4710
30014
27131
24103
19438
8038
7043
7375
27765
9623
23008
22054
11621
15649
8309
1553
4325
15903
2876
11186
24667
14322
26985
8577
29743
10734
25418
15263
10451
13394
14194
8295
9472
21886
21270
3909
21826
1888
18871
2507
16566
20784
28673
4865
6930
8541
7668
30973
14311
967
23617
23732
17187
2094
247
27664
25306
27882
32606
579
9798
25053
28451
8794
26124
30631
3766
21
31168
3864
17649
2806
26284
23787
26106
12184
27597
21937
16234
17218
3871
5643
12207
19900
4123
6940
19631
9569
25469
24382
23981
4470
7242
12020
11377
26298
26130
18977
29091
21054
29810
9591
24697
18039
3038
24625
5522
16018
1949
16901
27937
19463
277
21844
1101
8817
31817
29093
27096
5533
15776
19025
16895
15841
11496
21887
24994
13999
27034
8019
9381
11113
29792
23907
918
9847
4564
22123
11408
22168
19083
29249
9055
15989
11346
1547
11492
636
12471
12463
2491
18667
27852
23435
17436
24619
28199
13159
5375
8032
26925
11687
9348
13630
7313
28101
10641
22814
3607
7935
11453
4689
1182
5709
29293
2484
25437
20630
20540
6532
19053
8483
29089
3956
8327
9300
20428
21757
27152
19090
24784
29174
4434
3972
16903
7524
1037
12678
25010
20627
18990
32087
27617
4198
31198
529
32403
24811
11454
16735
26909
5938
23153
12266
31440
32096
15452
6676
9430
31999
7849
16617
29533
17304
17042
17234
8696
5508
13788
10124
20289
17151
17313
6361
5060
29566
25171
11638
24
15171
17150
18636
17999
12078
26061
28138
4753
27350
22480
5683
22275
15576
32252
24660
3821
28015
4468
11130
15645
21317
12551
29377
10630
10889
11257
31983
8749
25154
27142
13410
17222
21475
5284
15175
2713
6431
25993
4109
14891
29694
15981
22041
19995
32049
28177
5820
2506
3235
18048
3682
24638
4176
26772
23052
15305
17754
26813
6400
26853
1881
12542
22206
10339
10739
17464
20791
11461
4270
18091
28474
1768
30977
28602
31535
17894
10929
18670
30215
20026
603
24126
5747
11301
2636
17294
18516
25937
5529
4981
16499
3509
4461
19267
30835
9144
157
10307
9988
30617
21890
27197
2137
8718
7687
7999
2779
20011
13825
23709
13343
23174
29631
2359
21013
5529
738
7418
19587
6503
24943
31146
10930
2659
13091
16606
8552
15757
24327
19276
15637
2526
11076
9542
31825
18662
19255
13445
28294
19124
5064
27430
10986
16630
18936
11250
13233
25953
16314
17378
6528
24403
13060
7394
29476
11447
8997
3542
32132
4650
4185
27611
30676
22107
22939
16591
4108
19640
11450
19219
29593
29511
15535
10895
22610
10193
12846
24311
4525
14406
2683
31565
1587
21085
22655
12968
6449
5755
7195
8755
23729
20950
9148
31864
8104
9178
11312
31199
11377
4812
12984
12913
19322
21421
11614
17634
24126
18785
7560
28367
9843
32528
12494
31300
3460
8653
25609
9345
65
15733
23724
25086
13014
16602
27736
9132
24825
3361
29354
382
24168
5225
4440
28200
2963
19374
26236
22567
661
29676
16687
23553
4201
32391
1114
27598
20059
4330
11209
4087
28604
27502
10113
9534
6106
14206
340
15358
19504
250
178
31924
22233
24280
16578
13759
11595
3857
27825
30308
12097
2491
5707
23317
20985
20338
23240
28403
2976
30461
18920
18065
4875
15919
17218
14331
18343
8714
15832
21495
21939
16939
11760
1162
27308
4962
32031
29886
3593
9632
18599
9635
29225
278
23043
21652
20874
24219
3519
5819
11323
16206
7309
19928
31124
10109
31382
23101
8740
198
16654
11805
21995
26492
22027
9735
4809
26445
18071
19118
28471
27425
1795
24555
32053
25668
3455
25861
22915
27848
31464
27183
15124
26917
17889
24402
5824
27939
7205
16397
11065
26618
28188
16635
2368
23479
22700
25140
27673
9185
24913
2838
30268
3933
14448
4933
9805
20879
30184
23792
6222
3778
1003
25686
26388
1994
11276
26761
16887
10471
31384
4466
2766
32749
27690
14102
4123
23970
6522
11799
14210
9832
21878
15742
11392
5660
29076
8631
26457
31549
7270
16605
8274
11601
3695
29753
801
17028
31029
2821
13986
18579
27799
27253
3275
1256
9825
28408
28386
7
30
29371
23021
24616
28461
7534
32619
22309
19223
24908
24129
10135
20000
18773
26615
1340
1052
31966
1572
21661
7044
7244
5159
3565
19657
23325
8472
18227
19432
31528
3583
10668
30783
3365
23619
22122
16031
6767
16485
32322
24994
7177
19693
12517
7231
25311
18853
10061
21147
21839
2822
3419
17698
9704
24048
3774
31191
26482
23454
11030
20456
8750
14808
5465
29062
20063
27498
8822
6131
22536
9430
2873
21981
4088
6470
1391
23530
11780
964
30794
27540
18580
20653
20487
27703
25953
31587
13517
22120
1916
29763
10457
27017
24211
8919
20952
24474
31600
22604
29076
4946
11714
17958
20947
19567
28448
19762
10108
9802
32587
14524
12540
17582
5555
14851
5096
19178
19517
14314
15844
18725
10052
18160
19651
5106
24286
23906
16880
14885
19808
6096
1292
3300
10020
8637
31192
28161
24457
5786
11606
22663
24380
28406
24107
22418
28598
19951
25672
24420
6
17132
15305
15542
9937
21390
14109
3660
1431
25059
7272
31948
28983
17117
12837
9424
950
6403
32528
26426
31548
18279
16707
5064
2655
4312
24735
8680
32164
14168
24685
27597
23107
12241
5189
8130
23083
15875
7215
23486
26950
3265
27657
10041
2046
5725
25129
16191
14080
29025
12611
26819
20544
21887
8588
15669
28989
27851
27935
9559
23174
17704
15264
30284
26749
30208
288
25841
2395
20025
17473
17265
21620
7780
3995
15636
9917
29495
4702
1112
26763
21565
13368
10051
24733
23244
8313
32247
14429
13624
3189
26503
5475
27206
15657
18697
27707
28899
4130
749
28776
28694
2971
20621
17832
15156
14822
17924
22138
24147
21517
24644
29662
20224
32696
23395
8796
5429
9297
17206
14407
133
7015
29217
12611
15770
16464
29229
23301
24545
8979
29787
16218
13188
25221
21049
28523
27545
29105
19890
5183
153
19581
810
26753
21267
24459
16843
32644
26273
10078
15897
32132
18716
19134
21197
9519
31244
13405
17376
24163
26210
28602
14310
6714
19562
19782
23453
14404
7163
4550
25542
20755
9969
13560
24883
2557
13788
29561
6946
22045
21754
14310
25545
18587
28003
8001
6962
23597
32388
7319
21577
21470
3022
32736
20532
6415
4783
25639
17378
15035
7362
18667
7143
29183
16963
23236
12935
20441
12485
12106
11280
30768
2599
30770
28014
3604
12228
29114
24825
13640
19946
4168
32145
19709
15246
12621
17389
18401
573
21360
9776
17752
8790
6633
3517
20489
26487
7978
29517
26013
24885
23237
15679
11203
21520
7818
22575
30328
13989
28399
15817
901
3878
15030
24031
3913
17672
13769
7610
9912
15099
23401
25006
23204
17695
23431
21745
14396
20341
30578
25518
10962
18580
4531
6996
10977
9373
30005
25908
24142
3184
6058
20299
3566
3360
23337
22364
5193
23461
4892
27715
10653
209
20569
6533
12582
390
14479
4395
27549
22309
27876
2001
13055
19529
17372
5882
9103
4534
23165
6566
22046
8076
16561
14119
3978
14017
17643
4144
2437
5837
8973
16943
14487
15271
6794
13532
13158
14321
12231
26130
7990
32623
7368
10207
17836
13758
13576
1239
14295
21827
16552
16045
8817
16993
4812
6916
14177
7919
24387
29314
20613
29161
4966
13862
12207
30565
13890
24284
32749
11465
5113
31567
31758
27964
14437
20479
24161
12890
31999
15763
32192
19756
11775
24944
15309
11095
2757
9354
10364
31891
9592
11386
32466
19551
26093
25298
24300
25588
13258
1709
26946
2167
3051
31882
7981
26994
1284
20570
11431
21381
1928
7639
32594
31577
15562
21272
20157
29910
31075
354
31202
10902
9939
12354
24051
27033
28779
26328
2646
21818
14186
24438
30190
22369
4710
6506
6556
24827
23533
15639
5125
3751
5229
1611
14998
1458
6993
10444
15302
7494
877
25396
13979
10206
1692
13311
27504
28925
23719
25827
27125
17184
31081
24672
24695
2545
30257
1431
28770
25789
10856
28255
11268
15656
14196
23446
8595
13856
3035
15285
6002
1807
8620
32679
23984
5973
31771
12764
22738
28149
10347
921
10706
18830
17937
17554
5991
29838
23062
30906
7303
10658
29117
90
16426
7281
22630
1632
6738
31369
25778
10490
10824
30873
8424
4196
25128
16354
21143
26623
2975
20456
9597
28066
27124
10349
32168
2868
15685
20383
13531
11899
2836
2193
18227
21295
20482
19944
13066
29523
32473
25815
4124
20933
28880
7245
8680
21267
11019
3180
26970
22672
7522
27198
31142
20903
15971
17315
5239
30576
10394
14222
20809
26241
7440
32369
21523
2823
3857
22262
22314
4885
7474
10992
3170
23355
7059
145
6518
2395
4962
3037
13226
18872
23456
29790
7854
25168
12072
8986
4806
4204
25581
11458
20008
25717
10115
11308
21925
4105
25825
8451
10380
23118
14181
9918
27596
11910
3864
6094
20568
30948
27188
28956
14544
17822
18403
2482
25181
22084
14410
29368
5341
8528
11718
5027
7744
28670
29557
22185
7473
3678
27897
31096
24313
16807
888
22055
21665
30926
25575
14445
25431
27479
29321
4881
5140
6764
6066
10657
26235
26668
18897
615
19203
14661
30893
13465
2136
21701
15855
26320
4095
30253
30433
4539
1593
17863
11125
23317
299
11066
26249
7380
17211
11868
25449
27812
29885
23111
13462
14227
8399
22191
18374
17934
31105
11123
27435
15372
10042
25201
14328
27017
10071
31647
1570
32566
32276
26456
19811
31599
16304
31475
6021
25453
13516
5018
26589
7357
7701
23385
15382
31472
23330
25718
2608
21909
30879
3841
24519
14948
27052
27819
1689
4028
28800
5852
21059
15184
31314
11007
31563
8477
29305
24865
11107
3743
20690
28858
7916
26180
26466
14282
32698
7969
13116
22568
23831
27875
13477
16151
25866
9225
4727
19227
17113
11857
3267
1035
18124
9072
698
6502
15156
23046
4046
6890
2732
1233
1044
8035
7071
12321
15341
19906
1290
13196
6885
31854
131
27618
11739
23263
15739
20836
14435
22888
31168
15920
12648
17236
837
30976
29462
16181
1830
22548
8694
10617
20967
4205
3931
32062
25853
1340
6910
16232
1423
11162
22501
8176
10365
22137
30857
17790
24482
32475
17975
30523
11350
23618
10167
6368
23351
24935
31532
11540
19754
28974
18235
20980
20892
24538
1903
27635
30222
5245
6108
29412
28368
24243
1027
5461
32012
21648
15606
9759
30215
19671
31421
2107
20388
18797
19703
3287
22058
26125
7876
30633
28486
7996
12771
7556
3668
1408
21784
20777
15834
12493
22993
4703
25173
2112
3336
13126
6713
12816
14187
26600
24371
16321
26811
29713
19633
27290
4722
27489
12196
29786
13736
14239
17284
39
10295
22864
16533
30663
13598
5768
8042
20754
7203
3073
13735
18343
13501
21610
4107
24287
14384
14849
11693
16383
30458
9828
133
18610
32110
17572
22319
23990
27551
2460
5100
21973
1151
5761
21738
4375
14408
10682
29125
4150
11803
4593
29261
8274
4327
22378
25226
28390
9101
3987
10237
6651
24642
3805
15401
4251
10036
27851
28754
22409
16496
3656
7813
1583
13571
10814
27608
4056
17247
31844
32755
11551
29441
6744
21967
31143
2897
7917
2494
6669
29130
8134
18604
32283
13146
8484
17572
4927
15628
31740
21142
31547
2020
27213
5463
6941
15370
11696
23017
5746
3884
1073
2301
2743
25117
24413
20918
7952
25026
4508
29104
15421
12078
26049
15937
201
21260
21728
21246
17796
61
20063
2433
17972
27075
18000
7786
17032
12254
32254
10148
11085
10356
15046
16362
12260
1718
24361
2953
16372
9729
6687
31335
21852
31746
8365
27460
6764
30238
9657
5184
16468
17937
1054
21661
6620
25045
20220
21447
20054
15045
15441
4497
14545
28674
7630
19394
18320
22
23523
23760
28603
15831
10013
30699
2387
3214
21425
26173
10091
10073
4953
10609
16534
30670
350
10098
15260
16353
13558
17269
13425
6920
19921
2105
3431
6813
12015
18317
8354
387
23476
21268
9676
25356
11070
12869
8203
10522
17910
31157
26672
17797
8549
10137
10034
4797
28234
10630
21722
10161
11497
28540
3775
8943
23461
12323
23413
12556
29649
16980
11778
21062
10436
12251
15761
9064
7467
25980
1387
11758
676
9268
290
874
22408
6080
30991
10278
14087
13924
29439
4363
28539
19941
6954
14529
21238
25047
14693
4120
30237
16159
1688
19879
20794
26800
30321
24755
30604
16792
18778
2898
22754
6208
31401
26575
16744
30447
24343
23889
3008
23953
1908
18360
14676
18615
15257
22216
25835
10718
8605
26761
17275
13556
25932
25325
10046
10008
29652
20660
14600
27298
8130
17805
23512
15459
16685
19838
28333
13870
9777
27525
24731
25238
26528
27520
19229
15866
30195
2890
1709
18623
29319
16167
28050
3805
10502
5474
16634
18589
15650
32052
25672
30881
24714
29928
25263
11044
9494
25405
29440
14979
16197
8204
28096
15612
19690
28714
27006
32694
29730
30864
29027
13058
28297
27833
2571
11233
21678
31820
30867
24262
15812
17403
32756
30621
1946
17835
2191
13067
23245
11221
26121
23800
16188
23596
12120
6219
21692
7552
23838
21492
1037
21730
8758
4400
15373
7689
12941
24328
3884
17140
27700
12059
17696
22225
5811
26526
13530
30750
11423
22177
31416
32270
25455
27284
24316
5422
25995
21513
125
3912
29350
29884
6044
27271
23118
16336
25978
21469
1217
28507
9064
10402
32259
13093
1695
15230
14125
15533
11314
24712
29192
19565
320
1199
2778
9311
31598
21594
5248
960
13716
13643
31421
4116
17591
6089
7890
20330
22840
25342
8783
6113
74
158
21544
6251
6569
19401
29707
24273
21898
26419
16369
32504
20173
16002
32756
16226
5498
14071
1120
28407
15723
21329
18956
18438
17734
20206
14571
1159
27055
29748
12510
1955
14523
12847
22732
16502
31143
13691
25589
10771
15562
2149
16771
3272
10184
32333
27234
25764
21001
28239
16722
4407
17769
290
14651
12953
30513
5695
13760
22446
19783
1094
23062
24999
929
14494
14871
16588
1535
31324
8594
28281
4570
21607
26086
18535
13463
27353
30159
12589
31233
16296
7039
6663
24310
10885
9457
22997
23648
2052
26234
30055
7784
25598
19361
15607
15334
9012
27184
25335
539
28724
19339
28686
10402
28545
24641
14429
420
32494
20961
13830
31308
1099
9999
27887
32634
3907
28118
15299
6844
21125
24640
15930
23418
14370
14116
9371
24688
5430
8000
9343
5473
16587
1159
26327
30986
4602
10172
5936
32598
2387
12864
30774
25552
10624
15401
8567
93
17188
30867
19050
31787
14345
31803
18096
26341
31099
21066
6041
5161
17903
21358
14058
19259
27113
29487
32478
7931
2076
30593
21354
532
11474
20117
28869
27511
12430
30453
808
7944
11760
11728
27603
28310
3802
22418
22352
1809
29905
22200
2299
7671
166
17635
32706
4880
15701
16939
22570
23131
12845
20149
3986
16968
24625
25224
3260
27175
11967
14236
4489
31969
2927
31284
31236
998
16702
21358
27810
26214
19180
537
24521
26820
9378
30150
6286
16456
24792
8226
1731
3860
1142
28803
8753
23641
28217
11712
11554
23754
19801
8774
35
8017
27497
20072
17159
29185
19838
5367
14127
4941
28819
5651
30473
887
9516
11328
20183
2635
20026
16317
4786
17676
1855
25617
5582
20655
30130
29670
9983
25671
18853
7962
13948
28609
12709
7956
2276
4817
17890
1364
7038
44
11920
22606
7621
8440
2444
29305
9252
3200
21315
22435
30718
10285
22224
29831
10481
946
26980
31905
17244
17798
29931
23105
20510
15255
5612
25823
417
25661
20657
20910
12824
876
8617
4723
5892
6191
27914
5784
19965
18001
4538
8828
9903
2141
9072
12558
20003
15818
4119
5018
16192
26991
13427
17379
7313
13373
9222
7281
22344
2092
10293
27436
18307
22390
15015
4650
6607
25604
32494
10950
13802
6949
32617
24306
718
22918
12648
27854
11242
11103
1170
2169
19379
23786
388
4134
8027
28441
15291
18035
10208
17544
6836
1783
23625
6833
15953
10522
20781
9055
639
1322
31092
21093
26134
20395
25697
13199
22785
16110
7377
23769
13726
12005
3517
20703
26983
14133
4102
26005
4307
26509
1394
824
2679
7734
9457
20356
17777
11500
23590
6440
20230
16365
27170
6007
25482
15183
6003
21088
1664
662
12125
18080
26115
24198
7783
6710
3429
30006
23066
29975
11029
2150
30213
21028
28102
28178
2564
23641
15565
30536
19906
11335
20427
14646
3453
31172
27021
27783
23561
5601
14896
22256
9752
16668
11401
29445
2744
12759
8900
19026
7453
24329
26186
13735
29601
25396
20201
30643
10249
2967
25903
26068
11530
26532
1046
4910
7436
27828
15847
12795
26157
506
2136
7969
30601
2229
29687
19466
21433
13482
29388
31408
11417
18642
29242
32759
27726
3152
19495
64
20360
2981
21341
23099
29957
31271
32559
13308
1623
18352
31327
24146
24038
16019
6463
596
20024
15828
31511
19772
28272
25496
23239
3705
4117
15322
21165
31743
16917
18272
6089
4322
1290
28397
28703
14883
5307
14009
26717
17866
27366
17950
3262
18484
24381
6036
10542
27567
2222
25823
21679
24132
17383
9095
19451
20948
794
9609
24427
16999
19197
12876
30743
30400
278
11222
30783
28469
28469
5184
31466
14013
8258
1895
14028
19019
31288
31973
2157
2650
14706
26176
26504
27337
12582
32096
19377
21738
29999
22343
17467
28630
20751
3836
18265
17155
12340
7368
31875
26392
23418
11685
1564
14591
12274
3828
3665
17212
13026
622
6980
20862
9996
3677
28266
25204
1843
7692
29489
27618
2524
1660
231
9460
4690
17240
29655
19154
13036
43
25013
4980
9362
16849
27964
17080
22398
17452
32021
5554
320
24600
23035
30787
19461
3488
30749
14573
2840
22130
28611
12005
6313
19600
26933
1642
16590
22857
32729
10070
24007
30824
24731
27123
2438
13227
10129
3599
2159
29302
16607
10323
20828
29129
20697
31184
22244
30832
26472
26075
30173
7033
687
31259
11551
9963
9454
15584
651
32437
422
13750
14668
3045
1534
25659
15709
2586
16485
6445
26699
18748
27513
26055
829
14186
8231
5454
10801
18228
29460
25831
29832
1547
316
28075
1733
30453
12250
29949
29074
1414
9095
5915
516
9483
12965
32756
26399
28680
22270
9786
20637
23525
25257
15543
27371
21732
31790
19940
23669
22102
9705
13752
10275
21263
21684
28094
6435
535
22976
24426
7146
25506
9156
12461
10357
4674
7002
16071
8661
13404
7845
15197
20202
8665
24632
8139
20591
4637
11571
27323
14390
26173
24239
23543
9653
25452
31325
8827
3010
29111
18025
12495
923
13043
21669
11155
20777
1523
18659
9819
31878
18942
24226
8894
9404
30335
29166
1450
28624
23295
3969
30458
15359
6993
20526
24395
30279
15372
896
30731
14889
21311
28062
8658
7854
12639
7281
29942
21672
5764
6153
16474
31290
18389
29245
27270
18330
6465
31122
26877
30998
16241
4959
16842
6741
32250
302
19293
5856
1494
5476
7829
13280
6165
6949
28446
22314
16592
30066
15869
16248
15967
14740
6761
4601
26827
18622
25821
24845
11654
11502
18539
4169
29530
15636
24147
14786
31392
19574
12244
30856
3506
26963
2626
15472
5539
28358
22873
2839
26413
28142
31697
21027
23530
12876
17970
11980
3015
25964
10218
20124
15031
5576
9885
19826
20132
9449
9148
13517
25003
24783
8281
71
17544
19603
29498
19296
1359
23627
9516
3197
20062
10286
26521
305
12687
23289
22877
12218
13234
24465
3542
8655
11322
4585
2618
15513
19766
30502
11566
23039
26499
16641
13460
1830
16192
8301
21924
3128
1155
11130
6974
8549
17482
23162
32382
29992
26037
24674
28050
26572
1906
25203
13512
8238
20856
21273
32235
24004
3832
29715
22992
11230
9360
17364
2092
23084
14019
23081
29096
24193
5286
30749
2104
982
15067
20250
424
2706
707
17232
8312
7689
20976
11610
32489
17218
24025
24351
4184
9469
22482
28663
19659
24820
5435
5136
15050
14946
2039
783
19312
21954
6944
12794
15553
25049
18424
25685
30270
20982
30499
22667
5047
3449
532
5008
4705
14482
26822
4037
21544
31307
4012
21276
27974
25545
6634
12412
28693
23758
13253
14439
11041
14723
24920
7386
3458
23925
9609
3188
9577
4061
5436
18651
27896
25892
10951
31836
22871
24998
28069
4817
24580
14775
17006
6600
26218
21219
30470
27617
20406
27258
24341
11128
7398
1357
5304
20612
21282
3250
12663
19903
7248
15566
4982
4360
21987
18451
751
25349
499
21511
19423
27148
20115
13127
8192
21572
10079
204
21752
27911
1364
110
21200
8587
28901
26790
18087
14530
27210
31128
28072
17022
11292
1361
3129
473
31775
19789
25973
22228
32351
22844
18141
27454
15998
11013
31818
9944
25420
29708
16423
11958
16536
12209
31708
29672
15174
18201
27789
5466
13218
8752
5
6393
27124
18926
32237
16407
4437
32730
20802
31505
1216
28365
1542
16431
21100
22777
20277
18891
4441
26409
10490
32694
13609
32074
27427
4055
21554
14379
24531
31253
5073
30849
12918
4984
12033
7982
19194
17546
19244
24259
26941
1796
3905
17987
5313
26278
12550
26922
13479
2407
27824
18605
25563
718
6833
25156
21900
30368
22481
1894
24031
20155
29568
25235
29412
2114
6250
19864
14793
23546
25421
23823
29773
17908
23559
17701
25208
12397
1268
31648
27785
17906
29814
15136
10545
11976
11477
19364
5118
15754
9802
13393
2074
20244
16214
14959
21301
24992
1880
20917
29888
10031
5983
25030
23900
5931
27965
1275
17042
17226
31965
9315
23236
29621
27606
5384
5475
20074
11071
6772
9059
3550
25542
29300
25580
2791
26620
19996
2387
7642
8435
23563
2632
6896
10507
18417
13137
28143
2313
21326
27767
6406
19305
27516
1854
6904
23030
24815
10459
125
22935
9148
9378
9445
30828
10584
23230
26110
25113
24482
28452
20280
20066
20772
27850
7
24057
24214
10515
20873
14739
12708
31630
32617
10049
19698
7649
22531
2558
23900
18432
14280
32644
12418
23715
21476
4197
29828
14838
6175
9814
9482
658
7169
15566
18824
29356
29498
32720
26816
5516
23873
19716
21896
28481
6202
19213
14541
28308
23325
2839
31960
15162
15125
26799
32208
13390
38
7128
9088
13054
11539
12635
18523
25988
15999
23902
4541
22104
25938
23608
7540
29603
16478
21892
10367
10999
22851
30068
4885
27966
26767
12393
26090
12017
9514
25792
15533
14475
8946
20206
14805
23356
1186
975
26525
24033
1272
25915
10829
13876
6935
17627
10172
25152
15914
10554
18451
30233
3146
26911
13267
12745
22690
4379
29466
13197
25808
18270
4642
6722
18831
8654
28426
11290
21139
8795
5337
21907
20917
19852
18368
5290
11600
3934
9887
9291
11755
25167
1483
31757
20248
27830
26383
30748
6043
2133
13040
15734
15567
26673
5941
11867
5446
20642
11943
766
7856
5542
22038
23169
6910
21370
21148
22560
2247
5484
11558
8365
31466
24299
26415
19516
4981
19168
27855
8223
9669
13633
26613
9493
17391
8930
22768
28094
15199
23439
6197
8530
17599
27225
9564
7827
27419
30765
26475
19200
28226
13483
16983
25164
9327
16692
9672
23054
7976
21061
31005
11706
5991
31492
2224
9936
25848
22297
22619
30035
1314
1727
32571
11389
29833
12571
28851
30641
24659
204
22196
7089
29322
20163
24892
6161
15809
28501
12061
31980
3067
21902
13312
18645
5320
201
