12855
26055
30317
13480
4836
12569
24752
21623
19949
3546
2324
26255
8212
32600
30980
21698
31156
27406
7264
18048
25418
31511
27166
14064
2869
1257
55
12607
24762
18495
14017
10041
24651
6743
28248
5654
29961
20830
7619
28054
4999
1065
25301
27984
29137
29221
6800
27718
173
10129
17553
16062
2592
12778
13736
11853
6452
30887
24006
14389
3833
3623
9500
1521
2250
3304
9345
21517
31697
21753
15636
15163
10702
15794
21283
4004
21267
4002
12364
19068
18899
23241
20706
12761
19101
32007
8339
12997
15908
27861
27207
8593
18497
7219
32586
21613
18491
2017
22958
19510
11845
18130
15851
24463
19016
11742
8137
7219
30691
23479
20096
21130
19377
16670
11293
32634
9674
31063
29735
2175
19852
1754
21891
32254
31387
18507
25493
22486
28454
14764
8872
24633
1900
21970
13200
16570
25215
11285
25229
26022
2120
32332
7539
11160
12492
31481
5384
2888
4269
26560
3502
14244
20212
20510
9026
25122
2061
3159
1091
6484
531
13488
26679
30141
30287
21727
17738
2275
5115
29632
2361
17061
8267
17225
22894
16591
22446
3264
7789
15596
29777
11563
24174
3163
32228
13833
11083
26277
18082
1599
10141
26126
14731
28501
26402
30314
24052
15074
11875
9778
13378
9285
21907
3543
20467
6806
21177
16726
21214
24285
12050
13
11707
21121
27568
5837
18917
2563
6504
10288
95
30699
10219
20269
533
17411
12339
20457
5477
8900
15905
19152
19678
16654
23908
9701
6984
6172
28060
8278
26852
15798
447
17492
3573
1192
20156
11041
22142
372
27999
18283
29518
18244
29557
10712
31802
28962
10288
29666
26538
19307
22477
27877
6999
12673
2675
28022
31314
29633
8799
5367
5193
22965
9534
32104
23046
5258
13530
24960
31544
13764
31481
26877
20854
32304
3202
3896
31873
6426
2018
22524
5065
6081
29358
18072
4403
16648
6794
19251
22810
2414
32073
6752
916
18240
31830
8947
19190
30478
24402
5650
17306
9307
27134
13711
16607
19096
2396
23669
2930
16980
23569
30176
19660
3757
6670
22034
21500
7946
8047
10692
6055
22796
7843
28602
6477
32449
15822
12442
3533
17691
9067
26878
28460
11937
13878
22984
23442
32357
5193
12982
26005
22326
1413
19254
14778
23318
27955
23931
15673
24303
32491
30672
2561
1665
15029
6188
27644
23711
29807
9735
17300
15259
27247
15981
29046
6655
12137
1617
12182
3965
27538
30499
31603
9769
14597
22949
30108
19430
8038
25338
23155
30750
29382
10239
30769
22967
6599
23263
17962
8514
32513
1762
339
15221
12708
16006
29185
4059
31070
28625
16115
6090
24959
21221
29075
24982
32603
9941
3961
21508
30703
12471
27953
17921
2248
12539
7742
16020
6177
17147
9822
28946
4172
23250
20496
18833
2643
21874
19540
7582
3038
20209
32690
21811
23639
13092
8317
8163
13645
15471
2649
2648
21014
21723
27387
2047
8889
3433
11312
17666
9739
8103
16161
21623
12055
11648
11477
3799
6595
13144
4087
13489
12977
24665
23514
10655
22116
18695
5306
23418
2980
10267
23877
10698
7459
8590
32089
24960
30304
15348
17936
8424
18380
1035
30458
14297
13868
3732
2217
22575
6462
19553
115
10874
3487
25776
12659
6904
24044
2487
3793
29377
1831
31616
29507
4418
23645
11511
468
23020
3462
16194
997
10797
5549
18256
26737
27552
21585
4533
18581
5761
22026
22709
5455
14435
4208
8350
21126
21285
5432
11868
842
10274
160
19527
11102
17320
9998
20799
2547
23724
17907
7675
29111
23739
15350
1182
25102
9268
3151
20107
17823
24245
12656
21627
31251
31699
747
23757
1305
8206
12944
13341
6830
8707
9429
13335
22683
26596
10364
11405
23359
14630
20847
25288
3982
22649
31471
6940
26202
31229
13549
24767
19666
27059
8376
32732
3656
30258
217
26082
823
29595
59
23586
12676
27342
29840
20633
16900
18654
8175
8458
28479
8899
13762
7249
20851
24911
9951
11763
11228
26980
30965
26617
7987
5219
11562
24319
25973
3303
31234
3208
31461
25524
23683
11156
22612
28906
17559
17269
8864
21887
24753
21726
29563
12523
19635
23869
8045
24357
10256
9290
7452
21199
22317
2016
29132
24493
29710
14861
18210
2396
12846
9573
3629
10817
14766
27547
21415
1727
15794
12882
10615
8365
21001
12848
18811
24327
17420
15412
21893
24035
31432
10570
22691
31399
8799
26653
28068
28794
9899
7469
11991
6392
16677
2337
21270
9514
7685
10590
7171
25269
23723
18136
31122
24913
28478
26408
1736
3197
7571
21472
17346
3442
12112
11291
12536
2389
337
13400
12227
4016
2634
22664
19485
19747
4782
5221
21416
22103
9168
13830
24051
7988
29257
11952
10744
29268
18329
26096
29929
31927
12049
17126
11820
16824
27120
24548
11428
2879
28364
7224
18738
10809
30771
69
635
6981
26259
10201
3564
25520
31063
9914
31228
15012
9043
7042
17841
21148
32354
25773
4454
22299
8781
11249
19659
29342
25327
15310
1581
28879
14743
21349
16120
20731
23982
27789
27002
23750
20634
10276
29673
5918
24801
21667
1192
5997
26770
17141
19398
9491
19169
23946
3528
10003
29969
13735
19368
15372
26263
31488
11293
3692
1148
4488
2589
14560
15363
14728
19616
20239
14476
32238
27560
24199
12472
23784
18046
31735
3790
24242
12094
12448
30813
3757
20373
23558
31011
2736
19146
24043
21806
7330
16635
7293
17985
4681
6058
15055
10361
18269
11128
4998
23088
5601
20271
19413
21282
8371
15366
4779
14030
11361
22305
24618
26144
31294
28760
18780
21580
22965
24121
15393
8957
25566
6992
14188
18863
5455
18598
21423
19545
14901
14727
12180
17744
24739
27784
5358
18024
17705
5577
27119
21852
28073
7800
17051
1904
26214
15766
9852
84
21854
3582
24216
22604
22490
17827
24480
11662
24131
29209
9322
25835
31287
24151
3233
23986
21212
1467
5052
7378
13172
14414
29740
13118
26674
21578
2778
25494
23884
14553
3792
19203
13394
22048
28982
4451
17342
32380
31105
25766
13516
23819
29159
17271
13196
13679
30742
23327
25909
20686
17957
31911
6332
15389
1995
27965
26021
15263
4047
5594
11546
6056
447
22049
12602
9895
17381
32393
14003
14435
19831
13758
25747
18053
9486
19781
22107
3671
9049
18783
5205
30667
19987
8241
26152
28095
24370
29729
13226
2943
19554
19843
26613
17292
25265
6005
2749
25500
19084
25607
993
6625
2026
15264
15679
24462
19143
31645
5837
27800
9172
2106
24806
6329
29037
21942
20705
19899
6347
3250
9192
28403
24443
19931
25607
23052
30990
22728
900
25862
7443
6693
17007
32125
14658
25874
4729
19759
5114
23494
27914
1977
29422
19320
20365
17825
6683
32639
21007
4249
14077
20408
3080
1282
3074
28200
15224
11440
28735
14306
25142
30445
30561
3371
19845
29120
21991
29917
15337
10351
21903
3849
5433
19266
28174
6880
26868
1162
22020
5076
9944
7906
8239
10746
17841
24757
14559
6579
19568
16640
22442
9867
29052
22873
14688
15713
17485
14641
13890
457
5430
32342
2158
19118
3970
22203
22174
21052
14787
20348
22290
7420
20583
5405
7883
23617
11916
2323
28922
20420
14614
20613
8888
27275
32766
16467
26359
16143
2540
19032
5817
30365
32265
20460
18816
22525
8206
32173
20997
8530
21154
5248
29484
14657
5090
17362
24888
31573
10305
31012
25403
9122
26514
18630
10449
7593
24675
21474
10254
14972
17805
20413
6069
4643
23049
4666
22955
5181
20229
18336
27051
3050
18487
13724
9274
6889
31346
12170
31198
28670
6263
8176
25227
15511
525
19275
9566
11694
26964
12303
18574
27633
25174
10217
15775
26401
4319
11847
7640
28856
26767
28698
2808
27086
13101
2266
2085
2109
20798
4299
24357
30468
26838
24704
26064
21993
30383
11677
14277
23651
30072
25825
14429
9142
3951
25955
28893
23648
3634
283
7920
29364
31954
26277
1876
26309
12330
22594
24787
23429
10607
21536
27509
8494
1800
4571
2036
16097
30623
31043
25456
16269
25464
30304
2916
17939
16385
20147
32217
11432
16811
23487
2521
13178
24569
20168
5159
662
24534
25051
5165
777
22572
6670
23862
21317
25778
32521
2013
23239
31494
27589
4037
16631
5627
23700
31115
19280
11060
24162
5369
26304
7922
826
12157
24658
10794
12
19161
4362
26331
22445
11291
272
30366
14111
22224
17938
30591
26387
18549
8419
15115
30380
2094
7784
29610
902
24251
16308
19503
17143
19111
28018
7598
12436
1218
14979
14221
1527
10450
14825
28126
24512
22150
27620
25068
13274
24235
1626
14612
32000
20642
7292
13783
16255
31762
27047
26413
19261
15066
17288
25115
24314
5962
30596
14727
4310
8850
5975
10316
8211
3962
30971
8586
5149
25940
28107
15167
19655
24367
29928
10012
26584
19278
27868
11665
8134
32473
2173
24363
1985
12753
2836
28703
18675
22345
4031
29223
17671
17876
24596
24716
16872
17466
7687
12932
715
20079
17678
26559
29295
9925
18051
17213
17059
1888
17737
10338
9482
2026
13490
20044
283
2953
24224
15716
19307
19214
5355
19251
25135
20336
4611
2168
4860
28792
19671
21879
11730
11197
17397
4243
18777
26579
1010
4895
7274
30656
27916
28786
4305
29359
31758
11065
29522
13289
6772
21778
25834
5888
14800
19542
29014
17485
15980
3125
28378
8605
32049
17161
2875
15144
20679
8932
10765
14531
2558
8299
30773
13142
16237
5096
22694
32399
16473
28826
3694
15064
11992
1616
18422
17287
1333
310
28549
19797
2711
7150
25863
18706
31454
14306
1293
24215
26062
20441
8468
5115
2415
30921
19722
29962
11187
25836
9742
20210
14170
7446
30328
21568
8211
25670
23321
15627
20964
31099
19908
14191
12235
11209
14604
15422
26022
29867
31056
7153
4432
3227
28405
22501
1805
11744
1523
7108
13608
31144
22163
27456
27354
13142
17271
22536
1646
17949
14554
21492
20131
18638
28953
29571
31570
29678
25202
13448
12624
15884
14860
7456
30102
4689
2104
18151
23455
21849
503
10860
29458
11329
31676
16098
14497
14850
371
16920
3633
18173
12225
15531
32315
1751
12942
5754
20082
28806
3265
20314
9638
23724
3402
12299
18664
24100
5478
1899
13295
2267
5150
18410
4282
6882
23313
6462
21111
15297
12404
12888
30628
17933
16983
3990
14196
20285
24362
22842
7796
25017
6015
3611
24174
7476
11538
18074
21901
12604
29446
9176
4291
26127
881
16166
19816
10161
28187
11709
15908
18235
17539
27824
5902
26230
10019
18718
9493
16808
14325
6316
29856
19374
5686
22066
19313
20555
18282
30389
31183
4288
12704
2710
18148
3741
2807
32520
31844
30934
25185
5063
21871
28441
9639
22792
21689
3935
18606
18859
17896
450
29176
21944
28221
30350
20589
28937
12407
19098
32348
31300
10228
17881
5565
3597
32538
10284
22969
6777
1269
30842
6508
18117
17953
18947
12265
840
11499
27633
17790
21926
27827
14128
13882
13639
15509
28288
16813
3079
9544
25801
26607
12079
26181
23982
6116
25765
13868
23652
4797
18527
25188
21701
10434
9757
4610
29344
13135
7000
12269
27476
28701
5493
16447
3485
8643
63
9454
941
6525
14484
5547
31615
3627
5982
20234
10600
25757
10438
15588
22767
19725
25508
9210
32734
23021
30009
3802
1945
29668
29984
519
16559
20243
5506
15188
13487
17820
9098
145
19005
15205
27672
16745
28516
28441
22714
4235
15918
23664
22744
14344
20338
5041
27438
27900
12270
10869
23423
26225
11157
10669
2184
23424
25386
7398
17972
11449
24590
9932
12302
15558
6743
16109
32763
15434
9505
31936
15657
27919
29993
5094
22339
8289
30104
26031
487
29877
24348
19424
25689
5775
1341
180
29049
2210
3567
18464
31730
14136
18275
15963
23221
23252
4131
28574
12710
28182
1374
7465
12948
15072
27520
21382
27247
17079
1286
13841
28341
1644
19345
9144
32558
28923
16185
6400
28633
27059
16419
29512
28454
20887
9814
31058
31845
28677
3018
19711
8831
4757
31938
10842
19172
25668
604
6104
15556
16338
15207
27615
7298
360
30580
19332
32614
7038
2096
1689
26514
29436
15601
29927
15415
18079
15502
14520
4616
9631
12660
2713
22511
14735
31734
29277
15359
26500
24293
4453
23723
3193
23137
25119
6709
22770
10478
4301
7273
4064
4811
20872
24714
11461
2943
22404
25485
13592
19892
20885
15493
14571
26952
4082
15199
18123
30626
14138
24527
22248
27202
9396
15498
29046
10140
26587
6838
5202
27175
29978
29086
7145
5553
30164
1707
13142
30453
22951
18832
4042
8559
3314
16580
31537
24431
30868
6709
29202
26733
12023
13371
22711
20892
27214
13002
2959
27841
16410
29933
20176
2374
11763
32367
24928
19338
25477
10715
14070
3708
28121
13992
7549
872
10198
1965
20921
1041
5127
9691
18220
19199
926
23338
10043
1562
11961
31188
19341
30584
8677
9154
14260
6260
9440
9795
22031
29440
32420
15876
31726
9532
15008
22333
30968
17223
21321
7720
13770
2900
26065
29623
9697
8193
21302
6790
4282
15589
29311
12303
30263
6504
14403
17949
4677
28120
30570
12419
17340
20153
7991
23309
23175
21084
6791
15287
4356
13491
13395
13597
13485
28003
9596
32051
16889
27675
12232
23606
30589
28452
27175
22498
9303
10298
8764
7910
13772
9115
30488
18581
18480
9565
4425
15582
16134
28932
7187
22654
10345
12116
25597
8564
28587
26212
16016
8117
9019
14324
8027
11810
20940
23040
32314
22455
17075
32150
29400
5381
3473
6116
10611
32226
21811
16789
5343
17247
10678
8286
462
1530
21999
3795
28494
23573
7178
30336
20627
7335
9584
4149
7159
16946
10735
32417
19263
31221
4629
30498
12576
13154
6364
27868
18434
17362
12429
29193
24067
29304
11998
17295
16959
147
1117
13016
22351
488
786
25054
12047
6512
30816
1413
5028
28238
7725
8750
8638
27907
10051
30345
22555
10469
27381
2218
16461
29134
29701
2400
5308
29201
30405
450
2030
26802
29309
32522
4358
21462
525
12455
24971
8056
8147
11405
26731
11358
24783
19920
1600
17227
27397
24945
22225
18551
11043
5496
13276
17212
3428
24130
21779
3602
15796
17949
12644
17085
13077
23314
1405
14021
2625
12034
9104
7207
29585
7669
28755
6730
14365
20142
12620
29492
6693
8579
4171
2302
5296
363
30776
22405
15986
19289
12046
13923
21491
16328
20776
30494
11502
12951
4540
13214
8439
27928
25765
24805
8033
30308
30053
31226
32351
13809
3946
22310
17769
9318
23440
1379
30434
32429
5864
12818
7415
12106
9912
32492
7626
25068
11714
21051
6864
30018
1737
30538
24439
16144
18514
8986
8973
22146
13736
12630
8669
22720
16674
11657
20891
23490
936
31887
13570
870
19828
14922
4795
27840
13334
8086
4993
25521
16827
1150
2947
5819
10670
21168
29449
15635
9759
31790
21083
25336
25380
19015
9439
20548
6909
6342
30593
15681
18332
20841
18007
18877
3429
15252
23941
27233
17202
29767
16735
16446
15258
8782
25038
3753
13171
15031
7413
17225
2453
27017
21780
17518
9185
29363
7596
31140
9602
8003
17380
17033
23155
2776
13867
20443
31809
25946
3871
4821
13331
31976
18349
14012
32231
9234
21626
22709
20766
18505
12930
29145
12859
19603
9984
10123
4584
31876
13965
30217
7482
11113
6027
26946
25397
21446
9156
22504
29587
19203
3407
21701
23233
23906
23220
19026
7979
26164
28239
29830
9145
14413
7418
11500
5017
27317
6118
15608
15168
23968
11722
10907
29355
2976
10048
13077
31979
31514
17003
26635
224
25591
4574
8921
32581
23963
17081
16937
27116
10523
3605
26053
16459
27562
22947
7337
21816
27989
19343
14685
8689
12273
21931
16513
19039
29265
31689
9641
13980
29628
22888
19052
26034
2973
10900
29624
23974
27005
23559
10600
23733
4399
26260
13337
12253
26442
31174
11577
21151
25053
14788
21856
15364
12637
5239
9444
31966
30178
29167
19112
4944
21651
17411
3380
6032
351
14648
16907
9708
4335
5861
20280
10763
9944
32404
27435
28534
21524
8874
3779
6998
14771
11851
19884
29568
17358
25720
2283
5806
4285
14970
12215
2575
22665
29060
651
16387
26788
29588
3193
31775
2008
30618
18113
14456
22142
12508
6818
28702
32496
3481
13680
29414
19009
18668
25319
9837
27947
21492
25023
22617
8520
23090
26240
1506
24197
25906
16536
15506
18645
25454
21931
30792
9762
5743
26410
8835
28809
11317
22055
5853
22726
2009
22888
20694
19693
32113
22970
9939
22364
1332
26759
13927
27117
10719
1195
26064
26992
13911
8580
7877
3416
26255
9288
9839
26548
8108
19356
14005
10593
29543
13666
15548
30334
29363
30418
24750
24353
5024
31436
15035
20552
11904
6764
22878
4371
22088
9184
31970
8240
4153
17270
11300
1430
11967
761
1690
27766
21401
21310
30612
6510
23866
21498
11970
4353
17263
19926
503
580
10051
4806
7212
18905
6688
14486
7624
8481
24630
25030
4639
19886
12832
2199
24120
25847
16837
102
3283
30800
1661
8505
7082
15641
5238
20888
11768
1333
853
25246
18488
7102
10272
29263
31023
23030
9819
18476
5164
2177
7281
24581
24719
24786
28502
5903
25224
17124
31083
12086
8481
29482
8354
7348
3455
29896
6114
20963
28516
21507
20397
32079
31481
29942
23040
28176
29643
14983
17786
4695
275
6554
13249
17478
5946
27781
12066
22789
6812
6851
887
9746
8077
26860
7758
28888
27545
1252
14919
31876
7184
8787
22974
10772
5571
15190
21674
24240
8712
18805
32197
9278
23812
2772
8942
14385
22825
10157
27851
31905
7165
19453
25010
32673
22557
2430
4042
3277
2178
5590
8813
32034
20740
14606
26321
14611
18460
69
1000
8408
3566
2214
27012
20234
21639
30359
15039
26989
15715
27955
14234
29709
12338
6651
27108
23180
3803
10440
6494
9146
27330
13317
19228
870
8007
1306
20526
15988
30095
14635
10112
5424
13702
7683
14079
10210
18468
23371
8189
2467
20208
15360
13015
30062
21699
11300
17877
22906
31695
16051
29521
11463
19679
20440
796
17143
3040
5985
797
4704
13729
16241
21307
8287
2775
21364
10366
2031
19556
7000
19312
20090
3289
14075
5578
31471
15161
3551
29516
8980
19200
26405
27117
25374
7523
15801
27956
29567
4058
9418
230
20735
21468
20605
28385
11022
29673
5858
5192
3160
10702
32039
2528
29083
27173
9483
11194
17077
18715
11926
17427
25090
7286
25095
23928
17892
32470
13839
46
20643
6202
1596
24272
23160
20423
3512
13882
8676
19141
31283
25766
5702
23787
11038
31765
12461
19932
28954
21489
20203
6129
25008
24048
17643
1081
4930
16955
6212
18366
21825
1744
6669
1546
14497
17956
21236
23786
31882
14605
30090
23922
13137
6112
19169
5697
13222
5846
19801
4871
10767
437
26039
30020
24213
15020
32375
2642
700
8318
24932
677
7097
8163
4965
11858
23776
29739
8858
25294
1628
23332
6823
28152
7202
16446
4944
14938
2344
8941
3399
2220
721
15439
4417
25242
16556
10255
17743
10952
23647
5257
27756
28178
28126
15918
1106
23064
14305
14890
30099
31994
30868
21573
2532
12896
12944
1031
7356
25022
522
15648
14878
29142
21066
7943
8114
5502
1887
18400
21531
21923
28690
20131
18565
31886
5144
10363
14461
18022
12940
32108
15366
31478
1180
12345
16361
21681
6274
7557
22604
22771
22710
22072
8582
1418
4961
22820
9010
30581
5653
4073
27010
28395
12732
4885
18647
21664
15055
31120
32654
9283
22985
14136
10780
24651
16346
20168
15709
29427
5087
23294
31529
8323
11154
13053
5417
28370
25854
11760
29160
9737
13367
18928
18477
20137
14663
14888
1161
20688
29291
8246
11564
6328
24192
29909
14332
25728
9144
25529
1769
7983
3729
7867
32378
27894
32008
27702
27308
19637
2569
29873
9725
29377
3371
5054
14020
16613
17050
12321
22211
32678
12116
24373
6399
15563
5529
22412
8656
29469
3484
30422
9524
24428
5759
24324
8040
9938
13182
28333
31674
12860
26987
6320
7577
25381
12378
24347
32750
1445
11677
30027
24239
9131
18931
19797
7856
7558
30716
5285
26557
11179
16112
25573
9447
11698
23953
9761
24347
27297
6494
31528
9721
9837
3594
6453
31458
12478
4396
29134
29267
20723
32312
7661
32626
13158
32430
21854
7655
15345
8849
30056
19949
25009
23835
23215
5801
30729
14767
4697
698
2282
23823
9840
19217
9298
9935
2439
9219
18707
1802
26017
24732
19158
23635
21070
24631
22879
28142
13847
31307
3347
22081
22300
23688
7351
29061
24316
3875
8314
9409
22005
4974
1590
4345
22861
20651
6899
1698
4336
17186
19885
19802
10330
8561
3927
5078
20151
27684
29727
7196
585
7045
31220
30706
11019
24501
6213
27030
18580
9980
32012
15535
14141
24158
6924
11140
20614
8303
27990
9324
27318
18024
5138
901
31682
3961
11900
5289
25456
21089
5677
29086
8380
27965
24476
4237
30331
26525
17380
5814
17214
31453
22472
17249
4217
29875
13300
1816
7397
10244
29317
6931
26146
24572
9676
11508
30113
2397
11343
29365
29889
1559
1553
15070
19512
24346
3860
19707
21173
18536
17179
11853
20164
11118
28340
7872
20465
11156
29046
25117
9008
22803
30088
10625
26236
1542
16483
12558
32703
29125
216
26080
31474
15982
15956
10306
4997
25796
19811
32290
27905
6717
28019
18883
16108
23894
29659
22706
30701
7210
10267
24315
7216
10563
13669
12956
25356
29360
21853
23354
22499
12119
6174
18963
586
30349
28029
20020
22890
30180
21393
6380
1702
14660
20083
26240
15231
14654
3394
7968
7860
9116
24682
1050
5293
4669
25894
15694
26393
9248
2628
23266
4055
11454
21033
7991
11026
28061
30228
9499
21681
3618
20135
13888
29934
17831
9635
26092
16452
27597
21747
17395
28303
25363
22252
15331
28015
4520
11219
29822
4589
23678
14495
17261
3425
22688
769
2354
10643
9925
28322
2399
4128
11557
24492
4869
8479
9099
26251
3440
7429
9644
22773
15633
9670
16311
31783
21692
23357
10541
9330
10004
5838
8691
28151
3139
2634
9638
29359
20462
17938
26926
8622
15207
27264
22166
7080
4133
2178
31514
14516
1650
30088
7042
6992
9316
5793
25263
29861
270
26336
24180
24077
18423
15621
16039
27603
4300
5209
2679
23866
24401
23770
16383
3520
24477
5784
4636
2979
12935
15455
14460
30629
24156
16790
1528
4620
14291
10087
14628
6382
22338
27937
15140
23467
28177
24538
16577
10171
4207
3416
444
29354
18245
24114
31329
25952
32360
6962
27488
11430
8979
25086
3033
13030
1684
19703
8630
10034
22853
21090
29757
30088
20926
7878
19685
5205
21577
28308
31337
19255
11927
11021
2588
22279
15281
20065
11132
3863
1072
21268
29193
28600
11953
12966
26968
11776
21636
14195
12131
14538
3748
9688
2339
19197
20204
151
9569
29458
22919
27773
457
13264
29353
30530
9792
8794
5244
17840
10871
9580
16734
27911
14784
14818
17993
31649
2337
24698
402
29906
29607
6362
471
17426
12541
3541
4403
27486
23101
22250
179
28891
12550
29453
18446
20413
23759
24747
19856
28775
4731
30440
27224
27603
23085
25643
32451
7733
26461
30172
11048
19675
14124
3436
198
25432
26868
26262
16122
3041
1316
4837
28854
9975
9803
20087
32302
26183
14450
4608
1748
3790
17071
1553
6023
9792
28407
15259
4359
4011
17460
19887
21165
23383
18071
20615
32089
19954
29232
12746
25259
25321
17340
28172
29814
19993
17342
16276
18545
16551
18385
10851
1072
29996
24124
2418
17747
18198
6087
314
23038
22859
9165
31609
23945
4111
29331
4148
3448
25127
20952
32760
27309
17726
14253
9062
31452
14729
12167
29679
15936
14503
7571
4571
11660
3019
19529
27536
21541
19740
30788
27153
23182
6236
20049
18117
5411
11976
4038
28282
27403
4672
20757
5545
10600
23464
1696
25083
5840
20622
21455
19725
23297
31757
20576
9328
3792
20209
14335
19189
2147
2843
14359
7975
14240
32296
20455
11032
9957
20301
30424
353
29690
25733
32014
27492
21828
8943
23101
19668
32571
3697
24254
24696
32286
3234
31458
12843
22501
20199
4230
31272
2679
10204
743
15748
14877
20469
30904
22524
9270
23909
1138
21233
10797
29502
9964
11697
2217
27610
24619
31480
3843
635
17019
30647
27389
16430
15294
32531
23729
12277
2309
32689
26311
7716
2141
22065
20203
26380
23788
12536
638
6359
6460
24883
13196
27827
25558
15640
16895
23347
18963
30575
17682
20465
13615
4178
18696
16505
13727
17201
5405
10850
6308
5657
3517
15550
31777
28213
1780
12469
21674
19861
6950
5484
6621
7726
23040
4908
3317
11810
25518
27072
19868
16706
17486
11806
12545
23505
9125
2890
3883
10891
7441
2680
31373
11238
21439
9841
5594
32408
5918
11831
31770
31065
11156
15084
28414
28650
2927
15600
16240
18774
13342
25674
9327
19320
21409
26697
29722
16317
27198
29290
29450
21804
13430
12413
11749
25507
28983
20996
4400
29795
22611
29916
13157
13262
21809
17695
1350
12400
22979
21576
23664
2877
23991
27544
3123
32025
24050
23993
161
21918
28730
7074
4069
22297
16178
4282
30167
5077
652
2624
11725
12445
18298
11754
7859
12412
7525
17356
19806
11719
31458
22396
2333
9309
28386
29812
18065
12590
29224
439
7359
27386
27905
184
6244
14427
17711
13175
22920
18182
2086
28141
12118
2126
1403
5802
9771
22250
28057
6845
15341
10743
18614
22740
11934
31041
23045
18340
6449
14014
17197
23435
21148
347
31739
28532
17198
29947
29267
13564
9251
15293
26221
28627
23926
17534
22334
100
30198
17056
4915
440
18844
23305
16677
32407
31260
8814
30090
497
19898
20689
10216
1661
28767
20040
7312
2464
19180
32001
5768
17808
25806
25731
26057
22201
979
8758
9642
20576
32315
17190
16285
1158
29459
27396
1561
783
23742
27758
31703
5155
12757
13935
6977
12757
2097
15178
12840
17666
28229
13427
9653
10620
28337
26591
12962
15720
29205
21117
32169
32741
29475
23557
2109
751
14585
30704
23929
13442
2989
22471
2902
17154
5929
4769
15392
8410
28729
26088
1067
27492
28642
29531
14274
14601
22774
8281
23904
4777
31717
31324
4131
7228
19670
17604
26237
12474
8182
5078
12589
30009
16
6404
9837
10069
21343
1134
19821
10965
17056
8106
15873
6796
5738
1472
2198
24700
32450
7289
23147
6466
30955
13018
12798
18094
18299
26859
14276
5553
12468
17597
3868
15228
30480
6314
13190
11750
16414
7903
13840
15118
23949
28184
28434
17474
11398
11179
30747
8224
32576
7880
555
26619
17614
2303
23587
13441
25403
26626
15737
3482
30680
1197
10544
4499
29141
29507
32008
6011
15119
26875
242
20685
25385
2747
2758
11856
222
6435
2616
3132
15765
7629
4361
27038
16182
32211
11130
12029
25661
5522
7430
18494
1549
16814
21840
5573
13702
31063
12635
30941
9689
24010
23801
32602
14747
25370
26758
29309
26137
30256
26325
19735
24812
17424
10091
23793
19405
1631
24811
4972
21162
31010
24530
18789
28665
24009
3428
31323
19276
12140
25319
15060
26149
27732
7438
28156
2828
6333
17336
32400
13024
24282
23003
7930
21611
28698
18874
21694
21048
2986
24927
21268
31401
20027
29509
26838
20036
12037
28501
1437
78
19980
2067
6696
26011
30626
14362
22525
17828
301
15302
5202
16858
25386
21296
21037
18234
13426
24671
14283
15906
27324
13756
29503
27747
1124
10439
21083
15767
32619
15625
4563
26037
16830
31561
10144
4578
22203
18691
3235
7050
9713
21526
18827
29104
1831
26301
19192
11394
22432
14272
16608
32561
29854
2796
3379
31743
16165
13760
1466
24218
3329
23657
3397
20648
11019
31473
18437
23715
21671
3763
28471
743
17553
29714
2050
9481
17114
19562
419
15211
21549
71
32455
2317
28247
12757
20024
16806
22022
13208
22204
22004
2513
22365
31291
23120
24185
10609
13343
15237
12399
27664
30464
13794
20118
26400
3457
17038
585
24608
629
28444
22688
20059
21575
21343
4335
8033
30616
6528
21648
8119
27945
19533
7139
23502
28412
24532
25746
3378
30902
10289
7450
26628
12104
12964
27015
23722
27598
13543
9598
8645
28087
1726
18305
6755
30759
22991
2415
27767
24217
9140
31306
23430
17609
28239
23869
15266
5585
605
31198
4252
30354
8270
16816
11638
14165
15189
28396
26647
2226
27323
129
13634
30642
1400
14169
16585
30000
7172
30942
22014
27781
17515
15037
11371
11620
27808
23529
27843
11522
10003
3812
536
25210
9605
14650
2893
17009
22043
27726
207
7669
22194
23384
25216
26795
12915
29359
500
10794
7591
29764
15584
7842
9164
15727
15311
19137
31720
6639
2327
1751
30493
18476
5132
17720
15742
4798
29811
6114
19745
9011
570
14687
28533
29197
5478
7405
6358
30731
588
18909
26207
1194
9732
1593
11776
24042
5915
5289
21712
3413
20104
2455
24484
32318
23777
31634
29152
20807
32719
4848
11917
2342
11200
15544
12204
29864
24027
1215
1994
31221
19001
23312
469
10007
14930
18577
4910
11190
12213
22244
13311
8229
7933
12172
4559
15779
22272
13905
20564
27610
26697
8933
19592
18348
8393
24007
5631
1839
28617
9320
4727
24310
17955
14477
32689
19603
18098
7924
18303
27225
23303
12602
23071
12391
93
1788
711
18146
24783
31293
27265
19841
3273
19207
15673
15439
26813
9813
9492
16812
8983
5169
4100
16789
18034
4378
29594
23078
15372
22184
795
4445
21111
6003
3029
4129
7314
12848
27571
3715
15544
8221
22032
21827
28727
8864
23241
30870
28420
29738
25494
12326
29613
98
7066
28763
32654
26496
30008
10457
12104
20726
16937
19530
13167
20822
4555
1373
16771
26480
18876
15630
4386
21690
11432
22057
14715
21750
17247
16905
774
30990
23595
21158
371
10563
5216
28111
2528
4742
8244
1459
22862
806
17617
31398
32598
31404
14505
18978
24856
28932
24074
12044
26741
6365
3058
5945
13182
8529
22820
4657
22571
15049
7547
7475
4177
25371
7551
28793
25038
15606
5174
12732
5894
30336
3901
12283
7060
829
20758
3193
4409
11571
11716
29957
12568
16716
5525
21373
19750
23291
16960
5781
1500
4898
14895
30677
2095
5684
7710
25313
26561
26007
29925
25085
26969
18508
27026
13264
20881
11985
12219
28264
3022
3654
531
21375
15733
30416
28474
14845
6492
26939
26842
12478
1919
12259
18671
16020
29941
16084
16742
25488
24610
24368
27114
16253
29997
10705
24571
430
20148
5424
11584
1530
11967
6789
26654
17156
17395
13872
17033
28096
20233
18264
31514
30258
15486
4818
25698
16761
1675
27972
30335
17677
29527
20618
7916
26437
876
24664
17054
18716
9319
8737
9804
23860
31732
27704
12558
28699
24314
20534
15657
1486
18707
1179
27433
12411
26687
4536
11057
17547
4313
17868
28816
3552
11722
13421
17300
27227
252
17705
9635
28066
18450
5486
31623
29216
6486
12711
29194
15181
3314
27048
4291
3375
1636
17484
28463
23841
12844
22108
16388
32723
3015
179
9921
30866
32737
22944
2954
19913
32455
17804
24883
1736
4891
733
4507
14021
20683
11546
1083
14624
12355
31567
29438
748
10722
15795
339
11690
9643
24200
18817
8023
4926
27203
21564
29610
15878
25325
11893
2711
12723
25289
4470
24599
17131
21047
20781
4395
4156
13528
1224
12830
3926
20979
7555
23051
31351
15383
24510
1952
12838
31746
29267
17185
26404
25282
30758
8624
8352
18202
26622
3531
29354
12839
5779
30998
30954
16195
9960
23387
27026
13098
21722
8911
21649
3676
19961
31127
25354
7874
3224
1162
11012
21651
26912
32569
27491
24185
21930
22828
17431
20720
30668
14447
16019
23791
5298
1358
14976
22987
881
25436
4787
9816
6553
15290
3677
9553
17929
15509
29314
22778
19976
29169
18349
25091
24721
23461
10209
26032
29677
9383
10450
7991
8584
24458
13909
8298
29693
27717
28950
1429
23411
27446
25993
8362
15404
24935
12067
24475
19291
29199
23497
29192
11830
20828
9097
29210
3917
21615
18568
5295
7706
17065
13115
9399
11481
19493
7898
19933
24730
18821
27154
31339
10132
10482
24571
18535
27068
11358
3401
23042
10134
23820
30150
1332
31563
22611
15872
9888
12285
22943
7486
7101
25431
9656
11193
10295
25960
15175
24841
19091
19121
27798
22238
17427
25724
18071
9200
22489
4976
26920
25401
1358
10339
13461
15201
16837
18287
28766
31354
30044
328
20283
6637
16163
5836
29790
16052
17537
6876
24056
2506
4051
26219
22782
19680
16981
4820
25133
30546
7494
28273
6220
20313
9799
8041
9137
19330
27397
26825
14086
8287
10263
17879
3405
22140
22314
20387
2338
31892
26715
8414
22848
18949
10980
11247
17991
17794
10491
14148
3517
17416
31479
29670
28242
21523
21941
25169
18792
26897
22586
31106
32210
23319
23705
17489
24540
3795
20503
26881
29324
22978
22158
20246
17960
30370
15631
22374
8184
7723
32715
23155
20301
6138
26420
24824
21443
22478
95
19138
14530
31478
29869
22465
19019
14858
1194
18271
1777
8922
10805
528
29477
11940
9698
299
12727
2186
31644
26872
1434
6210
8847
2314
8424
9488
27717
14031
25893
9457
26382
13925
30920
3097
16294
9647
22007
12448
26130
7593
13971
5753
31179
32248
372
14243
16670
5830
7414
7331
12243
9420
19124
22833
16653
21424
28819
16690
10353
14994
29443
27110
7818
1762
1153
19299
19564
18804
3680
5698
6808
6614
5834
4504
26400
993
18434
5416
26380
29582
31979
29654
14075
4875
30414
27231
24334
20238
8280
26184
19969
30058
482
14612
3995
8672
19190
3002
16969
27959
5390
9814
4102
4750
17310
24607
11901
32498
9557
19353
10866
32556
15008
29452
606
32732
17777
14644
21593
5068
1598
12858
9021
13438
19020
2275
30473
28935
12077
17416
23683
32544
16264
70
2082
25211
19736
29174
8234
7763
11255
17247
29209
9543
13085
9003
5954
31592
9763
5912
19640
16017
27725
26352
621
2295
14536
13243
26011
25088
2096
3891
27235
12633
5974
10104
6325
26691
14143
23301
8303
21805
8816
18659
30921
21896
14184
12572
3824
22999
15471
14707
18417
28677
4238
27218
23001
18428
28127
30724
16410
26227
8455
11300
20273
31239
23040
854
11142
1678
31260
21301
10132
23208
838
3212
19785
918
3211
28104
5808
13136
24538
14765
6605
19665
9480
17993
11209
2742
15895
30758
16207
29703
14520
32196
565
4949
30990
24390
32351
9221
437
13932
16864
10731
32003
8897
21091
10011
27534
19990
28618
25595
7150
5422
27156
32157
20420
10427
3716
11852
12795
14985
28671
1125
589
2810
3767
31593
6665
27314
8966
11087
11796
1171
3996
543
29230
1004
16093
15292
375
27373
28549
3073
12338
11615
13454
12048
10952
25490
11347
21479
1552
10646
13045
5429
9421
32429
5118
29803
5753
14593
32580
2837
21313
24979
17681
26219
31056
3188
7552
16675
28496
311
32554
3978
4142
18342
18690
4563
17438
27828
17278
24751
10976
5043
15608
10270
15169
10183
17747
1156
31716
16795
19681
13823
14658
5458
10884
7672
23792
31937
19732
15096
18977
29147
7169
5821
25451
3436
19258
23182
7630
24075
9805
32203
17650
11081
5839
17096
21680
31023
27134
30171
3028
24552
6565
8884
7201
3002
7232
13293
7062
31035
97
12514
6896
16833
22354
3523
1392
3098
13052
16872
11742
30077
15111
6244
11470
1729
7491
28380
29730
2509
23879
22170
15312
21328
18264
19421
11238
21682
2700
30579
26571
2634
15918
11914
24263
6609
22117
9412
1477
13590
19473
1161
24152
5364
31734
24993
28413
8321
284
14850
4256
5257
3701
30950
13665
16187
3009
12321
3223
9249
31151
31666
10261
7254
24901
17304
1709
18163
21121
20455
10227
24010
13889
25370
3395
16983
30560
20139
19462
22259
18210
13793
5424
30795
210
29418
22029
11025
28841
21033
22078
20977
498
6097
30463
32711
6252
947
30635
14863
6384
18260
25473
16284
25939
8771
3240
10126
20366
6313
14449
27774
18460
30754
24797
14331
19364
7883
12127
570
21464
14493
5346
23049
20381
26361
8974
26885
26220
1667
2759
2061
2808
1844
25591
30710
8465
2731
8846
4736
15048
15556
23751
1929
12500
6764
18092
31361
6708
6836
1756
5150
26390
28196
18572
23633
8952
18513
11980
28792
8717
26545
3339
27093
7650
20399
2270
2111
1345
26875
2301
29975
854
31780
5518
12926
528
14952
3495
2757
11210
18635
22030
5157
12331
358
25923
7345
20554
24322
20672
4744
30230
18149
16255
15439
23286
9452
26045
21983
428
3546
28158
25914
1919
23536
29521
23492
4249
31166
28885
22448
21422
20280
19068
6584
2270
1292
21263
785
16349
4659
29554
12190
24913
18374
22314
100
24443
20244
16924
10814
23066
19953
29591
7377
14732
9553
14997
21955
1335
32277
7998
29736
31015
6180
17838
8253
7928
4030
28152
7001
28151
3341
13675
3104
13956
4605
32020
23290
23739
23118
6531
12996
9811
488
12242
31173
8133
25966
25572
22243
23729
28949
15339
5910
6014
20919
23853
1822
29762
15395
1543
5489
27361
16056
26930
20600
7288
20786
20037
5370
6140
5827
7035
217
21022
1638
11447
32252
21618
28016
7109
31116
26577
103
24035
7011
15868
28184
23168
4545
24193
10468
24387
17729
23267
23131
5455
2316
3573
13580
23494
6989
27271
6298
11147
2533
7492
15379
26701
20319
1499
21118
17089
15398
19293
23987
4142
32757
4070
9072
15151
26512
1920
30888
12725
8882
30276
22302
29771
9798
22979
28979
10910
32473
16804
14332
24892
10064
7054
1944
21660
14294
30280
28097
27999
281
30
16032
20949
26550
17543
27622
12483
5105
27910
21016
10595
18858
2382
28714
29869
31885
8873
15696
13269
29832
7834
4369
2069
5762
13505
20893
22444
9546
31744
23648
25639
3789
21212
23767
5599
6541
10022
1443
8387
1614
24794
24540
26199
31250
29767
9383
14589
17480
24432
21771
25716
21825
5811
1024
8094
30947
9384
1737
19334
10657
332
32644
9121
4011
25695
30208
17236
97
5898
29390
9399
4622
2245
20635
31897
6099
11128
14269
6084
6625
23264
30731
7553
7659
21301
13554
23391
21468
31498
6085
32305
31429
1140
31829
23638
4633
10606
19394
13629
11036
1916
31120
2599
28313
24207
22269
29743
10963
14121
12434
7048
32191
13249
27129
13319
28528
4457
3086
8929
4307
7086
31032
12725
29340
6080
15354
29389
2176
27347
9157
15009
19621
32708
9233
21148
14167
12288
10668
18723
24316
13218
23121
724
21578
23771
29308
28939
3767
8855
13693
4523
32049
15965
9163
7195
3856
24951
27548
32654
18761
17748
18354
5768
15332
6954
16504
13214
27568
7903
845
27517
1077
20778
17440
16429
26090
7414
23869
4503
25768
27655
8550
30533
19039
28383
5158
26474
29192
7139
31842
20258
3802
10682
1329
32762
29633
2294
24814
5811
28428
8438
8843
16195
3685
21514
16679
31261
24327
3801
31203
18098
32299
26368
1010
22328
3523
3324
19184
12714
24939
5450
9077
25104
30621
23756
11753
8704
4900
3183
23450
6501
2259
11
18955
7295
5494
5259
26768
2859
20489
8525
7191
13669
3112
8396
21833
26891
16583
19580
19666
3299
18211
12277
23036
27872
1528
30548
6019
7073
23797
31966
19109
3387
25709
23015
16504
20280
21839
32499
5504
480
11608
5914
7041
30391
25479
15025
20882
6214
16594
13606
8819
32542
12567
25132
23840
22555
8277
26136
7078
32742
14364
17803
3126
30653
4418
8274
20600
6007
11736
5002
26401
8386
20316
1800
21448
6064
32048
27128
30966
1138
20299
8899
22652
611
20783
13879
11785
16456
4379
27106
6139
21973
12161
26046
17014
4724
698
6420
18611
10563
8953
26266
16539
24155
29310
23518
9365
6488
30220
30696
3996
278
4508
17691
32660
1208
32083
19037
4574
30191
1714
6008
28202
6265
29197
28863
21388
19175
4158
24052
31699
11428
23706
8297
18710
25907
14116
21606
29071
28856
3841
16843
7596
5562
4396
8182
11364
26663
12139
20711
4552
32152
4994
22434
986
14039
21158
3541
27041
17055
30004
23739
16509
15778
9891
32064
27577
5072
8632
870
8799
1751
11512
14567
28496
32230
15203
2844
30611
695
1375
4125
31470
4044
11763
26410
17075
5113
18485
30794
29405
20258
20742
22321
29019
27718
28924
19815
22444
31932
6816
20391
8876
14525
22746
25222
5294
10531
25001
12885
32202
7792
16663
25159
24185
6418
12397
22231
6239
1766
28067
32612
8551
31226
10010
25374
27925
15511
20366
29990
24
26239
28230
29681
25119
22387
16269
22510
25070
15096
14694
5480
24497
31067
18556
13741
4496
14835
22872
2928
30339
23206
470
1644
27496
174
24282
27210
5715
9885
31295
27845
7205
19359
19728
32524
21600
10240
12795
18023
28473
2798
23554
2078
16879
17791
9588
3223
11612
18166
19228
15806
21194
20034
26552
1193
2823
21703
17325
10877
21436
5729
19704
16523
9978
23206
19304
21439
28950
25452
9482
28475
6327
9356
18149
12863
19757
10469
1512
32076
3844
18595
3105
31369
9945
5313
9776
1381
32365
7116
1274
13694
4088
27626
18338
4290
24512
30236
25013
10451
13289
14016
12708
10160
32399
18266
23416
3987
11794
15763
15297
12821
22449
31618
1743
8856
28763
21803
26661
10214
1985
12101
13867
28950
14768
31553
3619
4528
18846
13447
27742
2321
7299
17155
5296
22800
1258
26336
24353
28641
5447
4499
15589
26938
27787
20508
2447
27317
12534
10888
31873
8054
11564
7355
20135
5901
17292
3180
26725
2973
11197
24689
11213
21310
11913
7485
12054
161
21487
10919
31561
30451
14195
9965
9022
29955
30393
27384
18119
23462
28242
9185
22059
13147
14550
9653
10710
13611
9267
23413
16974
23251
4420
30817
17513
14885
29094
20086
1470
12204
22471
28214
15705
7311
19775
29607
11443
15287
25444
9374
21729
21044
12824
17469
3083
16093
14566
16315
1824
11575
22094
6243
11208
28569
18780
12000
16026
17549
29056
21431
16784
2936
16537
16661
5815
11390
4947
25035
15147
14240
25523
2455
11843
32551
2544
677
22793
12614
32645
5205
2541
13563
22660
26431
22714
20022
26413
27253
1736
19773
15807
7687
12148
19791
654
26317
23757
18055
19030
20320
21648
30468
27855
23146
12631
26439
1921
18976
7181
3548
8922
268
14757
22077
11646
24592
8459
3827
16862
17832
27995
766
27148
4719
16466
17015
21966
22245
18690
24180
14065
3695
8905
7212
14303
2975
8323
25436
16500
31158
22527
27625
32014
5991
432
28358
23523
3806
165
24088
29848
3841
9915
26776
3599
2550
2322
19513
13952
15589
30909
15372
8651
25855
29630
23904
16908
17855
8753
8237
20080
25711
13255
30387
11336
7407
12662
12382
28252
29618
5999
31725
24194
18697
19281
21715
17775
20900
17052
24541
25804
30805
28008
31510
22413
3352
14679
1256
19582
25937
16584
7811
20254
20820
31309
28035
4785
2858
31840
8396
29585
659
10577
15545
8901
10823
22403
29303
12244
10881
18904
1707
25819
7358
3178
2907
10462
13506
2428
28939
23644
31453
27312
13094
25638
31596
6778
9120
22129
4002
31188
6618
32297
9097
7731
2246
10376
7491
11194
16459
28904
18838
8110
24043
32469
29096
7979
12451
27239
32262
7701
5138
15054
19179
29264
1758
13103
4544
10036
84
25007
3039
9531
18766
9421
12956
509
23642
6900
16518
3167
4376
12368
22506
26887
5860
16098
29337
21267
693
29903
32491
21770
29765
29950
19972
3602
5747
26081
14166
22372
32485
25235
5479
24062
12529
548
32725
1175
18366
26929
26263
8664
2982
6583
29317
28361
30431
29992
20251
14730
27995
9407
16762
12355
11244
23569
12463
22621
12972
10726
824
1523
11932
19270
30148
26499
9867
13527
20283
31210
28474
18022
5630
30863
10941
23747
10864
7646
22308
13778
27317
18424
12379
23263
17338
21928
26959
1330
21365
20378
82
12515
110
12743
12993
20976
10878
26932
21476
24461
22742
23004
2837
10683
2372
234
15653
11548
1202
1836
9467
22790
23792
22469
24446
31702
30643
3874
28342
18823
19165
22063
30765
12419
11774
32202
17052
28856
25883
28280
14019
10479
18607
16470
26521
20057
12016
3923
26021
17003
31315
24477
25004
31468
29010
9817
25228
28749
17261
19095
4712
17976
24431
12933
26373
25195
32498
12514
10612
26055
2853
26294
8434
15268
16077
27969
25868
13160
10634
23601
6919
22616
30812
24
8830
31662
10085
21788
30029
9451
241
6641
16046
23662
3507
3844
28066
1094
23121
13817
18067
13125
13860
9560
14391
18005
20281
17539
30647
7183
20379
1004
10257
11914
24532
25988
4283
32625
12977
26999
10121
2649
32326
13078
29136
12625
1586
31252
204
22458
6948
7158
3391
8025
13214
25029
30299
31658
505
19974
10210
3959
11178
1772
11148
2218
1475
12491
27049
28256
31421
19664
23815
5438
32116
28656
15894
11784
11635
26142
26954
8815
4210
5569
1217
13355
1309
14181
10534
4682
21271
13744
4565
22728
31807
18840
6207
11871
13106
9940
32400
29856
6929
19600
19856
15939
13444
20069
18887
32700
7166
10632
17381
11791
32067
31298
18529
16356
24616
9632
29279
17630
12954
19307
26071
1833
13282
5210
13556
27474
9511
12423
13498
604
25397
6688
1260
528
19837
28767
20269
6036
7772
32444
357
18495
6304
17505
1894
21676
11848
4062
18384
21005
1163
798
26673
28098
31004
5017
7281
3883
3245
23244
1390
19386
22194
19174
25315
24908
26215
7109
7310
10937
13588
1056
26258
17065
3471
4870
1306
18602
3331
15751
29503
31872
8433
29873
28972
9148
9844
22462
15743
28049
3785
22155
32243
18658
11534
22604
6972
24735
4426
14975
5171
12882
5294
15390
3123
29429
31515
10521
6339
13831
19940
23043
4725
2783
21460
23563
27918
1087
19059
21807
23270
24108
17541
30892
16274
13821
20948
8121
13761
2227
21551
23156
11364
27528
9651
3357
24338
13003
29769
28034
11690
31466
30320
29882
5946
18385
23869
6422
23583
11890
10143
25685
2926
15525
15080
14871
32659
4915
25737
25237
3640
26157
10525
11662
28521
22403
1194
16773
8181
24529
35
27433
17175
14716
16433
277
18261
510
28978
12217
21161
1406
13443
16792
14815
26788
29434
14261
1854
9387
14519
17991
21610
2488
32285
2484
31625
15210
539
1981
25509
23474
6576
20726
27729
22501
6318
22138
15504
3087
14270
18396
30962
12427
7076
3425
9472
17872
25028
12908
13274
29326
21989
21561
3103
2042
13622
26830
781
8293
8846
29231
4842
3092
12280
29138
20642
76
8559
12370
25777
15532
19686
11623
2883
6848
15244
19478
24474
15314
28749
3877
30385
18691
30620
31186
3359
31131
9328
26821
19517
21406
7820
30530
27275
23200
9732
17571
11088
8409
12285
11782
385
28284
16564
20547
23012
29509
9922
26145
20597
13905
31646
22217
21769
14387
3427
2170
817
31556
5587
19327
12641
26170
25244
29022
31570
13565
21211
25683
19364
27574
19935
21244
10440
40
5935
17494
18717
11587
9166
10216
12889
9462
21693
13886
26667
5190
15042
13721
28191
11677
18280
30437
8385
11620
3911
7915
10757
3283
389
4040
5350
22280
14493
1694
17486
21591
18527
16777
20790
32738
11577
16853
5134
31593
16564
32366
23903
30051
22337
6807
8623
13645
27446
29919
7333
16962
30996
8785
12141
22476
28939
10732
32350
7418
25024
5203
4570
20914
16461
9157
32374
26185
29065
18510
22619
12625
30859
9279
30189
14258
28265
13533
17834
15101
10053
29526
15188
508
10379
505
6226
3982
21620
14757
4948
15281
28367
11138
9014
25313
24320
27376
28967
8097
21321
13245
13834
16983
10568
16539
1820
31580
16321
26065
21975
27476
5534
17456
10007
3515
23092
10313
17788
12737
21192
27101
29455
30040
14674
24469
24104
30347
30848
15091
23951
12049
26878
24713
14305
11810
29685
4201
31285
9353
16082
29404
8704
30459
17480
23895
7734
19111
32408
25514
27570
16398
1808
2427
20696
20501
20177
10227
31865
32600
21718
23479
3062
23490
32050
3866
15529
30811
28057
29841
19584
23392
4898
1383
19947
4761
13643
22705
29433
25063
14910
26245
5054
16413
83
2919
29687
5648
28885
24580
3057
29682
12297
14627
22694
12507
3692
25560
30505
10409
7997
29178
3909
3082
6203
10968
20833
30423
24240
29736
2983
16548
26030
18240
6758
15253
16793
1673
14260
21875
5349
18224
28247
20222
14881
25374
13286
32133
20277
26411
28203
19125
1512
12686
26572
26287
23973
21656
30762
24669
10878
4515
25226
6149
3441
69
12403
16414
16874
13769
2902
24675
25738
223
22901
3879
5927
3474
8701
21736
9748
1403
31861
28198
4770
52
3932
24437
9958
22544
25102
4050
30397
14089
1512
23859
29198
28666
23212
24418
27727
30735
29223
19722
15691
5241
22289
14098
24354
4198
15156
3627
11665
3888
20689
9893
10867
20180
21311
11911
27528
28327
725
18910
5494
3652
6154
18773
2061
22729
29147
12038
8143
20547
877
30096
12464
28006
17652
19818
7706
26498
11219
17527
13364
14514
28165
3034
9828
12887
5307
20491
22291
13764
8774
22314
19632
25915
20280
22932
30711
24857
8902
18613
12147
25933
27249
30749
1089
23310
21734
23765
21528
13006
13346
22259
15494
6761
10969
14700
21372
25507
18713
1066
18701
11985
23595
1118
22131
11734
30138
20248
7763
4945
28214
18965
25154
533
26235
14039
12679
4314
3246
29691
29986
13874
10344
26824
32014
12478
12823
20228
29380
16289
31137
20235
21760
16181
8266
8738
24775
32253
27095
12040
2985
24027
10483
21710
29508
5507
19155
22505
26121
9776
17942
9606
26947
22934
28911
24861
24660
23575
645
28745
14658
18233
17306
30935
17011
12376
12907
1308
3509
3992
7640
17036
1154
4894
31685
3721
4481
12928
32448
17785
847
5753
12004
2075
3200
10466
2557
27419
1249
24797
28397
17636
20480
8020
22606
3509
3311
12194
10840
1527
29508
16527
6149
5838
356
27010
25460
8430
24578
4082
32139
11696
7906
16670
18657
13924
12003
21502
987
30185
15676
26489
7701
30844
21510
4312
32003
24014
25595
20091
29656
345
7037
4810
29350
31987
11994
31599
12487
14756
30158
2243
22141
693
585
27013
27093
20233
5235
11986
721
13489
4077
31825
2757
15034
22106
2223
2818
32073
11039
587
20146
22507
1126
11314
23555
2598
28009
18253
2184
2644
24045
7129
11484
31409
11020
14104
15240
29874
30008
12614
16166
7832
14205
4047
967
16198
23558
6079
28563
17487
31203
9338
20143
28244
8202
22189
5732
6029
20891
12164
25469
18597
5992
27678
14320
4043
19124
13630
15297
19974
32059
30531
1316
28360
8819
30298
11234
15815
24082
29426
11261
20232
7120
29296
23447
11580
21614
36
30736
16976
9207
31356
3695
11840
5446
16504
17155
44
18120
21342
15434
1453
19587
16559
13585
9321
29527
26713
31197
29157
18820
29486
21898
32155
4205
3477
12594
333
31644
14976
27472
27544
24837
21150
10789
30924
16015
977
11611
19963
14544
25826
25321
19024
30488
29044
17206
674
178
566
14465
6985
32614
5469
5504
29745
2882
31570
24391
23341
25499
15271
28268
14477
14670
18000
11113
27122
28235
17680
27201
16225
28245
8497
10599
20119
1283
4472
14299
4252
21771
17496
1686
32155
21695
31334
10536
6897
29656
9485
18848
12164
20083
23939
5036
4694
4441
18427
23297
18266
29571
14109
253
24198
26846
9139
23947
18729
29259
19621
12104
6527
12010
4903
22244
24706
4760
26417
25034
7684
26038
22575
10243
30459
29229
7675
343
9756
430
11784
21942
23211
4415
12512
3287
31121
24051
27600
8479
29871
12024
29409
22980
11378
215
14091
28722
4007
30200
17574
9390
28049
12389
17953
1593
11833
30927
7926
29111
25862
22230
13021
3152
29069
32389
11585
15639
8874
14108
23792
27113
4048
7955
30742
31640
7325
29019
23660
27977
23218
12263
8109
27419
15809
22379
1098
17418
21991
100
9822
13074
1085
4440
29924
17303
23978
26207
19240
21764
12283
4578
15995
435
23861
6819
29739
27917
297
23293
5042
15602
5450
25966
10542
16987
1724
4690
3089
5437
29357
6897
7706
10161
31976
26044
30340
5203
29863
26580
19837
11239
15273
16332
15321
1603
9093
28080
8968
6761
13630
19526
20805
8691
5911
12179
13841
19380
1193
19617
15072
412
3378
20096
5138
17884
3120
15499
7716
27467
4143
5612
6952
11528
9183
18019
25714
26977
11625
22595
25749
1012
22531
1981
28046
13076
15299
7008
16190
15471
14256
9697
21022
25837
12831
5400
14894
6107
13117
12876
13870
2376
3560
30640
16145
22447
2755
24365
11183
28887
18825
3682
15546
15864
19617
1002
9459
23327
25331
10717
24989
24019
25595
29081
30514
28409
29211
23746
26198
15349
14134
6023
27913
786
20346
2087
26656
16164
22141
30644
26870
13932
19084
14360
21343
28859
14912
27477
6109
22746
28753
20497
24087
3370
4527
14161
13190
9096
25039
1925
4722
25715
8515
28869
21789
16753
14990
13914
26942
2734
12598
12672
22448
10215
1819
29034
29804
22662
3078
7303
19125
16143
19333
30468
6546
15290
3319
12946
29825
23138
6627
27497
23658
22429
16014
30348
25810
301
14540
25935
14673
30103
2326
25111
5958
1809
23005
19042
4041
17825
28958
10759
9697
29828
24631
31678
7415
28365
26105
21218
2955
16206
14078
21110
1574
28603
8252
5479
30352
21261
14299
27664
29506
20261
4164
4867
11038
27058
8571
18183
14686
7252
23726
23133
30155
13314
7694
12104
5423
16297
28893
15308
11788
21013
22984
31413
30094
6933
7032
28123
18623
7130
10596
5541
22010
31393
15593
460
31394
14738
16540
24417
10515
21735
1503
10258
27353
3152
30898
22185
21281
23446
17868
17621
30060
26239
9963
5677
13451
23539
18792
21618
32199
5212
782
8468
17504
28499
18732
8184
20793
13432
7657
32633
15057
31649
26584
16813
6517
24632
26572
10985
19380
990
16622
31111
24340
9300
18188
19174
28931
18588
1844
20915
7184
18779
16002
16743
17755
14466
13110
4881
24138
27693
9225
1878
28286
12492
16834
2486
31238
26240
26372
22801
6098
3528
618
6505
19562
1884
26326
13033
31968
2905
30213
8742
3586
7071
22887
7590
981
30071
15662
13471
13631
18042
16805
19200
26628
10414
5828
5813
26868
10737
30209
551
29794
25243
28264
6147
727
24415
14062
23613
19976
25202
31491
13908
8710
16367
21862
20695
20149
22907
27965
4648
19839
32037
26981
4736
28489
11151
11783
13107
9894
2387
6252
15158
16971
32672
11538
7390
11204
20516
27647
18666
32357
8239
16213
12996
2690
16149
14375
27140
6371
11220
3467
27958
626
7670
4592
6621
28727
5561
4786
23992
22406
14190
21996
3395
1655
30239
10894
897
21655
20852
16047
28409
19421
10967
12324
28670
24032
30167
2897
27700
31046
18378
11327
15184
4992
2743
13807
4383
31413
22387
5102
18634
1019
15113
14890
30040
27085
27487
5892
23412
28346
12055
27558
14449
6234
31924
32407
31371
5766
5374
23692
20080
10952
7335
7042
9727
9233
31022
21513
7247
17066
29956
17635
23283
6253
28398
21709
25724
14645
6314
26269
26688
20371
2261
13197
858
27075
9228
8151
4850
4830
8530
15746
31679
3152
11697
29051
2761
15245
29476
28391
21364
8192
1717
31928
11962
25924
483
14718
16312
26007
19270
20864
8556
12428
21110
23308
8637
27136
17192
19723
11707
5454
29594
17368
21289
8391
4658
2131
31545
17756
22114
3377
17046
3742
14542
22166
4775
7913
30385
32741
24595
987
25724
21463
12928
12043
21441
10954
22945
26360
4176
860
29551
17472
14496
2361
10166
3859
30064
32305
15572
4326
21677
14734
27069
11884
19351
12708
2371
24002
9248
17321
4757
19690
22932
11719
31493
19578
10367
28528
25870
21141
21964
1010
16533
10779
28970
11083
16495
8733
5812
13630
18724
20884
29648
678
15602
17234
4951
12555
18709
7736
13559
9331
6214
7594
13270
25466
3714
28224
16504
31141
29196
17086
29155
21492
9653
13639
29185
19382
22619
18637
18757
21409
19888
7884
3473
31522
9276
13624
30808
15346
15526
16564
10240
17898
9775
30468
4234
15640
13439
24005
24436
7698
8868
29019
22238
15498
26456
14380
25581
4131
7810
5644
29805
17283
11264
29687
20410
14762
31652
4102
30432
32130
636
2460
20481
20407
25943
32224
8439
18120
26756
18545
7483
13663
3293
15445
2821
19166
32261
26930
17333
8762
13805
16576
4978
13068
31133
12414
15377
22757
4913
932
7992
25826
27937
8537
21443
28033
29382
31527
10854
20659
23066
16300
26004
7219
15040
9618
10400
20501
5700
25281
25123
12194
13731
9170
13725
5219
14
6087
10335
30588
12011
25594
5544
9532
797
5204
11790
20209
24453
23487
1567
28417
27848
14558
30793
13110
10835
21243
24055
24922
4253
9025
25597
27140
10412
15915
32310
7601
15579
20796
15979
14358
1754
10481
4727
13749
32502
21236
11689
10159
12443
12434
8554
31193
14359
3439
26912
24337
19872
3704
27986
22483
409
3354
16908
1799
3601
12977
9349
18717
24973
26692
31743
16732
18183
28271
25071
20855
20278
12704
30046
12130
24336
11911
32143
3427
1934
31431
8162
2156
2735
17906
11512
20648
12735
26292
18712
16468
22745
18510
29649
21712
21419
19526
13025
15862
3961
29789
25686
30634
5732
26818
31731
8626
22509
11909
12245
2505
23221
8782
22615
7150
15238
2895
1842
11522
7575
23159
6633
21394
28684
27113
19300
17138
11453
20652
2266
23691
29752
7844
3573
27509
11017
5313
3121
15945
31801
11638
24966
4912
25876
2413
8774
2624
11823
5241
31304
4617
30122
30412
10566
618
11955
9834
7812
22954
14923
11485
30642
20419
32077
29994
26388
13313
6060
13829
17632
18636
8444
19521
20456
4546
3636
6538
24952
18442
9394
15190
6274
26852
7807
11801
16376
4740
25557
12472
29818
8992
32222
31809
19761
20040
9919
9177
3067
7286
6869
12534
6344
2278
3902
20430
19524
12711
29084
8207
19894
19955
21781
32208
2087
24252
12447
22215
31432
19847
21114
24509
26766
28029
11517
15936
11039
4799
24726
31384
11505
13307
9997
19964
20144
19005
1032
8453
15329
25351
24276
20066
29382
6307
26978
32206
897
25784
30864
11071
19067
284
12714
11872
10759
19177
12593
22082
1859
23507
3803
27982
3647
19896
25306
14719
354
23673
12385
19662
6153
23049
22885
14829
12400
10435
32673
311
22742
12289
30428
18920
29660
32490
11374
15241
31791
4491
10241
2991
11110
27690
2453
5093
2094
214
10439
999
8100
4931
14674
1041
28162
3797
6358
23574
14974
763
10712
29173
27247
14782
24586
13609
4018
7322
25037
18976
13900
23436
25333
2543
13648
2668
7372
10820
1796
10365
1881
8604
27711
17987
14306
7094
24341
15764
2223
4679
6326
12274
28177
24047
11924
16152
7331
21356
2756
13267
25808
16654
17319
1811
26517
24682
5833
322
2184
4179
2825
25556
16666
27398
32251
20768
14617
3237
8330
26222
18553
7655
9954
15441
18003
30477
12173
16695
18734
28440
9691
8766
15486
11065
9096
13897
28522
649
5529
8020
210
18938
10375
5636
19601
7309
16287
4994
15871
29638
31657
19850
11194
9310
5320
14527
8359
4919
2977
1346
13875
13973
30143
18818
25567
14218
26934
20310
26619
18354
19335
14153
11697
32545
1988
26164
21574
22170
28661
28947
15261
4609
19897
31505
14845
12051
26161
14821
24339
11349
29977
5217
26683
15434
25400
3912
18939
14569
15355
31841
29392
27470
9821
8137
11054
31664
25865
16269
14018
7571
8643
20856
6906
19519
2052
15146
11975
11120
29412
22634
22434
24655
12861
15294
6093
30369
11022
23864
20955
9791
22301
11154
25970
3270
26593
13182
2384
12175
4254
20791
1676
23010
15314
8284
14622
11110
12240
7678
31138
27356
26283
12536
21593
28941
7509
3198
12657
16385
24072
8441
21126
6770
2533
3858
18792
12160
9692
20749
19487
11943
28363
3673
2604
22509
30954
19813
26386
23648
24166
30645
15893
8895
16716
25652
4930
17528
9385
23500
21935
22226
24816
19508
5892
21612
14235
7433
23610
15078
18965
23329
27555
12510
30680
11804
15403
18462
26578
19515
27101
12307
16654
24694
21417
27778
22160
5832
18020
25718
19073
17102
22800
23933
27788
21648
24158
14099
22407
3999
3953
31327
4694
14432
21477
4637
14348
11175
19216
16092
27476
5255
31367
7017
6416
13417
17892
17803
20031
29020
5063
32496
9508
7852
17435
23144
3493
13238
23451
18769
29937
25850
2196
7506
4197
21362
25836
21069
20401
17955
6499
13454
14902
8689
17945
14153
15283
5047
21585
3907
9249
8343
5492
26063
24283
4239
21337
14332
9474
26445
13763
13837
12064
24389
8491
14121
10763
6912
29376
5460
29453
183
15789
1438
24385
29728
28058
16538
4672
25224
29301
3858
10237
21794
22898
3833
13806
32159
30544
17569
26477
28926
2015
19503
14685
1190
26303
16203
6416
434
17770
8988
27240
8844
628
29299
14653
3773
1554
6214
6655
18691
18394
28257
32157
17316
25033
5208
31909
3843
21642
12992
23980
22129
24821
32414
23280
8005
6871
4384
27452
32303
6385
26507
4620
14025
26179
8053
31474
31087
6282
17204
25656
13137
12295
14998
7367
9414
9346
13267
6471
12772
17295
6335
25736
8525
17424
25668
28449
15691
13051
27664
599
2848
7517
29323
23104
3223
7071
5388
11048
16351
8712
27212
5683
20889
14980
25883
20804
13616
2980
20305
1566
5993
20709
28936
11465
24379
10293
14344
25912
12512
22707
29571
5160
10028
30391
30723
18251
14110
2322
16288
9382
29109
5015
23158
26935
6148
10970
17238
15068
13705
30007
27836
20848
13499
15638
6657
15159
8674
30830
22738
16508
4139
27016
12001
10872
21756
15622
20442
29046
3461
18723
28569
5685
8856
21052
1178
10894
16058
30864
3761
19798
27258
13124
13819
7558
17153
31914
22036
26777
32491
5058
18826
6198
13653
30465
2450
8975
6967
31826
30202
1289
10997
10843
22879
669
27184
14081
32160
15230
16866
20270
25746
20604
7338
3025
30966
8360
16228
14375
19368
25017
4093
19770
12569
6062
16005
18087
21246
12213
1158
13475
2634
16972
28309
12096
5466
16550
25638
3821
32368
4432
24997
3644
18019
24596
6338
14569
10133
9502
27404
19479
1316
10077
29377
27612
23141
32300
3556
20992
16014
22066
8081
23042
20658
32134
31630
3676
8179
31511
12322
6920
25587
13644
8746
18755
6539
27623
12137
26769
22464
2351
19232
18689
28914
3662
18654
10930
13399
7928
18842
18070
25512
28749
32511
21622
12570
7937
14599
12855
22928
12474
29131
4187
12047
17593
19354
18379
10098
14269
13640
15571
17247
16164
10440
29550
24953
16212
14333
14532
20951
24921
23502
1521
15798
11215
14713
8
14186
8963
21033
14679
1691
13397
20682
6125
1197
28897
27164
1370
7552
23390
774
19382
18522
19781
4398
17381
3361
14134
27078
14616
27086
16537
29353
9623
11294
2689
27046
11455
5002
6613
13851
30278
20346
11441
30918
20167
11702
32522
19929
12666
3357
17041
30028
8002
26777
19930
21879
26350
3666
18110
3040
17080
22306
19454
82
28434
29258
25128
11823
7843
6499
10175
6150
28556
16535
5270
6504
17903
5904
18557
2808
12210
27569
11551
27842
13696
18948
28459
2766
15633
25460
4786
20468
24748
6333
9937
15089
24554
14240
23695
10683
3516
16603
1288
28434
