2170
25884
18454
20150
7582
29761
9016
18146
11944
4534
8536
28735
20888
11535
7951
29460
4969
19948
14794
6697
27284
19569
30321
28377
13013
28150
15175
23401
5681
14847
8466
18328
1848
7022
24443
25463
12424
8695
22711
5243
32146
30677
2151
14545
8353
24507
22973
13553
14872
20238
10465
32630
1274
30801
29587
7981
11440
23009
32017
20332
12295
9442
26939
16037
30073
4217
4853
6970
29869
27963
8653
25235
6465
3302
8926
9839
17094
21071
10483
15479
1548
32156
14320
3097
5024
2227
32622
28307
26516
10227
10406
21838
9854
17185
15248
10862
19395
31397
24396
8103
3350
3318
31168
24402
5947
12371
29315
21440
2065
13492
7417
30926
18895
512
3520
27577
13198
18048
24395
11572
4872
27028
10701
18872
927
5796
12889
23580
13985
29786
5447
7781
4298
23566
28633
31967
16650
9602
19743
24429
13449
23248
23063
7453
3049
26784
9497
19967
30155
7838
27762
28472
4756
5164
16464
3410
17777
17747
31710
26838
5784
31744
22959
18717
2769
22893
10080
29027
5173
5085
23673
27677
54
15500
6293
8332
1760
8678
19651
26259
24415
8695
5163
3270
32192
291
32757
1219
24060
6423
23142
10693
50
29695
9548
21878
31284
10233
22429
14085
16965
1738
7771
8313
5921
30161
9402
15941
10558
569
10117
27932
26962
1394
22462
8710
8213
28129
20613
6324
13128
32726
9274
15376
15350
8895
17638
32025
20986
3740
19415
3054
12481
28083
25739
10024
6481
18053
24272
30061
5514
16896
11304
7491
172
8694
19570
3873
31002
31694
28103
13772
8030
2938
17315
225
18028
12969
22853
32173
31019
30781
25432
29253
31025
7167
21714
11987
6862
4753
15133
2351
8781
32165
9589
13999
1654
29805
7057
30783
15448
12370
26501
19636
28741
29161
14055
7517
20509
12835
22320
6363
19152
29636
4454
12339
26910
18710
26872
27170
9121
25054
16874
177
23054
13711
12849
32008
20408
7614
609
17799
20821
29910
8581
21011
26629
3341
4174
31406
15760
5014
1905
5195
5615
13336
23882
20448
527
4192
28357
4028
12241
24659
3966
10011
31573
20006
17703
14328
9592
25297
21035
8994
21403
5824
21392
16018
15527
23244
30242
17916
10061
11627
1742
14756
7571
4131
25164
8051
31116
28997
2049
23114
12134
24023
21539
2966
30891
4050
9502
13093
17600
11406
28726
312
4786
18298
2414
3801
6193
32016
8873
28782
23005
14856
17936
22159
6337
716
20403
12565
14621
20269
10867
2163
1641
20052
21535
330
30870
9979
27869
15927
24215
2013
21964
5104
4640
7274
8935
17295
6318
14784
25645
12077
21959
22487
2559
15539
12931
11003
26825
23277
24139
29056
8164
23776
3297
18865
26555
8030
21920
9225
2861
11479
6150
9638
4147
21362
2415
3834
21443
24924
20515
31428
7412
31584
20371
2366
27490
16825
2528
19352
1236
14116
15005
934
1564
7737
3798
3030
31551
16634
7761
31588
17110
22189
2579
23249
16564
31719
25638
31889
9161
28906
17562
19972
17222
4656
12234
13479
22274
16200
12769
19340
3869
9185
21404
5383
20195
5925
19537
29867
3827
1352
5424
1396
10912
5984
16841
8262
7319
3447
16846
9878
28354
32478
28698
25959
24941
29893
4851
9337
3496
4873
12684
13757
1772
17229
25294
6411
16385
5708
31064
2071
14110
20333
12485
32418
11603
20121
16429
4845
27940
19529
30190
12915
25719
7139
16556
5847
5552
26694
18838
1820
9242
7843
1003
14612
32649
31632
21949
26395
29501
28247
15862
28165
7178
18068
7064
1876
2486
24575
31305
29614
4003
16518
2062
10639
2221
23711
6231
23612
4694
30172
22588
28408
801
18367
6150
10361
8251
30417
19953
15005
22112
30190
13872
29274
31229
21987
13362
9203
21138
13115
22820
10098
30043
13909
13239
31058
13103
22970
19747
21372
7592
27310
30572
21109
26500
30725
20707
31445
9291
9016
8433
13051
11058
1976
29200
1279
8512
11394
3354
15592
28335
13300
14790
14111
9109
15839
26735
29476
4036
12253
10520
16000
4590
22501
5038
3067
25101
7452
1420
19214
23297
13038
22597
21403
1915
606
30109
14812
30235
15770
27864
7834
6357
20947
27960
20383
13209
11083
18881
19565
7731
32688
27199
816
23920
4776
19850
23026
22402
10413
265
22542
10149
7195
12661
999
21763
18567
14559
18649
28885
16467
19957
31088
24524
127
14465
16856
21167
5826
12082
7829
12869
28122
17055
11124
629
13344
31113
24258
172
4191
608
1211
383
6374
7689
3909
20882
16604
10207
3551
7608
12244
24312
25044
9819
14241
21673
692
16927
23660
9292
26372
29634
8964
22592
25909
5959
6516
8242
8403
27219
19931
15515
22527
29655
10104
17290
9503
3823
22021
8868
2260
7434
19270
617
20525
9036
29409
28345
11034
22320
7280
26774
1827
24178
19413
17707
601
17964
25549
32269
2701
30015
24265
22210
31937
7668
2553
31616
22748
29411
30377
32054
23970
8980
5584
20177
8418
24933
12774
10168
30705
31531
15095
28568
17496
16924
6390
5991
30922
19821
30803
931
27225
22071
17615
27611
16873
13087
18064
21361
8676
14134
5488
32670
21551
30750
22171
3766
5213
16239
30809
5294
18979
11096
24616
24795
18444
17034
16142
20732
25198
32593
45
21883
29341
5636
1432
2800
6750
31392
10085
3303
23455
27056
10500
26083
22629
30832
6351
16547
20229
28721
19937
16035
9879
30975
30764
6118
8104
22402
30406
26611
32047
16930
26756
19486
14786
4462
10954
14088
7434
20415
15009
7529
17781
27672
11274
24589
31274
5201
11155
5917
22850
31349
15911
8864
13877
2408
13098
9281
15506
19661
31942
18003
10996
4134
25215
29714
14897
31037
16910
26412
1236
8644
21100
11904
718
29752
7469
4645
28008
20491
8719
30894
8060
14593
22739
12716
17893
5595
1355
18805
29748
16947
4533
18980
29092
30631
25415
3553
21073
21049
23819
1635
12452
29686
1261
7602
6930
3030
32531
5170
2566
17380
21356
32733
29211
23198
12684
20688
18063
27551
9911
32521
32757
11131
31291
17775
31529
6891
9219
3602
17545
29994
4458
29621
9058
23966
11341
31882
31145
4283
22628
29244
19436
7205
23250
31538
1415
25108
24570
22803
19739
27645
5013
28805
32060
20591
32513
32315
5482
12347
8668
7470
14147
3799
30930
554
1014
2564
26291
4237
28155
13487
13257
11340
21250
6421
5992
27958
29225
9771
32710
6013
4721
3133
3085
32114
28019
19669
27823
11920
12879
478
7674
6076
13542
8201
12524
30923
7497
14448
5704
21317
11120
32122
8169
13928
25392
3838
11351
3184
13415
20907
12440
19734
29562
21927
5193
14679
13825
4214
5101
1142
26560
28190
7556
3652
11226
32136
23392
4767
24129
15402
24884
29241
18801
17635
12142
30875
25694
26150
198
17257
11434
25435
5655
12007
28956
25986
29806
27580
8270
24346
18785
8694
28581
26433
27043
17743
28294
20508
7637
32430
22983
31865
12702
20209
17252
14515
30973
20202
25204
6870
16350
12455
8027
11780
22508
26103
12352
27928
14503
4137
22978
20616
26038
7447
10214
29584
3966
13668
13140
5261
8691
24577
18116
29863
13742
32502
30899
23218
5953
2399
3418
15702
22727
9908
13536
22638
8639
3918
31183
12719
12570
22055
29637
20618
17810
32738
4716
11603
24638
2827
5291
7074
5475
19871
30
13306
24462
19407
11460
168
10463
27649
14584
29166
32424
11288
31139
23905
9015
15349
15023
3216
29167
8509
25535
7910
18846
18525
21789
17106
28938
9932
4339
2596
10701
21136
1215
23995
25955
13060
1793
21597
20610
11992
23862
28902
10409
31577
24074
2981
4092
28915
970
27395
21327
2292
792
20325
22145
26770
14818
30292
6923
7472
2709
22748
5336
28125
30605
10545
16728
26142
4817
21401
13520
32237
5629
1669
4596
769
13951
1537
8119
10064
2566
20047
29026
22739
3896
18895
21731
18057
11940
7715
31592
14014
18423
21647
4141
4749
8050
24998
12690
19108
16283
20515
113
31047
9011
4885
14766
26008
15209
17215
3600
19477
9805
19390
11343
4194
10631
18924
12654
15433
17737
9349
29514
28671
29570
7688
22900
10152
26453
26208
14396
31262
24777
28612
25102
13550
26818
2780
25346
31140
2352
3621
6830
16457
21894
3222
10303
25385
22382
24452
23752
6106
13242
1987
10201
31097
7070
10766
12884
2103
24093
10920
7036
16916
11714
11332
3151
14571
28304
30243
5398
18863
8251
1404
2362
22772
14489
20000
19801
14513
595
28254
19353
6980
21472
23076
572
14262
12980
16744
24693
833
14004
13766
25978
9231
16878
21355
13787
325
24711
28977
6930
5184
25844
7179
8539
24350
5229
24996
18374
11393
30623
11843
30346
31887
9122
16882
12188
17214
3882
223
11648
23502
18433
8962
25696
21911
7349
1792
6491
32260
3726
11344
1055
19424
8130
6300
11962
4048
20972
11370
1965
3617
26811
11003
23106
26052
17639
31091
8480
26775
27498
22843
26397
18663
3308
8612
10835
16434
8575
15565
30070
4913
27788
27590
9061
5909
32013
5621
254
7186
32253
10169
16695
24858
27405
17486
30570
29931
32153
20209
3057
10315
26074
3908
24307
30098
9309
29939
3453
362
6068
16024
3285
6355
4715
2012
4107
20586
3390
735
27600
10474
18824
24795
27787
23795
30719
11780
21162
15370
14239
9394
26934
14050
228
15297
27307
217
20796
29752
10246
27334
10940
10794
9759
23282
15378
27866
9529
1636
17595
8738
18136
20322
2422
30998
17875
27956
27896
28644
29865
16683
225
28927
30232
31970
8943
19324
25580
32196
31345
2748
22550
462
27135
29003
3069
6550
18793
6920
537
31629
31725
2694
28093
7297
13997
9651
19764
12646
2912
26039
27152
32341
2887
15903
13247
5845
5730
32571
10335
29530
10981
14276
16339
11
18662
22978
3351
2248
15960
9901
2512
9836
28476
9939
16424
4431
28182
12281
18136
32016
30878
16197
17286
24977
11449
10844
26450
21826
2471
27591
6572
23715
4478
3739
17768
21252
7895
32089
31764
20623
17095
14355
25481
12681
16145
13776
8640
8917
28825
30002
15079
22458
15900
86
5556
19686
24351
26620
6650
15538
3877
31208
7546
10407
293
13960
4859
7233
10043
18902
12189
3316
8862
2944
31338
31597
28626
19014
31278
14874
8991
26276
30088
31980
18753
178
31042
5724
16481
15688
6366
1452
7492
26213
7537
14959
28867
27346
5813
12619
379
258
601
19966
19909
28989
32155
5791
27113
19198
13593
13350
3726
2457
1764
23599
27509
27680
2775
2043
4711
1160
29991
7352
3692
16904
1850
26882
31550
31426
701
7081
12541
14501
21233
6069
22564
19858
24645
18855
31164
29373
16938
25090
24528
30551
17187
6410
23072
17002
27419
24524
15129
11268
1020
8798
8453
29079
19581
32616
24448
18848
19772
6371
7467
23175
1036
25121
31140
6342
22928
3854
20405
20558
5385
2229
26571
23846
17004
2822
11946
22358
16056
20438
17504
13827
24198
27431
30583
11739
25313
15530
111
20148
12377
6786
4460
9327
31827
6475
3627
24355
25763
5467
58
18040
9565
24903
7017
31824
24807
15785
26236
21165
11859
32289
23586
14543
25068
32666
6187
924
17423
21455
25845
5445
10813
17933
15655
10279
9837
7482
5538
16623
16551
16150
949
3074
28366
6337
5008
10780
16062
28798
25340
12342
26263
1206
21577
24238
12119
7232
28039
21410
28079
27615
14329
15516
32015
29964
13254
19317
28932
16886
13298
29299
28867
8904
13965
11189
28934
20522
3370
20433
16406
5898
27027
16315
6185
29084
8891
26089
11247
12703
17908
21172
24936
8163
18530
30722
12024
13576
27824
18466
20157
20360
12545
15351
15392
2808
22826
1113
12202
7306
26910
27320
3354
22743
9129
9474
30644
18139
24930
8391
219
25665
21467
2460
9442
32481
2330
3773
2592
18312
17229
11254
13890
503
30905
31171
11749
30254
4084
18614
12901
1770
11348
3097
4591
4460
7847
22485
15838
31356
20004
30098
6980
3246
11682
21792
16838
3044
4360
23573
7342
8724
30469
22712
8763
2379
6913
7198
5435
5874
25427
32659
1244
3153
32692
22844
32448
20561
19443
9210
10063
30342
19179
24208
11345
14188
19891
26121
17852
15857
6932
20308
14538
28212
11072
1074
4431
2445
19392
10066
1354
21453
16303
953
14010
7623
12326
2920
18355
22799
247
10553
29872
6401
23966
27147
10539
9477
4724
16670
17003
18
1574
27584
29854
2417
26470
14378
1575
6852
25312
13221
21817
18246
30064
1009
23461
8276
11922
28646
9456
9005
30490
23388
27305
13302
12325
14921
19193
18945
15951
16169
19836
12622
21798
18595
10831
1362
5855
21097
1899
18680
23624
28000
8241
16358
14590
769
2885
27905
4064
26623
4768
23091
19395
553
20961
3436
4200
1427
3812
20198
30635
3312
150
9390
12028
4419
30728
10080
2323
1207
8130
5169
22496
5322
17753
16435
8897
22449
24900
20693
3320
26872
20715
23977
92
14698
30465
24427
28750
5680
13844
4158
18671
11069
31074
8504
24209
1257
16367
26913
29035
21723
24020
28792
6544
32301
26586
32439
12066
11467
32071
3289
706
31772
25592
16664
31308
28901
10928
22523
26049
19050
17840
7824
8325
28374
22920
25078
21195
30428
10284
30751
26445
7327
21578
17876
2368
4559
28379
26106
16007
277
761
22035
29223
16050
5104
19464
763
27747
16791
6437
10921
5255
1761
15973
20692
131
18095
5616
7827
20070
6888
13794
26146
2505
6604
28750
13016
19450
1413
5251
5465
10073
6655
21901
13
25089
27898
31231
18385
17323
5214
14576
7404
31440
1742
26692
4164
23822
27263
24621
30930
1741
17995
14320
19795
7714
18689
16365
17984
15604
6912
23770
23553
18013
28164
10319
30046
11090
16191
31367
23094
25223
32684
16741
15987
6029
5792
18613
31037
21821
29346
22453
15470
12122
7292
18387
24646
12146
146
30905
5985
2309
25203
17799
7909
22762
11950
24415
16128
29677
7911
12583
12178
2237
25641
12426
13606
6406
19326
16448
2599
3546
4285
1936
26705
27477
21412
25363
18021
26497
25382
21178
7713
26743
21254
2322
20079
11719
4005
32711
28125
10522
25625
13672
8525
18966
9854
30825
19181
16770
32401
25454
9578
32683
31355
28359
8033
29190
26090
15158
2839
17430
5990
31225
30313
10128
10211
5636
16134
26558
18578
655
14043
19489
11005
21200
27855
3674
12115
32522
28081
26443
19712
31430
4462
30585
27009
96
10376
3764
4471
13766
7619
5883
18426
3709
24610
9882
24623
3813
10513
32149
5405
21693
29412
29257
21436
2281
13184
4433
27471
7795
12120
29863
6132
721
30876
5643
7034
9062
28332
8361
22642
27723
20947
1526
9097
9294
16178
23003
16149
19003
10490
14869
13549
22363
7903
17628
638
2875
31433
25282
19227
9390
17868
26591
1173
11285
26970
20523
21004
13022
183
6955
260
11339
24238
2768
23739
17269
7043
18844
19387
21136
16168
15366
27563
24432
23475
288
8042
16716
11280
26231
17247
21443
2803
21306
31754
23324
22033
28319
21215
32210
4496
1411
5461
30544
24508
29521
10810
26617
8443
4644
20809
26219
20483
30256
254
13829
28234
30814
22185
18087
5310
21558
19650
25016
31927
23810
11132
10350
5418
3632
26524
18249
30751
31481
25484
737
21605
24896
18091
482
8068
25533
24296
30805
9203
12122
16527
6177
16267
4061
6242
27345
26172
14280
25580
30871
15615
16253
1042
24721
24843
8102
24043
17996
12108
10964
32210
14471
8209
19046
28857
30009
2821
685
18368
11989
26464
590
31238
14028
23646
16615
6334
12627
13809
28917
2438
13928
4530
18677
15093
1039
22558
26569
1907
9698
22015
22622
14926
13768
2600
30860
27402
6661
31589
18237
8952
25715
10930
24018
266
14094
30123
6338
20453
20918
32068
13188
16952
11569
25786
23472
18764
18288
31946
32609
14813
1299
12064
23261
13097
19503
15890
2424
31814
15438
11406
7605
19384
10167
25169
1199
11587
12784
24666
14519
31230
14210
6559
1855
5801
25340
17406
28151
27712
4922
13686
21301
20176
30439
8599
7578
18058
321
19255
28403
28438
7196
32359
1629
24874
15146
26278
3501
23130
13433
5460
22030
5938
573
19561
18412
4994
20944
24934
2577
9465
1015
19596
9230
9205
615
14412
8157
5786
3720
9472
28356
4642
28024
29912
5500
18035
5459
29719
25491
26615
16306
12671
14863
27560
1393
15113
9556
18794
26550
4826
20040
14494
27182
28787
1716
6900
8858
8744
29934
2432
24971
8915
8885
14353
22633
14281
29532
8894
24762
11021
17707
14785
18593
30148
16898
32649
18597
28393
9023
19722
1716
21058
27874
12376
19048
13203
25583
6516
18057
12817
17428
18789
7122
25
30860
14219
30968
4898
23619
24881
31720
4081
17723
14177
14416
18188
24366
7932
1890
21872
6517
14090
1237
15750
11304
22862
23852
3156
30855
2333
20794
24304
18584
17521
4838
23611
12818
27450
24364
30411
8314
12532
31076
2857
19084
19582
27591
11837
5852
23082
12591
16390
13245
9233
11294
5775
26210
17577
3842
21790
21827
22425
6583
17326
20930
11467
20558
15007
25871
12739
3853
30381
9289
1328
8118
26911
4070
26817
13325
22592
596
1338
27028
25619
29152
13511
15001
17219
2520
18320
114
19545
24300
30349
27400
7985
17114
30876
4498
687
31563
28113
163
19118
24567
5389
26983
23097
9232
32722
22057
5630
20190
14421
2073
23295
10151
3541
25165
19851
6353
31532
1541
5229
20042
23460
1075
21603
4904
25099
18491
32722
12941
1546
8183
20151
24526
23474
1278
29409
27092
2392
2854
23646
15810
20387
6215
8755
31959
22499
18754
25424
10647
15524
10306
13250
12325
132
6210
27179
19956
26433
6608
24943
7326
25878
19728
689
17428
6216
21763
11134
6136
252
9
17479
9287
27467
22949
6933
27963
16280
2433
22136
26224
11553
9138
5312
25925
25301
20028
2928
4741
19046
24537
15088
8007
31134
23542
2690
16658
19958
28671
24695
14661
26213
21980
2723
27574
28534
16316
2830
18586
30109
12561
7404
3493
12747
26843
1488
8818
1088
16682
1820
5156
4513
10206
956
29774
13898
5298
11796
7952
17381
8313
21046
11395
15675
8615
4185
4439
1099
29202
7047
12987
11929
16890
20629
29053
29641
7239
14680
28787
27244
19
20502
6681
1818
13160
5947
10619
4545
13131
22861
14934
1340
25849
9506
9338
3368
27760
23121
9842
5619
19505
23014
9063
9013
12869
12122
30786
24644
5758
17858
11281
7939
3583
32070
32684
14586
30718
13525
8344
1708
26569
7191
811
24868
28679
24995
10225
25042
13121
4467
20559
21653
23969
14228
26214
4121
27641
6946
7226
10339
25606
9588
1556
12202
25079
18836
13349
31081
7977
32754
3947
5042
22069
10841
32217
27333
10284
29729
4530
19169
26401
679
18486
13402
27112
2554
7040
13804
19742
6615
27567
16719
17769
14040
836
11787
26369
5096
15051
24206
1648
32762
32702
15228
5782
23547
17062
31046
10223
11524
4227
23550
27929
7893
23406
28010
26768
2687
13949
22871
10173
21856
2279
25647
12079
15444
31848
12238
31784
24362
10983
17042
16219
8277
20311
1201
13556
11492
32219
10192
15833
16565
10029
11473
7727
31461
27456
31724
1313
22154
32548
17153
16860
7077
10795
3628
18910
23634
7754
20123
29809
21058
12225
17308
3954
12395
12286
31226
12631
15614
28607
21898
27761
18330
11384
22785
18285
20415
27892
8200
7969
28549
4414
16275
21894
24206
6594
110
29184
8505
27056
10264
5862
14360
2209
17365
28734
25509
10109
10751
32712
20528
27804
9629
27199
15900
19243
55
10715
31307
27090
24040
18970
15063
23699
8116
4288
13315
13814
16412
14364
31089
13155
24048
7822
32661
2255
26981
3910
20841
3995
10087
2126
20066
23736
32560
8651
1187
528
17946
31360
31602
32545
32177
19859
488
9451
14349
5524
21996
28941
5727
24763
14178
9259
5577
14961
15263
6034
7795
19986
29984
5663
2267
9970
17276
15453
3436
12702
24472
9197
21075
25188
30746
24107
2958
9493
29216
526
24901
31241
8753
20816
4190
25700
4468
14543
31052
3480
8991
12340
4391
16939
11827
15570
26882
11195
24423
7121
16249
27711
30561
22411
20617
32399
14636
19510
22437
39
7399
24516
30725
18471
6842
28935
32578
28575
8719
16921
13856
12042
4350
25083
13226
13592
16392
22908
26245
23217
30217
8028
18558
22582
22632
6066
28773
24586
11153
8843
30238
16977
30629
32212
23797
32247
25967
32378
30770
25332
26523
25807
32237
10703
1058
20528
15396
9313
21001
5605
9227
27612
32587
32584
8099
12300
29460
13097
25998
3036
24623
20082
16162
795
23490
28679
29884
3456
19513
15344
21591
21228
17536
6586
1629
31984
8053
12826
9404
16783
28573
28628
18493
2885
5909
2011
18
25160
7116
19642
26541
31501
3056
20786
20185
3598
1702
7717
10243
23755
15614
32691
12504
2062
32550
11682
2326
7028
10718
21251
11163
29225
2091
14610
32195
22771
32080
6495
26864
4466
2810
23339
12906
6822
1979
16405
1386
25265
6585
17398
25457
17886
18856
13321
28382
32483
16885
16719
17344
27747
3652
4657
21225
20407
28445
5992
29508
26862
5602
10266
7528
5138
23813
10565
1388
19373
20599
17505
1789
13452
6756
28993
6063
5827
10269
22331
13201
26610
6998
18824
30724
19142
23441
25325
24781
10178
23514
1179
23400
17215
26805
15445
9375
29873
4693
21968
9308
25389
1806
7007
15292
27432
29197
2512
14692
4482
12871
31632
26648
10179
32175
3862
27530
1444
17580
19583
24431
31697
27082
20086
27864
25581
8624
29271
18880
29142
3922
21396
22241
10795
28775
5719
20429
8716
28190
17769
16697
27681
26124
18258
14748
22238
16233
11970
26617
24581
8317
27183
7416
364
6229
5824
25148
15104
4282
31338
7153
32266
7268
26969
26788
23985
30058
6801
13144
10432
16381
12245
11222
20650
25942
29895
6468
16844
6893
6482
15097
4337
27116
27461
11152
8731
19171
21312
31291
11393
10685
6356
28250
16340
26099
12774
10573
11974
8959
8532
6790
717
32020
10460
31202
23844
30220
21049
15417
26900
11938
5006
13876
17265
16353
4872
24926
31591
18652
19903
30590
4215
1184
9694
22565
4540
31847
7172
27779
17011
10766
14314
32126
26554
7881
25669
12294
9112
534
16878
7074
318
31983
13888
12111
5772
25924
14529
22667
24279
15784
9221
8365
13034
23883
3536
13431
586
21544
27259
2542
12735
24447
32665
6249
17167
646
27098
22249
10765
5980
14895
29864
29394
27710
28206
32757
7499
16637
18361
28478
20980
14511
18394
16495
21474
5029
20722
8827
21511
17822
13331
23863
2482
15418
11690
27503
13397
27058
5473
31540
27275
26565
17731
18547
23129
18166
31777
1484
24244
24052
16181
18336
3652
11610
32518
9580
10088
11160
907
1366
32122
3377
25491
17926
19284
23848
2917
15031
3859
31156
5795
11662
21275
18747
372
23594
2139
15230
29921
8828
21970
27410
12928
18393
337
29455
25424
8781
21891
19724
19941
1075
10540
19274
14277
10242
27566
815
30225
3690
23249
15350
29032
672
17859
13734
8456
14582
350
23616
16694
15278
29098
15165
18657
6672
19619
17719
25218
3514
31292
17383
27718
2616
13731
1103
17263
27348
21447
4920
24311
12975
21272
7647
32119
4881
6285
19180
27208
11262
32236
8099
7656
15114
5446
17758
15775
11374
17856
17211
15970
16986
9626
18
12023
18061
13673
8362
27994
31268
24743
5676
19296
14255
26478
28887
26266
31626
5505
19190
14204
18027
27276
24591
7102
3639
6061
9310
24579
12570
30258
28801
3257
7894
23461
5493
31296
11355
28422
27841
28750
17817
25431
14577
21650
29074
15198
27206
11415
23731
31398
7084
30444
23908
26567
23532
8066
9950
17383
5923
4949
7740
7041
13427
14158
1493
5221
15352
18024
29386
23808
6398
23315
16603
8414
19569
10198
30847
9837
9108
9015
23347
31236
18166
10975
2578
18979
13731
25082
31398
22781
151
20189
11774
10035
23160
31723
24064
15331
20356
8121
5377
11745
14792
4208
25491
21060
17810
1651
10398
13349
6698
29250
8115
14755
31421
27039
10652
6698
29594
28655
824
2550
26529
7650
24198
16082
4599
27734
4607
12838
20479
9849
21033
17456
18310
18222
10601
9362
15678
17843
8728
9229
12142
5504
22234
21388
2279
23922
23851
5220
58
10792
15931
32218
30504
8110
29180
15334
28250
28248
4217
19254
24915
3825
11625
13942
7842
2581
4612
14543
28764
20188
18709
27053
10441
23737
12625
21958
26462
17569
2535
10584
10731
17775
11608
20401
32278
1927
28297
11253
26376
15289
19479
20252
19302
8553
28138
20282
32643
14317
8461
9219
16340
7991
17852
11406
12196
27572
25535
16985
12296
29043
22775
32142
8982
19082
22071
3716
28498
7350
7765
20617
22377
25153
15232
31199
31266
14889
7891
3332
3729
894
24107
28470
12430
18444
1078
18487
20837
14906
9933
3918
8399
18994
14212
27022
545
5698
17023
15706
25028
14978
3975
7977
32485
17336
22876
31623
32109
18808
3917
8797
21556
29584
21767
6001
27505
28323
13483
19504
32630
5139
14115
9900
7066
18724
22197
31201
16758
22879
32728
21308
4180
20533
5191
16734
228
5605
9301
30749
2353
21408
21120
30155
15572
25322
5448
3515
15719
19523
19266
31746
3901
6407
21864
26235
9808
31891
11187
28430
16251
6313
8172
15153
23018
24854
17087
5294
25806
25233
7953
1959
30037
28903
16275
8664
6361
85
12951
14109
5976
11829
35
20276
14884
15582
17988
8387
27355
1733
28581
15773
16026
11496
14432
21569
16750
1132
29972
10916
5643
1924
20536
13872
15809
19862
29103
29964
7339
20121
17564
27806
3626
30146
20343
29006
7569
18271
21089
7053
14114
7683
8116
3606
25914
17123
25311
29044
28104
25984
18801
18629
25603
13958
17011
957
605
10740
18427
29166
24754
9342
26366
31558
23238
6192
31078
16857
15086
21587
18020
4320
32013
3220
32008
15618
15810
23395
15631
22995
10720
17306
8700
26779
543
30047
1130
25688
1809
23115
26016
20230
24919
11468
14694
9245
23060
7879
535
21596
30626
21378
29432
11973
21124
12482
3272
23273
13980
19248
26776
18533
25758
29185
9437
14253
1989
7638
10436
16392
13253
18145
12741
30428
32512
26186
24443
7212
3324
9937
12723
28767
7445
2228
11459
5955
29039
31955
6173
11345
8751
15122
2851
27699
12523
22527
15421
6019
28766
23989
17961
29398
5217
27648
22419
2041
32279
9153
230
3194
6247
24980
5217
4458
22703
2993
19565
24674
14262
30480
11310
10692
14051
10193
20056
26691
17837
28890
5700
7590
6995
14018
30531
19656
22733
23022
17970
21732
1794
3065
18766
4623
17723
5209
31306
26374
15320
18496
11935
5162
10050
14785
6692
32713
3872
25140
24542
21407
32206
19419
9497
5021
19466
32454
23223
4585
21745
13555
12489
25637
9771
6586
26716
15860
98
6248
30613
21690
15352
32299
13313
12452
26105
29486
30502
3817
10574
3844
29022
14671
22580
3146
7909
30448
10733
24456
4912
31294
181
13657
3712
28741
19448
7116
4536
5424
23234
23305
25707
29199
12919
16696
16698
10199
15812
26014
7261
27562
26581
9993
14463
6233
30665
26991
32207
31016
16483
22226
18260
12753
30722
10086
6784
26571
19667
13558
32009
4299
2373
23940
23796
2700
23741
31024
16115
24524
7308
26459
9968
24215
4382
30475
28394
25543
9075
11921
0
32716
32467
13930
8651
22697
31422
27492
21489
27967
24867
23553
26103
7630
25810
13600
16727
7609
23602
25050
6611
12937
5175
25259
30728
25653
20367
8146
21062
673
17948
15098
10143
9316
14503
9241
20798
718
27859
30105
32251
22314
9551
23478
3116
7488
27216
2855
13757
24350
13887
2816
17027
28184
23214
21975
13517
11534
12689
5669
9276
20461
28331
496
15061
13432
9542
6567
2133
14409
22055
20046
8132
12306
6593
21210
13133
25641
15017
7391
8781
13892
21578
22632
11690
21633
18906
21286
18022
7593
10637
8910
10868
6837
20488
2748
17354
12689
24600
25820
32183
29985
25252
4554
1143
13954
8928
13368
8965
15250
6852
15249
13104
16050
957
475
21489
7114
24482
226
23036
20110
3561
25235
11925
9728
16667
28838
4261
20790
26757
10112
27661
10590
25137
28759
15162
23807
2324
18071
9977
24706
29577
19588
22669
18416
30206
4897
12800
28157
15853
6481
24758
3142
6415
17981
32328
10455
15564
25333
13199
31984
8693
22362
4606
14601
18613
11835
5941
18963
30917
9406
3796
1025
20960
18690
18061
21895
16503
27650
18558
26913
10917
27325
4029
22360
26981
4756
27444
20033
25091
9459
687
21062
21456
15923
12851
31784
11802
9151
12178
22597
603
15734
11836
19223
26289
15953
30040
7934
23694
16454
7187
7999
4017
22380
24632
25676
341
24671
19202
13638
29608
3558
6190
8896
10622
31187
4947
16070
20039
15659
24438
5661
6718
21383
23769
20173
1764
19898
8469
4061
10157
6068
13672
5726
31481
21927
3920
7083
18245
7272
30553
28910
22691
2327
21043
29670
12903
31746
7
16616
2340
31431
17931
17956
6359
32185
30293
7210
11105
11397
18925
18349
25403
19990
8485
18566
7781
28597
7725
6651
1439
1909
19938
2114
7132
5582
21223
32577
25076
2696
18167
13976
25241
28890
18041
24289
14988
9940
23125
13366
28944
9210
13319
6644
13472
4914
28658
9151
20445
17376
20982
12231
27338
13903
12356
30281
27707
18259
113
12888
3979
16172
15050
18397
654
18350
2024
2781
8134
3487
27780
3066
6362
4449
26508
3645
9539
27344
13941
2578
2377
1134
13268
24980
2350
4542
1064
10763
7337
17645
1274
11955
30358
1975
12841
4288
13547
15241
30079
10398
19694
17635
5255
3197
1957
26113
12451
24589
8846
11450
3417
20870
26769
30632
4334
26604
22323
22153
13110
1681
9228
18917
20138
18907
13947
9714
1979
8519
27032
7348
15974
19118
10858
13160
15881
4808
18011
10019
8053
32494
32232
1207
4420
17444
12189
30678
31341
12118
12097
5498
11029
25314
7502
9603
4008
3415
21156
12194
6697
32124
13437
20343
21958
14229
1188
5110
22704
28641
482
28175
2089
3687
27833
29326
25311
8179
17493
29504
17784
22619
20416
13143
23918
2566
18261
15119
15901
13999
12919
3730
19482
7527
19843
19481
29383
27097
3074
30037
22564
26834
2852
26637
744
26113
2154
18952
9937
5883
12450
27693
2872
14209
23320
26857
16360
15110
1291
465
5168
14188
8542
137
1079
27919
4240
7908
4240
4100
21742
14924
13326
13987
22279
22117
27610
4418
20065
13037
1474
20292
8810
30951
10452
21843
22449
17144
19500
10473
23894
1297
4106
13589
20160
5966
11560
19580
32141
26654
28234
3230
22479
6565
26646
1626
32373
3678
25382
20404
8199
10501
11356
25303
27543
17332
16245
28246
12276
8780
32737
31415
31520
25622
29650
2354
19972
14506
13716
4022
14435
23568
3868
30253
28941
7718
29667
30977
15957
31041
19701
5343
17092
31767
19268
24507
527
2781
13379
29460
12871
15276
23728
19321
11600
21033
17841
16716
5780
7781
4131
32454
2296
17154
14895
5947
24848
9880
23326
9119
30606
5206
20846
2122
24577
20461
5925
18424
32700
8361
12389
2068
4371
6113
26689
10806
26318
5778
20431
7914
983
22087
13182
21939
23350
31036
31402
28239
19519
26050
9582
3901
12042
28901
23738
1405
1316
7245
18597
4503
8836
27490
8452
1502
25281
5044
11323
6646
16002
3225
8275
6036
21813
16920
6733
17541
16132
28421
8118
11762
15108
25198
24188
14562
3504
13366
7936
7168
9111
11520
7276
9887
19537
25934
14151
30971
8631
24554
13895
4545
28500
9094
2406
21714
11798
6047
17207
28484
26697
10407
15483
15530
6598
30562
5616
4502
24680
6033
3177
3932
4288
8654
21283
25880
778
7351
26711
8690
11359
334
6156
31904
22572
24224
8495
13357
5602
24741
12517
28153
12015
15976
10272
13570
14574
21351
24433
32353
6170
26685
23837
22296
1545
28286
12658
7946
28823
13283
27995
30027
17696
20647
26419
14746
31730
21808
16855
18220
30721
31474
27135
19628
3805
23697
32206
25983
19682
31045
21159
22604
18862
1923
3395
7868
8409
23258
0
6782
25312
24859
17276
7055
4705
31420
15715
7096
398
12926
2437
21336
9180
6222
31020
2915
10235
17257
7340
20651
28171
16324
2875
27742
11789
27307
23811
17872
25239
680
2934
4475
19404
28326
11234
28997
7820
86
14405
27137
13288
13778
23138
21047
19673
16001
27924
7720
15921
18234
10211
11533
6353
20908
10453
31648
8733
6909
20614
24541
12461
21937
9339
12810
16709
15054
11188
1781
22536
13885
31104
24445
488
12916
23190
29011
2657
18258
22624
27906
14695
20554
1690
25901
11677
11716
20252
15128
9927
13760
12276
13419
21634
6077
8120
7730
32051
14297
3099
8487
4413
17721
9917
11060
32375
4011
29768
4660
22493
24714
20920
21498
9605
23267
25594
6036
28885
9941
9657
21456
24820
27710
1909
16128
31614
24724
21973
27643
23932
27664
23102
14436
147
10770
27044
28719
24699
18625
21920
19040
5299
3057
29635
8982
12915
30539
12075
5833
2787
25511
22611
25296
6538
957
10031
12070
14089
7165
9081
9581
25609
29115
26438
31027
16498
13711
28636
17781
733
27900
28871
25441
1101
8015
23850
7776
13337
18890
6996
26964
2093
24322
5779
31006
15731
21894
9037
26724
31883
2497
26956
18577
14018
30498
18522
17437
20290
3194
27406
13838
25734
8101
31717
23231
19985
17516
12436
32224
8800
2730
8093
18878
22813
26542
5153
7108
23957
20193
21493
578
9580
15784
3064
18286
8079
16012
22179
11689
3947
10137
4321
16643
10333
6147
28961
25088
32105
30992
5290
28061
6446
1585
30511
9870
21017
8306
2212
17354
11994
28949
21840
18505
28436
8058
29730
2060
3161
7747
12104
32351
18261
21429
6910
22875
5449
8544
3748
24238
444
3842
13332
3487
22637
7337
8498
8780
11147
24
12229
24118
2600
20844
1925
14848
31468
27391
3700
25716
3846
141
13170
12999
8552
12693
18188
26142
5684
6914
22166
27216
11889
11275
15737
29166
17411
16984
24781
4993
474
20838
18731
19474
27753
6444
3772
2800
20058
12287
19350
10925
23936
25523
2121
31594
11277
13827
22196
16980
14853
30770
3870
21103
15090
18931
25474
8851
25562
32647
15657
1204
21870
13093
6270
25190
30340
1438
21279
8863
21191
21057
8240
7359
20909
23036
5876
15567
22954
10693
3998
15622
13220
16440
16996
6290
17062
13954
23766
7061
25560
28797
366
13421
2735
6172
25960
27192
28001
26634
211
7319
21916
2446
1257
28851
26999
2482
3228
3966
169
10660
15217
6460
23032
3676
16017
29249
17653
4991
25630
19708
5095
17796
15555
5428
27141
18197
31631
8338
14824
9656
2051
18528
2111
25006
30313
20624
18117
11547
23144
16384
23408
9832
10198
3580
10219
4582
5581
18693
9543
22196
14337
6864
26606
17122
16976
19858
8152
23254
10907
13947
26881
14319
7381
10624
26
14953
30041
23134
12158
4737
13697
20188
2153
25817
9844
18000
15460
3613
7743
14948
11012
18919
6952
23834
30676
16608
10558
14350
15504
16937
17973
20732
11156
11257
14193
30593
13971
18311
1633
8230
3468
7210
5902
28826
2554
32190
3316
24895
23116
23115
29200
6120
404
2785
21562
24546
32643
11206
19637
25393
13461
16340
9733
2331
22153
8988
5120
7659
2324
4303
12840
10223
28374
16479
15416
3523
18061
24033
13565
29137
26761
25014
28519
26393
14432
2922
11744
25390
24290
988
19420
4481
24655
27295
9650
27618
25288
21153
12970
15428
14596
29194
1367
27585
1348
2407
9767
17118
2185
17928
31800
32527
29188
9126
14445
24958
17102
4426
30402
6920
6617
23913
2524
14728
31783
11604
9445
31321
27961
976
22422
9750
27595
6912
4245
22948
9918
5516
6658
24691
32342
19196
17484
1024
9637
13157
13130
29855
30791
13896
391
12151
22608
24759
11741
1486
10371
18105
1861
10631
14021
5104
2797
25320
10961
3961
26763
21409
19756
5908
8434
27402
14940
21893
29410
28589
22101
14394
2597
16900
5172
26669
9431
15492
26159
18956
8966
21722
27084
18840
13435
25204
9298
29771
6358
11843
25469
10045
9697
12223
5750
21576
2078
6956
13058
8810
29090
9500
31482
28012
11046
7990
13819
26817
15196
21045
13150
27057
6271
14644
10347
7351
6190
552
16073
10791
4474
30638
26425
3603
25918
14343
17541
10096
24751
23904
17074
17013
11827
31575
11901
8772
18551
5564
24838
19916
9147
29844
21446
9198
369
31076
12486
31454
8711
22956
13075
20173
18689
25265
27501
17349
18250
10879
15679
32468
32716
21039
10196
6764
6718
15718
12231
14858
22589
25374
31931
278
16543
7081
32589
28938
5380
4082
13127
29399
17837
11783
21014
3973
22418
18132
2431
7193
28846
14641
2701
23739
32414
20000
1230
25368
11114
10831
25023
11270
5283
30949
21636
16486
30894
13179
4572
23887
20063
11111
17493
26473
31434
14401
4284
11670
6485
12192
16088
16088
2578
2597
23128
22383
14924
22971
24585
10561
23392
29980
19276
895
31694
31896
6088
7558
13968
7186
2908
2307
27819
11851
23639
3931
15619
9571
2028
32330
11891
23708
27872
10186
16413
14178
32390
6454
21503
12680
9197
19887
10184
17621
5976
24511
20457
18367
23022
32316
26862
10614
4019
10351
29455
12068
22455
30070
3074
5747
29838
27367
31508
16721
22783
9910
17272
20208
27904
24665
12511
17936
7907
1321
4681
13440
5322
29708
5914
26594
4704
7249
624
9136
26315
987
10420
30844
30428
30850
27503
8316
14217
28854
10079
1349
11422
24421
18635
21207
16303
32543
31251
15322
849
22649
8331
21287
13962
1967
7049
7818
7301
1421
31165
18118
31882
30607
6337
2266
24110
19271
25329
19587
21959
8447
8061
1026
29987
18848
2237
14623
13434
23506
7364
27502
26528
9317
23607
9169
4991
30192
27488
24894
14277
7095
18814
17091
24794
29650
4703
4807
5653
29836
32305
6034
30767
8458
5014
19728
9208
12589
16374
27601
11592
28856
18969
24917
17977
6582
21237
7559
26259
11798
22724
22919
1928
5273
28762
15276
18338
31982
10422
31946
2809
20251
19671
29360
27561
10782
30673
9205
3715
13780
12063
18677
12291
19483
30523
24086
32130
15667
5740
11088
3757
13163
31199
25836
4918
31225
28922
18827
2250
11049
13037
24939
3394
2490
25226
17126
8477
2436
1110
59
28206
19295
6880
8849
26258
4161
23889
22073
20453
26534
15429
11316
3765
7477
10457
5365
17975
10656
20997
30823
8249
10956
19501
3890
20824
10034
22258
24891
11635
8325
13646
3433
24672
14740
19424
16047
7901
29555
31108
29255
25545
17877
24103
29499
3476
5821
986
12074
28660
21846
7716
18505
11737
15390
21405
2216
28580
32330
17848
6839
18835
25703
19169
11016
26240
7229
3784
22358
19148
16376
3324
3783
17302
22666
6587
18286
22064
24395
27913
11540
17363
738
25599
11576
30097
13161
27750
1108
25740
14796
20100
12386
21094
24178
18742
27807
26104
25376
13375
6799
71
21530
7392
15425
23987
29835
4265
25556
22386
18982
2702
15418
22845
3086
13885
3900
24393
30963
32175
27838
4217
22654
5373
22341
18642
11248
30838
6582
10287
20998
4334
10849
31030
8735
29272
16189
1162
17056
26776
30581
9282
16024
18066
15908
11163
7840
11143
19037
30441
2310
12961
24687
14292
11562
16588
14439
20928
32295
25800
11734
23181
182
32124
7380
4993
12368
6798
4164
28290
16275
19248
9562
29577
14311
20285
18523
6739
15457
24196
11940
27738
29672
31332
12782
771
24214
32153
28880
13849
6752
24149
22661
3706
23290
22162
31728
20752
6389
26279
23517
13827
15403
26138
1162
8237
17756
5814
9318
26831
15129
28125
24
4994
24033
2079
26563
32368
26507
31499
4489
25283
23011
31044
32078
14686
8344
31960
17854
22475
2646
27598
657
22901
23855
27390
8205
10520
2623
21286
20429
15989
17552
31801
30402
25674
32571
21242
15479
6785
5840
27850
8089
26792
10744
3518
13238
13473
25945
21749
27717
29083
18106
809
6375
15169
7016
3971
30444
12592
15832
32436
31769
9903
22157
12353
16040
31386
9276
5662
7825
11168
3887
2687
5128
31919
3047
14315
18247
15787
4357
18322
21901
3174
9323
18912
26471
8653
17310
3410
31790
32607
11118
22409
3793
4324
17114
13469
30676
5723
11566
20659
12441
27188
18286
4050
23519
30655
5367
22514
14216
30181
24420
16726
23455
14870
3503
8476
27289
14210
30360
8723
5851
32396
12875
24524
8573
20603
12093
14324
13902
7027
3671
17888
18712
29349
2646
15466
22565
22210
28274
4604
14337
25269
24637
13034
19586
12433
207
11781
21254
2760
10528
3949
8700
15775
17845
23974
422
7390
5503
27886
540
4556
20480
31950
29333
17754
30383
21488
24034
15007
21918
20016
12347
28036
30554
4341
27198
18881
4114
22978
1333
3592
9212
6920
27800
28543
27893
23359
12499
4468
17256
2612
22344
9549
3696
16549
27544
18109
32577
7691
13854
26686
7108
14519
15293
25531
23681
21536
27356
908
25026
20860
6574
6056
1013
3725
14775
27414
17235
9918
25740
11685
23231
19054
9690
9693
31217
8332
9897
16181
27347
26212
7650
18567
9771
16824
10767
30400
7035
30995
30819
32732
12325
1626
23802
25106
14803
14244
16481
11083
30742
21067
1625
21721
20814
27716
20952
1894
22217
28587
19025
23338
21551
31906
17973
26722
28189
7516
32442
15357
5136
117
12507
1176
18821
11653
20384
2988
2654
26612
11167
20230
20104
13328
13251
20088
28891
12892
13132
25039
32065
17707
12567
11012
10779
13422
21536
30903
224
17355
28997
11480
31239
28399
9805
31656
4136
16420
9768
5856
3678
29990
6776
6447
7663
26162
15953
17898
22319
25441
5693
28928
22945
31796
27012
9004
12128
25968
24746
20078
32701
28972
27960
9915
21802
19752
24256
29428
31319
31584
18715
27157
12954
14561
8181
28847
20884
18140
11148
19096
30226
18937
15028
5344
27697
13293
13855
7176
31430
27471
30939
25199
8188
9639
4636
27405
319
10185
21564
7267
4697
24673
21760
20402
14299
4302
17181
24684
26815
30772
13562
20456
4939
13516
21688
20825
18745
20351
3440
20993
30484
9652
7611
20898
10981
9574
13176
7990
11791
3961
29897
19935
30328
13390
6751
30241
13033
24213
32504
5967
30392
24674
18469
11587
18596
30339
3153
20050
6400
30226
6655
25984
25364
30790
17491
23791
32192
30862
22740
19614
24418
6369
8816
336
22778
79
7617
28617
3212
2013
17038
26688
8902
10639
1685
7698
995
26054
32135
22452
6095
4812
14933
23275
20876
19118
21930
26943
2516
27466
15800
24749
27904
23720
13112
21660
40
4494
6060
13074
396
30286
28904
18984
10290
16867
17872
16827
1745
23868
14435
23909
5614
21720
249
6827
10565
2195
11976
32632
21610
3520
20909
11467
688
30583
28970
2476
17994
31024
29867
6756
8880
6033
24845
22509
22085
23429
3936
7080
26422
15246
16620
29518
30629
12124
13427
28969
9479
8606
8374
19588
30410
13336
14394
26208
8251
2550
6732
1640
6568
3168
21827
25639
21697
23886
24069
20601
4164
27806
8397
4927
3802
25444
3883
20823
13628
22913
20300
3788
21401
2423
28795
8521
7740
30331
18664
9940
6506
14540
24744
21688
31881
25668
3582
12995
20616
15660
9945
5810
19834
12117
27549
29674
15236
15204
3878
21353
23290
20078
11
2043
6085
14277
22303
29361
3080
12561
3902
27535
5635
11426
27206
8837
1335
24068
10083
3233
8906
12500
28304
12674
6446
8659
5466
27920
32510
11833
8423
31082
2344
19788
10552
21792
10321
10288
427
22947
5493
1025
19140
5625
4558
4639
20780
16821
24056
6857
24058
23591
11346
13806
23602
19408
4775
1599
30603
4632
16142
10889
6262
26436
29710
22850
24923
21154
4102
23138
4390
4870
9164
21364
28418
27514
23701
6636
9060
10290
17685
32699
8780
28606
8679
20001
2760
13443
27950
25282
8121
23148
13693
8957
15833
25821
25588
14713
29437
16617
11692
20992
6808
32708
13398
18321
9089
5499
6686
30896
25334
28642
3286
13825
6368
31182
3152
32533
2392
24197
28683
388
20331
8563
28690
3644
19738
24095
13602
31000
23717
17501
13323
5813
9994
9412
22616
19585
17352
8546
16946
26388
1512
22191
7042
10948
6718
4288
18518
21107
23277
24765
30342
28844
31785
9877
20631
26351
30273
25328
22495
26440
20700
25958
10730
13350
13186
10990
13597
4715
24415
153
8345
8640
30276
16000
27491
3883
13039
12026
1729
21987
30348
30227
28647
611
20348
3386
3282
11197
23892
10042
20597
5937
13865
4204
27155
14846
12555
24362
1004
3448
14799
2182
21787
26971
4626
11580
2751
22623
9082
13030
19545
6924
18239
32111
24437
19664
9962
23754
11917
24399
6749
740
14122
24570
10004
5591
9036
15331
1194
12896
4620
30159
19103
29331
21376
653
11096
19661
7135
16263
24679
24299
29157
14231
11277
31161
23673
10780
5117
173
5006
2124
14691
29142
14407
23756
29221
10767
22622
20862
1897
14712
16582
18330
15703
23591
25487
13824
2080
27418
21771
16844
4671
22896
9263
17707
30719
4569
4667
14446
23613
18508
28062
12637
14959
5112
5139
27854
6629
25980
24593
5750
1615
11610
1378
17150
29056
18089
8465
20569
25201
31243
138
8278
5513
11487
25597
24945
29211
4280
16387
23023
31025
26381
17028
26922
4488
11570
7896
13097
21723
17542
25900
10867
16996
27375
26920
27685
31393
6019
31695
8771
26708
3976
31910
24652
31437
18335
1560
11793
21867
25916
14617
13510
6241
29785
27658
16986
9910
9580
16604
5892
3472
10134
26233
12575
28849
29469
2399
2871
8258
6172
14222
100
15311
25977
15269
19158
1684
31768
13128
20658
20727
8782
25796
13085
6997
27545
6134
21397
22017
2190
30313
17288
25226
21266
14014
21023
14909
27341
5969
11355
24043
30172
27673
17252
29421
22982
17360
27934
12644
178
26708
29436
1989
32471
15950
793
6038
11315
18449
14213
28530
1664
20421
10204
9811
28516
31940
14622
15377
6888
22596
8122
25381
16939
1335
18412
6067
28248
12143
6217
10184
28629
30214
17049
4320
21949
21757
5860
22187
31121
21027
3280
14096
29482
28984
30506
24435
2290
13139
5570
1843
28756
9601
31100
4983
29297
17071
28324
10283
18709
11466
24962
19013
18409
292
28974
30541
9706
19482
9382
22044
31513
24564
30238
25828
18036
4876
10391
18544
4134
10547
7091
8365
31739
27728
4552
1642
24598
14410
7219
5724
13286
32296
8687
11621
27478
631
13414
14869
4676
23276
9862
18290
15413
28491
6680
9460
7239
391
30541
20436
22887
299
666
391
29379
11768
1222
1925
18562
19920
14658
18510
7347
31187
30392
6575
8324
18119
17894
19521
25013
19645
23213
4148
11340
20977
9061
5962
13449
7411
25204
6182
7452
12804
1567
5831
11670
32707
12960
5712
19742
16137
12920
6154
5477
2577
16646
2987
4572
28380
25433
5337
32548
211
17219
18922
7877
11695
16558
20462
29476
22934
11571
30703
30639
1670
26089
16759
10587
2807
16251
26195
29520
7100
30846
21399
21474
11563
9729
13282
19908
28541
20069
28387
31096
27256
9839
16924
19210
31819
9371
22246
24574
16313
24243
31158
27015
7545
26017
22174
1786
3293
4994
24343
9345
18355
32763
15613
12820
30057
3792
30427
18085
4468
19634
10601
923
4337
3673
31315
19586
2957
1491
10300
9985
27555
16924
23555
22284
27045
19694
8005
2906
22205
23258
7203
11802
31412
16792
2629
11746
2322
10396
27934
21224
29063
10217
1906
29812
3977
18730
10262
8853
32063
7935
13304
6164
3486
26261
4447
2214
12754
26489
22643
8037
19935
1454
27903
16769
16520
14845
25974
26931
8816
25740
25396
11507
127
11698
16391
18155
5511
26890
13550
12459
18215
11974
24096
10014
27120
8006
16464
10941
4295
1258
13104
20482
27530
18468
21812
29728
30967
27089
27800
10737
4041
30665
22948
29488
803
12212
32303
6632
26162
17440
15970
15916
13071
30673
32446
27657
22754
856
17248
19897
30029
30952
21636
19993
15624
6756
3145
16222
22472
21948
12724
23043
13158
23418
1270
10245
4669
920
24818
12371
22740
29845
5626
30336
24253
16584
25049
8892
18108
28147
10519
26114
8748
6939
21880
28307
25503
14487
32198
162
25797
1640
15056
1873
911
19656
19891
12764
6803
773
31576
28948
22707
22672
16702
26896
15353
21585
18298
11039
13254
32318
13308
19456
11820
18220
17171
10838
5272
8933
18740
31062
31668
2170
503
25539
2699
19675
20578
23324
23791
2980
21610
26388
25879
4666
31159
2370
4237
279
25512
2330
13384
5986
23191
15388
1044
23747
7774
7755
6459
7541
16921
20193
19550
27805
29998
17729
26276
8410
23947
21037
28183
32541
26415
16697
4426
1979
11500
11903
30271
6592
24171
25749
28809
24711
18288
22204
25262
16263
23647
2906
20175
12400
28672
2731
23179
18295
30335
9651
18976
20973
31159
10615
14035
17175
8879
21100
1171
25402
31845
5168
23257
29941
21451
2424
9426
17619
22800
8266
23744
22305
26144
22124
9886
10237
3694
6684
32258
12720
23537
8961
31560
11582
23916
22370
29677
16699
27123
4502
31289
4831
15787
22971
33
27997
21457
26539
8555
29553
8702
300
22803
3896
6313
2151
9710
5189
3309
20124
25229
18417
28556
32531
21604
17394
30005
13910
13867
26416
5122
6557
16773
18644
31301
650
31712
24993
25220
4886
19100
24455
26818
17868
4719
22389
17664
20021
26120
18800
3844
23955
2034
10978
28505
8145
17340
27444
24983
1211
25175
9886
27621
10603
15807
31550
28603
30211
14301
13416
30701
17314
6317
16446
10213
7824
6044
9088
12335
30908
5172
24485
27708
24681
16890
32554
3423
3876
19351
15402
30492
25849
12599
29999
12450
9190
26159
25672
3990
32656
29154
19547
18
21813
6117
4285
3566
8162
19297
27392
4926
31974
29113
13068
12315
21638
14445
28017
28583
31474
575
5116
15947
23928
12180
19593
5443
4088
17948
535
32605
20120
15285
5154
23293
18360
26765
4141
32101
16937
25735
10654
6963
29593
21473
25550
6699
6994
26387
8801
12343
13605
4602
5075
29612
22688
15925
10836
16591
6280
31952
5846
6296
30339
31519
31332
23734
16148
16109
16821
3282
25036
28119
24321
26904
6591
9202
22035
7668
31286
7604
20128
23833
13219
14609
8407
1992
9434
4580
4153
20047
3197
15761
10411
26832
28344
27112
29129
19779
815
25421
27774
1726
16181
17942
3793
4596
20543
24373
12802
25341
6808
23
9942
30805
4182
18892
25647
7974
29836
13159
991
19658
24257
20392
446
12683
4769
5592
28923
26798
32755
12789
7087
27057
32459
8207
16568
7888
7169
5874
25540
17614
2529
1541
25516
30705
2340
10866
19204
4687
24096
32647
3824
16200
9787
3677
12344
26708
8613
24759
29343
24319
17735
6956
7793
26673
10486
649
92
3251
9709
28785
7040
21231
14714
31558
16841
17911
32759
21837
1661
28105
23548
9996
16145
7378
7635
26871
1601
14000
16172
76
30048
21564
1810
9020
2028
26824
10782
18507
23909
19621
15083
9465
19807
20713
32457
32674
471
16494
31414
22691
3011
29214
19594
11966
9708
20590
9329
25280
6656
31273
29342
32352
31715
24687
7486
25195
12103
1533
21163
8222
27516
17327
19427
467
12681
13890
4920
1761
26747
14687
9033
22205
5117
5077
29232
28517
22825
14631
15613
4862
17822
17478
10084
14523
3283
3999
946
1282
12203
3672
22277
3274
16969
19159
28093
26696
17445
11909
5166
22730
15967
30417
18327
1507
7252
31607
29528
5576
29296
10754
3679
9466
10051
23183
11492
24869
13014
25045
23126
19272
26687
1122
20373
25879
32115
12071
22881
19870
17756
6455
787
4390
20523
13004
22922
12380
26096
1419
23145
8880
3943
27145
25472
22524
8469
13965
13959
32102
31892
19224
25874
2439
31788
7842
14529
21453
15523
12711
27575
15133
14677
2530
17742
8125
28295
7001
28425
13426
30200
17049
5579
27365
20921
13379
11078
32587
22847
1479
23477
26437
31927
13168
3022
10245
21145
18337
29426
22451
9088
1886
9640
19983
26681
18445
9289
18519
28185
21118
16893
1131
5524
30506
30693
5935
24332
14264
30874
561
14823
10694
6103
19596
18916
30437
23154
8972
5807
7653
17041
17298
22963
22868
11290
14266
24111
20289
19819
8892
10124
28229
12364
9872
20974
7109
14113
9302
24841
6001
613
23540
28982
14352
19027
12033
32453
25984
230
2786
14229
29688
20484
15922
2787
17553
18422
15720
27488
20229
21020
6835
30598
30902
15327
13609
31787
23794
28134
25377
1367
27253
9101
7133
29011
31279
13971
25709
14850
17224
21266
975
26740
20578
10165
16987
26297
23070
26149
14431
9203
10977
10180
28678
16047
28632
2718
24190
10614
6969
6813
30809
32158
15308
23292
25908
28774
28075
1021
5783
7747
18502
18655
17949
8308
28073
14858
7893
8412
7938
6030
5607
24593
31325
10187
13947
25009
17843
26225
25814
13045
27427
8108
23750
32648
2687
19352
28481
26777
17418
15867
17225
21039
8320
32307
7698
6844
14935
23405
30311
28918
3141
4376
22346
15330
2306
3994
21979
18737
24655
15681
7803
13776
5431
17276
23856
17595
18837
15435
1355
6162
25302
21492
15433
110
27648
13048
27640
22133
22771
17477
16347
4780
3824
11181
4558
6029
22103
151
2541
25050
6581
8436
30131
4912
5629
12405
6751
2783
24598
6139
1692
249
25494
6480
10080
22441
16078
19220
9237
5830
8198
4346
17911
17832
2057
25652
28349
5947
5605
43
25211
7249
16364
18292
26823
28733
7678
29951
2331
5021
10507
28050
26234
26999
5075
17782
32342
2696
8432
20081
20146
25304
6679
16884
10116
19858
19611
23444
11101
8979
12082
30654
17227
27969
5372
2727
2559
13854
4545
899
29227
9373
29563
28663
11310
23476
29972
29648
3827
20402
3696
26869
2070
1491
1454
15258
22345
29201
9643
22199
6391
26430
15816
13497
25639
19792
20206
26743
32674
4604
2511
12903
29272
1926
622
30226
29440
9687
15585
9157
31487
25040
30549
27274
139
3806
21844
18006
7184
32462
20547
16004
7378
21475
4399
26754
20693
14630
6089
715
1018
29950
21166
15381
31338
2560
3308
31435
27191
23048
21698
14525
14401
32649
16296
18199
31831
20769
12175
3727
4255
17265
32106
8163
12344
7467
11501
10371
26909
12652
3477
8074
25933
5197
27880
16115
20265
32181
15870
7434
21789
20081
23104
31264
4226
27526
16240
5763
21443
25541
28394
9390
9151
5025
21033
11196
24687
15166
18572
28195
24777
15050
16986
10398
1508
26896
3333
15723
2396
14410
13483
8119
2808
7479
7906
4951
8586
27758
17077
5304
29463
8690
8682
32025
6200
18182
26503
14071
20160
27203
20372
5833
16287
24039
15393
11246
23559
12400
7051
7652
5581
4970
1020
27066
30481
9349
10289
5064
23841
19690
2432
8605
23195
10959
2841
28729
1234
14665
19084
14973
12403
10850
24971
25567
24937
10092
29937
23394
29181
27541
13572
10950
13634
27835
13047
1531
6320
1665
12212
28380
2319
23458
18392
16666
7831
24965
8446
14966
21589
18962
31808
21300
20176
16325
20987
31436
30189
10240
23251
3298
26128
24486
10743
4728
31876
9701
15526
9059
797
10579
8947
31739
16155
27453
9669
6935
26450
27963
3617
31801
17800
23816
29100
16901
1823
12945
10347
25848
244
29772
20430
14934
27270
5579
32493
26468
21595
9361
4113
5336
23967
14116
9078
30350
27919
21092
16207
31612
28949
14618
12555
14824
27444
22996
5079
27608
19111
20209
8292
4043
23109
9464
10730
422
17832
23342
27757
8177
31118
21095
4159
20803
25471
7708
1734
32251
21681
27582
9343
21041
3112
29770
7235
23533
11297
11294
16329
22934
7857
9483
10605
19629
11690
22187
13103
9403
20926
16628
24319
5767
31975
7438
5176
29581
25606
4194
22122
5548
3018
5620
22876
13087
7379
4594
5713
11950
17175
17293
18059
14373
7301
2311
26382
20742
31465
10765
10662
2427
32016
7240
30507
2446
17196
30255
26372
15004
17017
1055
20458
9479
31777
13229
21998
22060
7006
18747
6590
25237
16094
5065
27940
22639
29035
4878
12495
13886
5579
17351
16214
14799
18917
1616
2426
7022
1318
21361
18348
2394
30243
13178
25807
30582
25472
11154
1598
5953
5136
5452
21777
3080
573
5243
27804
12123
24235
8008
4665
31165
9752
19585
6728
25503
20103
23604
7795
21136
20381
11901
26935
26286
2635
7324
15007
15456
21421
26698
19027
30279
10034
13646
10962
9073
17406
16715
29180
21968
14732
19932
19155
31979
10136
28898
21634
22740
13628
16157
29343
6490
857
1274
29357
32127
7736
428
10981
1837
12913
22654
30262
5924
2316
11368
12682
1335
3815
6624
7755
2232
27479
754
20005
1329
27154
24979
31758
3924
15437
5171
30340
15925
21793
22673
32534
7351
25907
26835
17190
20292
14740
28374
20973
16834
486
16835
13248
29122
16833
8675
1681
10490
29013
26292
17336
15349
4432
21308
4852
8457
13826
1181
20140
29578
19902
12010
7547
14141
9860
7225
17644
28687
30430
8697
6530
25095
28168
134
12284
3450
3923
24827
13270
15230
23755
25928
1811
11936
5400
32388
3898
19418
2210
32132
21407
20415
18937
4524
20707
25593
15731
10757
9662
10485
19479
27792
31996
2013
15801
14298
22726
24775
32359
25297
8995
26924
21252
11990
10175
20123
16691
8211
23274
29102
11895
12303
4579
19774
31384
3711
4183
24019
6472
25696
3877
7518
28422
19778
8292
26411
30019
31463
5287
22545
27075
14092
17791
32492
3399
14215
26946
29005
13673
30866
21515
6255
13767
4455
18946
19053
25699
14093
18142
947
15690
24945
24232
21682
26996
18104
7105
22489
11500
8404
32294
17344
48
29013
32755
28070
22747
14210
17190
20509
25985
19625
19622
27140
16603
23219
28804
2486
24612
8443
21376
22657
16578
31585
9679
14938
6441
24474
31515
21966
4349
17610
25548
22588
17526
10580
11142
19010
5897
10992
24818
2165
6469
25855
2754
13397
1531
2332
11759
12672
6817
26100
2373
805
20216
20567
10786
7612
12269
8847
15995
244
25021
17904
18463
11757
3421
31408
5440
19880
15641
20985
8751
7100
27771
3645
18535
26954
20334
24010
24269
19506
5283
9118
12086
20103
10036
17020
25898
12865
13192
7743
23016
7474
29558
18287
25001
16700
1453
1298
32297
21696
21587
12484
6756
28505
20204
6410
13213
7883
31614
24036
5029
18486
8946
31649
90
10640
7358
30711
1134
3921
32193
25939
13674
4720
11886
12398
6898
29327
11309
27681
6986
24691
31230
3962
4377
19638
1120
23055
28269
3776
31857
21138
4352
30707
28246
5030
11194
10022
5853
23281
26998
12373
15457
3699
11529
27798
3823
11286
4736
1615
21414
22406
5546
5543
24420
31298
471
24890
9375
10740
3806
5905
22672
18686
20325
4561
29591
5461
21596
32306
4315
6546
10699
29875
28977
13382
4302
23437
9535
10638
6877
9445
8929
29416
2641
15685
18891
16709
7204
15949
7024
25952
7929
14758
10787
4685
31580
12344
892
11861
4426
2461
6654
9729
3828
8149
29174
30069
9408
13115
5542
23551
14993
23223
5283
28144
2632
17462
4732
30891
17291
22871
10396
27899
7365
7271
8050
17322
30061
20880
17103
4175
28044
18509
21903
13927
5753
22817
26747
29863
8423
27529
6254
14993
11298
6191
30647
31814
6806
15200
9919
30875
3985
3008
24556
9582
31306
2365
31428
13883
21025
22593
10838
28906
26664
23852
31445
17643
29155
11265
21127
22661
12620
8287
31197
107
24090
12724
28388
21905
13379
22445
2012
23869
19392
4849
10533
30561
7568
28174
4707
1832
23039
2739
1754
2511
29736
3873
21786
4022
1721
2012
481
19383
30198
4518
6717
11446
29441
24493
28913
13689
17496
29188
19226
1722
30623
4176
16402
20347
24736
23748
20629
6042
2448
4943
31010
6309
30867
18707
17316
6383
28291
16410
7250
31972
749
9028
28116
665
16733
16004
18599
23464
11228
1868
6594
6458
18102
2374
13434
7781
4481
2885
13219
3257
4442
123
30200
24341
20594
6636
14781
9919
30410
3106
7074
7860
24634
23843
31979
2365
21432
20128
5326
3011
16343
14447
12572
31972
8334
26428
27172
22727
29243
21371
19925
20396
21991
17568
17954
8903
19148
13459
16043
17230
8468
1886
19865
26577
2532
27433
25545
3018
26777
29801
18478
3445
18770
19028
25200
24033
8366
30616
6361
30535
14551
13132
17778
3484
28607
13863
1641
11618
10921
28656
28086
15555
8940
12597
21502
4832
28659
7488
21176
6503
29321
30791
10638
11363
1363
9699
4870
11353
5790
27587
19553
30352
3932
19618
21700
14256
11112
3958
10133
19599
10002
18155
30248
9543
26071
27919
9371
24204
30320
26447
3582
1340
6159
1698
21431
14392
9445
22532
15397
7283
1511
22822
25732
22344
5074
25956
18961
785
2412
28407
28270
20981
27405
22636
6983
21249
1887
596
2358
3450
30050
24894
28132
26226
13235
12258
13682
1178
19725
4511
27415
9815
9744
14632
5386
7704
22593
26490
1954
26854
15955
22289
29627
4925
5541
26459
13405
24602
22795
7277
8088
26197
14545
18165
24242
6193
21501
26735
4485
26930
5845
10140
16674
1582
25249
26928
26042
21415
25266
24779
959
9816
12963
11819
9286
27150
14815
23200
11440
10937
24675
19136
22921
13251
198
30811
24752
14752
15222
2226
32440
16807
3908
4835
29583
15392
23331
10920
12893
1182
11564
833
18607
15503
742
16047
16597
13329
24261
15651
904
21767
22256
182
31953
17516
327
31066
2086
11752
24741
19729
26581
28065
14178
28765
19366
3156
25373
8951
10939
16804
9656
9411
29884
28850
32675
14084
24113
21229
32606
15821
19503
17708
10809
5560
9015
27386
25183
29145
32091
7216
28178
22005
2978
20682
1080
240
9902
32499
535
23429
21148
8034
11869
16186
14892
19433
11619
10642
25890
11339
2738
12164
11756
9551
31687
17708
14980
32274
16403
11713
31896
28577
16966
10183
31977
21191
24269
10629
30193
24612
29593
16826
456
13951
7459
28812
24392
7006
17581
3265
4720
10707
25546
2353
25606
25496
8480
11899
1152
22622
10861
7416
22053
22371
28616
10989
8816
24387
9258
29445
16053
16400
10028
9982
25606
9124
15378
31394
15960
28726
12809
15097
30434
14636
25005
26045
15814
12848
9166
21774
5875
22662
9588
21351
28234
18077
15648
11217
14080
26084
9557
2646
6723
29406
16471
16569
31008
1913
18739
17252
17828
8092
5631
29346
30529
19455
20323
1038
7796
1855
16729
8268
23461
24882
10544
2294
15695
29816
9431
23257
18784
23122
10072
16482
13795
4279
5795
10323
5340
1701
30349
21690
30579
17078
17688
22052
19541
22515
27637
18190
32088
7404
27463
23452
4190
22793
8618
6542
20347
23579
21876
19567
15450
13366
25403
2575
21212
30147
13719
23348
24323
18897
27176
23693
27151
13996
18395
27623
742
22193
27242
13731
26041
29024
18210
13928
18149
10931
28393
1301
17687
15534
12671
30970
18100
28472
1540
71
18040
16937
23739
15044
21341
32164
15885
11459
18366
7335
23249
7764
31676
17888
29130
31415
30433
18115
11889
17431
25859
17625
25845
28533
21099
6491
