11756
5213
21905
26257
24366
13871
25489
9575
7777
25266
2032
464
22231
20867
28456
15467
13435
30060
7464
29820
6235
11995
9720
3575
13923
658
22943
15835
16491
10399
26437
12481
17013
1935
15253
32693
5167
28639
7781
26436
960
11187
21401
29910
7616
14026
17220
7743
13960
12978
27921
30608
6317
27448
10978
31539
31943
32547
1718
6199
11895
290
10192
31464
680
9474
6934
17315
788
19748
31415
8168
29450
3119
14608
31153
4463
28418
4817
12546
15364
8941
27739
5058
22502
19488
7789
1993
9051
8291
30208
6970
21707
6664
27503
28435
11021
22302
21723
12290
21221
30952
6094
4475
17866
6030
7710
32519
1516
7697
4629
30687
23413
8836
9678
18617
30479
3706
27106
6114
7591
11195
30533
30605
16753
26939
28778
29291
11309
27724
7598
18043
7848
16914
10483
16932
2437
17719
15499
30593
17213
3041
2393
14844
24421
29153
30770
6686
2864
4910
2697
21413
4916
19089
11852
25047
30321
2209
2313
11799
10895
5874
32341
3254
30055
7050
30062
31755
32709
28820
8735
22982
1388
9305
21732
641
18011
13675
5711
3992
7503
24355
4522
10043
24457
2638
4830
4801
27089
13860
7060
3903
32443
28026
21401
3162
23081
7224
22663
19801
7697
22796
12450
8319
31873
30560
25856
8343
17120
30090
1773
13520
10870
6979
9357
17099
4655
23643
28867
18163
1435
21419
8786
18189
13626
27210
20034
21263
17399
32516
16774
2102
3570
8711
7643
19027
19586
14560
15859
10086
15227
7846
9427
6509
9132
5237
31866
6782
28332
5662
26563
16148
10199
26397
11148
19111
3731
27596
29464
29311
7640
8918
13234
17097
11503
21229
29587
23019
3449
16576
30726
28181
19124
295
7882
20760
28154
15265
26296
26236
27786
28929
27557
16332
8843
6756
22922
21301
32590
13414
6883
80
18132
2710
18004
22331
3216
22311
3986
21998
19309
2792
16257
4044
16147
20854
30618
29561
25190
9647
17552
8940
14160
2667
17459
4549
15297
15207
25236
24032
12276
27266
29290
5674
4595
23852
9396
25523
29277
32283
9120
18693
1639
14143
21676
27573
6945
10233
1547
7223
19963
2952
2890
4086
11911
25540
3379
420
11648
15374
4338
11215
32012
6279
31350
20918
17982
25984
3610
19034
22495
31538
13701
16856
12910
2479
3022
9461
5477
281
29924
27387
29118
18962
17454
12740
26038
25203
13934
24596
9681
12865
17131
16940
30494
11485
1999
21659
7868
4730
21966
12632
27293
26068
7944
21262
14218
27168
19761
8887
6247
15678
17135
876
697
25142
3203
20603
9317
20450
940
443
18106
22504
27336
27164
25266
31212
17213
17538
19061
30467
25367
724
3103
14698
3571
4943
29123
25720
5403
4129
17072
8401
17138
3379
10739
30941
5523
30790
26141
22904
3253
16193
9798
2795
3794
12489
14417
13851
10632
19219
27762
18945
12607
27894
20974
21850
1036
7493
12578
10400
29653
23643
26311
21560
7094
13303
1140
22253
9380
31051
23140
4253
15696
30031
20090
19762
18766
26459
9346
31700
2935
5621
7098
26206
20364
25064
1425
32014
22300
3990
14766
2688
3495
14990
2868
25565
18435
10081
9029
26960
4863
26546
25797
27321
21831
1165
15712
17574
18567
8954
1998
18815
3539
22225
25429
19200
24903
6095
9360
22508
12522
3306
17264
512
6872
8674
27264
16422
5793
6937
2925
16620
19948
7076
7365
16692
26720
20898
25855
15149
20164
15564
30396
386
10596
17230
16972
6865
7607
2262
24692
29022
3904
15338
31342
11017
26546
19838
29490
15741
10839
18118
13812
4779
22194
12617
19950
20855
24164
17719
11103
7856
12876
20988
14804
27206
10994
5397
11174
7351
20518
29474
7876
14539
17380
18237
32434
17793
21627
15499
18386
5193
31214
26128
4067
14195
17051
2248
30663
15592
29466
19443
27273
280
23912
17328
19870
11827
13125
2509
1643
15260
22490
22750
30984
411
29855
23948
25668
13650
21884
12848
16105
24818
20527
14497
31297
11310
15085
17993
19928
2288
13900
22143
28804
6219
20064
14097
25251
23474
14116
25375
11684
1639
10268
48
15561
821
6969
12671
13098
610
29437
13718
25342
9184
19423
542
18966
4547
31985
20982
14250
7928
3008
22914
32600
15923
6012
5446
23914
25897
32601
26291
28760
12288
18484
29504
27533
22787
1402
31165
26478
22683
18758
4580
29337
16762
24521
2610
18538
11546
23023
22517
20676
19558
11071
19877
19726
28855
24324
2935
22139
8449
10410
24112
4495
3919
21354
55
15071
620
21802
28911
28952
2019
2206
22083
24642
554
21172
7299
12870
26395
14127
18542
26798
17059
8337
12176
941
20926
24383
2766
6751
18851
9184
5951
18513
7995
30982
14653
5188
25304
16
21948
13358
1060
30031
21979
21122
4696
16231
2233
14513
19630
3576
22410
753
5912
19326
32746
16701
10034
26230
18544
10653
32117
13763
25479
16295
32430
31823
29817
5446
16815
20469
27341
2234
25925
26527
10195
9184
618
5291
8829
180
3771
27540
32112
22292
17196
24526
17243
6087
23290
22257
15752
14525
16097
30490
6321
5784
28816
13454
19476
3948
19034
25249
30409
15043
26414
19415
10068
25317
18121
5448
16759
9046
554
29001
30282
20639
9286
25928
653
3409
31486
9976
10044
12360
29774
21679
4196
24621
23495
3340
7734
2110
3135
10716
17497
2642
27079
8766
29573
21015
14301
22534
16718
11679
8163
21600
16957
3867
31696
14262
18981
7142
14630
24787
1716
11461
26660
3912
10313
9069
19260
1294
3333
14661
31431
27502
8741
11118
28920
32542
28559
26625
4622
18349
426
8343
1230
24096
9587
26127
28465
1758
10958
12683
27482
8905
8473
32444
18634
15278
16903
23392
28119
12255
32428
4104
27994
16670
25300
17951
9385
2749
17049
20264
30149
8964
26165
28999
29140
27603
10260
23811
2001
22152
14638
12362
2946
7971
32659
10933
10410
17065
17223
30478
5761
13510
7505
11792
8033
6325
23823
30317
20674
357
22476
26134
26472
31956
22164
2230
19419
28351
5703
12159
13080
32382
3565
28202
14214
7210
28489
26937
32299
24832
5553
22912
15392
20234
22301
26851
12354
13308
27517
19553
25899
13148
24144
16210
20321
15333
15986
17388
7116
27694
53
19724
17006
10887
17844
13620
12622
29731
356
9935
9141
10109
9964
22973
31133
19956
24119
18955
9063
10424
27847
19458
30156
1258
18764
8548
31254
6911
3445
29682
3728
32102
14854
22833
27451
23146
299
17262
24258
5465
2827
1024
22448
31462
26785
17101
3553
5324
10439
3856
24630
24756
17300
27993
14989
28249
20456
1749
6129
10474
14149
24015
29965
20400
23521
11127
18151
25072
25849
19170
18891
531
9575
21843
15492
5124
20599
21433
23507
6874
28919
10616
12825
6583
22157
7276
3927
31727
27982
7723
15704
18541
13195
14987
17453
9299
16878
20325
21210
26849
6598
29080
8271
20632
11680
9040
22682
32671
22551
16264
27226
27493
13549
16077
18551
25992
4186
14661
29712
19958
24739
18929
25269
12370
32239
14127
5335
20633
3159
1155
28796
27397
19516
20886
13367
11057
17629
10879
5720
7807
32040
11586
25696
9655
14033
10390
14008
10736
24482
6124
3234
6324
11538
8364
25711
27487
5656
29890
9203
15816
8001
15961
25910
14371
11521
30950
31596
20518
20550
23401
17447
9579
16723
14320
6348
32022
31948
29788
29763
8375
14093
103
8435
9330
6592
27878
750
22621
32687
2124
21096
26921
8918
9328
23150
29701
28861
27024
4053
4543
30981
23189
5232
7468
10816
28312
31366
14539
20742
25510
23682
22437
3397
11968
7405
19831
12760
11558
25242
10771
16987
31446
9504
25604
830
4687
23949
5745
20505
6554
12121
22084
11327
139
7577
25226
16790
21573
8309
13341
16806
27644
11996
12417
23791
21247
4215
1037
17536
5109
3035
26443
27077
18790
17666
21409
28833
6014
24572
27440
1980
29454
15330
6140
6943
22996
23052
9805
5374
24572
17795
24150
8404
14054
3769
24853
9398
4394
12152
19578
25824
2010
27417
27339
1429
25863
32502
28999
24358
30598
14114
4618
22608
21491
15191
25904
15050
9975
10287
27965
13855
31943
18583
15037
1210
8685
897
29479
26431
331
20954
16135
27170
9053
20668
25436
10610
12990
17380
2623
1781
10734
7270
32454
1658
3666
22431
24616
17515
23676
19052
4130
15010
2477
11417
24729
18301
16024
30877
17536
11061
12137
29572
2044
28523
13574
28972
21446
27908
2965
10420
32722
25655
23102
11570
31022
23268
26674
24228
16172
13608
8940
26410
15299
15406
22967
6258
31539
1864
21104
15731
1768
31550
7053
13406
26529
21478
16222
25809
4817
27636
15507
26190
18245
14100
26623
27373
7432
8758
7067
16973
19588
20009
22222
2256
28905
22636
13291
22280
18899
9793
22268
1388
16423
26114
14782
22608
12861
15032
30956
10260
19269
17898
1728
22939
27107
947
26296
15102
23069
11543
22166
6274
26231
5271
2218
7624
1116
12547
21331
22340
8128
19088
31172
26608
18948
32299
29188
18242
20506
2828
19512
7003
31721
7821
7973
897
1267
4669
7665
26319
29749
20528
15145
6955
32590
20890
32009
30841
7908
27548
26359
11278
25668
24158
7248
24680
21064
23134
8295
3356
15742
28680
22475
783
30598
7558
11977
2281
18876
28377
2354
7111
792
25641
24415
10289
7506
4697
11377
20299
15689
12767
4573
3151
4773
4051
21545
20026
23227
5445
5360
22982
2738
22740
28204
1945
25828
28284
21173
12988
32135
27056
22532
27470
29325
17833
19773
16762
23240
10237
17261
15526
12370
12659
27407
21229
14892
20758
27350
29904
14629
19848
5030
296
23550
30873
5603
13663
16075
16664
7151
28128
31132
5866
28142
19148
605
21848
717
3311
26107
10157
8834
16114
7369
7169
32149
32466
32289
22608
24031
31633
5966
9679
21650
31531
27049
18047
2425
31947
21507
18690
3969
19263
11075
20142
25209
5033
18000
30688
29206
21624
306
27282
24122
14487
31604
10032
18549
13028
5580
8104
24269
28132
29438
17601
954
25525
32765
32173
14197
12868
18259
15841
9842
32704
5060
11556
299
846
9774
5606
288
1534
692
3540
16156
28669
6427
3241
16057
13837
19572
25927
21286
15155
7676
21766
16680
31407
32576
7500
16991
3633
3973
23390
19915
25674
18534
4725
18831
15137
23999
7189
2548
13159
21706
29338
16816
3981
5768
2580
18281
29492
355
11092
21621
14053
15889
1351
8420
9218
23483
26755
192
11516
30559
24864
26259
30151
29299
8905
28458
16523
31947
31506
23193
4765
30140
15884
5759
9645
26754
24856
15755
31041
10207
14328
12351
6242
19717
2092
10996
26516
7606
26235
32031
3852
7594
4816
17874
21790
20273
17991
22918
31989
26393
10120
13591
32134
30674
22868
8720
9414
22480
22365
28713
31515
18225
5467
26638
31505
6304
5212
23394
29007
24953
25179
30212
6345
29997
14357
13457
18231
12265
10520
9258
15813
21618
6685
20343
29196
340
29079
31979
25409
315
13964
8778
20396
31393
4516
12649
24156
17065
25728
8758
4378
22347
27468
24055
4763
17586
7320
28631
13562
31202
15203
7838
13413
20638
20345
21440
4630
19593
30720
29593
7044
21899
19533
2807
29147
29046
16124
30169
9642
16618
14143
25462
15068
17270
21622
23425
10474
9983
4096
10412
11087
9830
12625
19563
30267
15205
18501
24570
9099
10170
8628
1697
27641
6536
27207
21815
144
28410
29578
21221
6244
23849
20290
30508
1663
32320
13568
18729
27678
2782
26102
1048
23326
17083
778
25880
31921
18575
2345
1581
4181
29999
26590
27275
22279
26105
26147
8210
16051
19059
18807
6677
25072
13615
29488
10591
12266
29682
26643
13688
20639
13076
30242
6948
6479
28714
27829
21549
9517
32739
6860
19554
26203
11056
1956
2016
17173
10152
6536
32400
4909
28458
7914
20721
4535
15044
28082
14872
5893
9427
3286
25333
11990
13932
7211
31447
24266
25595
28283
14642
12569
15658
2519
11425
22405
21509
558
31527
31373
8027
25119
30650
2276
23655
5644
12546
6945
13231
3440
23902
16312
9517
1650
18472
17193
32685
14266
9274
18551
26486
19587
26544
17884
12332
26353
5360
14779
3573
7333
5352
11222
25051
8592
1687
20161
9586
5380
10191
21911
14778
9489
15161
20971
7494
31758
3993
11777
19870
11382
3155
5950
22499
3830
26415
27870
23729
18115
26457
1765
2889
24625
22956
26968
22512
15746
6703
14252
29074
17915
22240
31871
15019
2878
28593
6534
18792
22739
6097
29639
13065
25096
7212
12296
9865
507
29493
4999
6785
16885
31203
23787
4682
6649
505
10619
15969
8093
5515
14990
31760
5913
5054
12098
30795
6814
2767
1649
31193
19433
29527
31969
5812
17431
12493
7099
22705
13755
31564
2879
5475
29998
5782
32181
32061
23334
31322
18087
9720
13706
20402
29261
5172
14981
26608
29001
2146
12762
4250
11413
4833
18551
26803
5561
13159
16972
6972
1857
1955
32349
8955
2414
19745
278
31611
20268
14957
30943
25428
32580
29563
28913
5036
7635
7494
9832
4350
10747
21688
13209
31003
17368
3274
1445
29294
28341
6124
20559
8323
17280
24743
29706
16843
10108
5505
2646
23193
23350
19489
3149
4465
30138
24499
18297
8322
8198
3726
5353
113
9407
6932
1668
12376
10275
29658
32413
16143
7231
9994
26055
31146
17762
9477
29418
25410
25297
5708
14742
23033
20412
18592
29336
3384
12401
30568
13003
10555
32720
29524
1073
23504
4351
27968
5442
5723
22879
26715
29316
12574
5822
6024
32348
21431
9678
10756
6948
18154
7381
19273
15229
5025
32423
23091
19687
4913
6610
7010
12431
21727
26648
27359
13927
31907
546
12546
20092
32556
31602
7827
25733
24355
15002
29743
6583
20404
8619
22765
20705
24651
6897
1090
16564
5531
24029
16162
98
5093
67
104
17004
15991
10182
10360
12724
28787
28560
8227
9434
13009
22086
24267
7109
5031
18490
7111
15232
680
6627
12040
15432
22251
1675
25853
32227
25071
1864
18869
13875
13275
5677
12100
28170
29962
12737
29543
16448
30918
13488
18539
3843
27988
21953
1354
9071
19762
25608
16664
27486
30108
4957
15773
18818
1620
27917
25924
11185
28323
14543
24628
23423
19355
29177
1212
15634
31648
7411
9972
28722
2855
4332
2977
1952
24252
2509
602
19113
15946
5739
27369
13562
9623
14081
10740
10422
32270
16349
20701
1734
9665
21593
31974
8561
26542
3597
12697
15660
18753
9283
12903
5043
20763
10155
8079
3416
11026
9809
23105
9371
19833
19403
29699
10236
929
20919
11605
19981
415
21605
18320
20427
25936
24528
11796
32046
18587
18643
15010
32767
18678
9881
6407
16618
10284
86
3579
8916
27229
820
9544
2159
5446
21649
2863
22539
29890
21607
5383
29103
2193
25611
15655
19304
32601
1307
5638
10209
25322
25777
30881
6964
22982
9949
29213
20992
8673
1619
13486
20156
10405
7264
4023
4426
25657
25891
13107
23759
20995
21497
16979
4035
15980
3129
31080
16964
14819
4642
27396
7856
24356
2065
6236
10354
20154
19447
26865
25884
962
2315
17776
7095
26099
4540
22998
7766
15579
5610
17111
20978
26731
2389
10881
26737
694
20054
6173
264
20214
30925
30550
8899
6608
15706
6813
17762
28377
24784
15563
23655
18264
15334
17928
6253
5710
10032
22508
21179
21939
25422
25829
22297
30979
20836
22233
32739
26873
4042
2316
22619
27802
20228
6467
14659
9078
29428
21546
5036
29995
21582
16627
24073
6698
13901
4160
22407
8638
17572
29251
5537
6474
11704
6179
4078
14546
11532
25762
7742
14524
6652
4094
7398
13528
20143
17172
11096
16543
31559
28107
14583
4280
14682
23728
21545
24001
29606
20958
28589
25675
30208
9505
4655
9766
14734
12123
9241
20704
16694
1318
20397
28040
6742
17594
10065
15799
21942
31506
1577
27090
3259
25674
24299
25737
18141
2892
27887
10147
21338
3243
31622
11774
27436
207
14221
20177
12089
20819
16194
24117
22219
32171
25686
14052
8767
4874
21571
4416
26113
23426
6879
19351
16824
2158
13105
1957
22461
23565
6788
16730
6354
5743
6587
17118
30737
10645
14564
6611
6946
30932
4368
29146
23217
10106
28769
30808
10015
15028
1124
11642
9592
4783
32417
18038
6310
32510
26481
1300
27364
29244
4880
10350
27509
6386
27891
23283
5269
22458
3420
16818
28080
29861
19755
4310
24018
28635
19447
18796
607
20353
7261
1133
24068
25312
2712
28408
29677
16579
12626
23519
9016
1312
20666
3685
22186
4603
7127
8774
23713
22408
28700
13560
31562
26512
11068
13361
5396
22549
4928
30121
29029
14649
1238
31777
32139
8796
23532
3492
6645
6789
19069
32525
18339
24579
4523
22729
18907
21332
20751
14558
4126
2373
24653
5676
31834
18523
26347
18675
22881
30066
9827
31894
5530
13220
10870
28319
5622
15212
21444
7938
13606
11531
28826
21926
17164
25131
22539
8481
6255
707
15170
12996
4850
24890
8470
15319
3399
25039
16351
12325
10144
28984
10632
4540
29798
20105
32230
10734
23854
11352
5960
21403
21481
27935
25936
15027
9306
32481
27137
13558
31182
6673
3352
6142
27911
26543
14752
12416
11897
21172
31169
16079
8377
2224
1241
7329
30514
28082
29646
28694
11546
1896
4002
4086
26788
9095
28231
32058
7799
15725
20917
5583
2400
26374
32059
25750
19011
14572
29970
12975
17496
3538
23608
15863
2451
3362
25723
14543
27492
18661
1236
30496
929
29412
27127
27804
18881
27916
21800
24646
2122
14615
23888
31028
18060
2921
18000
2195
31376
1336
25237
13549
5964
23024
13037
27303
19224
25558
14489
13774
614
27627
11683
26899
685
10515
6002
13843
12710
14966
26523
6876
23739
8487
7930
18605
5309
32004
9986
26622
29141
4317
21841
24000
21437
20952
19847
30182
29231
1555
13657
5924
20894
13964
28385
25591
28709
30782
19768
27877
16061
20621
30535
22534
15026
14564
27866
8643
15192
1437
25078
23262
18426
13345
25709
1971
2579
25680
32687
1213
12224
291
21219
5211
21110
23695
19767
31188
13808
17069
1140
17817
29548
18457
22997
14027
25879
22424
24857
22013
26054
17149
15831
11579
14566
23373
27410
16715
11958
21537
8461
12338
22708
30284
19808
6395
25172
26046
20812
12467
25080
32424
31308
10424
13853
3553
26860
18996
17106
26761
23006
27364
9071
9964
1355
7966
9347
1704
2151
19730
6670
14355
3400
1360
26097
6871
9464
17546
17058
11743
1993
667
9764
13943
12264
13001
20791
25262
565
6471
24268
27391
31058
6654
26555
30513
1786
25742
3768
19068
8085
8591
2180
31469
9225
1308
29792
14348
7634
27282
6343
25787
341
23957
22620
2145
27249
13396
29474
23368
1880
7950
26603
29252
9629
20694
2579
19862
5518
9619
8045
20239
22467
26954
6782
23417
18679
9376
17641
11058
16407
4762
28203
3610
21145
9128
29320
9903
13071
12770
11845
24695
24060
19089
12568
9631
2278
12529
17885
6113
1964
32309
8842
20651
7194
716
21605
27773
25531
19683
15477
26002
22510
30763
12342
452
5180
10972
4753
22442
22249
25594
30986
12035
28617
32471
12604
16471
4437
4057
14978
6107
14334
32381
2040
8086
7106
156
7842
5314
24572
23277
25578
27765
30080
2764
12368
27520
25319
15673
31325
30103
26408
14116
11736
22451
10857
4840
829
4533
28948
30485
27499
25420
1324
10866
25501
8216
18914
10562
17819
3856
11619
8135
26674
22817
27893
28165
9185
19223
24386
6344
4053
28353
14579
19432
2840
16208
32641
20940
26117
32001
7752
9261
16383
25596
20958
31260
28002
19067
23970
30535
31162
27182
16280
24696
6707
22751
22132
31070
9297
29778
11764
28560
23777
17775
25971
30415
13104
7842
25788
31371
15482
31107
21276
2217
933
22450
1211
22916
303
11013
21035
6450
20326
2278
3650
22024
28375
11510
3621
14432
12040
3831
30630
26521
3946
4072
18896
16480
11401
625
21439
16430
3462
4738
3510
18962
26055
20536
2155
10417
7917
25088
26277
29067
16134
8702
5385
11648
32516
10928
13361
27282
9583
5838
26879
6892
31062
30837
1841
25892
24971
19333
18997
18877
1040
26440
4158
16880
31180
13140
19351
15275
27266
9138
7736
5851
9476
16447
21399
2023
1956
15187
11456
892
19692
23457
12968
6032
4239
15710
702
21921
8350
11942
18884
12862
28415
11035
24797
32201
14108
15055
16615
23163
11224
14436
16394
21416
16839
17009
19857
31301
27038
23592
8185
10919
20200
310
2376
24461
28411
12523
26017
13921
7211
13467
22548
2235
16701
9540
18874
16167
31007
29808
24322
16680
20182
31837
22342
9853
14775
23388
2722
3490
10714
7799
31237
15258
14540
32598
9608
26860
21124
14692
7423
24556
27288
14893
32462
20539
4529
12554
22783
31633
32573
16897
8337
8122
25443
24551
13074
16863
5436
4551
5744
16135
28992
10120
27404
17885
31742
8649
17424
7604
7441
20752
23043
24264
1615
28708
19354
32711
6979
15799
24785
23696
27870
22856
1083
6714
7529
26440
26262
3160
16574
16508
163
32635
3256
12450
26421
3321
28136
2135
9607
23533
21641
1592
4562
29567
19894
23368
20511
614
15579
20114
30554
16299
18794
17423
3241
18607
21711
10953
18684
8303
3237
5697
23780
13319
27946
1806
9896
2165
18416
9928
3734
30112
8918
31524
32151
4761
823
21600
8710
14112
31073
31458
30402
13930
73
24604
16514
14113
1405
22194
30057
19629
11609
5599
17115
13746
10110
3093
9614
25561
10112
17635
18404
12500
21983
26140
6776
25756
19769
2102
23286
28925
30653
28144
32049
1621
24803
24375
10863
26009
20314
11083
19207
5016
15170
5662
20015
20868
29852
13565
9231
32430
3583
32369
7706
18321
24460
4456
10653
17938
13860
30608
6296
30470
728
26372
27854
10485
7840
18218
22808
18461
30288
31963
27902
11194
13001
16837
7816
18565
12652
2830
9810
27771
24789
17210
25055
26591
21957
23375
12335
18306
11359
30519
31892
1090
2456
14693
27585
19409
20713
29116
24356
18104
25158
13228
17014
32667
29780
6046
22416
20414
24279
11154
29824
29896
26985
22278
26588
13255
29298
13850
30550
11637
596
12275
11409
18362
7910
19549
25651
20593
29476
3252
21308
15727
7973
19460
30358
11713
17485
27247
8428
4150
8643
18383
6848
4894
21797
20893
2232
16720
4987
10258
3129
28786
28266
7819
21047
25716
31147
6962
1100
19550
25787
6619
20487
31820
23763
22060
30854
2230
19226
24833
9799
9973
17178
9486
26939
30467
13680
7879
8476
6787
15048
19324
16385
15617
2825
5065
6960
29050
29901
13613
15923
2335
26900
28409
29742
18262
28473
30316
31599
5890
5413
30236
5959
9476
12226
7319
29720
1026
32690
32331
4528
15718
3650
20131
10197
29610
22169
13427
14625
31188
3894
15766
18449
1084
10137
13782
25176
22165
20031
25867
30329
4907
4820
30855
10132
3946
30885
7090
4992
20896
3412
1010
16155
7172
22479
29646
7390
10486
13186
31058
25013
31880
27596
27573
7181
28478
11184
27705
16686
22034
5582
28243
9419
27579
6289
2828
3799
24367
21161
9127
25499
11111
7100
6020
4614
7266
1368
4420
15428
9580
26669
12078
20114
27808
20857
2769
30800
12204
25795
25579
15191
26068
1484
29322
1422
17210
24259
9329
2232
348
5816
18877
17552
4318
19539
29897
30488
6282
10438
4430
26414
26005
7936
30415
15712
12579
11043
31284
24321
24334
9785
17077
32636
6627
547
26105
23529
28718
465
3967
21726
22264
16825
14142
23176
13709
9345
11144
24314
24195
30719
29236
17092
6647
26212
17660
28616
9498
1972
11556
5705
19181
10106
605
16453
31304
4793
20712
12037
32033
549
27390
14066
13579
29843
10608
3498
253
3503
8075
15955
12373
19693
17982
14384
10012
12482
25215
11121
6028
6675
10986
10320
29903
1006
28843
13401
778
25464
20383
18953
10394
17446
10678
30363
25758
29744
29084
2591
3765
21827
2200
3532
17417
9591
13236
29847
9612
21632
27678
14853
19329
14632
3790
25405
4671
15101
12137
5729
9265
17478
4709
15390
25890
4156
4719
24450
8887
10615
29961
16398
11837
11431
29304
18957
17317
9092
29917
26916
25037
3080
21154
26921
30722
24539
2071
22840
3266
12303
13405
9476
16838
10509
23940
22636
22848
4815
16368
16719
8289
8528
11521
25504
25374
10561
15603
29629
19764
3326
22530
19196
23657
30144
23250
2695
18453
11540
23055
24683
482
10892
18768
8939
13264
10676
2370
13850
24444
23623
8450
28585
673
3235
9930
27901
25823
17531
7120
3972
29371
19404
16235
4938
18920
5138
7544
29639
23237
25531
23548
4860
17190
21980
3083
22206
18007
547
488
12369
1630
24845
30829
16952
25217
16472
941
6220
7944
23484
5849
9740
14916
28118
8544
32564
4816
19813
1882
32401
17175
27320
31015
20243
22038
16743
28243
2852
14692
4674
18365
26168
4207
31111
23801
5285
19720
13656
30962
26038
12578
12395
2516
17402
7638
9476
2089
4066
21419
27680
22850
2187
2069
19699
12504
14041
29755
24725
13811
3781
16637
24057
28427
15096
29750
25118
14701
18072
17214
2185
20449
6498
28340
26610
9354
31225
2938
18238
4621
2685
23808
7853
10230
29536
9414
14677
5719
12405
2844
2767
31921
13386
1325
3376
8216
21944
23611
15162
19603
15288
14892
31444
26050
15224
24390
3000
27331
23727
25911
20076
29013
30765
13144
30579
23614
9398
2098
708
20715
26128
15426
31611
12375
21083
8697
27599
5934
8609
9991
2372
10545
23470
6873
28961
11228
6178
15968
2341
13382
1220
277
22646
27722
9753
3898
27866
13028
1590
5474
8233
7133
17874
23859
20995
4779
17311
10091
27070
9363
19931
26401
13474
13840
4641
16974
29785
10104
16262
31627
12705
11485
3809
10524
10052
23857
9578
23854
22858
15534
1415
9053
11373
18037
482
30585
4557
14710
26303
6538
6885
11407
19853
25361
2494
11768
20154
401
12642
29150
1484
14926
14996
21582
7086
6997
8382
12885
19271
15804
31531
24166
5201
32043
26230
13307
4201
18588
8771
3711
7778
28766
14124
10092
22495
5472
14591
8113
1313
7596
31014
14422
797
21042
15718
32354
20434
2503
20173
28157
12505
1389
29925
20690
10302
25045
12590
23479
11150
16930
20171
20368
20785
6128
6780
8560
26618
11413
22220
28162
11517
20390
16524
15400
5025
20158
14207
21217
21494
6778
24407
9840
13128
15560
19680
8379
15092
1122
4988
18673
20858
2453
18127
3695
27092
28743
17595
15077
15622
2872
23439
20404
16887
17544
8315
21147
22399
28538
2632
19859
21697
26487
9285
1527
29627
8278
28037
12008
18971
3034
14407
6896
17492
30844
7606
12517
22258
19819
22995
10257
23082
18386
9135
20367
17334
7513
21981
25848
13024
10222
31527
15936
732
32453
4992
19162
22362
8349
9530
12323
22364
4934
28281
1277
2629
7264
19176
28858
2867
30565
8618
12605
1679
11498
28564
19547
13795
28449
16793
28807
19947
8099
13189
18607
4846
25196
18159
18273
1870
25127
9832
11570
26719
10669
10489
20064
28021
14024
10701
23478
32065
10812
2090
12976
19805
14600
25510
30944
8229
17129
26775
1680
5321
12832
16587
25769
15776
2165
31865
25044
28863
15740
1912
734
1739
21015
32431
21089
31755
15676
31181
21409
10177
5624
7482
7348
32187
7860
2125
23526
3621
5560
29631
19547
14241
28397
5215
24054
16282
23271
5640
5242
17620
16162
17104
25071
16456
908
10883
72
2096
22852
24144
3650
2398
24226
5313
29583
10961
17527
18929
20532
3978
22678
12281
31536
10908
6547
939
21598
22915
14282
6531
28060
30902
10147
14042
20269
9856
10517
2909
23388
10251
26729
24254
5474
9406
7233
18089
20362
11208
17624
30970
1171
14333
28811
3629
24662
9698
10649
18453
15273
20483
28967
12497
3970
17805
27527
9725
9056
20248
8633
9253
31462
13765
31794
26239
18121
137
23261
11993
23789
7112
28256
18896
31691
7974
13984
9027
23830
9626
19079
32519
23454
27588
19717
10716
12404
10368
13140
13984
2895
21435
16513
7107
2606
20357
23080
17659
21567
10088
6783
27961
23552
23032
17301
21723
3236
24748
30684
10275
26296
27116
23526
10728
20486
31083
1388
30347
6842
25271
23444
29485
1987
21007
19571
15647
18556
22388
31697
11674
17292
10242
20269
17841
8459
2433
31489
5763
25062
7224
30024
31157
1668
30465
28988
11808
2217
18851
18532
11462
11419
31067
29902
18955
28036
27580
154
30498
2328
29626
3768
14277
28279
5377
24817
8233
5205
4491
32556
28465
31320
30065
25578
6370
22977
5377
21012
21783
18767
12562
14326
1653
22624
13716
17291
3490
25946
18027
3067
23730
13129
3710
29794
24290
714
1290
11219
2185
12839
7485
28317
9035
10435
5120
27852
10896
4537
20500
31219
19508
10688
2144
27177
24961
9298
9353
16466
29786
27661
3012
4512
9400
16985
21992
16985
603
587
4808
32730
11961
2761
7103
7132
23355
5103
9100
11510
30632
29618
30816
6243
9441
5571
11318
26886
16336
10934
5987
6059
6299
21092
26990
10384
10781
17806
15393
16932
26006
17091
23776
8462
26273
17027
16442
3441
9063
13988
21438
13678
27923
22773
8720
4331
21638
19746
32060
12947
18251
6615
9033
10782
30925
15656
4370
23507
27591
24625
30545
29003
12285
28153
1533
18295
10282
4509
470
32229
27705
24490
22590
2878
7095
11978
9546
31508
13449
25507
24601
14554
16858
13308
8548
3124
30552
9505
14423
10866
3232
18825
415
342
27894
439
13509
7966
3898
17502
7098
23486
2583
12744
26803
10094
14462
30328
7734
8804
595
16655
15733
25059
7526
20332
11996
1652
23204
22295
6374
1908
21391
19680
6452
22478
3051
20419
5088
18442
23482
15119
3343
18823
13675
9160
16581
30468
7247
17737
27902
1637
24396
8493
506
1972
27605
22128
11480
5479
19737
29650
28774
23009
11131
18812
16440
3643
24643
32230
20983
22083
29075
27128
6396
7621
2716
112
8221
23306
17425
17539
13767
23199
20700
5063
7758
30807
25361
18256
16512
27027
23840
28697
128
31937
9038
12966
15570
29219
8550
1512
8626
20946
22699
22881
18090
25346
2578
26249
19043
10375
20654
12655
24764
1689
16492
31907
1817
30164
23808
13396
21245
26498
32031
5302
3804
16157
28143
4006
6442
1296
27324
13713
14776
14014
15596
9618
24896
22469
6197
18650
1855
10372
1805
23893
6658
9691
31586
5003
13572
13873
22412
17348
4471
10172
896
32367
25889
25596
25158
31684
9065
31881
15277
11945
21682
29967
28221
32466
30695
28311
32109
28205
8791
6152
20502
11645
20932
2029
13096
25668
9398
25464
29852
12263
27925
30407
10921
7693
20727
8807
31547
9800
28087
16919
30625
26359
12615
28878
24709
10603
24007
19967
26146
29000
27478
10267
14513
6958
15400
12376
32036
20121
22232
7089
31255
18182
6912
21805
4356
14424
9224
9573
22454
21113
20027
29504
26112
10308
4640
514
11182
32163
10759
20613
25276
16628
13794
32197
29126
13234
20822
22179
21184
1617
20498
28898
20967
27497
5216
30582
14583
26135
13305
3070
15007
22433
24350
24975
12850
4184
15844
29875
2975
26563
14288
1201
26531
8185
22947
12815
20541
6223
19831
26198
4451
4915
6411
26901
2547
4952
5724
17960
2284
5140
23157
26938
2782
8454
32391
4745
27551
4347
32572
2281
24640
26642
9801
11532
19775
9503
12867
20992
19710
32334
12467
32505
31348
20745
15980
32337
21539
18715
8732
24013
19274
789
29986
17442
21339
11760
20127
16312
1455
28661
9424
29357
11641
4826
22683
16413
20473
15150
8039
24225
1266
12023
16177
29717
13149
28569
20700
7839
1631
11001
31945
3820
11897
18403
26024
6077
17151
4521
13710
22179
22475
18189
327
23046
6962
4193
30189
26732
4151
8429
1209
19704
14591
1937
282
19761
17797
29356
25860
11270
6799
27452
12171
24078
17633
19270
4528
21268
11440
29560
23931
30930
7513
1037
27466
23293
30035
7409
26984
1154
4706
26917
18913
1552
19982
31078
17045
17878
7764
12809
5004
31886
11931
20522
1929
954
1258
18949
25314
22829
1879
3748
13454
31694
30147
26811
15744
1433
11204
2256
25139
9958
16099
31390
23175
26350
19720
2492
5067
19851
3890
22906
31003
23103
1131
13324
5612
27768
18684
21738
18149
274
28125
12918
27889
26910
25711
2783
22162
24034
21101
14406
21368
5664
25120
4128
9810
16540
25299
20956
18660
2008
19847
26821
13913
802
488
1321
12251
14544
20351
20667
12130
5579
7976
16950
31945
32330
20679
21571
6439
23520
8503
9117
29788
19641
11395
14451
8426
22561
24665
32526
31239
19525
29371
13235
28656
10558
12536
17867
28287
15691
15067
30273
4608
22110
32290
13612
7745
11483
1585
686
27624
27548
29704
22299
16393
31032
12915
22110
16888
26245
14976
21145
860
9819
31798
25100
20101
29339
16260
3128
12032
624
4472
21060
26728
30165
4530
5791
20350
6744
13335
10215
14716
27933
19146
29450
30119
32293
27736
8363
1316
6352
2610
8647
1292
21921
19297
28568
32451
31042
32629
697
4741
17608
15806
17804
12353
6967
1215
1497
21163
8265
28128
10679
28813
13419
18787
11184
6237
29193
13977
8736
27157
4107
3158
21982
25407
19872
9634
11294
12623
19258
26289
26518
32310
29914
3606
1248
27444
24973
9779
13856
11758
19510
10996
16870
960
2447
14269
18774
28500
8043
20896
14726
29812
24894
8660
27687
17948
13790
13410
15208
6868
27275
3874
3351
6972
14126
13542
6409
7913
22494
26869
28349
11119
24488
18107
32316
27071
10384
446
10307
1460
1235
25044
6564
11240
5487
20372
30186
6604
27109
1290
5436
29688
19774
13999
22916
22207
25676
18583
24272
21767
306
25581
2808
22871
20519
157
16513
7474
16758
14160
14529
10916
21705
28573
18756
7194
10664
15997
6255
3703
31037
2304
1379
31075
23898
16191
18212
25062
2237
17298
1787
6967
21650
20995
31256
2510
18233
31746
15996
7360
30794
3162
32534
29004
30166
26467
9004
21681
3824
15225
3325
6211
10092
5550
11173
27582
30951
11964
25664
12762
25864
1086
5714
800
15620
4639
16231
21243
8808
16466
502
27410
25875
22723
5003
12501
641
6542
22053
26966
10832
14192
8413
28507
27644
25722
31689
4017
29166
12045
21280
32707
28085
19714
26015
8811
6547
10025
29227
3847
29499
14581
26807
3792
5081
6261
8808
1127
18771
14982
25847
29105
21710
18248
13656
4069
29301
4814
15769
11747
3701
3610
18956
18632
19276
17480
8616
4799
15684
14345
15789
23578
32570
13651
9351
4769
1188
27479
27637
19241
19667
25268
9834
2409
23413
9194
16308
14858
6749
8721
3291
4861
2183
15819
4940
19985
23126
29815
19254
29125
28449
4007
24885
7258
16366
26836
15150
1325
11133
5457
17530
10308
17289
3710
17734
20519
32586
10814
18745
29169
30526
30635
22872
4006
3625
21512
3367
5319
11099
19446
14097
24868
27185
7403
12298
30194
25310
27361
1651
31005
28779
32331
5182
736
6141
7757
16466
27026
30039
23340
28465
32707
20639
23812
26328
30855
16741
2745
10727
26130
737
7471
3585
1669
23932
29374
4470
21256
18835
14048
13343
1305
12151
12845
22410
1571
26808
22154
27223
32083
26275
23453
25314
28583
8713
32644
19747
9800
14402
16326
28626
20249
22898
7817
19662
2960
27659
18438
191
25029
2451
11323
17914
17352
14504
24799
7846
8504
2113
24475
27165
14097
28726
29815
27029
4550
6915
28819
30720
30096
31945
29975
31025
8453
23445
27244
17471
7660
11493
30637
3374
5200
27752
3672
4556
21459
20486
24138
3546
1861
32032
17898
14956
18037
8985
4772
23699
31303
7957
9625
10040
18183
3328
20628
29771
28925
27091
32576
6430
28482
11026
153
23051
8402
28569
1185
16733
22497
11673
8788
23918
12147
478
31197
10764
24359
1107
18186
10529
339
17863
30718
28307
32598
23281
7206
9066
6186
6322
16238
17457
13625
26011
1460
7838
370
17583
6780
21109
30363
32106
18662
22953
21737
1282
20446
23492
14542
3308
18067
20618
17170
23202
9514
13785
1829
19620
17843
23764
13236
12476
29020
4673
10618
20359
19940
9774
29785
20785
16211
5851
23209
24448
4585
25300
30416
10516
84
18014
3858
10733
27174
26644
8107
23853
20101
14546
19227
15391
24356
2770
9410
11897
16243
9237
2476
20446
17427
20485
31662
11943
18061
13400
12978
26595
24899
27959
22607
17564
10151
13472
8605
15453
11946
6409
15175
240
31096
1862
15329
30572
7778
11180
4220
17008
14363
28279
6008
16809
30504
3945
23962
10906
26514
9396
12638
7836
16094
282
143
25123
17982
17747
13332
6468
13577
8367
32269
11636
3945
1276
19999
16531
23892
20906
24587
20777
19901
14893
6278
29679
6667
27555
9285
18065
15818
13751
3415
32690
22176
15045
15031
16432
16515
27455
3618
2474
16938
20559
5158
32320
24001
27069
31356
19866
6625
8980
16535
29484
22207
9216
22141
10680
932
32763
7638
14356
18589
2344
322
31533
30835
19071
5616
20812
24285
27947
31597
19096
16117
3376
28089
17117
5609
16721
15776
18571
30195
23089
9031
29954
3467
7352
7942
6668
11995
31672
23669
26795
27507
5329
19402
29974
6206
29842
25954
15358
19892
26080
19357
3349
14418
20636
16111
32465
19783
27520
6196
20333
14193
17738
15684
22322
4231
26909
17352
28660
15000
8740
13900
30175
28084
8824
12181
17780
19945
4420
16436
23246
7537
17447
21083
30250
24361
10201
32752
27046
32069
7186
3808
29769
18498
18087
1974
20036
25117
8694
6764
19063
27075
19077
17792
12599
31432
20454
29515
14415
21851
3294
399
15428
17018
19142
26447
7902
2146
13360
27875
28387
842
23246
10827
15654
13904
21648
16324
17088
26804
13325
31897
15518
9028
24612
26684
8252
8727
3811
24981
3503
3710
26535
18586
8937
5432
4229
26144
5177
11493
10985
1520
11793
8381
893
30494
9228
13186
31053
26262
20783
28339
24616
18424
19824
29187
25161
16550
31860
22282
9527
18715
31133
32057
13801
30846
1348
21011
46
11894
22339
27034
21836
3905
31415
31496
17895
1536
5892
5568
21285
16725
18969
8836
15120
24112
30709
1256
25660
13542
13161
28935
11433
31876
9248
18804
8170
14434
3550
6516
22663
9211
23813
32618
4257
4347
23645
7058
9684
27546
30740
22258
5218
22825
12804
5774
11661
9450
11061
11996
3396
28453
26275
11127
4866
21112
10561
16151
25076
29551
6973
28609
11354
11861
3718
21307
20015
22345
3724
28611
31500
16532
7495
5376
842
31545
16762
16697
29799
1486
19001
26309
6314
23947
27561
9667
6666
9633
6407
19979
19533
22732
16363
15716
25197
14636
18638
28151
4927
29265
202
18691
29014
8597
20642
4563
31270
14510
25858
31981
8293
28291
11272
18317
21943
12863
19458
25425
22409
21668
30586
2614
17213
23459
17008
20163
13704
13353
23782
31876
31001
13883
22178
23738
2172
12101
20527
13137
26429
26287
15653
2066
5712
20658
7082
4122
10160
25450
17721
19339
13639
16940
15522
11137
16142
13081
7506
21576
13429
4851
4053
20428
11525
15152
26521
17488
5188
3661
19957
867
19673
7781
7785
1296
3824
8706
22568
9046
1504
11059
18643
10712
28939
21727
21640
3540
19462
23128
32539
25177
16891
19763
6819
23733
28747
23896
16185
32045
15479
26453
28668
12274
16704
15608
4441
31312
5901
23580
5257
2087
31630
1987
31834
11679
7327
30565
7987
12568
2671
4232
19026
29024
5345
24209
10841
15401
6194
15578
7433
26810
31965
26372
20557
2788
28347
25487
21114
21048
3951
31911
30677
26999
10241
15169
14678
27210
7625
6247
28843
14643
11919
22736
5504
24004
14320
18100
24574
11023
3587
15838
29841
19549
9533
15875
31983
2595
5010
30546
21078
23345
11485
1356
7444
5677
16002
19414
3405
22336
11858
10893
4345
28175
175
31321
11052
26605
2544
2373
20634
2638
20231
2190
27994
20863
22880
8441
30698
18325
525
8554
13684
18340
30753
31667
4943
305
1625
938
14793
20457
23554
9342
15396
15251
23830
75
2526
13379
15785
11755
1334
24272
27779
2320
25323
1417
4367
18575
14151
292
8308
20223
21596
11767
19969
27011
23950
16747
23246
28900
13393
5037
2208
227
8756
12710
13326
14797
25631
19246
23010
16463
31448
20860
3010
28556
25804
23009
6160
29037
9485
6327
26894
12600
15255
2196
24390
23653
29399
4547
11049
26029
9838
17908
27126
15971
26418
1074
2525
14855
8309
6422
14693
20505
8843
12090
26123
12331
13958
9201
3627
23610
8004
5173
27172
15678
11180
13793
12472
26112
15924
20769
31409
30764
28070
28198
2506
24487
8997
2846
30412
22562
22891
28259
2808
28912
24916
26866
18597
788
20384
7456
26410
19871
30708
7560
17918
11321
6435
30792
6942
7165
7852
621
24751
650
7044
30635
17893
27478
25109
16978
10019
12102
23942
32637
20836
14972
4157
5004
5337
25713
23458
25301
27347
3651
29990
663
13028
31568
11397
30255
19265
6147
26439
19599
2155
8942
30093
12779
20495
27673
9226
18869
23338
7834
12112
25804
25456
18534
31821
26609
16367
5223
14869
30330
13552
27343
20706
13642
31518
27563
16984
14848
16874
30651
24334
31343
12589
15233
30027
20559
11791
28824
23821
25905
26409
18759
1360
6841
27622
14934
26252
17159
21295
5920
32384
15734
13639
13290
14638
19337
31987
627
27431
12834
21471
23756
16648
31477
11837
29290
18501
27197
14767
2938
29989
31917
13159
5748
18958
426
27020
13299
1027
9655
27616
13508
28779
305
12193
15933
20500
32572
10925
2256
27511
12541
10729
27872
15422
24842
26338
12754
20483
31518
8373
21352
18523
7186
15405
12618
7187
24072
12076
23782
32185
13546
15180
31098
2910
28435
15301
25199
11163
11851
2706
3049
15314
27897
16591
20892
29622
25492
22118
10209
8718
25179
25834
25353
9910
29510
4547
2289
19942
22588
25484
24790
28854
14726
1721
13675
32482
6276
17789
32041
21963
23198
14059
23783
2239
126
26971
14506
32378
23932
3087
18110
2029
25434
23574
22790
21566
22066
22641
20624
26127
31916
373
28524
28163
8308
10096
31935
11902
29420
3215
28435
19629
10782
24063
4337
12999
27124
18515
21426
26514
19883
11046
17554
32552
9605
12289
22534
2299
15550
18559
32592
7959
15298
22446
15440
31399
31389
2745
10141
12731
22451
9412
7380
584
26289
16920
304
20080
3011
22144
22619
11780
22280
27378
7044
14664
13379
24178
1714
28918
17107
11828
20568
26501
27109
2305
32553
4010
31976
12763
21037
21536
1089
30180
28437
23717
32320
14716
19148
9285
11347
24746
78
17626
16506
5821
2493
7124
32507
14643
4018
11318
10327
27097
17105
25057
16252
3124
29600
6677
60
12832
23705
5429
6654
15287
21117
13770
692
11892
20204
12491
30221
1944
2355
4892
29931
3533
4453
16468
22807
26122
8621
20163
20788
28598
6626
25780
22769
11280
22876
31471
387
13518
27398
10370
7763
1540
14261
23489
10739
8008
12984
9356
30551
16404
13489
29648
834
17260
30883
29776
31230
24256
28491
24742
17744
18451
23732
31364
13995
1885
29702
1856
8612
30510
26014
30096
31398
14485
4964
4242
19943
7744
24409
25615
8858
21220
18544
13824
7783
16096
18847
14673
32024
28957
12085
24038
12437
3896
22126
25052
15634
4323
2885
2065
9607
19080
30857
6118
31840
2864
24115
2627
27766
20900
503
2012
20031
23761
3609
7347
7489
7025
21122
17630
25037
16104
7187
13963
25321
30060
5689
3393
13454
3945
27330
14953
30228
5156
5103
24332
21738
2462
5322
29406
10122
29627
3001
23676
13484
20131
21332
24306
31418
2153
9588
128
2949
15851
29836
20126
20534
16121
28477
9021
18823
7609
25124
20304
8243
19785
27639
20107
6570
5031
14288
26730
17674
21198
12744
25206
29771
27938
27080
10180
21945
18702
6300
2494
16808
14316
31561
32293
4195
17445
30881
32343
3173
10905
17684
27598
21708
833
30921
7658
17418
23826
19438
31984
11998
20773
27980
20050
3971
20758
10014
5681
28967
13482
17955
12832
12190
19124
30450
4395
24408
28985
3470
11544
29072
30930
27450
10476
26823
22354
30350
14513
12657
28073
22987
13943
29422
25864
31596
2201
27835
26438
25853
15681
13290
13955
3120
32558
25807
26635
12846
18357
7421
18044
19755
29190
20849
7980
12349
5041
21772
32453
25966
15977
9031
8498
28176
3847
17186
6335
23888
11730
22109
28795
270
9213
10475
19937
3308
10865
21668
21944
31653
21965
19770
22584
6817
17323
26734
2158
29638
11558
13955
17122
2448
665
16115
10102
6500
29864
30050
2705
22561
3717
31440
381
23801
17772
32530
3598
11903
8560
22147
11653
9728
25466
6135
20147
7447
19599
22256
29538
6524
27217
19989
240
27421
3273
3551
1085
28784
18787
918
27848
29959
12090
27772
788
24165
4246
2376
7761
6928
1459
9685
23864
2023
3269
18716
26167
16310
27448
8544
29390
2312
13372
168
10809
22076
6273
32114
3919
3035
25407
2982
1450
297
18554
8649
12808
28410
26756
15987
14833
16583
11459
25091
9882
31745
25012
20625
28426
12709
12848
12324
28027
11793
26607
22309
17411
23318
5450
24340
29811
2126
3141
20346
12160
3504
18124
29983
7968
31841
9277
14716
12343
20941
8231
3699
8051
24823
26194
16958
19828
26125
26623
20390
7729
30784
22128
32373
26519
19923
9899
26669
13171
1649
636
13562
22673
28611
19129
9446
12069
30786
3785
14668
25707
17482
7527
4751
12683
6512
4772
22027
31167
5142
1835
12364
5047
23357
17609
18302
16957
18074
9261
12837
8213
10987
30700
17935
807
16523
10440
21382
6880
22596
26417
8394
19925
21093
5644
14782
6825
3093
21172
26593
49
14055
15934
26240
12503
20143
27650
10026
5436
8595
6486
14949
25122
7781
4765
12447
17800
23856
27009
1895
28438
5648
24700
30429
30652
31303
12189
13159
27799
9102
1673
30630
276
3497
28608
27305
11351
20030
31009
13920
13790
32487
17841
25171
30049
3462
27800
18067
18941
26329
18796
10993
3218
12110
8626
26223
362
32280
17314
4852
3355
20098
555
10564
12462
7043
12855
6446
4352
22931
3376
12808
3433
17086
7363
28504
10652
10487
5092
32212
20174
17070
14610
3213
10267
9637
17884
15975
7717
25599
24484
20428
13822
32666
3491
17569
22344
10142
20525
12921
15770
29782
15670
31497
6438
5439
17942
2781
8857
9567
2697
28745
9795
6616
23802
24225
19064
32445
23553
29100
5430
30244
17706
17751
29959
11645
25848
13735
20777
15650
18473
23281
25837
9775
4668
5709
27229
25235
7473
16968
22561
15207
18064
23513
13988
22911
3500
14231
20594
17471
26409
5928
16869
17072
27068
13053
11264
21203
14386
3132
3739
11062
19636
6910
3520
31428
2377
11451
9814
23265
12700
1794
5628
10167
12800
8814
31288
13002
22449
4565
27345
979
24156
27074
4985
7115
30434
15398
4271
28230
11098
31818
5092
1282
17493
24328
4829
448
4965
2875
1624
29266
18144
11892
31730
10998
10977
18927
32584
6882
31632
19397
7773
20256
11427
18530
3388
6044
18981
26682
11486
636
22134
23992
31053
8623
18836
30583
8970
20169
5528
8885
22444
24846
21636
29189
32203
2508
827
31811
26652
19183
28113
10189
17373
15311
12549
13808
18036
4172
29964
8865
24147
5661
17809
11374
27422
7269
11001
6324
16656
31111
26859
2065
31643
9020
1552
28444
25422
3299
279
1876
27388
16408
22269
19543
2075
25479
16011
22869
27242
9218
15648
15043
22231
13266
30896
2132
10655
21579
27405
23333
17335
7588
23141
29751
26475
30981
15116
10019
18501
224
24188
23817
21040
15237
5019
17354
27613
25585
7228
32119
14438
13543
7143
25609
7217
27203
25565
13650
2328
27786
16471
15155
21958
23237
11023
17424
9316
26256
1793
32641
7286
13934
18803
4938
31743
16991
13363
31886
17388
24245
1312
4415
943
26915
16107
13785
2091
19479
28447
6992
29136
19529
5471
6470
30215
21652
4079
30850
20432
13318
12663
16798
9129
563
25603
25599
23219
7630
32077
18699
14608
31098
10303
10133
13199
10973
1972
11164
18571
28662
30335
17974
24592
7857
2222
14791
30528
12985
12816
13942
6901
28046
13812
6882
30120
15575
17460
11536
29842
23289
26482
24489
18448
24040
10402
30562
17228
10302
3016
9403
24346
28810
18947
26092
25632
21226
27851
17692
58
8412
11895
18133
19229
25425
17410
7349
32314
17155
29710
28774
25573
19209
7977
23248
16822
14760
7504
23436
16943
21357
5297
25756
8608
27768
11701
20058
8776
7195
18494
18351
3005
20132
5678
5765
14734
10614
16168
15487
32038
30047
29082
21479
22259
805
1275
14568
19144
15970
4433
21245
21376
25234
8183
4777
14821
1643
22941
30569
21200
29037
21904
12775
26769
28601
28220
13936
21392
6182
16111
21416
1589
14482
11999
8572
4102
23670
11631
23641
23567
8637
942
155
11911
20439
24352
14921
9648
25865
31170
31999
16895
3591
840
22571
14717
15300
12201
23420
6765
19337
3805
8088
303
30021
4581
18190
25956
29732
24845
2955
16979
7522
26478
11088
7820
22882
14262
19171
14026
13050
11820
7941
20510
28945
29678
29413
30026
28269
18301
24211
9067
9158
11900
16823
10716
6175
29877
22147
16726
11094
7261
28902
7772
28409
9113
15875
726
347
17217
6113
4860
7911
2787
16740
29045
23989
32267
7804
26304
18267
5825
15516
6100
17670
20820
16238
4099
4553
9558
1477
8740
10036
4072
6867
25841
22569
4920
18332
20142
3563
20295
22698
13324
23416
6128
27650
11852
23321
11302
23384
11431
2615
29309
5759
13550
6000
24299
547
5998
22250
26064
11962
6678
20711
8245
31672
24284
7834
1361
31490
2396
2362
23890
10406
26562
8020
20826
19145
8939
13413
15559
3553
14791
32424
9143
12580
19458
18221
29387
22335
30691
24619
27692
20300
20340
21911
26060
27134
10467
3061
15599
12063
20008
16751
8937
1853
20456
9508
10025
11680
32665
30914
8822
32383
21736
28759
26489
30067
16983
17508
23676
28715
15659
10804
25201
2402
31877
9835
11574
8206
13263
28130
28951
24282
19545
18610
2453
22487
25156
11151
32101
2158
2208
31576
956
22938
6353
12011
28362
28756
4407
17214
8068
25166
18190
13740
26279
8931
28562
30860
30458
15438
17511
5640
19667
10523
18233
29997
11996
25052
26784
30014
11287
29469
5702
21326
15136
12186
29771
3597
24243
21167
17896
15331
29549
9999
18771
1851
2775
1465
2787
17698
30624
16680
29557
23056
28458
20682
5646
24837
25673
20660
194
18648
32583
10644
5332
23500
22315
29927
10782
25957
20538
29036
435
27258
17343
7128
19396
10122
21768
16331
17600
18772
6065
5379
11711
5025
27429
15568
9249
27237
12129
13255
7282
28934
14075
3003
1169
13308
6755
489
20754
4250
20586
17779
31200
20267
12288
528
10791
9025
16194
769
10097
1610
29620
583
13327
8292
18378
30739
28858
13171
18862
32382
378
15472
1853
7546
31175
16132
31570
4872
21486
28501
24648
27564
30647
11808
3002
32542
5189
2824
14221
9539
20797
16685
23601
14171
6955
25089
35
12668
3873
8791
8375
2111
18849
32189
6164
1721
7356
9228
9344
18605
29052
25917
29918
9471
22656
3966
24180
7276
3558
29573
8178
8313
29806
805
21936
18089
19419
15903
824
15347
9885
24890
22020
3187
25262
2966
1417
4960
10682
20029
29812
10046
15490
23035
30515
22101
3458
16240
25527
18273
28369
30051
20088
4747
22346
6489
6330
9880
745
7782
13327
3681
29303
24132
16158
10883
3690
16546
24482
13143
28935
27838
32182
5925
7113
14646
17487
2196
7174
19996
2826
20837
25296
11592
3368
15713
21530
5362
4566
12688
20763
28800
27058
17324
16888
19356
25996
26069
25245
31626
10857
31366
22251
29368
1742
25800
18969
29335
11579
26790
7508
4010
30709
28640
27049
15325
6664
1764
22821
19223
24973
9721
6971
9746
28457
6846
30821
8043
1750
9683
18702
7925
24038
8406
21424
5971
2629
16529
22074
31174
30462
18289
16052
7235
512
15418
22309
17865
10019
30970
26805
21745
23654
9788
6671
13511
890
30333
3337
5080
5253
13796
32647
4492
26144
557
29596
21942
13985
16103
8947
18026
23200
6623
16750
20495
13492
13276
21260
29620
23166
16780
6416
4008
2793
14527
23136
5700
22959
24019
2859
9996
13344
17775
6094
15863
8991
7797
22265
27914
28269
22577
26381
21547
1322
30935
31433
19253
20376
14380
22822
29256
20003
12931
5247
7267
10654
18411
15605
18484
6352
31655
4626
6958
16175
26590
30637
4829
26859
6548
12813
24694
18478
26841
11601
8883
6051
8512
21518
29149
17973
3731
14651
29226
4121
16837
6474
24650
10510
8744
30360
19517
23523
7904
21767
30311
17210
5272
22761
742
32653
15220
19745
30499
3694
12614
21636
13735
10003
29700
19078
27697
16401
24698
5906
10245
8808
2364
31161
1158
11712
31199
4111
10247
12786
14952
6994
735
458
9989
18765
1211
8972
28667
1148
15417
16308
21984
3953
5298
15490
30218
28534
9814
6326
15175
27252
19583
31513
18126
7188
30271
4156
25974
26147
25915
7684
25894
16443
20157
28774
24205
10912
4868
880
18195
18536
32479
3721
24335
25823
19322
21753
20538
26665
20599
24492
4196
32553
7232
1074
23653
31394
26268
23819
24407
10652
4481
5922
23042
13066
11306
14487
24216
12969
11368
17601
29859
7467
21053
24948
14651
12181
27047
24959
20348
28134
24250
22649
13623
29945
22513
7102
20456
9132
19142
21684
17896
24386
16000
2131
30692
30470
12621
14308
11918
27441
21392
32520
20626
6926
3452
21245
13516
7772
738
18205
25784
19956
2375
31399
25386
16300
17466
5058
19263
14714
23525
27583
23443
24541
481
20639
16820
9080
14415
32725
14807
12800
3876
15949
22218
28249
19396
12716
1578
13308
11987
24282
9430
27036
19527
29118
14243
9993
10690
12872
7250
29268
5920
19125
18111
22580
30027
17166
24154
25512
24407
22002
20443
14558
27083
662
10034
22356
27708
10
17853
18237
2337
30142
18622
13862
26594
7492
13324
18137
21810
12631
13577
6274
15775
19997
4563
18704
13927
9897
6335
30430
2190
13252
9219
1427
29229
16365
1458
10823
4621
29854
28654
743
12660
19665
11609
15578
24639
4291
15820
3812
5937
16120
11084
2635
21643
1663
11065
1849
26333
13943
24521
12386
23067
18130
19893
29158
15091
24153
23090
20345
9310
31216
25891
26049
19318
6428
21389
6911
32135
5058
7755
17138
17512
32050
14595
14841
9484
14435
25944
15223
11348
8576
18017
30587
15911
28836
18522
11169
23237
14819
12442
17203
20056
11913
27077
17044
32461
934
24643
479
19425
8650
753
31435
13695
525
15382
11730
15433
23634
30360
25234
12405
2765
880
18291
25306
18115
29531
13450
27722
8849
14546
5565
32547
25840
9789
16424
30497
10615
7268
14016
7030
27234
32038
8758
18205
22417
13933
31
27499
7892
31073
19793
8423
2405
29148
12176
14939
4790
4638
25194
3627
23661
18115
27487
27110
9133
9970
22853
25627
7064
29910
4843
110
20754
594
30973
23018
31687
19952
24359
18329
24687
27675
8317
12114
10321
4239
21275
31443
20997
19469
24328
25360
8063
21075
31841
1482
9545
23627
23731
31074
24336
31363
936
21232
28002
27613
4838
21136
24758
19592
3380
10748
13741
12590
21726
4448
26263
623
26971
7785
13881
11407
10286
4511
6094
30571
5386
3574
22603
6834
27961
28319
27879
25169
2623
12068
2779
30511
22458
6580
27750
8219
24716
12220
26389
3843
14140
183
14145
3686
15770
25414
9433
8971
4002
17539
25954
30196
5539
402
24379
6798
417
32634
12838
1322
15351
30003
10500
17840
832
7169
30944
23186
17272
14848
28975
12288
26719
15103
342
8027
12062
19345
14189
747
15149
10850
7235
12756
29300
9160
4258
30790
25777
27546
4052
24565
16921
18757
31589
23753
9538
18972
21547
12758
13376
28144
1156
8846
23823
481
8159
17461
12593
7539
15230
918
9367
30181
17530
13045
13253
31678
30471
13380
13618
30376
23289
5018
23021
4993
27015
9696
8582
6320
16463
32718
17708
13493
1435
22806
24083
6916
25059
12254
19225
25364
12947
16500
6568
23987
23053
9533
30174
21660
20722
13039
26091
26699
23710
25856
21691
16
3825
28255
12246
99
29525
16993
7300
15223
3324
10750
2100
20498
2666
14653
6174
27291
21044
14573
15400
7285
19719
22678
26886
15755
4331
15535
15782
3116
20937
15633
6091
32538
15147
26540
23544
32221
5956
7033
29839
29533
26416
20399
19514
28336
20605
23354
18314
17969
1001
20585
478
28882
365
16615
20871
2483
23931
32236
22313
12787
27525
10420
7268
17606
29118
10033
1460
4551
18980
20733
7062
4496
5310
26770
28397
18568
24354
13501
7331
19453
25915
20048
13459
7539
20297
30232
1959
20539
4393
1806
8509
11591
20183
22737
28624
18748
27185
9812
24788
16585
7678
19668
29665
3896
18990
30478
2324
13122
21859
2222
28339
5672
18353
24074
29199
26879
674
13328
30639
27723
14974
19581
24234
21968
5321
8785
13141
18597
4108
17023
29982
5002
6361
7400
29624
10619
28681
24970
1913
2182
17992
15861
10496
729
12500
3839
11290
7711
23425
23225
8679
32013
7169
9890
9784
1847
19042
32282
7228
17193
728
15641
7772
5811
13501
29472
9571
24964
8918
29296
10978
9722
14552
24443
19155
13369
23082
21656
10364
2939
3565
28154
6806
26023
11322
20963
25263
8484
28842
2325
29645
31983
5660
15242
3156
23275
24498
9572
10025
31865
13085
22567
2072
27977
10267
7206
26483
4208
12605
1595
252
954
16878
5563
2565
19777
5553
28329
21206
1854
31914
1066
5967
32288
20832
18233
17103
29915
31681
11676
11092
899
9575
9495
2019
17433
793
18143
9770
16805
22421
24401
9060
23940
5004
7652
11389
7940
14063
349
2422
8494
22377
21570
30732
4835
28717
19856
6548
32043
24305
10672
30762
17353
12858
20392
26378
5139
11483
22159
16958
13824
8888
32579
20858
29571
4816
30302
21060
2583
8827
29285
27991
23195
24047
579
6986
19297
25097
8182
15469
4226
21323
23433
26612
20084
17953
12866
13911
19166
31848
26140
2808
8106
7216
26999
8455
9308
17345
13071
24482
419
7901
3627
14657
9006
24901
15127
6738
31681
19071
29651
11040
20360
5845
10509
26873
30891
417
2893
23184
23074
15560
13424
25504
29899
389
1367
31698
21178
7784
3040
19681
15568
9886
1301
31740
28303
9842
20388
8812
15404
276
25232
14710
24294
23449
7205
32131
23447
14660
32049
3198
14217
11524
9329
17278
28554
17469
7754
8101
25923
3787
23737
9800
14021
26693
27533
6223
13413
26238
13524
29919
26826
4434
27027
3895
26436
18335
25274
15320
21599
30097
3670
22761
23737
35
15625
13785
3600
2530
25527
7750
18079
29940
9603
3102
11947
18010
14842
17668
28761
20082
909
26357
8642
15040
27205
10283
5449
29933
20146
20033
1069
29456
10533
8345
18266
23853
10527
23035
4741
11259
26888
23934
25975
9451
2596
12972
10153
22373
19652
3297
8722
32597
30905
25076
19261
28902
10766
21529
6558
29069
22007
29446
20518
8778
7172
6229
30997
24363
14234
25386
784
14353
9636
5909
13427
26294
21126
25146
26856
26095
25682
20143
19769
3631
30015
25381
3426
23373
21079
14027
10475
16263
4719
31855
24948
10182
6492
18662
30610
5412
23396
6319
10713
28587
29939
22739
10810
30303
27279
30479
32144
28799
9486
15669
31093
1033
32263
31696
21594
21884
28806
18439
31703
21729
16900
20676
9535
23564
14230
3861
19576
544
11108
21970
5385
18513
5725
1152
16757
1006
25129
24949
13512
10654
5983
24381
12911
24042
15353
20797
20556
28411
30213
21398
20234
7077
18077
27212
19630
19365
28952
7080
1391
7463
25218
2522
5832
27532
11594
20451
30923
13161
27963
9650
8632
30675
10157
3981
1998
3290
31741
7347
30049
27475
14394
31040
25389
29147
9761
22352
19690
14104
9292
29543
13345
20802
24486
14353
17725
14050
16674
17605
21221
7386
25517
23567
7049
30118
9825
31983
3387
30177
12027
11132
31681
16907
28815
11468
31976
10633
2682
14872
24347
4845
5017
28444
28211
32120
9656
30653
31377
15325
15693
16622
22122
19528
16743
12500
15715
29087
18401
10792
23134
29192
27099
24286
24467
7851
15466
13828
25826
2233
16783
18668
103
1965
25958
15245
19792
29906
23456
29735
21739
16389
28979
30246
3587
16828
9808
25673
26221
28231
9366
28163
2782
20054
25989
11298
24832
24764
7477
12462
26564
18802
15688
19988
29177
29151
9245
22915
28446
32342
19526
27799
13940
15585
4157
27189
2136
28989
22098
19126
14800
8741
14568
29511
15972
19412
32481
7311
1071
7109
30807
3219
22069
6589
5005
10199
14583
25099
15909
7622
30021
21774
26259
13396
17748
24569
12753
30434
22544
17107
14676
19554
7859
30658
25920
14523
6295
8072
14040
19823
4424
5966
5944
3451
1246
7073
32326
18559
7818
7354
1510
12574
1390
10242
15725
12968
27570
2773
20825
18934
5076
4742
23359
26006
16447
3492
28164
4393
16672
29308
12880
28680
5237
20191
10048
19246
19558
25894
23387
13906
12249
6770
12744
4179
18753
6713
1982
25305
22454
21246
20027
25914
22091
12383
27641
9882
3484
13909
31646
9047
25510
25016
14898
18852
24028
29185
14807
12659
2423
84
11444
2969
15885
1982
23603
3116
28261
17083
8300
21552
31626
507
27617
7795
15902
24677
16235
13238
14833
30813
6772
27149
12242
32322
15207
13193
421
25659
17509
19
7350
27444
6202
30363
24141
17699
911
18803
9859
11408
1632
10741
3411
5460
20913
8044
28148
23201
19837
17714
15462
3650
15088
13333
22860
19748
18134
6911
22521
15638
8274
19159
27341
6093
26579
14754
27074
26411
2628
16622
10050
22209
23683
7024
1852
16018
2837
26092
3190
19225
12824
10069
20517
26254
12664
9270
6075
18278
4454
336
32000
18457
2822
31108
23652
27687
2408
10996
32147
13917
14010
16230
10827
13396
27068
29673
10090
25404
1908
17338
17484
20951
11554
14952
29779
9160
13942
12599
9927
23054
29697
31682
20705
1228
9706
18405
24098
16971
3810
13530
31465
12097
13145
26018
27973
11348
6386
4775
28680
7386
6709
24223
17437
739
8837
29363
27675
7289
26193
9697
17945
26150
27534
13215
30661
9911
30308
17857
24752
26688
11815
21916
1772
608
3722
10348
12761
6598
30991
27379
10044
14580
31426
12387
16017
26179
6695
22654
16035
23336
16753
8444
14681
16565
6388
26157
22995
5475
26077
22239
22709
8206
16673
8066
2755
5185
15027
20618
15791
19380
15610
1045
22318
14611
17538
1742
27217
30721
16370
2065
14099
7773
11326
5456
18479
12996
16669
25781
9012
27735
16830
13064
16090
8126
17846
14548
13207
32109
3646
31429
23150
1317
15259
31061
19976
21182
30429
935
517
10277
25548
12723
25748
22689
28448
18852
15937
31066
19696
5246
17423
31515
15213
26116
4039
4439
24016
23513
29327
2666
17297
6117
21950
32034
28634
31226
7663
28542
30011
7352
17493
23221
31135
6574
6734
12410
13951
22721
27450
17791
18773
28370
28813
17720
26708
20379
19491
4833
20310
22234
31956
15298
30998
27826
329
24242
30879
18766
7437
11482
1796
7111
29671
26555
6482
6216
28520
