30391
17128
9001
5661
7048
25628
25811
25736
27728
23282
27914
3318
6660
7705
31502
10174
6515
21937
17105
21526
7119
443
18848
12838
28777
25806
30212
17249
13244
1803
22251
9492
28589
25939
26115
22847
4369
8375
18791
4517
22128
16943
22653
12575
7176
26255
26654
30517
10517
26296
8696
2543
25168
20491
27441
20969
1462
16676
7757
23718
21386
32452
7250
14630
18589
21774
31018
699
19917
6391
18248
3608
204
24056
18063
27819
31267
13317
31343
14893
13430
451
27473
26743
30985
20214
5941
32151
30083
4920
21913
30755
24306
23793
12957
19917
17936
25731
1382
14392
197
24517
17856
17418
19692
10675
25863
22083
4186
4708
11847
7117
23068
27452
29090
5971
2305
9058
32498
16727
15193
2164
13232
28287
27643
32634
8213
28720
24717
18969
1918
9054
19711
11274
16405
24995
20569
1226
13742
2190
11959
12690
5103
2877
27793
19337
23476
16942
12096
5689
26545
27986
1726
12863
9306
7267
1198
26695
32511
29048
17564
8248
20540
29143
18821
22700
17808
22794
21658
12963
3660
8757
6465
25976
20399
15270
29277
12052
9295
6318
31951
5217
10938
5551
15165
1537
26462
25207
10001
15681
32166
26316
21189
25928
1126
21832
351
25749
31097
24680
22327
23208
6313
17887
2048
9726
6606
9264
9734
1603
6714
20091
30389
11972
13653
4759
28763
23843
4229
9570
17711
18510
24145
10581
8081
31665
7365
860
29587
29355
4888
29156
2489
2111
21132
6709
9981
3853
16022
2
30230
9600
24639
6974
5626
6728
2250
50
29090
29963
1943
19917
17677
30551
30535
22075
29575
10716
26145
13753
4907
18904
23988
19367
20903
10962
3518
18910
5695
24715
7757
20037
1301
17714
27940
15007
18343
12247
14944
16039
16025
28450
2140
18527
181
23621
13009
20133
19248
6703
322
10759
18222
21762
14487
28632
18569
5576
28680
899
27086
32354
11580
21024
10633
448
2994
27717
27843
27736
29537
29215
2760
20688
8859
1473
17966
11518
3895
14267
22290
23315
25327
8687
27301
8979
5895
9376
15336
137
29488
31180
10675
28792
29611
4796
28156
23444
23217
29657
23126
28850
28947
705
15800
894
14878
31386
22400
17260
7873
31399
31671
24305
21490
25368
19607
26354
77
29735
11594
1661
25854
25440
20981
25271
3554
23360
4341
14101
19689
6402
22889
463
1215
7350
29424
21650
1707
8083
27316
7542
1975
17550
20903
31791
28945
14124
12300
30599
4017
11412
21050
9996
26428
31464
21148
9477
11304
15061
1277
23723
10530
10089
9986
2198
5036
12325
31224
30070
5131
29012
10704
23811
1120
1691
9576
27959
11029
27600
19469
20410
29818
24591
5181
17822
28592
32523
4017
11084
4807
1187
28827
30910
2595
28342
29740
4591
5924
28983
22105
31632
16902
28804
13023
18429
25349
30195
30596
20591
18117
21166
19360
3699
29170
25794
4317
10651
18467
12914
24891
3443
6661
20433
11863
7094
24245
17040
26092
20162
7277
22548
16282
24650
17507
8651
6118
18507
1518
3009
31875
10305
23787
16750
19920
30362
24415
21715
6561
32363
3678
23493
4930
1890
11819
30600
19641
14844
27040
31391
5452
5111
17616
8419
8515
267
8940
3539
24303
27605
25443
1323
7403
23316
23117
4536
26018
28439
10250
3690
13329
21366
13350
17835
26063
30977
20352
6895
3658
11254
16812
29324
3923
23159
17813
19405
6877
7994
14695
16705
513
25731
1452
25433
30022
13135
32693
8498
6688
722
19259
13232
6582
7204
32582
16076
3304
26168
4686
7471
27025
11789
20896
2559
21769
16168
26628
7417
32751
24641
14237
19648
28453
2109
2832
27508
22043
24412
25065
20871
26193
24756
23610
10956
14359
12254
2436
6609
12440
30447
7899
9583
2326
24745
22598
9375
23415
755
2405
7311
22529
19847
8534
17654
2146
20715
9688
9892
17395
29090
27057
2141
14653
23459
590
7655
12477
18954
16554
11618
27876
30478
12657
7896
19298
18483
26724
10773
2980
2752
6911
5817
24219
21620
20057
17035
9152
23669
7245
25104
30549
24713
21463
12125
30189
27272
30912
31529
22830
2578
26238
21542
20950
22141
6742
14482
17148
19729
26819
1544
17049
24440
8731
7069
838
18032
27248
25128
2887
27843
18612
12001
23753
1657
12577
13358
29544
10316
3800
29881
15092
29532
4297
27846
25461
10532
15826
26052
13932
15277
5163
10273
20828
11777
14337
32611
27017
22755
30049
17525
32000
26557
6488
25150
5335
8666
26201
2168
31926
21461
10206
192
5015
27986
10578
23017
6601
9963
5167
23958
8251
17518
31076
1032
31991
18245
2553
23092
26861
9525
17141
3609
10994
22348
4224
5456
29704
21780
11333
8677
20704
20493
15130
22885
21661
17242
28131
568
24795
11195
10675
6961
12016
31675
31541
4452
32369
8235
22859
2104
3321
10446
31476
26557
15141
26966
17523
9535
739
9871
4014
31259
8941
9179
21460
31953
9104
9438
28738
20571
6322
14202
7848
23997
17683
23038
20583
19422
723
20890
31550
10646
5429
17687
6438
32264
18338
28612
24442
13106
32241
180
29019
3778
6629
31270
4435
11563
23031
9541
5688
13049
5462
28178
10068
10337
31021
15262
962
13085
11044
6268
22811
8823
29993
16246
27987
419
24176
24703
8157
9297
21944
12777
1558
24963
20689
8664
9952
28828
1371
15351
6541
7354
7888
5993
3072
16966
5573
24835
29710
19146
3180
21944
28714
6914
21598
16724
6978
10037
407
21870
22500
8645
11970
27799
22181
30726
22200
3544
23491
4428
26435
17500
2057
1096
28967
8041
10483
13972
6499
28309
21523
6796
12212
3638
20915
32608
3675
22554
6844
10087
10016
3192
28119
6326
24983
18215
16337
23538
11938
21774
2884
7522
30007
32220
17268
25672
15459
5625
28279
21618
13967
27836
10905
11788
4611
27358
8958
32696
12968
29998
14217
16097
14610
26503
23549
14923
31421
15359
29282
6895
20375
12898
9387
26375
22719
3039
405
15205
9357
12032
24786
12040
21458
18400
21095
5361
9313
14488
7507
4147
1230
28154
4465
11850
5493
27778
12447
31661
15038
10633
29472
18087
9376
1212
11071
1122
28516
30157
19509
3141
16812
17000
6221
7551
2995
20585
31302
25316
19414
26700
3577
26873
31828
31716
7228
14922
3666
17744
3589
5636
5666
21036
6867
29887
3268
20228
13897
20380
19117
9998
284
23952
8136
19480
16688
15103
11451
15039
9470
12173
24939
3810
22073
1585
17602
15446
8113
11147
27056
16347
10871
1655
13679
23631
5698
16098
23308
14370
28945
26332
12323
28426
21010
14831
16106
27640
7107
26287
14704
8010
10583
5779
12839
25922
27483
10243
15777
12471
14233
20146
24983
19978
20541
3630
29999
21084
26166
17078
22142
2814
6879
11339
6476
297
17631
12297
4888
26096
31822
17336
26716
31346
12825
14239
32531
18516
22183
21144
31351
15983
21436
29802
9231
1477
23966
12882
26089
8890
24439
8675
14885
13953
1787
17937
13235
29908
13130
21128
1116
8680
19224
14658
9223
11424
15883
13912
32053
14593
13668
19992
17103
12006
14306
29017
21281
8436
17635
15371
19494
8145
10957
530
13574
19857
7340
7765
24797
17777
19229
14353
28350
11208
1130
29300
2808
31290
8182
14951
21911
23599
14556
9899
4654
12163
31699
7719
1236
32128
3157
14464
8301
9
17664
3307
27179
1815
22332
25407
13908
21098
3614
31567
8773
13176
14476
24182
28599
2986
32418
28531
9537
31431
9813
11383
6174
20912
2902
22397
17201
7503
20025
30938
3910
24010
32471
28693
28827
15868
17905
1784
32159
24357
21014
15079
25337
3296
3014
12401
22732
27990
21719
1317
32057
434
22296
29607
14374
2773
9781
32259
3134
9802
14554
4672
31033
14204
32027
23865
21342
28966
3092
16296
13382
4876
16588
6532
26850
12265
13920
24461
192
4008
29021
12069
25225
470
14445
21601
2511
13400
24630
30304
20997
25177
3711
24027
29391
28551
14484
2558
4477
17279
24812
1910
3025
31109
22538
15820
24585
14457
1185
9969
22041
18182
30459
9498
20025
12317
19355
27341
22687
2978
8482
10556
31374
16229
9583
30931
17551
19539
32266
12301
7679
31726
4035
7307
27081
506
27030
21095
26741
26233
22226
1478
31586
19418
23675
8876
11599
25966
9708
5909
9248
12827
9408
833
24543
20308
26611
17487
27394
30792
28229
3341
24556
1370
30687
271
26550
32722
6969
1534
5678
7634
8507
16179
18208
14987
27811
26500
24789
7856
28838
32094
8154
11563
31450
29973
20482
18448
21587
25975
5806
463
32268
25255
12876
28333
3209
31529
21278
10869
26299
2873
28989
26218
27684
23137
17373
4993
17980
14154
15826
31949
26898
1491
13140
26171
1846
29536
3327
895
31959
17780
11293
23374
30249
30339
25640
27342
21769
5377
11659
7499
6628
6335
30121
27691
21461
8823
12320
15140
23565
22950
3407
17580
24696
23705
31254
10929
414
30411
19676
32651
1991
4462
17367
23343
29538
4680
14471
20645
27815
7360
11396
22460
22140
26937
4986
32508
2197
9886
32370
31196
29920
6718
3155
24373
15392
29147
17320
11255
30167
31741
14755
24091
12138
14988
10850
15320
26240
926
26226
6938
683
9358
14738
15664
4682
15182
11961
4804
20142
14846
21850
31761
11131
18621
27622
22864
30033
31167
5011
32627
17324
927
29020
25878
16905
30199
24648
7091
5195
7215
6384
26901
23132
658
29243
5391
5911
20903
8045
16237
32358
29630
3936
21035
28327
14537
20752
25573
6485
27757
8542
7823
7908
4697
1549
32358
8684
15575
6673
32038
5514
12704
28425
32126
19204
20725
10250
2753
683
29419
12702
16606
1030
12039
15116
28818
300
16906
21722
21468
18802
1550
22673
26290
3910
12498
32192
14322
17755
19539
16451
18075
22279
7580
31685
16189
16361
28126
24708
11694
18126
27075
9556
30463
24533
2816
6887
12206
31186
16426
1099
8733
15089
18122
22708
6467
28828
27571
21116
17314
13982
9619
28520
17017
6536
15817
17965
14650
14419
31606
21811
28990
10568
1239
11928
26040
9757
27346
9592
19432
17249
4814
24684
27537
14106
29384
30032
23468
29356
21411
29258
30558
5116
3520
30727
7976
29142
29647
18760
6750
18316
24549
29598
11482
17376
5838
30065
13553
32548
30116
1351
26022
7328
7584
24131
28958
6964
4657
13804
14164
6463
32075
16177
19726
4031
3586
24233
28432
18617
9559
29727
13711
5339
17746
23885
7144
1120
30289
5608
12434
10036
5791
6365
337
6232
18504
26331
6061
22665
28972
22033
6563
15388
339
3897
25242
28717
29568
23509
10393
23288
15369
10680
438
23431
6629
26569
24018
11406
32263
8196
18563
28307
31978
29377
1874
7505
32366
22329
26663
29791
8162
17734
21505
1805
31842
11370
31210
3983
20323
23571
9771
14685
9612
16669
6588
27353
4040
7321
30206
21042
3225
6093
4268
14729
7087
22907
17423
26195
12217
103
3954
2047
29307
10003
7126
31192
3872
21709
30951
23596
30418
32747
9774
18606
21385
1366
15495
9753
7456
14661
19414
24342
1198
30027
16630
96
10771
18324
26610
550
20433
10092
24184
16561
286
21248
2698
26694
24119
14953
26999
22606
758
7142
19210
16820
15271
13673
19713
1167
31768
12118
10944
4353
19695
9351
13639
20318
9024
27539
1890
21393
22111
1360
18975
24508
10227
21654
7557
31263
4684
838
31107
6715
20727
14475
6951
12599
22415
1120
21009
4482
10965
9299
16934
31162
20483
1416
28041
18125
18014
10240
6855
4446
16139
18203
27473
14954
1827
27484
13872
11051
22538
18797
31476
19516
508
4707
237
30719
9448
6466
30366
27708
27522
29124
9583
32522
31892
27734
3490
6899
5780
4964
32392
18003
2428
3542
32501
14849
726
2779
6641
19249
24598
6885
25520
11417
31533
6645
19141
19155
9563
3864
2450
18435
17477
9521
19459
23225
17735
8442
23932
5145
23307
30790
29455
20793
14683
28297
26099
23498
17203
23193
29233
32251
24347
31158
19873
3482
26035
29641
11029
12924
24208
29929
32212
27680
32582
35
4426
6799
8390
24443
18685
3718
7915
21806
7363
25815
22095
29242
9523
12557
13411
13856
19545
15183
3519
23529
30382
21895
11958
30823
14406
3011
23086
19901
27212
13275
10926
30754
13484
8276
2489
22497
24591
31364
12635
23716
1036
2039
27649
5619
26012
24338
1678
11512
6607
20214
10410
11141
16574
32423
1885
13400
27841
1902
9694
4253
2530
3707
6309
14004
22929
8655
32455
11829
22169
23641
9603
30001
5458
5471
2584
19131
29720
7968
11738
679
12285
22712
28805
18066
12731
5955
25809
26659
9965
10821
21319
10383
15230
32586
24402
6499
1889
10441
665
31358
1154
19534
21132
14684
8445
15320
17469
30107
16783
16000
25202
11959
18505
19548
10744
32537
29580
16803
58
2128
10545
19730
30738
29854
520
7566
22750
12726
10628
4874
7127
18628
26036
30379
21406
30638
23413
32298
12824
28569
25319
7803
8316
23728
29
29100
7594
6944
21529
13327
22207
15719
6647
7323
11750
18383
1128
5264
9073
17717
3938
4698
21800
6415
6678
7096
2016
12974
23843
13085
28496
1472
4361
13399
10273
27672
22752
25710
6212
21682
17738
14543
10632
25585
934
6569
4716
26924
3462
9112
8497
19817
27747
11393
15668
24424
26000
4029
4731
8420
8813
1401
7054
30997
10461
2396
32136
28793
14330
5227
27245
22996
23815
11818
32190
3190
21669
6404
18251
5052
3146
7661
30793
30681
22512
15174
26276
982
12298
15105
23191
11480
3004
29701
23161
32418
11083
15060
26842
12634
26323
17771
26830
19600
21816
1642
7305
31612
24414
17268
29228
30343
5021
27353
4831
9742
19823
27762
26656
25186
1388
6605
2906
29971
23929
20874
21434
16238
15676
31237
30270
10820
4819
3894
27663
17133
3013
18389
4880
10637
23096
5569
15543
13462
23141
1442
7964
28046
11338
16845
23631
19219
5534
15465
5103
19484
16394
17616
13048
22657
10134
3128
30173
2750
19810
23955
20695
18164
662
3252
12924
17200
24475
24754
21651
25840
15244
32145
3879
6115
14311
4383
25050
497
13449
18205
10108
14459
16345
18591
10204
23268
22339
19126
31710
13904
3048
28747
30670
22187
24467
846
4084
10478
28143
18705
27497
4765
13816
30190
6441
8852
6064
1072
7016
16132
23059
29233
15658
29881
19788
11199
26126
19358
23849
8900
24682
17538
10189
23334
17821
25628
27813
28141
1185
28493
26525
18340
14048
15526
27795
9729
14153
16170
22283
6344
12194
11861
8741
2540
4128
28509
15565
4343
9525
9143
28210
5549
16297
221
24185
1516
8940
21839
6066
8919
11691
24279
4875
10548
28833
22034
9795
22801
10160
21292
25954
8366
18736
28651
19624
28311
8071
19183
18115
28433
8441
20536
25413
14519
31170
27368
20820
11365
31842
1098
29347
3157
27705
29716
6818
3720
22099
17897
19954
28264
27781
30754
5660
16811
5817
6094
15746
5242
11910
24055
1942
4307
6404
12840
14665
13612
13022
13867
1479
24153
17064
16151
13153
10415
25971
24459
3274
27754
10655
26420
29319
22860
19441
31637
8353
30087
19173
11783
31901
989
17478
13054
32685
5382
20731
7823
4392
18514
21284
18991
25912
32655
27238
18366
13267
2605
642
1476
23532
2976
12333
2298
18154
8454
20508
24332
8281
2570
7262
11933
13791
22792
11246
2187
4978
28274
4233
24181
12233
17266
1725
17019
15632
18384
27715
21573
29152
22295
28814
32583
24174
2291
13220
28227
8707
24798
18221
22543
5292
8443
17865
2456
14642
17474
29863
20775
2892
25566
9044
12003
32276
3027
15824
28312
16056
17124
17639
3766
3954
18868
8382
6301
20154
21803
429
19991
32442
18459
17228
20518
24834
12324
1489
8961
31357
2517
29081
13145
5027
4115
22788
16608
2289
6847
11398
21004
32662
20627
29947
5400
21104
12365
18491
21069
19254
13584
27631
21375
31735
6663
6819
25818
19651
331
7964
21215
4520
519
14827
2473
15584
25050
1346
14709
328
32124
19207
9313
30996
9381
295
31092
9409
27946
24621
24799
22092
16745
18451
7554
23714
11752
26455
26546
855
12857
22610
25914
15002
6433
10438
25247
31593
7161
32694
12713
15361
21843
21882
20766
2201
18145
29202
16849
5199
30355
9659
11483
22115
26368
28608
16169
1955
28423
1939
24119
5158
13494
31772
6682
21821
20330
23889
196
10151
21816
9223
13956
12804
22412
19463
30668
28556
4880
21605
26679
21249
22224
6669
21194
5602
26267
16543
16251
2018
23724
7549
495
29337
20106
22818
9608
25976
14636
15029
23199
32258
30817
20957
18702
57
19823
29400
27634
21335
14586
14535
23215
14015
11304
588
9012
17203
21763
7255
6528
3143
2591
3901
16484
30230
6524
16907
12171
4915
32429
26649
6841
7907
17466
27874
24144
26505
5188
21010
13592
15713
15463
13281
31551
14705
10469
26528
8863
28861
6912
26769
15424
26555
7847
1788
15134
23046
853
3455
21548
10838
23607
20646
8088
3760
19341
23740
24401
19674
7506
13792
3783
6930
29983
24155
8178
30975
4941
5936
2453
5352
30042
3829
2756
4388
21901
29410
18340
15826
19933
5672
9074
6858
8720
9091
31686
13779
29984
3347
10521
14614
28130
11880
26757
15826
3817
21724
4813
14162
17833
8741
17565
2588
29912
32042
23571
9068
32282
1302
28541
9440
3804
15019
8549
30837
13440
21466
30155
24754
31675
28048
3249
22819
7996
4050
26077
23305
2447
14348
4570
23120
11840
23974
29760
3777
32323
9433
31541
23929
31635
13249
28724
30362
12314
23987
17933
31552
3025
6352
2093
16311
28200
29146
20256
32235
24232
29255
24148
3103
14551
11412
20256
27618
20316
25308
27908
17727
19043
31657
10035
8757
17731
14602
15182
32359
28510
26086
32115
32531
13385
28047
24950
26440
12078
4506
10606
7252
28014
12783
23924
20092
17546
23324
28839
6641
16195
3823
14196
13311
26112
31555
4884
30854
26225
4890
30293
27566
24178
15852
10142
983
20018
4415
25645
20431
30100
18552
18596
19784
8405
28401
8900
905
10352
28747
4216
13923
10302
774
4117
17767
12770
8526
26080
2902
32356
1048
31441
20953
25372
21614
6294
11634
3538
1799
9947
21939
19491
5659
19913
19886
25126
3445
8652
28844
13392
7370
15514
14114
18581
9289
26481
18400
25296
28531
15007
10636
16485
4653
22088
10319
14117
7188
6244
17358
15218
5648
29703
14684
4515
32300
19941
32365
11946
13733
533
16206
3059
5440
30485
13844
29328
7137
25103
28115
404
27482
8282
17936
29628
1921
19012
19064
26709
2949
25359
13010
13145
18818
19001
7986
30940
2130
20993
25711
6054
21415
7974
31960
10018
4694
13810
28963
3191
22262
22647
19878
27380
7850
6681
30666
29617
29243
19532
30652
22643
7530
10399
2661
26065
28804
23546
3997
2197
16438
22307
10395
16997
6051
2183
6832
20899
20660
25400
18998
4241
1711
22322
25027
20409
5900
7906
31138
12172
9348
1513
21379
15689
20586
3357
32369
22304
7742
4048
30469
7064
13696
20054
6105
26670
30146
449
28224
11070
4353
23791
18228
3367
8245
7879
2192
13483
26151
6591
10880
10900
13443
21665
25909
8349
10030
10384
26333
8079
10713
70
9682
24747
31703
7327
8977
22088
9771
603
12527
10173
6118
29983
4615
9345
23728
9150
1143
29329
8612
27063
3404
31762
31841
18943
6202
24632
10333
1792
16273
27494
11901
31713
20588
23191
10979
6920
24363
28156
9480
13789
36
3814
11786
29137
30870
3303
14663
3744
31710
13876
25386
25042
18670
20302
6725
11144
15354
11746
24224
10357
10356
31469
2897
1323
3899
24611
24141
5784
1296
9362
12926
31696
23881
31875
8214
3341
27849
4257
30498
15347
31023
93
18530
18713
10318
25488
28760
29382
990
3938
22687
248
25968
8812
25470
21163
24232
7193
13757
20567
29094
850
21175
26555
11717
24666
16049
29913
1160
3574
7018
15426
27345
9682
29427
23187
6740
3104
9409
19776
1868
24194
10497
30864
24172
18986
7723
20201
7961
3391
21722
32078
9686
10115
19931
16678
15104
32308
24196
19263
31163
30512
28487
21522
9004
20316
2183
17737
12777
12357
8617
7294
16813
18696
26223
27462
8017
28272
26241
6254
5367
1631
25421
18052
18057
17007
12305
921
12898
28120
22582
9798
10826
21141
32736
31725
22696
31170
12995
11329
9715
19273
5432
30217
4714
20669
11152
10529
22533
8070
11176
449
26795
11839
3261
18689
7333
6492
18818
24221
9555
6928
2160
4086
6173
14958
7774
24666
9645
30158
8017
9861
20827
27762
29077
9064
15593
19305
5901
30249
23665
436
8391
4458
9883
32680
211
5582
5395
1427
11862
13753
2363
17826
20442
1624
26909
23810
24552
25058
2211
26694
32729
16157
13066
14089
27881
8739
26772
25300
19341
2662
9341
19778
15623
498
16177
18785
29495
12786
16572
29788
14004
8310
14210
343
4891
31603
26416
31899
7591
5387
25586
18931
2562
29967
28135
25173
347
9155
8402
5317
28601
4577
19474
20087
15247
16864
1748
11828
7056
5749
21639
26366
32452
27227
28048
13815
15068
21840
63
28543
29891
16992
32258
26525
30581
15205
18649
14752
27924
3535
21770
13062
11833
11425
4886
26012
7048
29628
13803
9447
13703
12384
10587
29379
26288
4848
19661
8010
13252
28149
17971
8183
18019
26214
316
25099
1498
31015
11978
7216
12860
31183
22694
25437
13748
28334
23923
1785
8217
28175
26848
30787
195
24762
15394
16625
4765
19901
23202
19735
28284
4972
28402
3147
14255
12711
31750
11783
30424
2395
11937
32079
5882
13643
25357
8083
14546
24593
13071
15062
20587
15199
8218
18192
16621
31883
11715
3793
27317
587
117
9000
24491
1981
21606
18115
12752
2218
24777
5207
4119
15115
31558
25667
9590
16844
4007
13680
28220
31953
16340
7547
30629
6711
16385
1046
15788
19676
17190
11691
6944
19489
2991
22851
32762
238
29813
30119
25070
1015
1518
12740
6976
20798
27552
27732
11225
21721
24028
18107
4250
13558
21416
24367
9456
32028
4349
30236
17065
3764
25907
711
5126
31431
11705
31537
19473
10505
28937
21310
14640
28695
9691
30486
26107
765
31385
17612
15435
22523
12564
18750
24211
27785
25205
17468
11124
2712
16246
14316
8075
29467
8402
1900
2446
4550
31737
26810
17559
7701
4105
11729
27839
19857
24314
10517
16879
31567
18200
12529
11507
26809
20663
1727
6864
31632
1058
9448
8792
7474
23508
14412
10235
7961
9963
18660
29664
18597
28633
21925
28213
29211
15197
26536
30147
20717
13234
24713
1221
22844
5126
2061
6138
22683
26669
7431
3065
11798
29847
28028
25797
17267
23167
14853
13217
11191
19558
26741
3877
2796
26304
18876
20882
11042
237
30475
4451
25268
2666
2617
2084
12236
18505
13670
23431
11561
1758
32222
31925
17440
5052
7743
4578
16353
5088
21471
7716
9724
2603
7016
23429
30756
8726
8389
31575
17202
4769
26178
16583
8045
11660
26350
10677
1544
28362
14404
6595
8172
8243
28427
15276
29112
25977
19323
3288
2310
17501
28833
18221
3825
32034
11013
7463
25556
18242
2697
31787
10323
18017
21396
18712
22432
19327
2928
19232
22263
13937
9201
14550
7787
2962
2648
7047
24293
4534
7542
31950
18794
3167
20245
4707
23452
26164
29843
23604
21892
24494
2768
26807
15502
5653
29003
13182
4053
30379
24711
21004
4513
29223
8116
25319
18990
1124
15755
29422
10160
25691
20602
19693
24467
28751
513
26479
29959
10823
26972
25811
2236
22721
31074
22946
21994
8101
1453
19744
149
9592
8955
10273
6415
6354
26324
1566
30910
10770
19053
7304
23583
19792
13517
11356
24075
22675
28718
12792
14394
21060
3750
18221
27909
995
518
27541
15984
9465
27395
10023
5735
12878
25491
15112
17480
17755
18586
21668
13218
2
18118
30462
61
24701
11959
3652
2906
4501
21604
24999
30267
2836
32186
22378
9702
5756
9350
16184
13351
3065
3988
5818
29140
23445
1816
31849
24148
13995
10318
17569
14434
28062
7262
25847
3087
21962
13954
10701
25094
19387
15722
27172
29716
9629
25568
11697
2792
10740
13480
31026
26903
24206
30122
13570
26467
17333
18003
25067
9788
20393
32056
4156
30855
15949
2300
19740
27551
2336
22644
31262
4249
7023
3594
17174
27341
5833
607
9770
10129
15284
23093
16940
840
19102
13195
24359
32668
28950
11785
25911
20231
5948
21151
13726
6552
8566
7786
6677
32500
31333
13527
15968
31131
31000
32010
26661
1900
30591
11905
24830
15212
11554
4340
18125
7363
8722
29568
13904
30471
20000
7941
1013
32701
14414
18381
30447
29981
10883
17006
14985
6678
19843
32753
31162
13202
16669
5427
22778
27387
1191
20876
16981
14846
17319
10415
14270
17295
23251
29649
8101
15917
10556
19982
16332
21351
454
4104
23126
6303
20699
11985
8481
1294
19040
523
29525
2312
13288
13645
6461
10881
7976
26825
29270
19153
10412
17708
18854
31156
3784
1734
17487
31125
13520
17387
7780
22796
26251
29337
10747
17829
28646
29018
17540
31715
23782
5996
13913
30852
30176
4128
12438
20231
19436
1408
23850
18796
27031
24116
13614
13627
31704
4775
4470
455
1862
23909
10598
5044
32135
19144
29703
29111
18188
27603
8026
11933
5371
12382
4589
13455
3949
11379
10923
21908
13274
19705
13048
17751
30673
16271
14078
24619
1005
4539
14401
25420
6916
19268
28282
31335
417
2012
2722
18013
31157
21506
12365
16709
9865
20775
6457
9136
27895
25872
5927
12080
9178
30843
26601
539
10435
2309
4029
22668
11502
4683
11737
24235
20084
4688
32583
30766
20929
11551
1011
8480
3913
13233
31235
19425
26999
4624
9062
24687
24294
26813
2480
16611
3284
21839
13349
30527
13780
11870
1043
28774
8386
13983
11110
26732
25596
2896
29046
27664
28879
20951
14883
4999
29488
26790
804
23164
22957
8033
19356
14676
6563
14915
6638
25526
944
17598
5075
20555
15467
30561
23722
28098
11603
13567
11791
10520
518
25358
24238
10518
1460
8525
19289
25371
29906
9386
22105
27931
5907
14690
28930
12520
13716
12394
25483
25776
16726
15374
18204
27847
15858
32728
26151
2727
17544
22451
30460
32054
13049
6736
25752
30279
23382
23241
6590
2402
18328
28036
586
30664
26001
13403
14017
32178
12066
30201
1580
1242
8879
17543
21031
24636
8144
14217
28981
29982
31817
32002
2902
30030
25917
1503
9436
3755
24734
20882
19322
13286
744
7422
6558
25226
11535
30867
1024
2618
26293
2490
9595
31034
10401
31603
32029
29234
11117
25148
21114
20270
3710
5942
13381
21992
27450
20099
17697
8522
10356
27890
19124
17455
8747
24798
13053
2410
31093
595
1000
29961
8374
15987
26912
27355
30741
4632
21541
7727
3633
6075
25246
11999
22799
11413
32496
6029
31576
28931
28431
20781
27073
10287
17813
20419
1226
15085
26897
15470
31403
25059
9633
4262
1419
15085
31939
30402
23028
19904
10088
5053
22916
17357
32330
7737
24037
22376
15488
26308
12287
15913
20559
13659
32619
4754
11844
8236
28203
243
23167
16288
1177
15243
7250
25497
8606
31216
4107
11769
15140
1969
2829
13923
718
9785
1574
6981
17126
17910
540
9238
1943
23227
6793
22748
26716
20323
15081
13042
1464
23736
10738
19208
3880
18323
24356
10347
25942
19012
22176
5511
11407
11571
22333
7594
25463
21192
24281
6154
20987
14985
10477
25610
25736
16258
868
15033
18298
5610
26030
14747
22232
19459
32272
2733
13886
21058
10558
19875
9498
20144
2091
9844
25371
16272
10272
5400
14567
12610
28940
31376
30989
2919
19995
28456
3386
14662
17545
19961
25519
12655
27833
6577
20722
8349
385
7831
14788
15329
31176
30153
6484
32253
24660
19912
14258
21518
24029
7223
9350
32111
10598
7392
18946
8921
21197
16888
11285
26831
7072
31140
10210
313
21042
27836
18288
79
25326
6862
32163
30904
5100
30566
24171
8947
7874
27788
10043
5111
7325
26255
11197
18198
30864
19713
31428
32551
23595
3331
20354
17124
19024
6339
8955
30865
23618
66
29113
25823
21759
1883
2497
4367
32464
23809
29895
23642
1822
22472
21150
15505
19591
23462
14322
29185
21297
19707
25913
12953
21342
13520
27111
4175
5697
31324
2017
7871
5393
21965
27445
7189
3675
24645
2568
8494
1436
25890
16592
7418
24847
22658
32451
7973
6596
5894
5774
13814
12786
21207
1867
25463
25998
20967
20909
28118
18716
24954
11646
3851
19142
8932
13132
18363
18859
5524
20063
22876
14201
593
2798
11163
30782
11204
5266
8442
29819
26679
30970
7870
4475
2204
737
19464
994
12497
16701
19522
12425
1314
3769
30908
3977
20752
11622
23959
17814
2896
19117
32227
26511
23319
32649
8964
7250
661
8435
15194
4309
21183
29853
3105
29299
3154
7650
14997
25475
21013
22269
28762
7727
4190
19066
7964
14724
32215
8427
10099
17605
6530
5852
26377
11525
18939
12041
29182
8436
510
21710
31627
26362
3624
734
12774
22914
28674
16952
4454
32153
27195
5463
29416
26551
8757
9129
22897
25308
31428
14659
17173
3551
3122
28371
279
25347
23942
3542
23377
24012
17157
1291
726
13073
1530
295
6103
20305
14771
32202
18115
3915
25036
25266
16562
26312
19888
303
4868
27068
19804
1494
8773
27533
9062
12922
19540
10419
22590
29784
30149
11905
21173
10898
1667
30018
22971
12511
6586
24712
25453
640
25844
6593
21839
2422
6786
30987
6613
28146
19229
28746
12073
31245
2765
11383
4904
26041
23818
24891
12461
7927
11297
29372
12819
25163
20442
29111
23797
14189
26456
7631
23352
9794
2624
25124
5452
14346
5406
40
430
6363
5380
23726
3506
27982
5748
9028
895
12408
23423
13251
4443
11804
15663
3620
22057
27934
15395
12437
5935
7739
1145
7116
797
25336
26865
29084
9803
216
6478
25030
29763
21714
6144
22801
2687
6914
13057
9885
4212
24223
1021
2932
22735
9773
15285
26722
10238
12276
15525
32263
17394
21168
18660
29482
12579
22154
18253
5456
16597
23111
25564
1933
21658
6336
3930
21403
31513
8850
8765
4393
18957
24598
9930
6005
6545
28564
3708
27933
1178
13235
22185
27187
21189
9780
24675
16527
12115
17120
32669
24169
20849
7871
1422
24359
31165
32651
19035
32371
26887
1892
31216
16785
13396
18629
10286
19183
6697
22199
28748
3070
15622
9541
9079
18753
26416
20015
19132
9380
15283
3555
40
8718
30888
3240
25390
23097
11956
18461
11336
20418
4561
12514
9185
6780
18257
20629
115
23818
21792
3072
28653
14509
5705
21904
20567
13146
22715
25609
23480
17424
2126
16761
19256
31080
2817
18027
13698
28270
12933
21852
11372
431
26368
27251
24026
659
28427
21356
15327
18669
30972
9174
28710
27345
18795
14718
7825
1190
13039
25899
15135
18299
15145
2955
30483
16799
4356
21102
2387
5483
14394
11826
22030
4707
3611
25470
14753
25726
2954
20788
31420
19905
26696
5792
10176
7698
885
27126
25452
23884
13651
13051
25785
23439
28238
15874
11778
7130
18233
6938
16232
19675
26331
32134
18549
17413
24746
12141
7424
12004
28886
28115
29008
28333
14729
16584
8580
21018
25966
9183
2097
8564
21360
4834
10318
12529
12228
20164
11853
27969
7721
28375
3211
5732
22894
4671
14058
7358
27701
17831
16828
21613
26360
28979
26596
29402
14153
25269
15415
2702
1118
18467
2601
31048
13516
11849
10661
31820
403
22459
19004
24317
14939
14
31106
30638
7933
24391
26805
26294
29253
404
13728
19394
10743
18234
15039
25968
24591
8399
10916
20249
26957
23465
31385
20717
13553
4758
24711
30278
22980
5837
26647
24118
29783
25893
25366
31330
14991
31621
14622
12308
26721
8860
23155
3979
27099
32722
23083
5526
26212
894
29586
11105
4420
1881
32460
22670
25447
12595
6332
23431
8797
28132
549
7187
22694
6278
31247
11304
9005
8673
5997
19201
30738
19495
26108
7791
19116
20194
19054
5748
12495
30506
29128
12046
27978
6171
20489
1105
948
24454
29196
27832
14697
25319
9903
3517
10191
30871
17205
7847
17374
12611
1769
19876
32479
1437
25092
31511
25715
3153
9169
16179
23000
19515
21519
28105
25192
32471
15255
3166
3426
22265
24639
28289
28909
8126
30717
27740
22106
18370
5968
26504
31658
11411
7899
4646
3664
14950
11347
11307
17208
13321
4764
11003
12295
14105
7471
32570
18853
20597
8895
27870
11257
13554
11036
10633
3827
29265
11351
13591
3280
11374
8999
8306
7577
15033
2699
13998
27629
14826
30385
15442
26369
26097
22295
14579
13797
20524
9200
32520
28681
17885
31433
26105
16127
31451
28268
27257
19842
19592
3589
10518
10168
12546
26499
26382
28852
9886
2369
7525
4415
14226
18150
14900
17368
26097
17802
3140
8697
5085
4890
3291
5788
15352
19709
31702
23038
3611
6647
504
23203
17483
31566
19842
14234
17384
14636
23812
12290
24360
28229
27762
11213
19140
30393
14458
16836
7153
17980
3093
24267
25234
26996
19549
29287
13228
13986
30366
17533
14362
29061
17583
22621
4994
26236
27523
254
14215
16618
10235
2699
30528
8414
3582
7455
28393
13300
19916
15566
5081
21878
25487
2788
180
31175
25908
11377
20962
26882
25208
31237
9792
3294
2886
23736
6165
21973
4160
31853
16967
31621
29084
9048
9679
7254
12337
31422
874
93
5329
1276
32145
896
474
30923
5804
27355
776
25026
24451
10595
3981
10781
27125
22473
12900
29116
21484
25506
3298
22127
32400
14788
26510
4464
17851
28659
17714
3633
19373
12733
11314
24152
11522
29858
6685
12040
12513
14200
21890
9059
18805
20750
4613
14413
30881
4624
6833
5490
27887
15914
30352
28554
27338
8304
15225
24540
21998
16126
810
21760
28444
29147
13975
234
6674
24868
9089
26660
16314
11878
4169
30299
8354
19787
16903
15389
11180
20345
10455
14817
11527
10167
9843
23624
26973
10321
8967
3490
31054
16574
25664
180
31006
16001
23206
6329
24746
5453
22829
4774
6049
29292
27398
21426
6640
8034
15291
278
16510
30669
17787
17681
538
30351
14771
25904
16562
7727
22494
3532
30405
16509
9885
30420
22810
26997
17162
17869
16563
29030
14921
20758
28925
31316
8545
10353
3657
23706
24394
1727
22655
18131
23880
4363
32273
5371
4471
1738
6959
8914
6054
18273
14650
7553
19560
20712
25210
6272
7785
7214
7699
27063
2559
31229
26677
4324
29441
21919
31380
11836
20700
160
31000
19541
24803
27606
22229
323
21223
29087
1853
11010
9224
5482
20372
19220
7114
23673
19621
17770
8044
9189
180
1672
20341
6114
32179
21733
9103
12356
32697
20880
30872
22082
2991
27673
17655
6010
26189
19887
26412
2614
30533
32646
17067
18158
27837
20604
7915
6926
13059
15867
31930
22776
5244
25633
21971
26957
5598
14622
31410
361
25247
6110
679
9004
23982
24041
554
18944
10848
8327
31598
26903
16813
15655
15673
7925
26524
18689
9202
16943
5372
9211
28924
11122
10581
13001
11330
24774
31006
1113
17427
1556
3120
26222
24369
14054
8315
11659
5412
11631
17656
13330
212
23243
8414
21677
24919
21640
15129
25581
15624
15204
22008
27953
15065
32600
13094
14026
9706
9430
21467
20828
20314
28496
2387
13959
16989
5369
27008
15047
32398
24527
31740
22169
11399
24537
13121
2784
175
4781
1564
25734
16468
9270
15711
25446
7418
11444
18903
18538
23026
4100
13949
3824
28718
25122
2800
5491
9299
29932
12835
14695
17168
29481
14675
27236
30639
11465
31549
30855
28905
30830
2957
8726
18431
20012
30361
9314
24070
32653
10575
21490
9090
12505
5484
32733
32311
30612
26096
9336
16700
16967
22478
12593
27473
28036
2791
26043
8050
10788
24377
2668
2989
6355
12884
2019
12848
16079
4366
8685
18598
14316
12664
22954
8644
18908
18705
15083
21790
15533
4921
6367
6464
7315
7144
32239
1018
18664
8863
21222
9467
29809
10655
341
11937
31459
1370
5430
8464
12197
39
8655
11138
2520
26169
28121
14302
20885
3538
10978
21643
12917
12212
15344
28806
22359
9177
20327
7602
29533
22115
20524
19824
23608
2262
29195
15216
6566
13189
23894
31431
3640
6986
15823
22849
7513
28538
14536
3320
29324
1048
3721
24613
19957
31817
27378
20279
31259
30984
10594
19746
20204
8219
4055
8698
26114
3910
17750
6080
25636
4030
1933
27004
31760
7648
25527
10379
3703
6435
30400
3131
2890
12364
30889
24469
30772
24033
5935
378
16488
2271
25511
10994
12700
7599
22573
28608
19029
13143
14333
11578
15718
4334
20257
23383
20147
10066
21837
29706
27963
21277
30727
25806
11862
31444
20490
16002
3642
23906
17901
6008
6596
9413
10752
21449
25974
4360
887
18411
30140
20337
23242
27013
31859
20987
859
641
4011
15110
10330
6755
15788
12622
8421
2522
8760
12314
20340
27797
24848
10166
4213
25944
10682
546
31795
26703
10368
24588
32764
32674
2236
8700
4739
15945
27731
4559
1923
21794
31872
16486
18085
32321
30675
27551
27044
12935
24953
132
1455
23926
13757
3523
9231
835
18383
14943
11785
3373
11460
5284
20486
12302
22495
19808
6129
8496
19471
13136
21217
3425
1720
729
28152
1610
1974
24056
24203
23036
6816
124
21890
2252
17737
1139
16898
19809
32653
19170
26442
27403
6218
23737
2523
13910
27564
22533
30684
3040
20142
15720
28860
10599
21469
12742
12313
7462
19807
2114
8161
16226
12341
10345
30135
27200
15549
9388
16280
25561
4219
5396
9150
11920
1304
2609
22468
13220
171
11348
4876
31745
6968
23294
94
27484
15734
24727
29393
12670
7382
3683
25071
26080
14528
21683
28948
377
15648
11096
1559
10964
28193
24157
13100
2149
312
4854
30729
3357
1893
6323
7752
29500
19638
23289
13581
22887
20748
1715
28648
13818
15905
14405
27901
5279
32458
17857
9826
21024
23418
31070
4808
19065
16392
20518
14686
11570
3762
4334
15602
27627
9313
20363
8793
30521
29231
12355
22034
15792
20518
32642
13606
8513
27978
29134
7506
22215
218
8189
18536
25564
8404
5030
30451
12017
25015
30677
11802
21918
9100
16899
3271
15670
12327
26437
31752
4511
3755
29123
16053
9824
12364
2668
9299
28156
23129
19176
25400
31615
29049
27598
24048
16982
2613
8984
22496
2147
25270
18132
23849
15953
10704
2076
25039
12837
14144
23111
23579
20502
6450
23137
24125
26015
6919
19161
29494
6866
10580
30586
17141
5615
14126
5532
16832
32053
2213
29852
28374
19192
1678
4745
26195
10228
32646
26912
19027
16353
31283
1787
18266
17480
31949
18693
14324
4500
28125
18481
11160
10860
29253
20332
21714
32064
27777
28112
8866
10274
300
31002
2335
11992
17606
5214
15711
22319
30388
3833
26779
8082
28040
12232
5775
986
6275
16535
25376
1128
14936
28124
11073
9073
16691
20134
17687
19610
24570
10448
859
23237
19667
17786
2049
12330
18662
27065
10775
5289
21860
18318
29423
20062
14792
31509
30336
10359
16221
26623
2826
23618
17920
2882
9209
4234
5671
5391
21516
25380
5154
24325
15030
12485
14497
4772
24773
3863
29303
5124
18497
11531
21917
1223
13207
3440
15226
29516
26614
20421
14433
2597
28410
31563
2652
21452
7048
95
25896
26257
22009
25607
16256
3287
29562
18891
1439
15744
7346
20422
21760
30886
1958
28924
9576
23692
2266
25070
806
1748
16313
7020
16025
5618
25143
1963
13556
24288
27573
1431
5694
11027
13093
13930
19613
4783
11374
18814
26835
18167
22802
14943
14345
24839
11278
13605
26316
2245
25858
5377
21845
2069
9873
12565
269
7756
19467
27529
10064
10216
16969
14043
1393
28286
26585
1398
23039
13555
14428
22407
2887
21487
18219
23308
5914
31375
19777
21037
12241
26458
20053
13264
10893
11639
6470
14952
8900
23069
10172
21773
30457
3658
8461
11986
714
24760
1117
16467
14896
7181
15882
8077
2563
11601
11335
499
8636
22182
22278
9406
2687
31283
24348
3972
12121
4450
26783
25868
15046
9291
1171
13921
28022
21872
24006
3109
21072
21930
11513
6696
29624
21603
14400
20793
30221
16390
25004
17212
15222
27316
2342
3453
29919
26425
17822
15684
17470
12862
14694
25258
21531
31679
1496
17834
2127
9408
8767
29051
11276
17724
6645
2589
16669
20063
30152
8243
21615
7413
21666
30480
31697
4129
30570
28948
24824
30802
17445
5689
32198
29299
1121
26857
28108
866
25299
32019
30989
1956
27711
1405
15364
19287
6040
19292
4329
24167
6505
17442
7729
30981
1651
14743
11860
1109
2455
14379
13522
7015
12535
14218
9336
6249
5721
12658
31455
539
26316
6849
9527
28035
3469
29395
8770
10209
1579
23818
1443
15589
6634
30894
16473
11552
3173
27384
21127
26809
31608
20329
19062
25185
30301
608
13532
20104
4117
31212
25183
25297
28938
8415
9813
10692
11250
26660
29390
16068
23030
594
30164
1600
16916
32128
7153
13869
4034
12124
7154
17075
23764
10103
28651
806
4767
7139
24443
9017
26207
1024
32593
13422
29910
21907
18927
29649
16694
6168
13742
6118
6977
16986
27651
15072
12463
5696
1536
13587
19920
28394
29214
31660
4466
13564
26425
22432
6149
27962
2268
2274
25085
5462
8383
10713
31096
17157
4494
26385
6945
14680
26348
24369
26196
26698
9912
16173
22659
2710
18319
28348
6104
21963
28818
24845
20763
28833
26217
23989
11479
9102
18824
21997
8120
30613
2480
6650
6712
14175
12985
748
23418
1676
30352
25739
27510
843
6268
23439
87
9768
7589
19471
21281
21542
26326
9276
10135
22286
6018
14159
2908
12294
28165
17600
4184
30821
28973
32697
1629
17606
5881
10954
30731
15964
18592
7134
28401
26245
26581
15470
17140
14497
14666
23028
30965
7716
22643
23203
29870
26858
6284
10837
477
18379
30429
29637
30885
26992
573
31230
305
16740
23509
9747
15002
9070
13606
7441
18699
10527
28494
29234
3875
5543
16262
18771
5786
11245
31984
32168
27688
10974
31632
8367
29346
25604
6295
25954
29031
8283
23528
19377
25082
18273
21205
8239
16624
31853
2089
9228
26125
9793
15724
28995
10154
5346
18786
28436
19801
14760
16341
27317
5580
9617
18068
10309
21491
16858
15292
1
26469
30417
4406
23482
5121
13541
385
10375
31957
5119
434
4279
17983
32021
5305
4617
9041
4604
25573
17440
21114
18301
16555
25393
19811
26028
29603
29439
12312
25205
31955
3593
7016
19064
10544
13569
5774
11287
8546
12929
13329
14540
21960
26362
32232
4288
27580
4333
27874
27802
4120
25949
28485
6549
21240
3204
17077
31702
28866
22213
9560
2812
11364
15842
8760
31992
7901
1647
31977
4895
8191
5510
107
15741
11379
20157
13649
2157
27901
3669
17187
2151
17153
5044
258
14360
32327
28693
31114
31928
8187
19839
26109
17560
20216
8691
25757
29690
24902
8938
28249
5158
7904
3327
20396
30906
8635
5096
10435
20290
30469
3754
14558
19720
26026
13325
30968
28462
32285
31566
18858
249
22357
29973
14413
23664
7446
12454
8031
6438
21361
347
9767
7508
29582
14418
25500
17706
17833
9827
10372
5223
7259
31317
13529
9768
21787
20305
23664
20221
16900
32662
24285
9538
24793
3951
30353
25517
838
17506
25413
23075
19560
15531
29596
24784
10128
6889
20995
374
7236
6678
6364
19205
9095
7612
29149
877
25179
4710
17586
11184
28035
12885
14570
2619
31373
629
3856
12150
8720
7056
5400
10394
5939
5056
14846
21699
30830
7210
1193
4166
7573
9961
29205
10820
1810
10569
32433
22655
21105
20022
24326
7533
22563
11508
11162
21643
22139
22544
1044
22772
19965
22678
28064
31282
29400
27012
28821
13140
22449
1919
14678
22592
13730
10437
16502
11595
30083
12643
15903
7431
24168
30632
27828
92
3434
27865
24245
11483
6827
15910
27619
15694
3988
477
31141
18580
4705
17630
8875
31404
27360
3151
465
17423
17525
8080
9286
4931
20834
11889
26349
19629
13125
10147
17155
29863
19682
21357
19971
16338
24867
1696
28870
32173
9053
461
6639
4455
7381
20661
28550
27890
2947
15873
17379
16985
7702
12084
20942
24403
12600
31965
996
26392
29202
6929
19261
24179
2579
9752
18763
15897
14317
10087
20741
32569
31201
9934
837
22100
11581
23539
2671
4175
18211
5119
14676
17863
2699
8087
4438
22692
24459
23822
29644
28657
12247
13017
680
26091
27780
3651
29783
23639
8465
14946
24296
27417
14247
9033
15985
7427
21152
22911
15022
12011
24391
27056
28652
17664
17886
23715
16165
2654
23270
29548
26989
28383
30106
29667
31372
30516
20413
6484
18157
21301
4757
32120
183
11894
13624
3492
10297
28443
4102
24641
23435
22253
18807
32380
18802
15021
23
30270
19333
17320
21966
18527
27534
28555
16485
1815
22579
17017
17222
14517
3286
24411
30339
21139
12473
31351
32538
24649
29030
23109
23672
11041
23630
23165
12091
30155
31664
9589
23868
8274
15036
6058
14029
18511
21753
412
319
14685
21732
15328
2728
16844
26074
16752
10978
16282
32055
17477
21975
31134
7872
28712
8956
6407
16446
20421
28188
22277
4204
2049
30039
12998
9491
23949
6250
17316
21620
14523
7473
31645
15846
7057
7530
28163
17856
15901
443
28276
2169
17671
11767
7181
2318
18029
17053
11483
7844
4330
6049
3474
25967
26872
21615
10626
14034
12409
18734
28358
27848
11408
27969
25279
29826
23989
10004
23233
29778
7689
16661
11531
2247
31206
12288
28157
23834
30395
3680
3461
8904
15383
29011
26843
11393
21251
31373
9326
12353
28565
19359
25118
29885
30914
15993
10155
28160
17012
1838
2413
3414
11740
8952
27974
18537
9226
14460
31190
7082
7867
19791
1517
3058
13170
29880
7238
27497
21706
23480
26482
26024
15882
22087
6674
5914
15610
20961
10057
13224
19957
20801
24433
149
15936
21869
17677
9638
18586
22514
11775
6535
24596
14961
1276
11626
7459
20314
16188
31729
244
24568
23158
16206
767
21422
30475
21161
7391
23680
25218
25281
18529
19668
9780
4567
9179
31354
28232
4808
12479
21227
23778
32633
24687
1230
7576
28279
25427
25281
19750
3039
28202
25429
2402
14716
27037
25178
15730
31280
16410
1886
32316
11413
15839
30064
2846
22755
14165
10282
18143
5653
27040
8686
15590
19015
18804
20335
1706
19043
13354
17523
9578
7420
14099
13784
9246
25722
24844
21717
5549
13432
21074
28547
17248
22122
32408
31388
8087
16771
21847
26754
20667
18902
17510
29059
26739
19131
18634
12635
6939
20596
463
15866
2930
1296
31320
7048
32402
25744
7283
12711
3110
31817
816
9720
7895
14729
7860
16352
22791
2941
24201
14732
12738
23634
22072
8754
24049
9627
4122
13722
22993
9203
619
19678
9892
28131
23200
19566
4263
29190
4858
13142
4419
8298
1628
12228
8583
17210
30298
23748
4310
19098
14226
3407
13277
4051
30783
18564
32712
21424
21771
23349
26038
31784
12325
8869
618
21820
32404
29840
30275
22819
32715
18540
31086
17317
4989
1519
90
29893
8626
7377
1132
26274
18715
18899
17653
15007
18338
11520
5217
8642
20806
5427
1457
9306
18726
9433
3627
3301
4315
13304
28495
31280
25099
4977
32014
23744
26171
5506
5175
25457
229
32654
21810
7005
32715
18721
30448
18175
9610
19503
17954
12441
17010
19100
9385
31698
20373
27905
7502
15012
16414
7854
24500
18805
31973
27371
14474
13956
15936
16260
23045
14471
14363
14468
2190
30867
19531
22848
32696
13115
14111
22167
9076
29948
27192
22137
20872
30169
2459
18598
26429
22594
16133
15544
20312
20282
22399
22884
11340
28601
24369
22781
29358
12623
12155
12089
2025
25099
9026
15416
14643
4507
25992
12482
7872
14260
3648
2001
16181
6581
352
14671
1887
13191
17463
2592
27173
10183
15617
7523
15547
31527
4281
10997
8985
7953
4910
32567
8364
3982
32089
10258
8523
2151
24046
29496
3692
5514
30769
8620
17560
686
1291
29828
32028
28218
2653
30446
2
867
15508
10609
12863
8085
7806
29301
21550
26389
21340
30726
1085
3300
22328
18133
23015
20966
4472
27263
11490
32579
30132
23314
23705
24590
9925
25550
11228
32293
20510
26408
1238
9816
10592
9237
14656
30669
22568
24708
4821
674
9259
7468
18438
14805
12678
13961
10478
15457
13647
5921
6280
14762
22640
24332
9760
29979
15541
9395
23303
11534
22563
13016
4235
26860
6796
26583
25126
29333
4448
6699
4086
32514
32198
9779
25965
18985
4331
2358
30794
10784
17050
11686
21448
23942
30222
19617
25621
6431
24836
2237
13829
6334
26900
9733
24328
14184
27456
831
8538
21174
8654
14449
8313
32123
7251
32419
14812
17831
32273
17637
21986
4459
30338
5780
17673
22430
10293
14042
32096
14176
29145
5492
19519
13053
19864
184
20533
4628
15014
14550
20290
12024
25881
18526
15686
13142
32763
17922
1722
2072
1437
25502
29598
31882
21039
28277
14002
26811
19598
9405
31977
20263
4445
1119
4379
16786
21591
30456
26618
3383
27619
32547
10311
29218
15081
19194
838
27099
27877
20442
29039
16708
14394
21351
10086
2500
6856
1488
22317
9637
17600
4437
4505
29627
9655
17158
23554
24135
20474
12493
20031
20762
9762
174
19665
23294
1768
13646
13151
32337
27450
9138
867
29939
10894
30282
27426
27491
22902
24878
14561
30500
30324
27559
3670
19558
22800
29425
26717
30434
5929
19007
20204
6662
21641
7168
16713
31826
12476
28769
12922
25090
18209
32019
10750
31469
30017
8782
23738
26541
23392
14614
21046
6656
19282
5821
27145
5230
6544
27049
21906
19756
1163
21335
23017
14401
9792
25504
28181
15591
9229
22843
2432
6708
4291
19332
13992
32505
13564
8571
15894
22763
12719
31248
32148
7936
12545
27038
16283
6940
6494
12469
9995
30445
30409
20508
798
4115
3696
7702
8095
22405
20612
16613
25943
16432
7239
12941
24265
225
2663
12762
29983
11620
12682
17572
31075
27374
6442
12114
19954
17336
20131
1437
17454
24045
20618
14487
628
6598
17473
17899
1614
23283
10696
27750
5865
318
470
2486
15305
21611
6697
1394
3003
26466
29722
27995
26635
13968
31092
9954
30712
1418
29574
23018
30821
16371
30839
30926
13265
24993
17114
2470
13961
10747
10114
5318
4892
7845
7576
23688
19216
8544
3306
16972
12243
7467
22150
31932
20468
3758
19336
853
17555
27609
1584
21283
29463
11977
22840
28875
5919
2027
18788
19407
10426
31587
17754
26382
29402
28079
4020
27274
28166
25479
3924
622
13136
30984
31223
12112
7047
21522
3341
27571
24237
5615
18633
19152
18347
4149
24948
29846
20548
16621
23302
8943
14664
23028
759
1093
29450
22434
15443
10053
27155
27306
21005
21474
3096
14657
17301
30109
6442
15235
16300
31492
5421
14098
16760
20089
28043
7680
979
19509
10026
21743
16105
22925
10395
9334
25602
371
29844
22983
19356
14911
26784
23183
2493
14512
21525
12318
23687
29741
31558
19912
26893
16465
23291
5771
14949
8103
16414
26098
14079
13234
1975
8248
52
28209
6939
3505
28706
26528
31839
1382
10680
32514
30483
11007
28429
9950
18733
17383
12790
904
22596
26538
4823
16033
18175
4002
16825
13281
32460
18898
30109
23316
469
4882
28176
4963
6448
7277
13056
13269
13141
32711
1742
1302
1750
10178
16036
2166
19786
28387
29961
12340
10890
14833
19123
27901
5153
4510
10652
13488
19709
32618
15960
26212
18795
12739
7077
12204
3906
11121
15428
22298
26205
561
22279
4097
27983
28832
14636
15231
26195
16219
6889
15035
20610
18789
8776
13932
8521
8137
2101
32667
12825
4224
5077
28073
13920
5268
24602
23955
19897
27014
8085
13941
1631
23022
21131
5965
25576
31073
9034
4610
15920
22423
23741
6053
3219
28365
12095
31222
29023
20841
14253
9770
6536
23261
31935
31979
17566
26573
22168
27553
2301
22900
29851
10992
10308
26692
30081
18049
2056
2508
17832
20998
8905
28127
14254
28536
1316
22259
2879
2723
11083
20935
22059
28133
21171
4169
956
5171
5132
27574
24134
23644
22902
20995
22271
402
1266
8828
17
32038
23318
15787
27886
13715
1542
19579
27876
7870
17567
669
21489
12156
6645
24619
17880
20565
4352
13963
14196
10120
26770
29847
6733
26190
15244
32250
26217
31587
31058
4573
30309
20163
17020
1220
27076
27313
32207
20914
390
13822
14699
18068
11004
9096
11333
20444
11484
31489
27608
10093
10897
7922
10776
27319
29140
29695
4008
23587
18048
19820
1612
21425
8354
736
1953
8927
4304
4969
17420
28622
16061
31169
13808
19360
13834
5584
29988
2084
30046
20337
24228
4277
29624
22137
25734
19039
4100
9206
6704
16196
7917
8372
20681
6462
2803
5382
22509
12230
15037
17858
13989
11541
12720
25230
28822
3720
7872
10586
11128
1097
19846
25390
18634
29740
11667
7718
18372
9175
25605
18619
910
20006
7000
4675
8623
10190
1406
13499
17608
5952
17457
3013
22402
9168
11144
7405
965
24598
4808
30000
10795
21396
10109
32703
28084
10138
30410
14848
10171
7015
8446
26838
22568
913
27495
13090
26088
22695
9323
17802
17306
6420
3540
25465
19595
582
16748
2406
28133
25872
17354
1114
28707
6477
14699
8876
29896
21703
29189
25103
31825
26967
15895
16080
2152
11853
17093
2136
11866
6417
16355
24312
11723
18699
31824
16102
24489
2753
19589
15490
4446
5695
26477
21982
8266
3260
32120
32126
26992
31098
17899
16988
24943
23022
30330
14639
26805
28961
22808
2797
12271
27222
29710
19599
16579
3821
30794
1044
32450
4999
27130
32456
13464
16491
14170
23750
390
31017
12746
30140
15123
26493
7460
31470
5886
19829
18764
31358
12662
17110
27145
10218
17293
25021
8467
3542
7659
9858
28269
3340
15295
1761
31476
19649
508
1116
28985
26
32449
15835
22668
9454
15640
17558
9817
8142
228
14388
31160
22850
32533
28212
13631
16470
26142
10381
27418
22101
19113
8081
20318
10197
19593
25367
9371
22259
2032
22233
22193
6880
9954
19995
14308
22685
9961
2702
5170
14594
9995
8819
3811
24581
20985
4611
32355
10553
14473
31759
14925
3477
12390
24036
4040
5751
2822
14961
20502
488
14557
172
11626
31778
11473
12593
23034
4688
5101
1836
7510
17044
13657
10362
21496
19790
3722
8459
3356
11164
32694
11659
15058
20253
7307
6465
10321
3835
29984
13111
10894
26152
27436
7835
16141
26343
26486
613
3319
1935
908
23610
31854
11403
31672
31376
22557
5030
32048
25108
11539
1158
9357
8776
23761
27253
16510
23921
5537
15208
11454
1968
9514
20537
22851
8559
22850
4664
20921
28926
25347
8674
22830
32638
28705
23280
28175
23807
28282
22932
19027
28645
11759
25855
13302
21392
21619
25382
12713
2620
22625
14790
30664
1573
29971
16549
8588
19951
19888
10524
2690
16454
12869
32466
23611
15042
15128
9674
9285
10253
11833
31136
1627
14663
25433
29199
24281
20137
6623
28855
26995
21353
30009
7197
16421
4318
4976
27636
18029
15589
29184
19099
21689
18307
5350
28646
14363
11212
9210
22817
23108
18435
29311
594
9648
258
9465
17599
31262
13532
26942
32432
17731
16578
29904
26742
5055
7715
15722
15020
11856
23319
8153
2493
5958
29182
26893
31399
31799
17508
30064
13566
28659
15657
23159
13875
186
24030
20086
27158
32429
15217
17080
11418
1667
11789
25551
6360
9341
14396
29737
18775
9116
26959
13540
28043
23825
16127
20707
22683
7157
19028
32290
28008
26938
7110
18758
3018
21474
15011
16249
25372
2414
11184
27252
19964
21146
19219
21213
6988
18503
32112
31956
26748
21689
31827
4809
28940
21762
16846
12944
30540
28350
22371
4279
10855
28161
3107
26135
11679
16270
22040
23465
9434
23370
25313
26779
27230
13040
7068
22179
20953
30981
8201
24724
7332
21519
31979
7983
840
20994
8626
14395
30786
12283
22872
984
2051
18992
19081
7184
31291
18471
17158
2735
6231
22823
21067
2388
15688
5357
30576
1993
4743
21663
26189
27792
7766
6150
10209
17342
1864
19191
6645
20493
12547
32530
4604
12844
5701
28080
10046
6745
1061
22038
26677
14386
6812
3055
32567
23752
13891
18937
2646
758
10078
7422
10885
12785
23066
31494
3580
28191
21523
23243
31197
11309
11033
24429
5911
31324
22836
27751
1674
21531
4581
13762
109
21467
31919
8328
749
14111
30934
1916
21527
26834
20071
14344
23288
1502
28792
15223
5123
4090
13489
16484
9395
17091
9228
14450
21105
16143
18648
32318
24759
126
7684
6034
6774
20818
922
26588
2741
12416
23690
26334
10363
24070
14761
12198
31216
384
13817
31681
29375
7926
26667
24236
4542
19961
3426
21899
465
26350
20794
32541
16908
6825
22281
4080
6423
10302
26725
22225
22487
9491
27878
25991
12106
2874
3884
12737
7603
510
13092
16972
14072
5308
8584
15497
19528
19445
3237
26143
14080
23712
21089
28397
19152
25029
8060
5955
13082
21575
22550
1617
16282
13570
26994
25823
25676
7445
26873
4159
28810
10369
9346
31104
16757
28404
2000
1253
29591
32479
31580
32149
22471
3790
8277
29076
12108
22777
3558
2546
29509
21782
29623
13123
11080
17522
17846
10831
5961
17472
21783
16650
12477
23089
31385
28614
18176
12101
13836
1703
15092
27872
26384
4951
7660
28704
799
20220
14280
18286
27854
10343
14433
11859
20559
16014
6183
31629
10555
24381
27656
13667
21902
24072
12436
16437
23028
22404
20575
23383
15171
13495
27047
24608
4424
716
5943
30525
14022
29451
16523
14411
15036
5897
13621
26534
30439
11548
6016
18043
28552
4370
23122
10533
24679
9507
22103
18358
6936
18211
14939
31955
6781
9725
23288
26310
28556
2908
9586
7886
27474
28075
14815
31417
10808
24128
28811
3253
25734
10196
20122
21860
10277
12599
11759
23598
24489
30785
7245
8667
19087
14604
13756
8545
19138
5472
32303
21242
11108
20591
32355
25978
17612
29379
10250
8672
8651
27252
17705
11563
2612
31646
30399
7279
5787
5394
1703
3879
12636
23884
4287
17357
10464
2982
18250
23208
14107
25035
22163
15078
8793
22893
11220
19946
23355
23099
9045
1255
15356
3085
25048
23726
19705
6498
23861
21444
12913
30221
22594
1720
10121
32299
22005
26291
10899
344
18381
15953
16015
3619
31597
30895
26098
4543
2955
24262
15015
8187
22536
16119
18260
30579
18784
13030
1502
5640
25413
30604
10031
29071
27271
2952
2103
10438
8759
1974
30768
16524
25612
26115
13351
16721
6149
10880
15288
18635
20304
8885
25369
25578
1643
12087
18010
17679
21129
19325
490
10873
32311
18415
21598
2303
22847
27200
3438
20229
16333
26622
28224
21417
7376
28519
24298
17981
27555
12927
7474
12794
31981
10335
18583
27122
710
30928
28566
28999
10267
17944
550
13211
14163
18708
19845
8647
5170
29575
25910
1744
3326
3250
7499
10519
18145
31781
31200
3023
18831
14036
14312
25780
28200
621
21292
6650
13664
745
11664
23684
18653
18018
15256
12887
11233
17188
23084
1358
24360
31750
12696
2575
31764
16123
18903
4925
2823
12772
13329
9456
6416
8616
28002
23650
20683
18311
24285
32747
6786
30891
7889
19247
1944
29696
22346
19350
3368
16966
30171
24828
20969
23653
2203
13994
4949
3072
27758
18565
26122
14924
12422
18566
21872
8483
21289
30826
9884
4692
15284
19371
17012
18750
5600
26030
2836
31389
29252
18494
8305
5795
20507
17977
22588
29003
29768
3721
27914
17642
12695
25430
10417
17158
1606
20858
3573
10092
12996
31798
17764
381
11704
20771
20862
10185
6469
14443
19993
2527
7564
5432
16132
21602
19571
10861
12779
7008
29349
14229
14202
32480
31195
25112
30661
32186
16473
16053
26088
27308
2491
3884
22250
14249
27889
2107
32744
2932
25481
13260
8047
21870
24108
17261
22057
21421
620
26368
29372
16205
30141
31668
13551
4875
22976
10036
19471
8207
24008
13086
5265
25866
2455
15542
22776
23425
9576
3292
6649
12137
25395
11323
8669
5363
11564
1988
26408
12457
15756
14683
632
17850
25493
18639
15279
7826
6608
30992
29268
25518
20890
30108
25911
21679
6110
29755
7508
6061
30500
7916
32762
4813
15051
23071
19501
1046
30610
15140
1864
19328
32094
17124
7399
6990
5687
12495
13827
670
13971
533
2911
1599
727
28953
14115
15298
19995
2339
18887
6868
30253
8788
9779
30923
16601
23008
26917
25214
7784
23159
24530
18522
30055
2308
20944
12466
23466
27034
8755
25687
24720
20651
3063
18793
19591
13436
32158
24684
31187
13013
22553
6046
10892
7933
5356
26760
32742
11238
6030
29652
30390
1700
11790
3934
3377
29987
1276
31374
30198
19738
4743
11492
31823
22331
15587
29396
32179
29357
16366
19669
7312
3259
5650
17589
4168
16590
26733
11567
13945
13464
18991
32703
18818
1171
17220
19637
24643
21674
28212
29065
6948
22837
11591
2414
8792
27691
15084
19497
22883
659
6491
20260
27609
5692
9594
23742
5993
22446
20733
21990
22299
15456
18386
20968
21462
15660
1212
28806
15909
22783
6462
4683
30010
12245
11450
27420
7988
18917
30426
8976
5789
24344
14639
31106
20791
12992
31768
7780
9208
22407
4838
13781
2131
28581
11069
14838
18105
15703
27581
12026
10848
6028
26082
23933
8771
5857
24361
1815
29546
3791
13685
18736
24683
10019
25264
8726
27185
10671
25525
19532
3580
22592
1646
25638
9385
24272
25401
2962
18228
13820
1425
57
23675
2488
2026
22471
13380
30785
9948
22150
21378
15699
3972
5170
21972
7581
27944
25353
2127
9842
31257
11553
8573
5569
6110
15358
15013
32327
12942
7780
28237
31747
29566
8298
16382
3306
1820
2512
12615
25053
31259
5778
10244
15320
29137
23997
2529
10604
17373
6786
12569
14447
12556
2953
7812
28658
18302
23688
3280
9843
12292
19987
18702
2132
27341
4022
29809
25228
16194
65
4947
1437
25390
18531
3449
21702
7458
890
920
21881
26136
27306
7704
21263
20054
13868
14615
27323
10645
10473
4529
5052
18019
31304
22655
30679
13510
4676
19805
12293
24610
19393
18545
14697
92
12576
21609
13956
9792
26385
15875
20652
26400
14760
15571
19898
27582
32692
6465
11780
26221
18508
29649
26251
13426
1706
4519
2933
11952
12349
21066
32445
28037
249
12968
30505
1007
23026
346
29564
30195
28201
10282
28141
28223
12709
11986
25561
30478
16070
23303
1461
14924
9687
4534
9030
3322
23266
23950
10260
18901
13768
16062
15388
16178
14480
10240
23749
13357
4096
19670
533
18690
618
9491
9253
14011
16585
18846
13522
12812
19981
3699
25014
30075
28850
32234
12887
14019
25239
6460
22173
2939
13070
579
14730
243
3887
29313
11301
27487
25715
9060
15543
12343
4478
3016
3642
4061
6459
5822
17423
12929
3118
14220
21999
31810
7174
32501
24612
27797
3442
5562
17401
3307
31798
16480
11375
12942
9598
20532
19249
6092
11378
9613
25034
4184
3338
10065
27414
23789
12580
21434
30966
25140
23508
20058
6728
18152
24315
3933
23831
15672
20251
6159
16654
31597
10601
20638
11827
10188
8228
29472
17362
15294
294
10199
5046
8750
27321
14004
7583
5427
17067
29211
7921
32495
9125
16102
2730
25015
13496
23980
15766
2931
7993
22851
17094
6216
5839
16003
15422
2165
10186
333
17390
28027
16310
13004
22756
29313
9264
27899
11455
17398
19449
5992
25959
6776
20041
26935
9979
27893
23654
