21473
21698
27542
21727
24867
12203
18187
8499
30294
16070
30172
10140
13506
28620
31275
16330
15145
13575
20845
13420
8268
9666
25360
1862
30384
766
16993
15236
15778
29798
18350
6734
25465
4485
17575
9628
15643
2871
22538
11596
5827
2397
9344
14962
16897
4309
28354
17647
17666
1450
26367
26437
3857
7559
8578
1193
22110
22130
656
5466
766
17846
8591
3378
19252
21281
26478
4218
25839
13424
27712
27395
28819
15624
22570
32114
252
21991
19328
5340
25793
12761
4651
24723
5301
4591
9806
31295
27572
11821
17961
13360
2972
5763
8509
8690
5017
8191
24752
3874
2982
12864
3828
22657
10576
2350
8868
23367
20925
16104
12462
28346
31982
12798
2487
7166
24129
7137
18107
2095
30266
27543
2292
17581
29058
14515
28926
31159
31024
25221
4408
7996
22600
12174
24429
14317
6785
310
27060
17047
2124
28610
21140
21936
9233
25216
22636
6448
3260
30788
27666
4770
27000
21528
6843
30586
17082
8752
20251
31145
27778
26908
11725
17007
26078
31553
4340
3952
20911
7306
26403
9739
27823
12379
31098
4327
9395
967
23826
23502
13614
2050
5020
16831
27895
4377
8004
318
332
27872
3548
19183
4630
26156
16182
32355
17262
2115
27345
10546
4193
13969
10424
31818
15088
27805
424
11142
32091
14907
19057
27523
24736
20482
20126
431
23614
12288
3672
6818
9022
22189
5000
23218
17012
28702
8764
23745
29699
28027
18508
4954
19487
3763
4157
16381
8983
13422
23397
29878
24722
3652
10064
21492
3096
31020
16995
665
18133
8759
13247
78
4762
16766
23145
23065
2597
344
1959
27441
28322
26065
6317
8209
11890
18520
21368
28619
18730
15288
2811
32671
13535
27722
20089
9420
10401
20584
10290
14502
28741
15652
12097
29417
11624
13114
28869
15949
10672
30788
29759
15194
7765
20525
24379
25982
5344
27368
31795
3677
17715
23138
10416
9064
5322
9397
28338
29105
6976
18078
19794
23549
20501
14897
29862
14107
17838
21963
30949
16501
5533
5961
16587
25317
25123
12151
13119
15818
4339
25035
26676
8794
9017
3156
24781
31546
20187
27629
2756
21068
15615
28854
4876
26824
4557
14021
19381
5518
8566
30488
10513
23994
30325
1230
6677
31609
3349
10903
16385
18204
26675
31850
18756
13931
25413
29046
29593
26172
26011
23130
31095
25156
23269
1944
28328
7980
5366
13383
20535
23271
31431
2313
19344
22340
10431
19261
227
8895
26161
3190
17609
25501
5159
28203
9514
22840
31070
19888
13662
1943
3985
27748
26002
16705
13818
26669
26990
851
27927
6177
29173
22481
32682
8582
16044
12858
15619
22781
18942
31327
10369
17402
5343
14708
16983
20087
21936
7528
19852
2282
3682
18034
14150
628
19935
4845
839
4955
8357
23909
25016
11194
29876
24818
21029
31351
29867
14276
30666
118
7726
10240
781
25612
6026
13003
21579
6327
2204
6563
15319
12044
31471
19958
31552
24816
1316
32493
27603
11787
17815
14729
28257
7290
28735
20210
2115
29124
29654
29964
20890
30736
31290
21834
6363
9109
18452
32199
24460
11345
16311
26771
5192
28670
2891
3402
11785
12354
12842
12524
3239
294
7562
26600
17051
31689
20573
32378
11273
2390
22133
15159
30462
23091
12012
12263
246
23931
13763
3218
11681
19631
20681
10462
6886
8104
25534
14232
22057
31952
20409
22672
30409
31122
455
31914
16877
16143
21717
20530
15233
26387
19152
8048
18555
9543
24842
27004
18019
4264
992
5460
15378
8503
26010
32044
1978
13810
15506
17413
11814
14084
11417
10625
12099
10297
24470
20470
992
16308
4464
10433
10418
21732
4910
31453
23195
15284
2397
14260
26667
24578
27058
4660
15464
13651
31729
3110
1738
20165
25101
28091
9354
13125
27537
23400
12061
16897
14398
32244
21499
15136
28150
28880
22948
16561
1497
27302
30181
25570
29869
21556
22871
4723
12931
16731
5162
30826
26007
115
14368
10759
13433
13282
23516
10746
874
10733
25437
8148
8457
26318
12742
21180
9775
5382
10336
15459
3351
20468
5857
18490
17346
31911
239
4834
15769
9457
23776
15843
18517
2236
12228
11170
10268
22945
10917
14221
16108
21687
11533
16025
17213
11945
20681
3054
18914
1548
25325
32224
10033
20463
28184
30498
27491
29363
14841
28726
32318
797
25618
15656
7665
22441
30140
23420
17727
26145
7020
23653
15583
8047
24884
16184
23587
15792
6285
20511
15577
14473
19283
24338
26223
21438
24593
25347
13402
31744
21375
23897
31671
26119
11081
4512
13363
9185
1554
25983
10281
9354
27833
31978
28683
20924
18651
26264
15619
16392
9369
27832
14042
9510
6043
24032
28952
2186
1364
25158
15213
25143
4232
12594
20815
7128
26636
15027
11493
10253
20686
6546
292
9219
4373
24964
7992
14151
8457
7587
19237
9692
17525
4895
17326
18571
29132
7217
374
24442
10858
12113
29029
29440
10269
26281
11853
14008
996
7113
32205
8916
14838
27548
5238
14260
12038
13979
25901
8120
6854
28992
32720
9042
31658
22718
17181
9055
30702
24559
26063
3511
20442
26766
6921
2
17733
7334
22008
3278
7256
31818
28853
22239
6548
29575
14952
30406
8470
3223
12467
24246
23322
4695
26702
12434
447
14076
26862
14922
15370
4865
108
3176
10796
4195
20771
24294
1800
5649
8090
14403
752
1950
9059
2774
15279
27962
24386
15457
30157
22496
17554
19433
31502
21969
9701
2501
16956
2880
15595
5622
17446
17231
18325
6326
8681
3386
121
26963
110
14802
30329
5950
15668
19758
1951
2399
24656
14493
844
10156
28594
28894
14226
17146
1961
13460
28126
12051
23722
5876
6874
17160
2637
8897
17809
13257
21400
10618
27093
31986
14464
4818
23005
19432
1197
16480
25395
8485
15230
22936
15054
7120
1357
5114
29818
9105
500
19337
2433
25763
9359
32639
12932
21035
31876
1855
6314
8904
4033
5003
8701
31595
10821
20471
23824
15465
18146
14493
20453
9422
30017
30739
11791
16373
24870
24986
14868
20821
24309
23448
22037
12958
8566
20041
1969
22533
31957
27313
29478
28379
23277
24021
4537
19045
17605
17450
10073
4840
9563
29006
15231
27395
10657
24566
6488
32577
25030
24104
6950
13295
1974
18858
17636
25899
3812
28858
29224
27966
24903
27391
6990
25900
28066
32448
30163
21385
27401
26196
29695
15757
30113
2521
26567
20075
26791
297
19697
2271
6580
29194
32377
14086
22847
7845
23348
3187
23651
14394
7603
11903
29666
18961
27498
5856
13419
20660
24337
1150
29720
20827
4683
28290
16699
1448
27270
11695
13914
28564
11554
20469
20344
27050
7893
19011
9366
1907
12878
31902
11642
23089
2584
15472
29359
28111
20930
22818
20429
4633
12861
20204
11003
17449
25989
7148
17841
19489
11651
27510
2755
25376
12851
2988
32155
30062
2818
24910
11973
21754
30586
19923
22962
28679
2848
15288
4021
24610
20637
17688
5202
25943
10269
10365
20152
8612
25845
32758
29836
10414
28296
28265
20968
14259
26731
14123
21156
10688
9671
29646
12500
31780
27647
23610
27793
30500
18579
21759
28925
20208
32325
14314
2689
20694
19834
2775
4697
28854
7138
6341
29523
19126
16219
8496
27603
27958
28691
4507
12571
32519
9709
32108
22473
5591
25895
18428
9633
20720
15929
13551
12429
3107
1280
21185
28386
16126
795
29602
7397
23622
10646
10372
7054
17825
1477
29298
11404
10130
32115
7715
12168
20906
5693
32207
17582
24317
19512
30017
30826
17108
15322
3118
23663
3489
8983
31429
12798
32312
32202
25735
2405
13115
16727
13657
31430
4310
31630
21719
23577
11949
22739
9196
6260
25107
21884
30879
3210
14461
7803
3120
3187
30262
25917
3940
30379
27988
10962
22813
30812
16618
17997
25389
26336
26751
10862
2412
21121
1983
11902
16137
13956
28273
24187
11805
27239
21673
5749
30086
14438
10047
27960
30962
15684
30847
12843
30522
30023
26914
632
23282
6789
7550
14701
31038
14430
4857
16419
13030
6218
27075
93
11181
27605
30405
32434
3039
22503
12756
24559
42
17737
21547
23991
27566
6757
15128
28268
87
16973
25333
9299
12651
9471
3674
2034
13407
29928
28049
29117
1007
30118
23114
9970
6510
8210
31632
15810
20570
18302
26108
3249
10291
9275
3113
10559
22669
26463
4967
14792
27493
15300
24756
7849
20913
22612
29160
13988
9786
1924
22319
17030
4782
18463
24764
11270
2801
27461
21692
13297
21173
21427
16777
19332
330
14917
16417
7449
30647
7096
15062
2055
32009
13237
3143
5059
29931
10507
2702
7755
25719
20285
21179
18884
14668
8508
26754
28001
1761
22901
32304
3464
11801
19214
30947
7984
8983
24685
1275
6798
17747
25339
20172
8432
32237
28711
13205
14825
6210
16301
32438
27566
2238
7960
1821
12992
5617
18053
16642
7371
6116
27307
6100
2766
16813
12312
9331
24189
10561
25533
5023
5860
394
7341
20657
8268
15033
11042
18568
23394
31966
30913
22727
8086
12469
15903
16190
15554
2755
12675
7589
16396
19618
4846
26000
13
12442
14680
16543
13363
13169
1341
18677
7011
12419
23640
9708
30179
1045
4783
24839
22136
10214
25807
1833
3787
32263
26457
27140
15121
15853
4029
5587
12523
14277
14918
20300
21899
25095
20823
11728
7961
25934
31220
9702
17749
6759
27011
6119
25981
11943
18644
14075
7537
25218
18528
23619
25109
5722
18894
6744
5367
6549
17084
9461
7474
28658
15547
24816
1938
285
5787
12399
29176
26241
27370
20312
17920
19293
16311
21513
1762
4890
25499
10314
13974
14812
7163
3711
5692
9047
2183
1827
17850
19428
24582
10865
1703
4051
27222
19044
9832
32003
23470
28898
21400
25265
29991
3636
25262
5006
3707
27578
17881
3604
27916
14045
15407
32537
3112
14404
31751
21157
14987
2891
23715
18177
12581
27057
17171
13840
1822
24464
22101
2274
10008
31635
16065
2439
10676
20323
29861
1825
14679
21602
25132
61
25390
2204
23684
18276
31087
22523
14399
21996
27362
9658
31994
16660
13217
2587
31805
1361
19228
6237
20387
7138
13151
16616
571
3754
3480
9164
26925
32319
22483
26473
28577
20031
14345
26479
23004
27619
30809
20490
17324
25302
6293
31062
24071
13383
6400
5913
12271
9277
25174
4273
24216
28970
28429
5451
16589
10692
6619
16470
16784
5392
13688
25144
22017
24767
20901
16703
2689
2494
20845
26330
27414
13065
13995
19721
19217
24256
18124
18
12271
15740
27862
2166
25470
2019
31913
12579
28993
5754
15238
32235
4884
11195
20941
26165
20755
9320
2571
10226
22713
542
307
18131
20293
1069
11308
3001
9058
17063
22156
6254
8710
32695
32420
25490
21147
9012
12988
12504
24157
5238
21407
22898
1795
26217
24667
30921
28833
2527
12098
20850
17101
31275
14388
32349
25857
6123
21537
17488
23104
9765
5577
6036
32764
7574
8134
10735
13368
19014
7117
5330
9962
26464
14129
29650
23203
11585
18600
860
6257
1487
850
6053
23301
23308
23287
32737
29969
13291
32145
10677
30452
4962
1546
6382
6041
19904
19526
1907
9372
18497
30308
16760
15791
22239
12097
4597
24381
11372
9790
21335
77
4318
15428
30837
18344
20970
517
8645
7230
8660
27524
4816
5318
22661
23767
7139
2725
19166
29739
19464
21521
11340
13578
32564
26998
11932
30937
7362
31256
21521
18597
6688
13307
10164
1055
5577
17152
20460
31204
7795
19280
12110
21762
31369
25341
1974
952
987
20199
21399
31614
27541
1757
18831
32325
31341
17669
15935
17664
8481
9342
22617
13155
27937
4931
19194
30955
13704
6995
2619
17182
5201
18191
11779
25876
32712
9443
30495
6198
6206
11816
10900
14918
32257
5449
14131
11424
17292
16165
22895
14527
20474
27573
12652
7682
17857
20975
32600
11440
16796
13034
31230
4667
1481
10306
29592
15041
25973
12734
16613
27608
1141
17968
5756
31883
16182
27549
20576
20128
20215
6814
22484
27933
32309
28934
7025
29706
359
30661
19829
9591
18412
13
23646
20417
22850
23475
22968
26898
4728
29911
17203
1063
22502
2247
25080
598
3867
2593
13373
9935
29975
28216
5399
28450
9403
27065
5776
21761
24957
24719
16890
23879
31328
3331
12931
6202
22820
8744
15881
30477
4537
28022
8239
6826
1530
15285
23472
32686
29080
1309
17907
11188
29268
9403
28896
16342
24690
7958
26355
5233
2922
15379
28046
16937
12000
30742
16788
15405
13270
4202
563
24508
4641
12003
15873
7401
26137
30913
22091
7323
3733
1240
11433
2007
26391
31982
20182
21570
29251
28261
5311
14817
2198
3610
25818
13860
24404
29580
4793
16419
31682
3905
3039
4647
26262
24677
18130
11372
13228
11701
10354
29989
12794
17819
21384
6593
22470
2458
5794
5485
16150
18669
27679
218
18025
11883
16518
3904
10660
17838
29468
23715
10063
23412
17589
29013
1537
15685
10442
7868
3609
7255
11468
6485
19375
6062
27064
29689
11467
12679
13292
24671
20436
13303
32057
22755
5707
18640
7481
6021
20409
18628
29666
32309
4325
1485
6748
21582
2891
5324
5648
32096
30922
23152
16898
3378
28573
24409
25184
23815
12940
12157
5723
1569
20835
18635
7221
25988
11684
23823
7067
3324
14201
27414
27190
17761
30444
29458
32381
1562
13658
19007
1229
1504
23333
20935
19131
18628
21930
5348
29865
20340
6515
4676
12695
19386
5293
13489
24892
32325
9692
16113
24661
8620
27341
12011
28478
1712
31692
23564
26303
17858
26392
21737
12072
10693
148
16422
11680
14356
22975
17558
7098
31175
30182
15523
32073
27186
3737
14577
10358
11951
31835
5694
5135
31646
6045
10893
24610
19113
9710
19843
19659
17997
10092
16401
4938
3733
6270
14163
21848
15145
31685
3768
5820
16008
16463
25956
29977
3730
22542
10962
4618
13897
4745
24254
25456
13528
4050
2114
24075
19925
24504
10303
11848
11971
8509
11006
29530
3547
13899
7447
12428
9740
24482
10130
26838
13376
21781
5965
6318
23009
11766
29597
544
2203
11727
26680
32545
23396
18770
1619
20001
186
30611
8455
3295
6700
9077
18681
21889
13596
20834
11066
12772
16579
19776
22380
22833
9590
29856
12583
27569
24871
28984
4251
8418
19758
30611
22134
7114
29002
24071
30472
22923
2018
8168
16548
28216
6033
8443
24906
999
17890
17709
28548
20487
18264
12421
31374
29428
4274
17240
26041
30153
11628
9916
4881
23158
24457
32062
8510
29202
27792
3032
16552
28018
15317
28445
25567
23546
10745
12471
20281
3251
13748
20755
19389
1438
27090
6491
319
1352
10364
18853
15309
17055
15289
30570
8266
24324
20277
12345
5209
16033
14144
13484
23933
15101
10521
24476
15230
25549
18541
3473
526
16910
11803
6268
30124
20816
19514
15273
28617
9045
21341
29679
3625
25050
32021
12330
29069
8885
24504
26091
20367
16928
12129
24173
23501
14165
4152
20427
19529
5979
24052
5745
32016
14879
3230
8912
30490
13766
1687
28503
24178
9282
11228
4766
2966
26403
22153
16868
21537
23984
2204
22459
18087
16695
9980
13058
24033
7073
26042
532
28426
3145
18838
20031
22408
20239
25285
23416
11727
14760
9457
12364
31107
9016
130
23066
14044
27170
8476
16768
10575
3102
30056
8979
16747
1165
25624
83
6657
25866
21029
7390
20615
23618
24155
23523
15550
7941
30232
4570
19347
26525
10065
7794
323
32606
21461
25291
26307
1662
10710
26598
26207
28199
1445
18778
23457
22731
8381
14408
23156
21688
12803
10896
29065
9452
25420
2629
27642
3114
16416
31071
22062
20045
446
32176
18940
23517
23647
10522
17939
23520
12735
4606
5273
2034
19674
12279
1298
3736
2803
28873
32132
28626
5595
6548
9944
2031
4976
18510
14468
15525
28260
10607
10087
97
7232
13806
15348
8156
1192
3437
21395
3567
28128
16561
20804
8616
4751
8276
390
31389
17603
25534
30071
32640
16950
15441
6460
10996
7632
10468
2467
6815
25196
7539
27911
5249
21215
21268
21365
30340
27446
21549
25100
17492
1856
6373
19882
18288
21069
18392
26821
30082
25652
28431
18582
4332
12187
18735
17789
14243
9586
25328
23201
21568
12737
13521
10455
9556
30116
1291
8389
20220
25235
9667
6215
10934
6887
25475
20241
18803
15258
14315
9878
23534
29519
5284
4393
30011
2706
23190
31842
23459
16736
20827
15044
23471
9706
13043
12444
20867
18582
8121
18476
23661
28999
3733
28937
28862
14814
3444
11970
15321
12801
26101
31426
3721
28699
31333
32120
16792
13219
28398
25269
18589
31906
29451
19797
26389
15471
16191
11809
15285
957
6919
500
5631
20952
32525
15133
18964
26924
10142
23045
30409
19719
11102
30994
29180
19616
27195
20426
20265
16215
26783
28988
13368
22078
27370
18843
28825
9945
25887
7981
2707
21282
4829
6755
14041
29392
19346
6474
28255
8665
26347
21026
5739
22582
17807
2379
28399
28390
21004
24169
15126
30261
3601
29888
22557
16702
32735
31456
13924
19119
5114
21895
26821
22220
18212
29123
15908
30391
11403
599
6471
20718
9282
11360
31464
21269
21998
26424
29193
12534
17346
5019
26248
21702
2477
3592
29171
9385
7377
16490
15005
16761
7992
30456
1266
8899
7106
31834
28423
13331
15970
16653
2678
22386
23690
4616
18536
28972
25060
8864
27635
24791
30019
28073
30375
2960
27097
12766
17251
23432
20650
3459
17261
22720
15936
32072
4546
16144
6305
17009
20651
13678
382
29748
1425
2669
12461
16482
26386
6660
21210
8010
20821
16529
16505
32475
21658
32541
8446
10504
4629
13538
20049
26993
23292
4618
3196
13887
17887
10170
27047
24655
11832
14671
23111
3732
21059
13032
26002
2230
783
26916
30262
5375
6869
1581
9034
28024
11658
18421
1413
4175
10160
29631
27822
28540
20337
8930
2387
17316
23534
19657
24254
1598
5845
12863
4389
22260
15409
3561
25633
20556
3207
11796
32097
3975
17694
23474
16288
29642
29342
12958
20948
22651
20957
20264
9897
20206
13045
29901
6189
6977
4762
4678
27597
30852
23978
18117
21120
26653
4870
19579
14658
4203
14241
27741
32196
28330
20694
24360
23394
24599
22783
16290
9301
18004
25155
29219
6954
19213
23471
9557
114
1756
11400
20536
10428
3946
6624
20841
11968
12504
10856
5027
5597
22109
31877
23430
28870
26160
17062
8855
24696
5288
22996
9097
32623
29345
11915
31675
3353
15139
25544
1537
28043
9278
28771
21159
20851
14136
9887
24755
6733
29675
23040
31851
20186
17256
5980
26391
13262
32224
9013
11272
23753
1989
12870
18137
18825
18988
4188
32501
25438
2678
10599
7257
28382
25903
10449
22940
17881
28726
8974
14124
28048
18462
32117
5082
23841
3285
2126
11929
2118
4483
32556
30082
575
17333
25469
17948
19725
3515
25951
731
10465
14414
20149
8678
30676
3959
9338
6429
2520
20140
29270
19291
25839
6203
29807
23288
23963
31724
4994
1427
5013
20705
26418
27918
9921
26306
12960
29145
14434
21015
3899
628
3211
22517
14810
1071
24534
15581
13832
14645
17751
31457
15262
18376
8403
8968
8856
18126
4398
28148
16673
29581
24355
16322
28656
29875
17464
9010
10455
20121
7664
8
29593
27848
24898
4274
5373
25789
25162
23338
13344
21993
17471
12574
27151
2812
9637
31567
28565
16483
23747
21559
23890
13327
22616
13806
12813
25209
30858
16206
4940
5347
29727
21590
31777
9440
7663
7628
20038
6422
7833
11302
31084
32579
30326
16811
11473
10110
23499
2006
18193
9408
18755
13307
30782
13986
20636
24364
18994
104
1440
5470
804
12607
5463
24520
5754
451
23931
20108
6110
10948
6188
17817
25748
14666
28645
4304
30475
25558
4015
870
6322
17643
916
9865
26124
7885
32087
15174
22791
3209
20834
5034
19850
17461
16384
1831
13389
20089
24268
1594
26605
22351
13930
4427
22592
31750
26740
5845
32742
14989
29111
31942
22560
26094
23712
22825
16101
17433
30705
7682
819
14563
26040
15481
2980
8782
5762
827
19265
18955
1228
15390
30874
4157
17594
19716
15127
13184
15372
24577
17033
23082
5709
22208
32004
16593
18765
3362
24305
12813
15826
12073
29023
11134
28811
9749
6810
21521
8005
24780
21759
10112
22113
31615
18446
31512
29318
2699
30657
16319
27283
3229
32284
9525
30168
18458
774
666
25221
6078
26199
10289
12386
27267
20530
32355
17345
31428
7061
5639
17586
162
20270
3552
32373
25511
6257
29031
21301
12201
31975
29899
6131
20721
13769
12855
27840
23453
27085
19539
25903
25155
14656
6669
5386
8151
20565
16281
21828
30927
29629
22710
21807
6020
15223
6196
19439
10204
28650
179
24111
30246
15665
6829
3090
30021
12470
19383
15212
28689
13570
13059
12851
27130
32723
12074
5424
29423
9839
28968
16122
29310
19513
16552
805
11836
8066
21891
12727
3943
6305
27267
28379
27594
12102
28012
13018
21985
31243
28733
1606
14398
27724
16307
20089
16427
9785
17167
15934
23441
2857
2329
16077
19992
4658
9829
25853
8592
1270
18645
18101
30096
8383
9311
17571
29276
19919
7440
7217
25356
24817
21073
21941
15083
6996
28522
25320
2590
23705
25924
410
9606
15147
29043
13988
1511
30415
5747
29981
8777
31100
26930
17873
18846
23148
22479
750
16294
6003
19874
31745
8464
30864
22652
5665
21218
20930
13104
15466
282
5916
22866
13486
28821
30492
2110
11366
10289
28473
20828
4591
13615
3771
8611
3571
3803
23503
25180
12581
23918
3803
5929
10801
10291
6159
7493
6130
12009
9021
28685
19430
29289
3562
5824
4320
12424
933
8067
18941
22335
13463
19368
32217
13065
23132
20783
8707
23693
32529
21901
15022
10621
15022
1453
8873
9406
23190
28469
3985
20937
10093
32522
9797
16209
15658
18710
13210
11558
10605
32073
23888
18777
17426
11741
24389
18593
30214
19167
10473
24061
25177
30443
28402
21915
9621
6455
1361
22265
8015
20690
5476
4682
31227
11566
1133
23835
25861
20445
7747
566
13597
23448
22599
18630
24274
21637
16538
30397
32610
21946
28045
21107
26576
16381
345
26511
24120
17869
5649
4907
2400
30887
9684
6963
14991
15234
17223
21774
2466
16028
13890
8065
30556
26744
20682
13264
2558
20519
4160
4646
6167
11464
24279
3382
13726
24139
2380
14627
30526
29562
15569
16797
32753
20793
8522
27470
3280
24332
25531
17524
29482
23771
17665
18639
17619
17906
193
31933
3774
25932
8351
17316
26062
32529
4016
30096
13802
13149
561
30749
1872
32323
1401
24216
11819
30994
19500
21857
6247
16598
2738
23699
11716
9762
30695
5607
30249
2573
17940
10710
31292
3195
10271
2046
4655
28574
14078
1735
5852
21692
19313
9798
10517
13874
8177
31330
821
17081
20195
53
2299
32232
274
25269
2457
18938
24668
29331
26631
16082
8876
21859
7581
29244
16680
12286
19169
5494
12203
20516
19102
3055
10357
6502
31542
24398
24609
14659
12856
13494
13784
26258
3637
10056
13253
12320
6864
11242
29640
7833
31509
25159
15471
11692
3596
30487
27170
24682
16781
31649
30877
29935
1877
22142
16548
31557
8282
12703
15857
21381
12892
2450
29042
22335
23485
16896
13233
12828
14738
25467
2964
11714
5114
26230
23878
29944
9391
12181
1397
4619
11226
8488
13502
11376
18220
26098
8037
18858
16170
22830
21834
5487
16072
12244
22040
29958
10554
18200
13760
27123
519
15411
25894
2006
7007
12647
29465
401
32430
25661
22921
4521
17265
30994
10996
16879
18505
8145
13346
22111
589
30210
26130
24392
22181
18948
7220
13997
12885
9110
4825
27883
21590
13725
8679
26781
32235
7457
4049
15805
32050
4504
4294
12
17913
27239
17961
5299
3284
7590
21058
18218
6252
7203
21555
9561
15642
11946
24621
26365
14005
14468
18403
25678
21672
830
18239
24543
11335
30636
26964
10181
17763
26668
14741
20987
29979
20527
5444
6149
23286
11510
12589
5588
13359
21402
10131
28650
31056
26703
8811
9406
31234
23273
30152
3426
27428
3232
16023
20835
6938
784
22924
20977
16488
19588
18012
20543
5759
31091
19245
21293
15574
20299
27722
4133
3133
6254
3100
23362
22127
13690
18262
25272
17382
21454
24943
14704
17395
27978
21845
29938
17165
30037
24160
25224
7018
22309
3460
6048
29644
10555
16076
24947
158
14892
771
22500
23359
23207
20916
6059
25502
2228
5974
26546
24583
24634
29632
19903
20284
29892
15587
22100
8392
30852
6583
5076
18320
21657
18806
6374
23211
5773
27401
29214
14451
22306
22719
25307
24540
32334
27717
26987
29701
2180
16083
20086
7693
12597
14755
17305
16680
9879
2727
21841
13554
10917
20859
13339
31235
17767
6297
6361
7363
27763
28364
18552
14975
17332
13543
31440
23741
23402
29622
10443
7885
3954
20021
1482
20897
27592
25600
10308
4575
14922
14347
9648
1075
7614
28563
9638
11242
24087
32084
12353
4029
18932
3325
15303
8426
20842
17121
15756
6282
15875
9199
16915
16158
11270
14820
20599
21099
10489
18367
7433
32136
7013
8821
20283
5941
22489
487
24253
6766
1841
24081
19429
3392
16920
11396
14164
18908
1484
4630
7383
24042
26146
23768
13707
29727
8393
23112
17733
31762
30162
24008
22320
1099
26992
2895
11704
31389
21245
14943
27047
18103
23870
1335
11406
29429
23528
22601
14951
22396
6755
5614
24184
31621
1997
8793
6011
8441
25666
27593
20219
11839
21339
17155
8193
27217
30708
6144
28912
16150
32051
28387
25774
30188
12486
8494
26372
8835
4715
16180
22600
12274
31926
9682
7225
17412
19215
7258
4138
27859
8442
3792
11363
19609
13979
14425
21700
14274
20089
20976
7339
31046
14466
6491
536
12597
1615
17501
25615
404
21674
13358
14398
32103
20045
32040
17376
3599
19437
5827
23521
17110
13687
18371
28739
16073
2202
8880
26304
14534
10373
9863
2225
16853
23282
22447
2094
17851
5731
25902
24695
31181
1451
11805
5522
11779
25777
15193
5942
13389
6769
380
19176
21034
13379
32524
356
28790
9824
2802
23358
32131
30114
26413
24777
13676
11915
27591
20792
17574
19849
24072
27907
30936
31864
18411
16269
29677
18793
25550
11267
5479
15010
28781
16775
3574
25574
273
6798
20809
24822
7685
19334
23076
22871
18762
9405
29875
29014
15243
19326
798
19530
27987
28285
28765
1049
16510
6516
17742
14845
24046
27663
5124
9352
7039
14342
11618
16102
32316
19080
21737
32099
11475
25824
26319
11052
26182
10323
9297
21850
20708
31047
6730
26412
13688
7595
22019
23444
31424
6802
23629
10230
29984
5409
5837
17452
24216
15020
11160
29645
2804
29724
29440
13487
11330
26772
32685
30378
15241
4948
27887
159
22968
28893
26450
9913
15581
1877
9075
13811
32151
20014
14099
14555
22734
14595
2154
31125
14753
27074
18365
25890
8096
19984
10035
13283
13628
11241
17637
31576
10875
24967
31540
3374
10225
23686
2911
18297
28139
3141
22101
14910
29677
21391
6087
17972
7263
15739
22402
6347
20611
31120
1276
10606
6314
25389
28972
7173
1192
6184
6815
11455
30853
25270
32713
2318
12661
31371
27545
14835
5898
24898
28752
891
11433
24062
1170
23946
14139
23634
30397
27095
27428
12894
10875
2872
13945
4667
21651
544
31597
10906
10501
12901
20237
15015
12117
30279
4142
7476
12583
8879
27299
3859
30476
8372
6835
13507
18332
16483
1226
9040
23749
10432
30062
28788
17250
2312
7541
3586
22799
28473
7797
29828
23612
26580
15229
24867
17025
19170
514
10952
18737
23093
32540
29313
29746
5360
21747
13094
28428
25674
17523
29756
1087
1422
32584
9241
7898
21862
22022
23881
2633
24666
5799
6961
25711
23700
12091
8690
30197
28902
26843
7569
25825
27918
20191
15444
30058
22328
5713
18543
19722
29380
6561
1247
27606
9290
15513
20887
20491
22235
19604
23258
30697
18058
12523
22504
13764
21547
32689
7388
2648
18011
19104
981
31069
7105
14418
29012
3163
21139
15797
30693
30656
18779
3001
24322
5680
7419
1355
4404
11804
10222
20871
13691
13718
1746
24105
30704
2147
17955
26181
17833
17490
7498
20793
32733
16333
23254
32223
27208
20142
26121
19975
22737
18772
31126
1572
24683
2549
31657
21829
3897
21557
5928
6471
28661
23288
31288
13129
23698
22645
24068
97
25632
27789
15290
19085
18417
13658
21205
17901
21498
22026
25762
28207
5755
24558
18685
22602
15075
20942
16476
19567
3054
8576
10000
15420
24848
952
28103
26932
31510
26146
31572
20332
5131
20398
23475
10374
9816
6956
24647
6883
12080
16408
5479
26901
28715
7607
12569
13715
29745
31843
24349
11953
23450
14626
3630
14031
13203
20350
8836
23760
23748
13713
12701
14542
17712
15968
11069
267
31068
30314
5044
27435
20659
11904
13151
11681
14633
10454
24433
13672
26143
7259
16371
25587
26246
582
14090
26982
26184
25073
19833
3846
7907
3819
18534
1518
15191
3401
19553
3589
13123
4156
12706
2348
24907
18153
28050
20156
22716
27508
13710
21295
15987
18526
16103
30749
10491
10258
16429
6251
19445
25274
6061
9407
29373
32343
15160
25654
3658
5393
21798
11610
23126
30155
12955
11086
23999
13051
26377
844
18990
5049
18678
28242
32502
6934
11264
6935
13119
6574
31774
27716
2915
32129
7720
26337
7576
21502
14746
25869
10704
12897
20373
24819
2269
30783
17190
27641
5849
8287
14027
9786
7365
5068
25395
18999
32112
13096
19270
8393
10650
2627
29029
29019
8026
25069
29171
16981
30909
9224
10004
32219
19888
17889
14772
20152
27936
11456
17356
18837
12639
16573
26592
13935
29642
8662
461
3656
25513
13119
21697
284
17494
28921
23179
6166
22178
17318
6165
18436
29044
18076
6958
2057
3507
13368
1421
16529
18790
27764
18707
9866
9754
18876
31057
22226
1668
14334
22090
17899
12136
16897
29818
22518
20410
2295
9751
13535
21506
23125
2454
11477
2309
22498
24945
16637
20897
26126
6440
9319
29689
21638
7046
18753
16850
29957
24101
20042
8253
5229
17972
24714
12919
2582
19064
25921
11277
20838
30353
29
3651
24994
13183
18863
21687
14339
31076
18976
21826
18445
20107
3104
22303
17948
14250
23584
9551
64
32100
1985
8251
14666
27410
12684
4764
14887
27331
3299
19864
3437
8833
5687
20525
6452
30423
7036
32211
2855
5776
10458
10333
19163
29632
11686
28961
26207
19977
28048
17752
11540
12823
4638
31176
27838
4717
28761
18848
1244
23908
22214
15523
17461
13424
30615
14472
17588
10406
17187
16801
14709
8315
18068
11964
25376
19151
25311
21575
7798
17194
28666
27319
16681
19269
8265
13354
14577
15820
14425
9546
8412
7778
28368
5493
16614
27366
2212
14876
11209
4596
1420
29033
28438
12975
28852
8229
2437
2494
10677
9944
7049
12181
14788
12850
1576
3062
2345
27305
27658
8887
2292
18276
18640
7621
9451
2136
4775
14441
4550
7089
6684
28618
19359
29299
7218
7348
22692
2145
15025
23191
9231
8990
20162
24531
1368
3218
18873
11058
18344
19599
6194
10934
17810
9652
15199
16278
27902
22930
3232
17283
16229
30734
24404
29487
8772
15878
29936
25104
5066
18232
30542
23394
6100
5983
27975
21611
28956
16030
23939
21506
31405
7458
5008
29522
13723
2564
15154
23516
24304
24940
17914
26299
8681
15868
20250
16684
14947
24940
29048
14925
7056
4209
17409
7717
28398
26084
28736
16869
32634
24864
5935
9581
25889
13228
30797
19986
1143
4634
3824
16031
13995
3118
6621
12441
11707
12355
16662
29384
26852
32235
19955
4338
19805
27606
10612
10474
14148
1269
5334
4298
5849
24798
20580
12924
28138
31603
9360
16511
16782
12222
322
10215
21526
23072
10096
25510
15169
26027
4335
5387
9903
18636
2697
1416
27288
13613
13391
30136
8894
32473
23600
23968
416
32418
26315
566
8177
29632
14978
1055
24648
10426
24784
19389
15129
24458
20956
30313
1764
18684
7758
10493
4268
2903
27489
27542
6315
7231
30009
29336
1860
29146
2936
30962
28217
20274
15372
4003
10782
12250
8266
1661
14350
5845
65
21032
5020
17587
16456
4971
12556
6397
19674
9127
26564
8915
30884
19108
24829
9428
219
400
24254
4158
11219
26437
28427
15190
13774
18891
24410
22283
18
26910
1094
26582
13886
22321
10631
17892
24029
6450
15906
26743
1084
28176
4317
138
32377
24123
12534
9908
28637
30891
18196
8270
2667
24867
31358
32728
15801
5047
13963
9369
18431
396
25690
23942
23918
27359
27842
13157
22979
6728
5772
7730
12315
25920
5344
10690
3337
5602
23038
19878
24294
8686
559
31826
14440
21267
27386
11647
16758
17518
19098
26573
10811
22862
23472
3501
21626
4410
28982
29054
10017
23861
1716
29942
16416
23104
8374
14276
30843
5409
4477
6515
28318
15203
30197
4754
2802
23966
32487
10514
12973
9976
23152
1007
7406
11756
20914
25107
32265
16970
28361
30839
32031
23679
16128
31627
10227
4631
1349
22488
22776
13184
28891
24035
17327
30481
11343
25941
6959
21834
22701
11098
1797
31326
18675
28743
23103
28910
4550
6271
16580
27160
16740
21655
22247
18096
21466
5304
24379
17869
14199
19269
2728
31880
30080
17086
1726
31488
21285
2789
17994
17058
32436
16671
14375
29095
7437
14364
24663
18397
19286
17082
1874
26795
26864
9767
29598
32335
15785
30534
24992
8811
20531
26453
11698
12224
213
17356
25718
24889
15456
11656
11625
25131
23397
19240
17339
13275
421
31416
29022
3137
4553
18061
16477
4619
2387
8559
22127
6629
22741
11774
11980
18680
3168
5454
9791
16560
22592
12501
3452
14275
24038
2951
13749
9327
15654
32319
11112
23555
17827
27489
4987
19360
23687
23997
24202
11841
27255
3767
18048
25593
26054
6053
19044
20092
19688
21113
7286
22241
9514
11680
13947
166
20897
30506
2133
11765
22112
25386
29910
31013
23534
20832
4310
18308
1784
5653
22659
31060
30786
19015
20217
23315
2275
26374
15379
15360
5810
12318
31872
19930
29948
12790
6169
12779
21880
22200
4721
22341
15740
22194
10670
3660
23408
2045
30616
30068
20612
20828
10480
9036
17054
17510
16131
12732
19094
8936
3967
3722
4774
21381
30340
13603
14620
2463
28414
13721
19282
9339
1331
11496
27872
2463
22424
4733
32528
32383
6633
32505
23699
17753
20088
20530
32114
350
10694
20090
5959
9746
21584
14117
3500
30197
32427
20549
18164
21603
31699
27064
14617
28345
21953
28517
17142
185
4155
28866
9654
14384
3568
16794
12941
31701
19396
6157
166
6517
26217
19416
16220
8013
7727
6870
30892
25784
19741
5831
22506
1546
832
8273
18612
22459
15683
4932
549
5320
26944
2082
21066
19542
11734
20191
15834
21144
10108
1765
18465
14580
4116
30811
30526
4449
1220
4775
26766
276
24065
13361
2408
26203
19948
8042
18443
5577
14562
16654
20692
29331
31822
11174
11189
26170
6082
27728
19938
31594
27719
7362
29645
8227
1521
22157
22357
21270
9142
27551
5690
16466
29055
2060
23765
4383
10368
8462
10502
29482
2501
21834
14701
6883
26382
8788
31965
17700
11741
4982
5645
31763
10445
19885
18321
9033
27429
7413
23561
3892
6829
26310
24217
11193
3009
9695
14233
30238
25507
21314
397
20008
13590
24704
10839
25216
19240
10038
13483
15451
5711
29144
11716
11866
28599
429
11093
10927
9947
13851
26051
17538
3411
14629
17041
24723
29932
21810
25372
22816
21502
22544
2952
6409
1018
10040
30202
29234
20035
26964
26119
13097
15167
26878
4205
16393
22445
5323
11009
12958
25657
16520
14569
17865
9037
3011
26379
4134
14635
4494
3269
20973
21049
17791
9439
23062
923
8699
21182
18113
6663
2996
18394
9428
19157
3697
7538
13030
31574
22286
30334
19292
4711
3779
32229
14801
2118
31657
5360
32700
10404
2681
17918
19532
15099
9623
20346
11159
1313
32080
23307
12532
23582
9568
13578
8357
14139
11192
6201
23738
31067
3198
25010
6449
25742
10068
16669
7010
27620
6621
14630
2203
22399
9085
1071
2055
28396
30305
12609
15316
7604
6592
3401
21908
17965
16736
11393
18916
13974
15963
10284
26444
29795
27939
25734
21607
20950
17604
29435
14660
463
27497
25751
6155
7653
29730
8382
6372
21173
10724
5149
19732
9850
3026
19424
11625
3551
24250
20773
22489
17169
30691
22705
20582
4887
9478
6882
18757
5478
21914
26597
13886
432
26964
19497
12118
6142
18415
22804
26284
20222
9769
26100
13729
15518
7182
23864
1339
27865
28792
27104
5580
6865
15831
6450
27086
31
21550
17583
22546
11879
31838
22597
2330
10031
167
18630
25539
9713
7788
20121
11558
20590
17718
14512
24513
16710
18172
27577
32210
8390
23970
24985
25348
16385
10687
15638
22861
27170
3747
17875
29975
24576
3993
24706
31902
12787
4713
22357
24217
27623
11041
1717
31772
18350
21781
16951
18877
22939
15653
1484
3062
27468
318
18232
13002
30919
2340
31685
6315
969
23662
9784
10396
12634
6610
260
12179
26021
29602
6334
23841
20999
21911
27345
14164
10598
6094
23667
1501
28356
25360
7639
30830
4627
10838
19876
3174
20299
23948
28839
30128
955
14742
4548
3816
28060
22929
7731
5312
2540
27995
20969
12451
1146
14677
18515
5784
28221
17255
1354
14952
11753
20805
2628
24579
24260
7153
19399
2848
4534
23682
6948
4644
9376
5667
22625
22597
9199
16734
119
29423
27249
15515
27582
15974
29543
9699
20645
9646
4827
490
24230
8616
2100
21581
1401
13181
7943
3352
15496
24127
21040
28555
24228
25550
9506
22046
28150
18681
10107
30658
21560
25830
22236
4714
29477
32692
21239
7882
6445
17502
6121
29022
11886
2531
13003
27823
11744
14244
9347
10450
16079
18701
26336
13361
655
13431
18407
20878
27243
14669
3943
22340
10718
22894
8916
5072
6406
467
6993
23441
6997
9842
527
9164
24202
21858
9942
20211
1503
1343
17633
3623
5508
8912
27119
31739
12877
8679
21399
21627
2472
5513
14044
28269
30161
4943
9729
22998
12873
26124
2207
18368
13444
21424
23028
7995
31969
31341
8574
25506
29664
2328
22984
20511
10128
22225
14725
19569
32070
7654
4827
7917
11156
24053
15617
32707
4217
10577
15372
29059
14294
24999
6918
736
9761
10210
11329
23987
15197
843
9194
18243
16970
1013
16609
30147
32729
25688
30664
24348
22242
28220
21595
25837
21529
9945
1279
464
13887
1596
17565
23520
18069
15852
5808
24696
5526
21198
2461
19773
28645
3654
29508
19038
8069
2719
23508
31258
19784
24237
2787
8579
5770
11440
27326
20098
11038
6268
13821
7964
1929
26839
9051
3571
8046
22563
965
26640
3146
22589
1713
20447
5218
19876
6321
29051
7673
1502
4168
19500
25285
27927
7420
13615
30628
18188
11436
30645
31884
28455
15140
13869
2240
25579
16367
28870
10058
8595
11884
21808
30629
4086
15397
15267
18106
1966
24923
29987
13326
12921
18406
20226
14137
19167
7228
28582
6554
32534
29903
28813
14409
31522
17308
22925
8781
24128
1536
24929
26383
8069
9934
5985
10511
9667
18080
23185
18646
5804
24170
16861
15404
8506
28757
22947
25994
18254
15050
23154
32722
27287
8652
15634
29246
8373
17036
20420
8342
4766
25911
12490
2983
27457
16659
21034
22000
6506
18122
27312
158
26854
25862
30770
29883
14055
31549
14103
11426
17834
28367
13082
4534
29526
5710
21836
25171
22568
28444
4952
13317
4045
20796
9227
26104
12815
5474
23828
6064
16052
24908
7688
30714
163
3669
27817
35
11337
24136
9831
28519
15675
29298
27431
6828
22301
14587
9540
25713
11714
17526
21203
28929
14484
16822
29740
27372
13623
32739
17318
27575
15721
16078
6817
23763
29741
14210
10186
25804
3624
4892
23194
13507
14667
17372
10272
18974
10162
29819
3329
30846
16844
447
28861
20465
17341
12878
20019
13162
18944
8384
17768
13166
4433
3063
31364
271
28106
435
26141
3358
15692
5985
31416
10141
22816
9524
17293
13171
19166
14199
24715
16995
18574
10786
924
11583
15374
8875
21290
31833
22964
23582
21986
13371
2611
31088
19384
23192
11203
21009
6187
18306
28284
27840
8650
5852
20483
7331
19191
19987
31337
29847
26603
2569
2640
1221
22010
18770
80
5750
6168
9891
24985
23080
7325
6023
19417
15328
4165
852
96
20931
25211
18014
10882
6368
24279
30058
25916
29777
32741
30054
17435
8834
24360
15191
25434
7376
26206
18578
17226
5462
9734
14127
29431
1795
29984
27323
19977
3056
15924
14637
20968
28145
7573
8219
20004
9579
13543
23086
29715
14949
22495
26836
2492
15329
30282
26164
17395
16748
26449
13159
3014
10996
31227
22245
13080
4826
28403
7997
23692
9800
16268
24074
6821
22469
22018
20258
2603
8198
6915
16
27600
16647
31853
19397
275
16219
20826
16010
12389
1473
16218
30265
13450
26359
1279
21165
23363
29139
19871
2679
5930
19343
29269
30674
26845
1125
19529
12762
25438
6747
31793
17912
20410
7777
19224
9633
13289
12185
2142
7232
16630
16630
2305
24944
27744
23816
11290
7023
14527
23574
2219
26063
29098
16494
10391
12399
24281
11513
29938
2730
12935
10770
14203
11982
14106
11416
21863
25040
6
4930
10081
31550
8687
3635
4814
10612
13838
9423
18517
17939
11477
19916
19359
20143
13270
19852
10331
21960
13025
20138
30854
32764
9324
26835
8169
24954
19768
2519
24803
20410
5938
29951
11880
31596
5016
19618
24394
26286
26716
23027
9911
2945
11469
1821
30212
18046
31092
16274
11176
22981
12092
10911
13196
7223
14807
29765
31874
10469
20828
6212
26386
8903
32565
25464
4477
24754
27192
8040
9468
5508
11796
7197
2121
18594
16879
3120
7008
12964
12877
26407
24711
21070
12852
17922
13964
19906
18318
28176
2126
29685
5838
32263
5502
29280
4566
29012
14503
4856
3608
28080
20076
5727
1532
3828
8722
32348
2434
9518
830
23689
8745
6388
26879
31051
11791
27128
17934
26375
30297
31709
29269
21907
1237
9545
19887
14827
31966
13628
32751
7718
31617
25248
31267
11688
17118
23073
7450
20888
13520
24126
10531
29077
24784
11680
23320
11428
10518
9131
23195
7789
17154
18260
23968
1192
5819
15410
9516
22738
16918
18903
14171
12836
17081
28000
31400
965
2944
10571
5737
2879
2335
1929
15513
816
23049
468
16602
28226
15761
17475
8378
3676
32335
32284
24886
23578
23494
13545
25981
4731
14147
19918
8950
8922
2056
16665
22147
9504
23210
11291
7944
6199
24504
13623
8487
1730
19869
30264
6222
25611
6600
24807
30964
13628
19722
20958
2079
23251
30527
17815
3114
3664
1584
25544
31429
26672
952
21747
18493
543
32550
5688
15358
2410
9699
16239
28246
21939
20309
28531
21371
22504
2
21184
30672
30070
10233
30785
20836
9145
8302
26723
19131
22455
11428
12910
27346
7695
528
25621
15965
28460
7099
8012
26195
5054
23784
16985
28588
11627
18167
22062
22634
14273
18057
14070
26070
5488
23525
10990
12300
32182
8858
23414
1721
24090
31846
25704
4900
1117
25431
28072
23403
9390
10032
764
2831
4125
6670
7710
9395
12114
28747
5904
289
5503
22435
28336
16270
16275
2453
10124
2847
21425
23820
8439
22956
29920
6975
10333
1987
32516
7126
13523
30192
16141
27726
242
2875
31598
1694
30438
16627
24784
23323
8898
7082
9992
12697
7958
13697
583
9683
12228
15782
13457
17165
32527
4378
21361
759
12533
20664
5610
13269
16575
6259
16048
2525
23766
15327
30361
24544
13528
11251
11086
27437
28139
27149
17990
26291
12626
11318
20469
31077
2366
5799
21312
23523
32742
11917
5429
342
13529
27146
29945
18331
23699
380
2049
29349
24143
26113
18053
30492
1053
315
23602
22602
28980
8784
28960
7480
21129
15413
32515
8468
32161
22829
1701
17110
29091
26508
14740
14372
28337
17345
27671
1906
6008
9107
25447
28013
20742
18091
21532
12698
21724
4179
9446
11834
10565
28285
18813
3954
29670
12807
18907
3496
23189
15421
18856
10032
26223
9632
9206
7464
7460
16870
28462
14240
17558
9537
32074
5375
1187
3812
11333
2209
23358
23748
6864
19653
5829
27803
5447
2983
19086
3635
20195
1001
29124
27361
15153
19511
13425
1615
7107
31275
731
15487
5669
12398
31508
24845
26130
22561
19661
25525
32744
2427
3947
7700
14170
26547
15965
11955
15973
29728
20396
1345
4229
7327
6355
1056
7720
2357
30162
23332
19555
27893
26238
32663
7396
24100
5659
25984
4648
31132
300
24100
9198
21870
11658
16334
22507
1739
10420
15052
21183
16165
16486
32698
29992
17553
10605
6915
22901
18800
2233
10660
17726
26446
4788
19251
25427
16650
13522
29984
23026
4151
32105
2876
4413
8643
13764
24951
15850
1494
25203
2798
1085
30461
7652
6693
18227
15496
312
13968
30721
3121
3919
11097
31164
12030
22053
21341
27994
28008
14946
1656
31193
1724
8492
27650
25790
14274
27712
22169
3777
5277
31809
3361
10439
14834
11599
9482
13584
6476
476
20945
10418
25791
28603
19914
16710
24012
890
16412
25313
2949
19954
17421
4678
7153
20508
30080
24409
29874
22823
9915
21463
14053
2759
9070
14917
14922
30671
9457
20774
17317
4354
23502
15985
31332
21542
12927
22338
24961
29019
11641
4048
22442
23211
3177
10143
25248
29154
4285
26103
18909
18592
3430
31380
17529
9900
9180
22175
15950
19083
21091
4573
30811
6226
14222
12327
2150
10936
12033
23322
31717
31343
11130
25615
8735
4021
29203
8781
16783
29222
6849
382
15497
19156
31265
21600
26912
27801
22644
16317
8262
13996
6631
20893
18485
1395
15385
6330
24078
9624
19671
20532
17088
32095
15914
29574
20268
24631
15251
20153
29575
16527
25749
24280
26111
13290
4212
5795
9377
32054
32573
23431
20090
4441
7174
20174
6140
18958
13431
14100
24228
15087
18825
7674
8154
23762
23950
30238
22297
857
25458
23882
1871
20677
13120
20203
29575
7179
10215
23237
19141
32042
19007
13286
19249
29627
11591
11224
8312
23498
24497
28187
368
9444
5792
4050
20731
32625
30128
18365
17965
29765
6199
25191
24497
6769
16330
18081
9832
24415
19459
7726
852
5406
24450
30400
11445
15098
22066
28452
28273
13392
28877
17593
20921
24992
22947
21798
26602
20452
26263
26700
15537
29216
15466
22138
13171
6459
14140
24288
21484
7693
15439
16967
18966
29113
22799
30207
7500
2109
21327
792
25263
20807
3798
26069
28361
13131
27674
349
19056
15570
1099
31668
28397
21
26259
5610
3422
19658
15005
21650
25945
15422
27732
3190
28370
17316
17645
10121
23359
16556
5415
13853
12793
13400
21713
8278
3046
8204
23437
3039
12885
14564
5845
18907
9513
25929
24891
24863
19514
14535
24309
2206
22520
25113
920
9764
5458
16262
9508
9544
14550
3441
16449
15004
25881
25387
20936
26406
28761
29195
27013
20500
11617
15041
23100
16043
15277
11495
10985
23681
8911
25817
11596
32748
15633
31687
23973
7354
13660
7688
28605
11554
7256
23473
11557
9979
22741
26471
2242
20780
30570
14193
2954
3428
7515
15633
32392
27147
8896
9749
30246
4216
6116
23721
8875
25444
14828
14703
2563
24990
6841
7122
3775
8449
15
23703
26716
30116
15862
20148
28872
6480
4192
16998
27426
26423
14349
15998
10177
32738
24236
25595
10617
26988
1603
12254
12313
32750
2000
3898
19512
19002
25905
31115
24626
1740
29249
1352
12909
1277
6468
10940
29921
7802
16005
10513
26071
25845
1853
16814
28144
22554
1975
15811
24426
14277
7346
29217
15007
18034
29703
13648
7118
4085
2187
31707
13854
2155
5431
3823
32736
6000
17286
4388
29717
25490
6431
17819
3376
29190
26804
19785
23837
28314
18986
20114
26241
12267
24058
15130
6980
19416
24535
10200
9293
20534
19601
27500
22156
29637
7993
30386
31038
21347
27014
7063
16748
3968
19319
13867
9909
24018
3642
27640
30030
25418
26189
30099
16711
27206
8419
9840
7952
18696
16521
9978
17723
3175
19721
5347
31619
15044
23182
32185
31502
17216
3082
26555
9199
27948
5333
23786
11247
23490
32151
11363
10893
31250
12391
21995
9795
25406
4148
21452
1803
6890
8036
14048
4642
10735
31164
18667
21260
29519
9600
10541
5592
21870
32731
5944
22181
27519
18560
24576
19045
828
4242
8497
25825
6874
4290
22213
32766
31548
10935
26325
2110
16999
6578
8111
21129
29238
5746
23594
32558
22350
29269
16950
3621
23637
28097
20407
2199
7519
19906
10644
25503
20393
29940
24842
83
20874
932
9031
27902
30374
17202
1844
19376
25701
24761
28050
505
4772
15090
10056
5617
17578
18262
22011
23675
3677
21123
15072
23755
14773
8161
26574
3366
8306
11397
1688
19689
19978
6486
10905
16333
32230
110
24720
28265
18893
14787
28847
20473
7329
21254
1774
8541
15689
16075
13733
11621
1518
32491
1626
27211
7018
20006
3287
4225
14589
3341
12416
3757
25666
30240
8164
32499
7522
23859
8850
370
24456
32278
15662
8209
1429
7796
23492
8059
26388
1788
30299
24936
16752
6079
25550
15391
16740
31705
20183
27448
16564
16468
365
32167
3099
21065
31312
25846
17796
10312
226
2514
13949
6906
11064
2505
9960
12549
2673
594
3059
25136
28998
3342
9035
5576
2275
20813
20109
24642
10229
20180
17150
17441
8197
17886
24955
31259
29956
24672
19123
1143
13095
145
915
4537
22261
22698
15874
29313
31646
12266
6607
9905
17294
30942
29159
17870
12098
7391
2508
18089
22106
8412
12098
27198
14064
1882
9292
19932
3881
5048
25942
26758
29961
21176
8116
30618
8332
3131
27723
7856
7154
588
8846
16069
20058
8544
22445
18585
5266
1500
24072
3669
23598
31448
22762
22641
29911
22051
14452
16853
3046
21895
12759
7998
1586
24910
1991
30180
11301
22532
14124
17754
23574
18303
23578
10421
14034
14109
25347
4848
31356
26445
23083
10895
32664
10833
30557
2179
3170
14914
9693
24142
29284
12372
12445
18279
10823
347
23731
18912
25066
9102
2059
19014
12465
16779
8281
30409
26144
7836
1618
28060
9896
4153
12572
8863
19136
12494
9731
18492
13368
12222
6253
16270
3530
25255
17936
21449
10483
31720
25442
17622
28161
2656
11345
25917
4716
9849
27957
20296
2409
28773
6147
30054
25277
17320
14787
4557
3023
17367
25668
14691
9986
9887
24590
5599
27969
24328
15000
2859
19932
3579
1211
19469
16530
23555
21863
8711
32239
8272
25749
27772
4568
30977
21116
6931
31844
14499
28424
10081
21741
19700
5512
20930
9063
749
28839
9607
25585
19456
15005
2135
26794
26783
19878
22735
3526
7165
6323
24684
29665
19736
19552
7339
13458
14583
21543
9070
17732
6704
28627
9890
31809
27054
311
23327
27664
7345
25119
18127
2305
1046
22151
14867
19718
12505
28427
30818
19908
472
28575
21556
30954
16090
3712
16926
27330
25807
8043
10046
4870
1882
32524
26329
7156
27532
21177
29507
18340
16371
28768
26111
14234
5587
702
25384
21144
32691
15826
19471
15541
31003
14226
1318
5555
31645
14556
21277
29070
25874
6831
4938
16209
4902
923
21326
4653
22551
6518
3062
204
11449
31569
863
3811
17342
6058
6750
21767
25140
13028
2334
23233
8527
12788
20235
22244
32105
32092
23023
18974
22087
4189
10331
10190
17566
2152
27465
277
26837
18647
27391
26160
5901
1754
13111
29189
1119
20916
19068
13307
22884
27431
30935
27663
19963
1068
25003
19749
12870
12776
29918
14747
2294
11996
31545
11812
5833
15452
16914
20180
2896
14402
10792
19063
9974
15075
7630
2087
574
20802
12876
21278
23116
10116
30850
30920
1703
14244
16590
3356
31805
20584
22064
18733
424
2196
29868
14332
30895
29277
32496
9617
24848
8992
14135
1098
30845
25428
32621
15474
7140
6846
25748
6677
19955
19683
31078
19731
1756
14787
17468
12148
12629
30404
17454
17915
30947
5101
20860
12030
19801
8532
23853
29557
16283
10458
21493
28240
7080
28693
10332
15886
25560
5774
18461
29835
4450
25645
204
31001
15904
23537
6076
20691
7063
26340
6432
16686
23346
11087
8816
209
27598
25642
11279
27303
12411
19670
5674
26418
5249
29967
31971
34
8354
4380
6063
21030
30111
6728
10236
20738
20478
21398
15128
4578
30985
1713
17230
4077
18714
3362
19538
7966
7958
31173
20191
335
28984
30334
26526
20887
23312
10792
30026
14806
19659
15054
25106
9870
16308
16414
7230
27893
5115
14874
534
5960
31669
24593
17663
19297
5925
23502
2024
32652
9786
17679
15588
29079
29528
28985
1560
5160
23388
27465
7640
26195
5850
10254
2573
26988
10408
19094
7898
10522
5537
3302
5247
2477
18851
8429
13437
20658
19930
7611
25083
7108
13377
19695
360
14757
23653
27758
866
6541
30061
14427
5846
17601
24919
20803
18025
5736
23940
21143
1303
9626
5239
11616
28186
5563
31962
6958
15374
16647
10689
15697
15186
29037
28723
15436
15281
7073
1511
31623
17730
20589
32075
13636
5260
22600
17098
4820
8686
11561
32591
5387
14399
18077
1029
24817
24241
27672
9058
17594
6651
392
7011
2297
18615
560
29977
25104
7944
7604
32100
5611
1409
11120
15103
10734
24386
26638
1468
11563
31588
12632
8977
29401
13720
13386
3028
20737
2570
16748
16195
14203
8332
15199
18247
13081
4848
21429
20986
12578
29365
2566
1126
5890
20967
8511
27280
575
21312
32574
10421
17583
1427
10908
20947
28905
3691
23242
1899
2809
26607
20064
18053
12632
13832
23473
1526
21019
30406
28579
2526
16490
4608
28350
4212
15924
3131
11394
15366
20001
24781
27902
24123
25032
18243
9374
2204
14371
26623
27205
1618
63
17446
20379
9009
5176
21689
5033
25590
24677
9473
25507
5069
19152
27697
7684
19223
12009
27207
19424
21353
16763
3123
17526
3288
28894
6971
12038
14452
5487
31646
22242
19474
1597
15991
1478
13135
26117
2789
22636
8657
15457
8809
16732
23248
12092
1167
11778
4565
28809
30161
514
18626
13364
28088
23760
20243
16985
12356
23931
18019
31157
5774
22729
20530
22106
19116
13705
18661
20646
31445
25381
13326
10357
18373
7799
15854
28822
29283
30941
30265
28284
3234
21904
10264
8758
12709
20785
29556
2722
2342
18341
2930
31197
6680
27683
15930
3581
12427
10123
10749
8707
23249
12538
17206
19211
16863
5275
4144
13766
24821
7360
15816
30762
24706
20785
29044
11112
6210
195
31876
25119
31913
2349
21672
20175
31620
20760
30131
11920
3038
10357
4254
19460
29984
787
11216
11914
4477
16753
6300
18868
3981
31697
25100
16636
30520
909
6365
5042
30166
3758
8394
17721
13716
16827
25358
21875
17434
3023
2596
7546
19563
2286
10961
25745
10252
24217
32356
16730
2920
18080
4669
6985
20851
15416
4236
24664
10894
32589
1627
17148
12971
25114
19151
5208
12977
5366
27562
3761
4386
25713
17173
9251
13819
7583
6813
9618
26075
3252
32635
21987
22632
18897
11288
15723
3566
18462
10960
20903
10314
23321
5622
17710
19207
9774
6425
5093
18118
10887
6022
8050
5091
26405
7182
28659
24661
16176
30218
27887
13526
6795
10140
8844
30021
29868
2359
26371
16456
19883
18017
29778
29237
12696
6071
18993
20275
18962
24114
27718
6300
11797
938
20636
4518
25620
17560
4690
14147
19016
18208
15504
12101
22855
9039
16831
12998
29912
16545
29434
30663
16134
11462
3007
24087
8563
20389
9707
25463
239
8354
10725
8955
20297
16668
3865
25523
28517
8250
168
31371
8079
3048
14941
880
24079
21276
12772
13748
31742
23902
24630
22452
21080
23431
16216
5560
19794
30153
20549
16410
16877
6895
15657
13483
16843
21734
27599
30546
24897
18045
5213
15862
9135
13929
12351
29598
524
19340
21857
30423
16325
24183
20897
5975
456
1069
6788
5855
23515
13865
25895
12646
18483
15267
31353
28787
15682
14352
7080
19915
21968
744
2777
26956
16205
11435
3100
22041
25190
21798
29343
17143
31190
14067
3618
503
2943
3135
3242
13142
30649
12495
9338
6049
4842
9541
6719
19740
32087
22432
30603
31845
11577
21763
1412
14421
24340
18615
24542
5415
24644
27762
13318
15068
26584
19930
160
30429
29092
3397
26932
4323
20370
31171
29220
26388
25913
11870
14562
5487
16817
5280
31839
11369
2981
28758
2503
15064
29609
22676
24939
12049
8398
16889
10239
21325
19316
32308
14341
26962
31328
21703
26505
10575
5647
6411
22031
10247
17993
24949
22218
26673
19961
17431
19214
6943
22843
15466
264
21663
29111
7754
27309
13855
3374
14914
16624
21780
27218
5898
26424
24732
12251
25678
8977
19041
471
2737
31777
30401
321
32018
22623
14381
27094
12046
10367
6607
16932
21702
14512
15728
20964
20450
31114
20632
21129
28118
21826
23799
3609
23395
25889
30723
24636
29025
6964
5603
19859
16061
13380
908
9546
29630
1544
19498
24817
4748
32154
3521
13959
2290
25128
276
4312
5987
12268
14534
25098
10555
8030
23487
1138
584
11432
24273
7596
25993
13146
411
14314
6453
29279
4782
1420
27647
3120
16111
753
8089
22343
28733
27277
23671
4823
32595
12092
4821
21434
15599
28886
27899
15786
5684
7940
14016
23733
22604
15954
24141
13035
22355
901
29219
20058
31856
14638
16480
31548
32581
9087
31549
26222
20106
22110
1756
17444
27636
12728
21569
20188
16220
30744
28062
12944
9501
13176
6099
14384
15294
23639
11573
17743
13521
30475
5518
1053
11546
7001
32614
18325
20468
6723
16001
32759
18929
13857
29609
21369
20161
8435
25006
12089
13909
13558
5034
25719
30019
7029
14473
9729
29805
21986
22473
31214
3038
23845
17279
29583
9460
19252
27547
18851
18372
17124
30316
7370
6074
2559
16999
573
896
2454
13604
9915
11297
10392
31657
7623
18287
13476
8171
12560
418
19740
6034
17457
8769
1147
12285
8346
30790
11240
31622
15822
20861
32011
9223
22992
301
5663
18077
30167
14842
31816
15531
2889
16138
6183
30242
3303
12391
24748
18688
2117
30372
10284
23063
31614
4548
16308
784
13093
20311
25756
22959
17535
11238
11359
15449
30703
25489
25258
2003
14257
30199
3506
23116
22219
8534
3275
1950
17473
6387
1335
8913
32393
31421
4411
16608
23358
18477
25976
22720
30489
26224
24697
25759
25116
27080
14473
10346
23568
12336
15303
16785
13618
3903
22140
25614
10026
6478
21419
26788
14908
15837
3050
4196
2754
18739
30321
8566
730
1861
20593
16662
23644
3545
20135
11997
32527
29163
3376
17730
3868
27728
12703
25440
16322
12697
29517
9210
15948
314
32240
1468
18752
12268
25199
26819
18394
12623
2549
1376
30136
25812
24389
16409
30423
10714
8781
32497
26558
32535
6653
25578
15865
12602
6233
4295
3273
23758
1229
22550
538
18274
24769
32622
12213
21479
31342
30454
29879
5721
16880
10790
6978
19106
29852
19922
32370
12987
4755
20324
19603
8212
21143
18793
14737
11318
2078
8527
13743
25767
12197
12908
31868
28173
5447
10819
4100
25239
18830
31235
29763
28569
22665
337
16095
30326
30495
22087
20246
13507
6818
20157
16884
14249
11944
11975
30410
7819
23830
8318
14301
28905
7293
22788
23387
2949
30890
3778
28819
26820
18808
9460
19812
18518
19433
12392
4086
31257
20853
14722
26793
20539
31138
24452
16459
31904
10709
16652
3726
23939
14184
19935
29881
32095
30716
26084
28829
18960
11281
26996
15307
18229
30676
7889
11012
16346
24119
4339
8689
15188
29255
19339
28436
14699
12987
6210
9215
31167
17352
8513
15812
21092
31549
7415
12716
22992
29387
26390
12844
26615
5284
10975
16404
12980
22089
672
23562
2411
5532
12411
27703
29677
19517
21608
10816
14491
3347
17277
11640
3535
41
25710
25940
31351
20668
13648
6175
10755
16786
24226
14830
14210
23437
30605
12247
13319
27263
24427
21342
27730
15424
20615
18992
12716
22014
4131
1556
10771
5077
24512
286
27543
26271
5017
2597
26372
9230
29297
13688
26049
7416
17038
17869
7928
28145
10246
8570
10231
15903
14393
10216
17367
24650
26271
31556
22107
2611
11972
4727
32282
5671
8080
10073
6625
723
11212
21793
15699
9562
25570
31521
22738
16805
31972
14256
6307
31995
18640
3943
16204
24273
1043
5264
32577
21475
7243
8923
6080
26499
21585
851
14586
10033
26999
3217
29555
25709
7694
4911
13995
18633
19756
16000
8958
28738
27564
5502
13001
32208
6773
22532
32462
24124
11776
30782
8666
11570
20244
18525
32677
28823
6356
12431
29433
7708
22524
302
10006
7956
20328
13623
8278
18051
9686
14591
14349
28023
24812
2337
4019
10651
4477
15803
16197
21001
5384
21978
17128
18016
4225
22322
27600
11286
2132
5651
22624
5648
14760
14744
14226
19056
6368
20514
23450
6831
6504
2052
24518
491
8878
24704
26025
32130
22126
26355
11640
21471
3123
21580
3508
15764
9755
7874
3593
9385
8922
21447
10615
28212
4353
20023
31663
554
18305
7382
24000
1397
1898
11513
13810
31303
27385
3459
32498
15021
17874
24083
18992
359
23178
15996
16774
29943
2408
21110
27674
26872
23661
11667
14981
18865
5265
15220
7733
26090
7248
30780
12303
2814
869
3397
10841
10034
26582
9746
14808
26181
28720
4485
27189
31817
15124
850
12710
4785
26610
2484
24522
2986
7445
2911
29652
4015
12000
25013
7659
6487
19543
25404
28625
29554
21729
29264
195
23893
15179
25621
2209
18802
6673
21424
13903
27180
23769
13751
17755
233
9025
16357
5856
9064
16602
30995
20906
27477
32372
1379
19866
17434
157
703
20044
19193
30564
2434
20728
30039
31587
9588
29078
29019
15356
23292
11078
29880
25314
3217
30702
28103
20699
21618
4901
19161
6085
9879
25680
19403
21975
20199
21514
4571
22058
8107
4298
25017
6776
25667
1727
19426
12835
27671
3839
12073
633
16849
6625
18838
25654
25290
22695
19316
14922
2753
10849
8358
26077
26579
20494
25658
15249
19111
11267
12865
24071
9962
4241
19421
8612
30715
25058
16795
23957
24039
3876
6147
19984
1687
9961
6766
27613
14152
2766
20504
23830
2620
1627
18294
25387
13487
19755
11210
27176
26893
9293
22772
7483
10594
15081
24971
9329
7698
30247
15148
28608
17610
13388
1298
13130
2998
19239
7399
30944
11509
17835
30170
27333
24138
9437
26098
15285
10516
10225
23970
20518
32384
24495
15773
3278
23549
4380
16107
28261
5104
11095
8509
20140
3753
21697
4990
31406
6038
21344
2730
32326
2743
21638
31459
18657
30290
22445
9922
3973
1256
16550
30955
4115
17255
21747
7140
6601
6049
10353
17447
32522
31485
15674
24693
21602
19821
23241
9326
8389
21664
24671
8543
25367
15224
5798
24923
4338
9662
17556
14477
29347
11285
2963
16588
117
21548
20191
13168
9523
22840
10799
5476
2536
22690
15255
27005
20201
14076
17581
23818
22037
20794
26347
8877
604
19999
32596
28521
4222
9205
25946
19963
27925
9857
4352
15470
11222
12598
27708
18410
1044
16809
21407
6861
30341
5701
2615
12540
73
9536
9397
9852
32552
32717
12235
21564
11036
30100
5592
12085
18703
3167
1991
7605
31461
8214
27956
14072
20669
16109
8145
8441
32628
5596
30217
135
24683
336
24803
12187
7819
5664
8488
11753
13446
14018
22472
32693
8287
2239
30074
28392
28716
24164
19875
25187
3099
26810
20601
16275
25011
17849
12392
2630
21596
16057
30389
14013
5922
19241
19297
25090
21430
11139
29776
25724
17077
12415
20394
29376
6445
648
19842
16554
28510
32108
11445
23213
1213
29783
32533
10599
