10645
4886
21576
2493
26540
22185
9287
3291
15177
8750
22240
31956
32334
8594
31647
12569
22583
5359
28292
188
17055
21250
8358
30851
14085
20447
21531
14139
27089
31715
20252
25678
13970
3819
19045
29848
8586
5059
7899
12663
4716
18402
30321
13857
11364
9044
1100
22331
26456
7415
2086
10407
20078
32490
8432
5533
1998
24387
12987
16125
2473
4352
25560
5091
8314
8513
30014
22652
10891
13492
31277
3865
11451
22864
13073
30594
9344
8262
4009
6285
15144
5172
7272
2031
15972
24476
24348
25681
518
14230
26317
13735
3850
24257
4840
10173
17363
21631
21917
21266
18872
1122
30085
2026
959
2529
4744
20383
23208
23632
29182
6200
2606
30479
22036
15932
21385
20993
25713
26825
14647
15935
24602
27616
10236
31502
14995
9475
12584
5903
16456
1538
14872
29110
25643
16914
17663
28925
28317
20767
14055
16218
5010
15715
16114
9710
13296
28472
17126
22271
20025
27434
29928
15528
25194
13905
30344
8143
19747
21726
11518
15192
24071
5875
10931
3992
11622
10168
20996
2573
29978
4779
5442
21836
28846
13111
30717
25914
2246
17033
13698
4991
19898
30623
12450
24632
1413
28065
4277
10988
20702
17525
12255
30658
11172
12174
16018
5361
19583
26372
16468
13431
10181
12010
17859
19982
6554
26844
2006
23900
31580
25559
18533
20586
10302
24141
7148
14935
13618
28281
140
7758
24589
17649
26194
26293
31205
32122
3260
23719
20670
29215
22905
13221
23654
17541
3185
32136
12958
4473
29957
6842
1658
715
3224
31398
14091
13151
6734
16493
12603
6529
17427
8155
10487
27513
12512
1689
28052
12895
8249
26020
23915
32561
6907
12029
15559
30243
8532
23459
29698
9270
31251
3518
30954
21260
1826
8989
26473
20219
17232
19426
3430
21344
19796
31100
28134
4406
9231
14806
32631
999
30738
21198
10702
2145
13920
12777
18095
27245
12405
1093
10765
23612
1415
2767
30067
3139
12555
32437
15010
19786
25211
6687
12668
1215
599
6426
1312
21327
2154
18132
31831
11192
1870
27407
303
19416
4402
11216
19429
19466
23003
14167
13576
14515
14825
19028
29404
27160
30556
26200
17917
3699
30550
19594
22852
6725
15650
4251
22766
4845
23158
22524
1275
26490
13557
6478
17109
19390
17656
28698
29234
18851
12686
22722
2363
31939
28098
26807
15342
11314
15132
22253
12993
13982
13674
26764
5256
1179
19391
5609
26520
30008
19133
31668
3629
30934
23568
27763
25097
20026
7995
13870
13150
5600
16279
28780
12014
12178
11160
26207
28529
5690
20819
29020
15927
11765
1085
22414
18190
14440
28726
746
17254
25431
15814
9317
24755
9587
19366
5989
26131
23924
8578
6518
23857
26472
32765
10815
17001
7243
12790
10164
45
28631
777
31373
14759
8349
32601
26358
10399
11861
24717
21896
4768
2675
19481
10360
6486
14075
18111
28942
27195
18325
341
6489
4467
30948
25288
22050
29683
21012
29537
29982
13545
1202
3399
23399
2648
32449
30278
18477
17667
25354
18126
12201
3981
23475
16959
16979
10462
31507
1123
29781
7625
7877
10300
6463
17899
2299
19457
26620
2006
9237
5731
31493
10351
9331
8468
8404
10644
31879
27786
4252
31746
22318
16641
22327
2166
3136
8383
4192
21523
17253
12187
16418
17412
14635
13248
24720
17506
23126
5039
30647
22104
10616
30083
18897
18821
8897
25465
31676
9377
4631
6575
14762
356
3945
24876
13849
24483
5441
7201
5382
13245
26009
26478
5981
13365
12528
30056
6837
10912
13213
1498
16698
19394
15714
8010
21994
23284
22340
28029
16645
7368
31642
26941
8382
23792
5221
11609
23095
2908
13279
7406
13996
13475
15191
16101
24815
22948
25659
29373
22292
27245
24439
25226
9325
26716
32509
22078
30649
29571
7589
19496
27032
18257
14648
31418
1858
27247
29383
8079
30073
5609
26946
16301
16316
6030
8774
15623
10174
13209
30005
25926
2326
18833
11404
24008
9528
16493
20849
4329
27556
32252
21900
130
4701
28036
3864
8624
4765
22954
15162
9687
24007
7569
31377
21734
24221
28998
31758
23772
6835
21852
18950
14987
2083
25043
28037
8091
27523
31807
23526
31187
21012
14629
25248
32660
31804
27817
1379
26022
19511
11878
612
8760
3337
21662
28917
24865
9655
10899
11864
3436
3254
26164
3285
5140
4004
8444
30986
17420
17206
22552
2435
28546
12146
14280
11402
12901
3102
13831
26688
549
8568
16494
24813
27322
8487
342
6549
7399
2930
61
8908
12736
29872
8555
11210
18282
16127
18644
10690
23330
7225
9281
2416
1152
27684
24747
7922
30205
19177
20199
18392
26292
25544
15241
29566
18789
23561
32258
1434
29887
27190
779
18193
8415
28039
22087
22799
24084
6558
28451
24150
26853
2676
17666
20182
32597
21652
28311
10622
7013
25991
20625
30803
14043
18575
8062
23231
31810
9112
14569
2603
2354
107
6086
3280
9681
13861
26641
2761
5530
1767
32177
31085
25949
17872
12962
4317
23175
6440
28755
16345
26532
11486
26701
4568
18978
26933
16406
15191
13656
442
13397
16497
11975
28793
30518
27056
32671
12656
19984
31523
24453
21060
12870
25008
15507
10803
31083
19116
17568
20042
18601
22953
5058
5592
22371
28815
11282
17186
17689
15855
6831
9304
1676
1427
28166
16584
11811
22362
24912
26194
5006
10307
24923
11036
7849
455
20110
14215
14755
15212
8232
27745
11871
29335
19656
14684
29466
13473
7218
14270
10831
3886
18000
23899
22999
31418
887
23488
7509
21365
29164
32690
22481
21585
29863
9431
10403
18521
28502
4530
10131
26180
933
20437
11326
2634
13245
21585
9404
16950
3594
3186
16255
24509
17986
8873
27774
1294
24483
4042
31123
24490
19580
19575
20002
1398
9966
14044
2556
10254
26356
158
2947
4701
14753
14605
8462
9323
23977
18337
27023
16757
10531
27300
10355
25667
7309
3628
4297
19894
10001
3916
19367
417
6
16267
15817
1497
14778
15509
20604
6032
29039
28721
16826
19166
16547
19571
16279
18593
21397
6195
21212
7815
18692
24510
23793
21865
16186
24010
11520
16859
12873
28848
28759
17153
3989
28629
526
25508
8850
30057
24042
4484
16079
28757
14978
24304
19252
4718
3744
661
4744
28399
1514
2452
32053
23846
10434
28631
6224
29549
15210
4772
3540
11868
6252
12658
29230
6205
2617
28924
2815
1216
26640
5269
29469
13553
31265
25019
16347
30566
26867
25070
2954
6333
15363
30403
2367
14406
11182
29748
1495
21756
19024
13626
31289
9914
18606
24222
4827
6059
22929
17419
20616
29187
30900
9065
9824
5612
6368
10854
14624
19395
32086
31317
9123
1669
17005
7740
25769
10884
22908
10024
23000
11359
31738
25284
27648
7216
23012
24618
20643
28935
1887
14073
1205
10392
28063
17576
25760
3888
17159
21530
1419
17390
20114
25458
13276
19759
31345
31784
15099
20810
31222
20829
23129
18302
1712
6251
2994
13608
30936
20417
32399
19257
16107
26606
27918
30696
30873
763
11749
16548
14558
15870
10149
30797
13167
14572
2364
9635
22871
20655
27582
11775
10466
16248
16741
6209
13498
5975
13782
31753
9808
19209
25509
28970
16253
14609
796
4955
8042
27914
30264
28208
20141
2875
22005
25929
22196
6764
25803
27850
26727
8184
2681
9738
22025
16932
15617
13456
25695
25775
31476
24379
14101
29610
15087
20928
23645
20618
29798
4698
15321
5500
9632
32700
27835
8952
31491
27467
14123
11161
31634
9098
17641
12844
24244
725
17715
11783
28471
22099
2025
18844
8084
12582
21487
28493
13173
32740
31955
6274
8820
28747
31663
4857
6182
304
3921
12382
13656
20153
10138
5148
30360
28364
8228
4978
25592
29127
3623
23497
28174
23410
9630
21317
7231
10290
31141
26522
28734
12927
7206
16161
8911
3223
24756
43
7633
8820
18103
8853
22395
14332
20170
32668
29414
6009
16225
5107
18891
1096
7343
10259
17295
17877
22471
21203
7548
24263
30977
2616
2130
17527
18847
13966
16126
10919
16560
31671
31401
14193
14133
11460
26612
13181
10115
7618
386
2679
31720
18390
29624
12224
12433
29581
28096
15204
19627
23917
980
21325
30409
2256
1721
13494
10374
13554
29833
29154
17771
10312
26294
14349
6419
17939
8524
12707
140
8758
10102
22704
17153
1860
31044
19863
23958
8926
24235
1544
18068
19516
25550
26668
27590
6409
27259
9762
28707
13428
29945
28079
27820
11396
3585
16433
14488
10667
29194
1749
31919
17567
24010
14090
5620
28261
9721
6966
2950
7854
31832
5031
7112
15463
1522
25548
9408
29836
9889
24485
27581
29501
9685
3448
2109
13075
4241
4038
30221
22196
31926
27517
4786
16549
4484
32367
2568
23904
31070
14851
30249
21415
8397
30250
13968
3863
26312
28821
17023
22784
8755
19494
31389
29556
8357
9380
15844
27294
622
2738
17850
4181
6105
31746
3422
22001
9134
11206
18566
30814
9979
12135
11591
12911
6676
25466
5428
26996
14041
7408
14794
2062
14391
31372
4108
31554
13042
27291
1898
1485
27553
14559
12263
23991
19962
14540
2939
18475
26959
24567
3766
10118
5721
25803
5287
12206
10805
13693
18940
13477
23212
23363
21354
18270
14263
7617
13136
5327
24130
31428
12951
15175
18481
17971
20700
2562
23969
1603
32721
24315
11120
24553
11744
5889
25343
10133
25618
17421
1846
27165
31536
7635
27337
503
11304
24727
25530
3244
32689
3650
22560
21641
24882
17845
2086
664
22752
9309
14678
11471
12583
26119
10008
5254
2892
14070
23669
10543
10064
27699
23329
9025
25367
5669
13241
19317
13514
8545
29513
16949
9337
31171
2577
23377
2309
25534
3977
25077
3133
32752
1954
22744
14919
11514
3407
2741
8258
15246
1604
32511
15913
10442
17405
9937
20474
21188
13827
22052
12824
23398
4459
23876
25838
11644
4511
22149
29654
22539
13921
31793
17209
13284
8972
6854
2551
1914
797
29534
31241
7409
6131
8815
23653
32375
21459
24244
9249
19671
9775
9323
15580
25675
23848
8385
6234
17298
16465
29067
16238
26947
18614
3382
27165
7009
6685
26369
25344
19759
8587
9065
14826
5958
32010
28901
2507
30180
4266
22740
21972
16775
27846
7348
16860
5563
27016
29588
10755
6704
7087
15308
23957
25103
1680
29931
305
21902
12123
5617
23594
22979
30112
5055
5421
10933
21778
11211
8740
7097
29834
18200
28507
12796
9807
2406
481
19804
15764
24742
6450
21372
23874
10416
5138
4375
9208
14136
7356
17812
22864
25598
24636
3291
101
24902
21786
7016
29586
30856
21816
157
28028
32616
3837
25437
9042
6376
4531
27862
21587
5853
31022
21918
29329
4000
31919
18690
18677
31749
25864
4763
17028
29073
11776
18978
14048
19687
22264
29060
24594
24708
9935
14649
23942
31660
26372
24274
26711
23972
23066
22994
7374
26914
28993
19135
32037
11266
1330
24697
4496
3898
5723
10186
18814
17168
22588
31037
539
15243
3089
31028
22042
20775
28337
24117
6835
22988
15798
29061
11751
19969
6110
32248
31243
20062
15537
8455
21124
7487
28516
12835
3536
24768
254
13385
198
16613
17849
1495
16158
13848
31147
17054
17715
7129
22693
3128
28424
23473
27996
11419
24713
17511
23494
18159
17172
24951
10951
2717
31800
26304
20749
7337
16829
1149
2361
11073
12004
14198
12607
24470
16111
27000
14607
8682
20708
30210
25717
25578
6287
26433
25661
25919
8390
32574
2716
9824
17137
24919
7883
32170
14281
28652
5109
690
9567
12890
10067
17370
20064
22317
10646
31266
18072
9873
30597
12097
20662
30986
26087
2549
18767
1637
9379
13463
17189
8431
23846
4594
14504
12516
4101
13397
30397
1066
30179
19175
9407
17983
26518
31035
3523
13425
4485
19748
3873
25165
30292
18123
20528
8793
1220
9982
10064
26374
17620
30667
20526
12256
24621
846
22339
22280
2492
11463
24222
21220
2209
24559
8164
16405
27208
2701
20373
18345
8149
21572
17808
13714
2758
2223
3802
21335
15571
26544
19611
23306
28441
20484
1129
5754
29816
30747
17865
32425
11066
10535
18675
28545
12789
12404
27350
17346
25522
31479
10844
27967
24398
3881
2799
23882
7713
22806
60
20845
24030
31920
18231
22619
25018
8810
20575
8997
20177
29186
8003
30385
10181
12190
17221
20841
11176
12059
19870
6448
7196
4514
26786
26010
11960
380
29765
14940
11694
24615
19423
17921
2987
6825
6444
30943
28415
6180
22679
2122
30718
30379
29368
12807
18086
2644
3867
21507
898
21134
1091
11333
28621
22965
2286
21794
16603
13028
2715
20912
19125
2571
19786
15997
15876
31297
14467
31360
32048
7771
30105
23631
19656
4029
17200
18323
25381
18288
8701
14009
6986
5493
16077
3307
20239
8793
15817
17471
7295
12042
19192
19502
6782
1769
5125
11335
16559
22560
3907
16164
1684
26166
13294
6558
32247
19169
1972
29245
27785
14619
9587
7410
10442
30327
8517
28425
15912
32438
28090
8025
7275
1429
9828
30398
22096
19178
25497
25801
13172
29935
31604
19637
6516
25822
21533
7837
4179
14782
11082
4333
26140
30076
30470
3607
13768
30781
17330
10887
21857
17907
13129
14040
28520
18990
488
16968
19317
3638
13197
8553
2589
5462
20254
19738
22552
21370
19118
11702
23715
29181
3325
9867
26404
22204
10301
30094
8205
8559
12828
15180
16642
4921
23806
16164
6206
5245
13962
17332
23347
19700
12137
32657
3184
508
20554
3643
30920
12083
16426
27984
4017
3397
32722
23039
6890
31490
32417
8896
6497
31924
27787
16706
16723
17839
28002
20645
28085
41
4436
13290
31443
18252
14006
168
22071
1930
14592
512
17868
14641
4376
26578
10819
10559
19155
30257
16566
17527
29625
18709
10123
6324
26376
80
10908
126
6908
26564
6804
11483
21326
28626
13212
359
23802
2582
22328
30375
14150
15953
7531
30363
19968
2982
290
26514
10503
27146
11216
22850
13581
32758
9301
2072
2458
24670
25892
10957
20564
25831
7589
15930
12671
30805
8920
17261
27072
25922
21308
9212
27942
32022
29167
12441
15210
11059
15638
28135
18806
18544
17279
9101
9253
17097
15749
24968
12362
27989
27956
28613
11251
3192
18862
23535
21743
29273
31181
6534
22669
16278
25098
26673
28839
7223
18846
29781
20959
31969
23271
26086
20265
18508
780
20861
22154
28919
29924
16299
11039
22299
21268
16014
96
1757
17784
12705
23206
9927
32197
21464
22763
10873
28524
8173
19409
7580
16065
4852
15846
6936
11100
32054
20775
17543
31167
21820
5571
19945
8250
16682
15905
29081
15116
19023
21539
24704
3019
28409
21421
648
2054
1678
20065
6995
15144
11224
31917
10030
32671
8609
24584
1088
21310
25984
23160
15367
19168
25842
24408
262
26959
2220
8536
13495
23908
2608
25029
2503
27503
18335
17675
5762
1496
2510
20600
27533
22791
28827
30018
723
20098
31106
19660
6849
19285
21611
27173
20918
11703
31430
25809
5557
19946
15578
205
15454
1635
14682
6093
22300
1835
29498
10184
6047
30853
31168
10934
22669
12497
22238
7065
7796
432
14271
19642
9476
24681
928
29493
19579
28044
21729
2999
31584
8149
2140
31879
18548
5714
22261
6339
230
21960
11634
26861
24262
30036
13966
23718
956
32334
19272
18872
3066
882
15745
23642
19823
13122
12486
23728
5949
27046
30059
28050
1390
1238
6617
10382
15586
377
9768
15152
9100
8719
13809
27008
26847
9612
25693
6605
29314
20805
16002
19881
331
21008
12272
11317
8811
14503
7558
415
16614
5454
8843
22504
27463
30390
9210
3307
8593
20512
11804
2459
16248
2757
20572
32396
22225
18038
27480
18869
3656
3456
9524
26996
22609
32722
30771
8402
5729
14690
3976
12553
31837
30668
26217
19523
18515
17212
23910
9637
8808
7823
14841
17036
14609
693
17502
28950
28038
10586
30628
2021
9332
27333
30725
21279
3826
13056
17267
21177
32695
21049
20595
11766
8330
11368
3886
42
7161
3122
197
25284
3918
7437
22758
22667
22719
20646
23965
32296
5605
13184
31084
9189
26224
29917
13213
13492
18200
9697
727
3699
6359
29685
11760
12142
10325
25194
12034
23846
18852
18270
19649
10321
23597
4068
24075
29217
19178
3935
27585
22217
23766
24111
9430
8510
27042
2960
22693
11322
18090
9918
27528
21639
39
25438
31142
24698
12966
23833
7180
190
6329
16010
1024
20050
8428
20314
24721
27093
8186
11689
17011
8194
29505
14000
29194
14199
10100
25253
27589
19386
30608
6111
30381
22909
14353
14651
2366
24609
613
29630
28789
15482
13473
3964
27946
8402
6515
18360
15264
20016
19543
28236
14683
29402
11790
24140
7473
21016
32077
486
30116
6459
26546
28556
24943
1502
9979
25174
13919
16748
32378
4513
2660
5602
11460
11261
21224
24534
9642
31046
3679
25017
10346
26640
11296
23641
1574
2632
9843
4265
11412
17689
747
3781
18680
14349
11510
30257
5967
8053
24242
2913
12749
13834
3074
18047
29834
22996
994
16232
18809
30795
15351
6904
28825
1469
31338
23943
6255
1007
20983
18099
23219
23559
9281
6752
29002
4009
7785
31486
14196
1377
25566
14603
19271
29761
23415
15320
25436
13003
21183
26511
11464
27921
27536
9333
17741
1562
2019
27501
9682
10376
10214
31678
4369
19064
28239
7701
23184
10410
16112
6350
6610
31970
11148
14703
7630
29581
8938
6005
13472
9384
5671
29780
7039
5086
2128
23737
10991
31728
15409
28434
4919
26970
29799
27472
15638
26676
31165
28651
8882
18774
23477
2087
13521
17087
8036
28567
8267
28472
20611
11999
1984
28980
10436
30141
1414
15611
16738
22091
2533
19975
764
17790
27015
19374
18339
1267
12330
24834
25394
23019
2968
19446
1501
13716
25305
26562
11533
12938
28071
13960
5740
2973
24610
11831
26939
28629
32453
19632
2540
22451
11929
14119
19437
16314
21928
26828
30146
27694
8117
13483
19286
6684
31530
7889
4755
16794
25170
20657
17968
19792
17608
11462
27338
27447
9520
17785
14903
23201
16164
15172
6423
23418
18801
17944
2731
8909
10372
28156
5867
30857
9503
14072
22226
25222
31569
17457
6909
195
21924
13909
24692
32498
2200
18745
1992
16182
8784
29889
606
8747
8844
5377
27146
4135
28375
23969
14047
10175
22274
7302
1862
13709
15824
4014
11854
22833
14835
21084
31811
31638
17207
9590
30082
31351
16382
5931
27531
11553
1772
19928
11352
9850
10467
31277
15342
22594
5938
13452
19505
31641
31241
18865
26364
25281
19249
15000
32369
6182
2297
29595
22414
28315
5492
32476
769
26343
5601
13794
22590
3712
26219
13959
9934
15254
30227
7953
4586
19027
7914
21919
19016
16226
20099
24263
6709
29614
4776
1917
30692
11628
24140
26166
4614
19035
6849
30542
2714
24394
22827
22695
21511
28892
14389
26772
25704
10632
20994
19445
13095
12515
18023
8099
13517
2082
13655
22798
18712
4058
15774
6692
20303
6923
21458
31861
21714
13149
1415
6037
4597
29353
31939
18114
10510
5563
22450
29127
23501
11351
10394
23840
10956
2681
12816
17759
4967
24289
13165
18895
24526
4815
22908
27222
15704
22284
10101
7328
3355
553
27695
15481
8889
9227
6033
23419
25980
29352
1098
13290
1958
29707
2497
17116
18434
2462
27215
19869
29119
16552
29101
22097
3710
3093
22440
17371
32426
19318
15132
16638
27656
17224
18719
5826
19087
27257
25725
1562
23417
12584
24933
25795
26266
9389
10593
367
7665
5337
23435
4899
24445
7806
15615
14302
18769
16178
3468
18043
21483
22097
5295
30680
26306
14145
31425
11064
6942
12538
17007
18918
8492
11973
30315
3612
31570
22083
24417
12578
960
18098
22061
17594
28744
23916
1611
15292
18543
9136
13454
26110
452
18853
24085
25462
13936
21148
17276
21155
10767
22166
13391
15912
4286
32006
11972
3515
19573
5336
10153
32317
5272
28081
3739
25898
15304
22137
25209
17204
2047
25879
27160
27179
20700
27515
25912
14880
22587
15842
18871
14794
4361
11861
24837
3625
18519
24947
23000
5480
25772
24689
8737
10504
12192
3167
7486
19259
23974
22189
2673
17294
18474
25325
12177
28363
3548
30170
7167
17950
3403
21914
6108
24950
28085
32576
4985
31022
10781
21909
11023
10989
21151
11544
4785
1483
30721
22851
32382
8629
30090
7952
23323
17938
3351
12476
27233
25510
2411
5835
6226
26039
23239
10828
7250
7791
25018
1118
14996
21122
23611
1779
14802
10257
10485
25300
24897
31949
21730
16102
4804
26463
10011
25771
21855
26632
7919
5643
25583
3204
6194
28757
5145
2869
2519
129
10625
6525
4802
27832
26940
364
18647
22294
391
15003
32343
23982
6585
2647
29036
23502
7798
28418
6658
20613
7718
23223
2521
3683
18853
301
4824
6272
27964
15582
10149
20671
30161
20328
10866
23380
22106
307
7706
23428
24984
25684
28012
28076
27649
16049
15558
645
18942
24422
31207
32678
32342
25448
7678
18763
11498
11624
22022
6484
9636
5371
1366
18321
7082
4343
22132
26428
23767
24864
20011
24007
7531
31492
5341
22233
11265
15907
27162
14739
8642
13139
30320
791
25305
23395
28549
10827
806
20735
16996
28890
25399
16851
14357
17788
6516
756
18544
7032
31641
17531
3890
23399
23658
10355
5969
20794
20898
16629
28813
15230
5676
14737
17224
24543
23701
12272
22167
18667
9666
32696
15513
4377
28638
1456
6408
24330
20887
7717
13837
30478
21898
25228
23385
1514
10747
27240
7025
2265
30922
4974
2889
30416
31650
5351
6165
3846
8308
25175
28508
28852
21028
8540
11598
24601
14722
14040
17751
23746
2683
12114
22772
27912
12689
1690
28870
17114
30088
4780
19429
7613
24930
5591
14710
3600
2702
15391
12416
32149
1885
2015
6651
8493
10677
29107
298
14307
21001
16276
7723
15148
28296
22341
28365
25709
31381
4079
20897
11198
4728
18184
22356
9198
28499
15480
15931
22471
24407
31231
19504
3219
3639
18897
31389
3551
12765
132
10454
26238
28509
7724
18604
10961
3111
2757
14655
14406
16256
29137
17427
3615
14387
321
28774
9077
10883
3993
8385
24188
31333
27984
11982
4360
21996
25973
31081
7760
21509
12697
6393
11762
27492
25832
11777
4152
21950
4761
32242
14234
13113
13193
21060
27524
545
3874
19908
6233
16092
11138
11312
24759
16416
2265
8193
21501
9059
11283
17032
28170
23955
15544
19004
17480
17416
14864
31571
1002
8631
2954
1679
9585
11432
28766
19035
31093
28586
4722
10774
29346
31813
16507
28591
20737
30960
4964
27506
4728
24452
755
17953
19605
32753
11690
14663
21383
6959
22507
8649
21101
10872
26208
8382
14548
9909
22426
16000
8570
25654
248
17411
5720
22181
4811
15974
21984
20797
10167
24776
32132
5943
25437
14429
15735
20613
25654
26305
31159
14019
3266
22156
31819
3691
26595
7718
7369
16456
11395
1245
284
10029
9341
24116
23428
26086
31419
12158
18910
22895
13468
21420
14886
31588
23192
4452
30778
18617
5158
22355
18657
171
15069
4803
13835
20470
10458
21616
28763
15433
18019
14231
27106
25591
6857
16209
3630
26095
25747
7711
15235
1518
31960
7110
24936
24819
2541
3421
26725
17908
17729
5028
18188
1743
22660
5015
26678
21891
5647
7491
18063
416
4224
13529
24917
10748
21924
12801
28252
13992
20635
10608
27990
12066
5942
5309
81
16588
9892
11376
11649
2461
21326
10333
28224
31511
28671
23088
12115
27001
28744
22088
9839
6965
2595
7881
8443
27812
6870
1260
12312
23545
21274
13466
21983
4468
28285
7738
6121
14296
31237
12999
6933
14622
28182
9765
11397
13163
8085
11189
23530
14912
19534
24871
2818
14320
18067
23439
5727
856
1062
2747
31593
32202
5210
26308
8102
19786
16756
7140
7481
1789
24919
10375
14505
24030
6497
8613
25572
10675
6544
4430
29316
23104
4841
9095
25424
10938
27930
5460
25350
10622
32606
6678
27736
26627
20641
11031
10548
26381
8933
30052
31048
4900
19940
23003
16838
25925
11510
13188
27236
31703
9270
22565
11176
16352
224
1808
4706
27257
14590
14912
23674
32384
20036
3492
4843
2700
22584
12475
1296
18214
31126
5729
2335
25910
17650
22249
9715
8379
21663
30827
2574
27583
6608
4447
29662
17803
9981
31083
28479
4631
31112
31866
3138
1476
1697
17422
29484
31053
3943
27351
31170
14843
79
28292
7620
10777
24522
29657
2232
17832
4130
4354
232
24404
26789
4647
27566
10662
27142
27712
17647
24698
4608
21035
12262
9908
4668
8187
1315
27695
28277
4244
467
28662
17882
29045
31809
12983
19380
18644
16797
28020
13128
8688
253
24700
4863
29603
26529
3738
708
21814
21115
14476
31150
30074
14574
11446
11999
2068
13527
16152
428
7449
19402
32126
11518
5851
23966
29686
18935
12802
23595
5511
26073
21470
12370
7456
12068
4859
28734
31439
32255
11766
19178
8499
15321
25744
19683
18228
28240
26369
25168
29169
26962
20367
14895
23290
27778
23134
28385
1728
12253
20362
6121
8010
9117
21363
10481
26409
26461
4440
16909
22701
15487
29736
21828
17753
30667
24980
17741
2453
13912
11113
24982
10403
22960
11037
25483
25812
3887
15271
20756
10236
26284
1428
26719
20515
15452
20824
30945
13437
31218
21474
19863
30365
29451
10611
3218
29669
24778
29359
12210
27457
16575
18421
31410
11029
6926
30444
4708
23411
29645
15966
6462
14482
27565
31818
29974
20859
21469
564
8746
7942
14635
960
14179
1797
10861
21375
32731
8127
15903
25097
19868
18336
6989
13132
27051
25902
2484
15907
17733
25407
19748
27179
20584
15721
20520
8146
6549
12475
25065
7856
6869
25770
2896
3611
22522
8270
16235
31733
12839
24527
27410
15817
5266
24090
10186
26646
24201
26328
5609
20459
11955
1184
8699
19124
29593
24427
14693
8276
25956
24393
12872
25460
19688
26451
27304
9242
15330
15585
25294
12413
6782
28413
22250
22552
11805
21015
7165
25853
32084
25594
17398
16236
13624
11262
19739
28580
29657
27519
24747
29177
7180
12943
25794
4391
5742
11496
25980
15078
9125
15140
6493
702
9193
11313
1265
18205
30660
11007
431
11431
24085
13435
11299
25549
29531
10689
32077
27809
13872
21133
4932
19688
13588
25587
27934
27761
18796
24401
7700
2982
970
23937
15330
2145
11631
6739
3181
25857
783
21562
13992
17852
3284
21573
31416
22583
14245
12881
13655
22867
5031
10622
12918
11594
23556
4319
4902
15868
11244
19574
19128
4995
1242
19039
30499
23309
2585
24651
6311
20459
5510
7472
27824
15077
2455
25407
28669
31697
1180
24087
19457
20836
22853
10552
13194
21319
28773
15034
29344
21101
30709
26175
13744
5029
860
3110
19434
6251
238
18689
26855
27140
10418
14665
10639
6858
18536
9553
24634
29124
4298
10617
27669
29817
18451
11940
8136
17158
1470
18156
31573
31343
23440
17044
15683
4403
4056
4413
3837
25123
19702
17245
20597
22899
27162
16366
18188
30738
12622
611
13238
8503
18103
29920
5209
26173
5399
15018
5239
17584
25495
32477
28941
2728
30916
7005
21435
21845
28375
11278
26916
24028
7481
25160
13976
2145
15174
11397
29425
26981
8274
1629
26298
13651
17641
1205
6039
20053
26971
29235
17120
25708
1400
4085
27536
23488
26009
20098
32606
27957
6368
4864
22313
13630
5312
23720
5785
9462
12735
24184
12036
2413
25978
24871
2446
7487
24042
350
7317
22636
25063
7717
28748
29283
6890
2972
22181
19040
11287
24043
23157
10744
14971
24699
10707
5619
19090
3431
32704
8537
5900
6445
20750
30415
17616
26282
16506
3108
6210
30533
7708
13352
4033
11114
30209
701
1908
26426
29206
14128
19015
28544
4935
8393
13360
4839
1513
12704
18871
29547
5461
13235
26805
1038
726
21558
30300
3788
17350
31018
11895
22224
27379
5425
30707
10984
16712
28065
25247
31799
20905
1751
12848
19754
27678
10958
6792
3245
25652
15856
4408
12702
3744
22059
22595
10881
16934
18504
9765
30070
24505
8056
3859
29801
9700
13104
4997
20873
21352
20279
30706
2043
23847
8702
18906
25807
15168
25903
13834
5171
4476
29832
5148
3814
14057
18154
19261
31728
24772
32173
29747
23185
29852
32311
23710
2167
17845
18893
20349
30771
16811
1960
18165
11246
20567
30028
27470
18520
27382
12565
831
21474
11912
4883
14699
30253
28023
2072
23339
19394
1145
8974
29838
8707
30391
22670
28062
12130
5423
6319
3301
7120
13655
15132
816
28024
15107
29034
25747
11694
31112
13224
12973
23074
12322
23351
23597
30298
9619
24540
21909
20831
9997
27411
12095
21430
28242
13734
19613
27025
13082
25471
8388
23879
27573
20922
5164
13826
241
2815
30641
28343
31038
22031
10462
6492
24336
4764
19307
16981
26245
22622
15364
10287
5704
3171
8269
7056
30645
24743
14370
7022
4670
29156
21539
384
13837
30635
5488
21234
23018
15028
23217
2397
4192
17779
32346
26614
22555
747
18989
12550
19349
16327
17408
20378
29682
16807
14272
18811
17192
26808
8886
3424
31074
3975
25609
29027
31143
7447
22148
30130
20918
32049
14234
8071
31029
29435
32679
90
3083
31180
3961
15701
1035
10303
22287
11016
13778
18822
22944
20830
5362
8449
13024
27599
848
3087
382
14808
12234
30245
23281
13224
18461
21277
11380
30493
518
5072
11599
238
16296
18662
18009
1578
21294
26605
4795
481
9649
26281
24054
19232
17756
8363
17192
18211
7886
15141
20875
3015
26047
31485
23102
1598
28903
16672
19272
31238
3355
8473
15322
27676
3002
17890
3540
20077
4167
6394
18571
32653
24919
24503
4297
29355
16558
17118
25110
5061
3749
29809
27958
15384
15567
26568
16371
19163
21467
20451
6685
13868
4284
22527
5070
10315
23816
19047
30962
32006
9886
6541
32263
13172
23180
32601
12834
10214
1840
9921
21043
10779
27037
5018
24969
17331
27199
15534
11161
17126
19651
3086
4859
23926
5937
14762
20917
32738
29787
13342
3772
7389
5499
3023
27832
4350
22296
5175
30216
28345
11561
12157
2566
18062
6781
30793
12172
16256
14170
15830
28855
5065
2917
1609
9194
17868
16065
2881
17942
8523
26235
25775
19001
23770
28710
21992
549
28564
28866
28920
1155
28428
23267
1081
13335
2439
24591
1573
19526
28776
359
29545
5845
18155
5001
21306
12019
26902
14774
21996
30074
7917
7216
16833
6770
4070
24038
8703
24535
2716
5459
27717
31131
29895
19620
4126
12015
30572
19737
9431
8383
15185
14765
10638
22907
18868
15609
2956
2589
25916
20054
26325
6248
28464
21058
13564
25197
11495
6661
24124
23380
384
1684
24773
25945
28627
21173
596
3349
30886
18532
16390
2559
10533
25973
28782
10290
28044
13180
19429
32625
31783
22250
20257
7016
27772
6520
11274
31028
20167
29641
15560
32294
22438
23114
11553
19396
29718
20830
19970
5393
22942
3256
18267
22799
26314
7687
7216
9857
26587
30425
13550
19701
5053
16825
25595
7938
21817
22171
6288
10703
13420
20091
13259
1492
29816
31296
13312
9445
14713
16614
10833
16748
19131
10460
11902
21238
17706
4267
17662
11249
21001
23257
27470
9395
13799
4365
16009
30655
19407
17011
28729
13124
16576
8546
32108
25575
9052
9277
23563
23746
7140
11671
4712
16557
24676
32666
27926
12476
14635
32425
18173
17417
10622
1860
6061
11443
4238
23340
15347
11814
22183
27080
11434
18589
31401
30664
6100
15846
5052
27144
4074
21349
6976
14263
17776
30044
4867
18360
32459
8042
23479
15688
16983
11857
20387
30690
26293
32508
30104
19039
32098
32448
24615
11618
19342
4322
3345
28915
17707
27993
22783
12650
15940
23766
23411
5007
18064
30210
16127
3071
25415
16390
27061
13778
6964
24145
2526
31866
2316
10645
23279
7406
26622
23059
14008
16905
20107
10009
18143
16428
2968
32713
27277
13355
22977
16667
9319
2407
23793
3366
9408
11063
7727
10139
17420
25997
31163
31634
408
14550
13146
11913
23161
9505
9454
25769
3267
12420
15177
6732
6907
11451
13635
14013
9166
19
22794
15422
25090
30087
5050
14672
26798
22568
14126
24366
28582
24002
18965
24987
17466
9404
7752
989
12832
18752
8539
30474
30894
21916
7025
28034
8268
4584
20565
1981
17450
30441
14023
32327
9262
18486
14868
11528
4913
6553
14826
25545
5482
17336
15465
8180
17194
3061
1661
5019
17354
914
3692
7612
29922
25113
31915
6084
4540
24315
12022
7249
28425
20087
29087
11068
7890
1469
25383
20183
4273
19028
13835
9843
576
20665
17632
31270
21458
3657
11426
15307
5473
25184
24906
6473
24520
23235
28830
1049
20018
5947
26445
20994
11219
4227
3131
23335
10710
18020
26138
14660
12694
6431
16186
3125
10000
21003
7074
26552
12185
8063
21855
20083
20684
2034
21276
24121
31687
6241
3315
4489
22679
20978
21379
14935
26096
6870
3395
6671
16673
13939
24085
15064
10824
2243
27935
28182
6338
10487
15574
5170
29670
1889
18779
4509
17395
10896
24843
5394
28486
18365
27474
4892
22481
14950
4543
6873
27848
7992
32606
26621
1181
5682
10818
22041
4911
28680
23393
6430
4159
19141
26789
24349
8739
25013
21823
16208
24766
5250
19519
6750
17583
27037
10593
20443
5833
4063
1066
27918
29635
9073
28980
14584
14385
14825
28103
16785
26803
31157
10664
20053
27245
16573
9014
23551
8119
7748
18866
1429
15637
9231
6623
32420
27241
21194
26827
717
1127
9639
20716
24192
4682
328
30062
29960
17349
2527
4044
26568
2877
9364
31646
17092
10293
10279
13490
21091
13834
214
31581
1651
4832
19329
4883
1645
13020
11276
20278
23290
13204
25349
25132
20663
17347
26246
8884
30773
13122
605
15226
26437
16179
17259
30953
8050
28287
12874
10560
15822
4740
8499
17128
22514
16391
4382
17669
10816
21616
29226
1611
31595
23350
17216
26130
22842
26520
21747
5037
4744
13966
13227
24568
4752
11519
32003
19761
359
1588
9327
20745
19914
18061
27426
31994
1050
18034
3887
218
5797
27021
30190
15281
31527
22070
21921
20168
16785
16687
8791
26370
2056
8594
16913
12399
28721
24839
19492
10271
31148
23610
22494
16436
26078
18317
7788
2619
2292
19466
29691
23485
11300
28827
23582
8464
25910
9085
15728
21107
1860
30706
30842
16219
4286
27702
26071
9223
15024
19381
32661
15706
3400
379
14815
20202
7571
28396
20185
20309
22663
6837
460
11988
32582
19458
7555
27666
14497
26098
12789
27454
23515
5959
21796
17246
22704
12899
27460
30183
24726
16752
14880
17547
13635
10974
19386
6483
16495
31250
25649
13549
22747
8284
3816
5959
22674
16938
1765
22109
26735
25724
32375
22351
9439
3736
2588
7606
32744
13311
12961
9528
1131
31391
29323
31066
24230
12618
8886
32662
19964
2663
6716
10158
25593
28392
1432
30271
13457
32124
14604
7577
23464
2565
576
6350
31704
12620
15659
32009
6766
21747
12342
29985
31925
5036
29599
7022
27256
4521
26652
9692
31170
9556
194
6205
18408
15423
25636
28900
17353
3166
10431
879
27989
25972
12438
30180
11852
14027
26649
5120
12360
7464
27723
27851
21502
3326
23588
28272
11713
27874
22836
29772
11080
13375
31626
31557
18096
25163
15572
28765
27332
24889
7880
19846
27773
10673
4290
30905
15813
14973
22702
6466
15744
14469
808
22366
18637
19197
7906
14855
29065
2013
18246
5903
32278
1169
16989
18796
5722
24306
13808
8659
16906
21110
14317
17800
7208
11683
15883
28532
24522
15306
12465
18296
12830
30449
9493
17409
19883
5649
673
18908
29401
19330
6042
32332
16820
18355
24835
32602
24813
21534
2495
30317
5665
6779
25847
14618
13150
27700
26555
27709
32228
7706
26092
23881
29224
19542
5721
1500
2335
6818
8744
28055
25272
17593
17272
24108
31147
4875
14148
7608
17521
1974
1674
9044
26515
22450
27309
31206
23848
1099
20761
17726
13721
10453
16933
7518
21928
20635
12093
13336
21937
26904
27712
30943
26159
9322
22567
11991
23937
24579
30952
10542
21231
25506
3737
8623
27368
3201
25049
23956
14477
14544
20844
5276
22644
1891
25381
20062
10405
16296
23561
10717
16873
30171
9137
17244
5701
16253
30448
11380
22721
3074
11702
10851
4717
30154
6196
11943
2214
8018
14145
15820
22678
28844
21501
14466
27642
18732
15028
15090
11048
31077
7429
1618
4176
6483
24387
10423
2
3802
21787
22315
2800
22639
12663
11776
31990
28694
11683
19300
23895
23180
11182
30773
17482
14021
22548
21270
10677
24985
3737
12738
4408
442
1656
11424
14189
4073
2493
2200
9326
12137
15344
29478
18328
27316
13299
17580
143
10350
27949
15629
14722
27799
21481
28279
30385
14852
28920
19072
32556
10256
30878
1397
733
143
16556
17390
25032
31235
25065
18086
30866
25107
2230
2186
5696
19512
14578
784
32578
6330
2332
3274
8624
26587
6327
1595
24275
19793
17907
18665
3559
22522
26249
3251
7199
16844
2023
14181
28138
23563
31373
19082
25973
3006
11447
25474
12913
27235
6204
468
20246
24290
18358
1989
20072
17088
14051
10537
24505
26517
4683
15481
11119
4288
6691
8742
27911
13657
11378
13869
28250
7783
14962
32748
18463
13651
11577
5171
2994
5789
32152
23967
14868
15566
836
16163
11314
22446
16179
17640
20586
9142
9545
22359
24907
21960
10548
9332
31132
28446
4757
13165
10656
3457
23648
22130
29081
3003
9093
28360
17803
1614
26832
14105
32322
6246
10765
2063
23446
25869
5745
19233
31726
16542
25141
4012
27907
3708
32132
30277
14823
9987
12951
26190
6725
22975
28447
16839
9962
24540
15587
2919
14212
21214
11690
13035
19882
31635
15963
31663
12573
3397
30051
12667
8526
8499
16471
8095
16416
1603
21722
32322
6638
14577
6338
18935
28368
6027
21878
14737
8474
9888
15002
17977
27942
31158
29679
31165
20052
5179
22132
30507
13646
22206
26834
29087
29585
19551
19190
1369
41
27780
16640
10002
31163
9422
25948
7568
2505
16204
17966
14713
3378
30958
29172
16229
9720
23612
14183
14390
6726
13383
7329
7084
9394
11232
20869
2356
6591
27913
8540
769
1702
21673
10172
24414
11606
3716
19630
25667
441
11625
19471
16678
3129
5037
19511
23315
21891
16345
18393
7935
16266
20896
20266
20058
28623
23316
25670
31203
12001
21017
30415
7872
24863
13849
17111
6606
31941
15865
5888
25910
8487
8780
17889
21569
13111
22471
18092
16749
9037
19957
18702
25280
16424
1580
16471
14428
15152
5824
10715
18772
16893
28278
4760
8894
20765
27708
8217
19721
9234
7959
8346
11153
26267
16988
26220
31345
2869
18979
29339
24216
27360
5113
13007
15392
4646
4053
22128
18139
24410
30030
32525
302
22046
22794
20479
7458
19495
13946
8521
29624
21317
16836
22979
1661
1181
5633
13432
16223
4409
5033
30028
25279
15300
843
20706
26567
8078
20610
3004
11006
26839
28964
5284
12057
25161
19644
7755
24597
31686
14395
31793
3202
11876
23018
18116
2338
25014
2467
2764
12978
13902
321
2054
16904
22911
29013
17167
9822
18024
19995
28292
23022
6189
26796
28520
25791
20872
10356
198
446
15745
30951
14999
6672
19833
16240
32741
2727
6253
28074
6193
26643
24441
979
30739
13467
15259
6014
32032
15501
22714
12935
8464
3282
25063
7756
26657
14277
738
28442
3766
23622
8928
25574
14916
8969
15499
28222
12654
9780
30539
30335
24431
30506
26052
12359
9913
13985
3488
4909
18139
29435
7310
19376
22952
16595
28298
14446
11158
16854
18784
18327
29540
3540
29035
18592
11520
12822
31651
1596
7079
15091
215
15496
14158
31646
5686
16261
2369
2114
12052
26060
15370
5713
19435
2941
25236
14105
6816
16761
14992
8344
27656
31953
28184
30865
8875
23166
6290
21983
32456
19282
4824
27658
27545
15406
19094
5400
12759
3702
10483
11685
13185
29890
19571
30518
5338
2006
6683
29899
30385
10197
27095
30131
9700
32177
21018
17060
25639
12518
22212
8459
11778
9576
32584
8353
8729
21977
6158
26431
28080
7680
8982
28403
25198
2423
15327
27219
6497
31395
29319
17169
18243
15849
25139
26320
9724
23839
1713
22070
5991
18241
5468
10819
25945
8294
23872
993
17120
19954
29311
6588
29384
4876
10484
22611
14180
20819
8725
18512
28555
16844
29214
12052
1248
14879
8300
7575
3926
20996
1830
24943
20980
31992
22051
3118
29910
27700
15624
1265
8309
19679
177
22582
24104
13955
32723
14830
25066
23998
27359
28116
8541
24378
13097
2556
23567
14046
30025
18351
30972
14150
25281
22134
23893
5489
28385
25973
8320
23738
17128
22266
16736
24330
15724
21078
16598
30027
252
10220
17800
9248
22019
15239
11489
30931
25583
26865
11609
12943
1427
5825
28150
3023
15562
27508
14098
14358
2398
22719
8288
27105
10024
28964
24618
29913
30584
15300
8156
24654
6583
31348
31174
32225
30538
5650
1054
22656
18106
9498
3396
3992
18962
16500
27978
29317
19593
6800
4276
28750
9057
3253
8316
12175
13839
3734
27482
25270
20892
19495
29762
11378
19275
19886
18989
10345
13948
26141
3356
27690
12752
23455
17498
5218
3982
32369
27138
12882
23878
8691
20418
11648
3764
11263
16606
28077
20454
11897
1400
24840
17057
16167
11022
12961
11010
451
13892
17696
20321
6223
8676
17847
3962
28073
20259
27477
30415
3679
19238
13853
20040
964
3524
17174
28957
25924
5518
2084
26869
5108
1292
3127
5456
21613
9546
28610
25122
15067
29075
22895
20928
7505
4221
6929
24064
96
24102
8921
29852
12775
27580
3278
4824
1580
6211
26743
17509
27436
9874
1754
2436
17968
29855
25771
26735
20385
14333
1213
11764
24861
25507
20156
8547
27082
6895
17950
12202
31979
21995
11607
20927
11953
6862
26956
12862
13139
28870
14603
22100
29793
28660
5561
19931
4181
4792
20171
11974
30827
11312
13946
24512
8370
10235
29296
30224
30307
30531
17608
10944
4210
20218
24885
11006
20068
7011
8833
18370
22880
19669
13370
18609
15240
25020
1192
26178
394
20960
4865
12063
6769
16106
28128
23758
27074
3620
30196
23440
16324
20352
14581
2441
11295
5596
30941
28962
24232
9348
13140
684
2684
5624
15724
4422
32588
24560
18318
5888
27895
22686
23989
1088
1374
8499
14297
7781
28788
6564
28335
12715
18068
16814
26767
6734
1304
11032
4789
26867
12583
24888
15021
9795
7374
27064
7177
31193
594
17050
30293
14430
27077
378
16205
7410
3288
30739
17741
12750
11504
517
22024
11304
3964
24534
15741
16215
5253
17206
12583
11064
7046
28807
31604
2512
10879
6556
31609
8243
2885
21953
19684
13988
21276
23292
11314
15357
2183
23699
27426
14418
23391
13006
2409
21201
8995
12286
17831
28396
6031
18110
15002
9403
30576
25977
23697
6299
4534
11053
27428
30236
25803
22894
11043
4634
18467
10157
31948
30761
21525
23482
8769
26423
31721
19336
19001
364
3634
11313
13045
13141
3934
21049
31094
5698
8843
18199
26861
20972
29852
22513
24179
16731
23948
424
5370
24327
11267
24084
28035
15422
20263
30353
1938
1989
21173
8122
15839
26562
24912
17012
23375
10969
16665
13871
7202
5270
32383
4200
20334
18699
14681
3442
11468
7098
18482
30327
12881
17845
9699
10426
7872
18179
23912
8734
23549
30534
26604
14060
28101
2459
12582
21713
14493
1986
13800
30502
13576
2175
28917
12404
25341
9535
2580
27960
4504
29439
31586
21475
20240
618
8428
26149
5353
11073
26237
18283
1131
9984
1973
19623
18258
16063
5723
14671
26823
4182
15092
19880
14991
11972
25493
2628
6787
8658
21749
19657
11328
2291
20934
10741
23327
25967
19526
10463
14440
20416
22033
17280
2498
7228
16953
20593
7150
13045
11672
14838
11701
7902
24933
9788
1823
6191
17414
29919
4326
3594
19493
13743
42
29534
10758
31924
27238
21260
6936
14192
21923
28488
7114
26467
6380
28738
27551
26069
8449
26118
6021
5327
27984
8609
32355
8555
22816
10630
1009
15181
1296
19760
26060
25970
29888
7176
26314
17449
13518
17288
17546
3166
7428
6305
11088
30750
719
20570
7184
25688
28659
11195
30921
31713
12670
6889
11029
5051
21242
7058
6397
7319
23015
22155
23569
19864
21865
16568
28345
27738
5693
17197
17350
22067
8945
11922
31820
11961
15445
32204
12212
22404
1581
11226
31245
5429
10280
8444
17571
1462
31510
31515
31955
19396
5717
13669
11549
5035
20876
29496
11387
21841
3740
29249
22513
30582
24532
26597
2662
14394
24165
19935
18098
32480
17685
25131
18424
31441
9015
24099
27702
13284
15322
10473
11546
28636
25921
2308
6936
4403
31891
6478
3769
21270
16852
1293
1078
1712
12308
20320
21829
13739
9702
10717
17715
19956
29204
7800
4915
15039
6289
4262
1782
3788
25519
22979
11131
9192
5522
1201
11305
21430
19941
27843
2075
11695
30667
17369
4027
20072
21529
17356
24722
15379
29634
3852
21342
27721
13971
1159
4197
22279
8736
2765
15882
15094
9470
5746
32158
30447
6706
28596
10872
7358
8426
31582
3912
8486
7275
2797
1448
19750
28747
30704
13300
21627
19680
3765
23900
13670
8184
3105
30775
17839
32202
13024
32410
4330
5677
15295
11562
27641
2568
9557
9262
25042
13578
9961
7913
23939
16283
19088
13606
13683
3346
29334
23316
31722
23080
19999
4948
14547
8108
270
1873
28865
3449
806
31184
7473
12710
31343
18376
31247
8188
5340
27507
19579
11693
9514
13733
1740
5442
1803
12637
28117
5846
3716
26009
9064
26754
1684
26991
14873
2840
790
32346
13892
22292
2536
9426
8274
21967
22349
24351
3127
15094
16784
5742
14911
4667
32747
22053
13579
30026
22694
20852
4310
24063
31363
26412
12286
26838
1370
6101
12479
7075
1537
8699
26689
1155
26990
14536
3797
17682
11040
2264
379
24030
17083
32584
15529
19996
5362
1808
29767
23450
27561
12435
27902
5877
14683
30581
31410
28684
11194
6829
18509
28340
20886
15067
19647
25518
22528
13019
4419
9686
8879
24218
11491
12188
17315
17448
6462
12472
5639
21263
17545
26650
92
11748
1236
23072
8660
12827
20622
14092
28412
12831
24652
1461
414
5539
7622
26237
8166
21554
1058
642
16067
32270
21878
31513
912
18231
18824
28024
2292
18634
6616
24242
27399
27788
3808
9193
24246
14023
29338
6846
22632
25173
3139
17933
1506
762
2399
8920
8039
8695
30717
18816
21540
2267
13884
12091
21964
11933
31502
7106
18304
31464
23612
10058
5105
21430
30122
21686
28360
10528
5597
7179
1350
29556
5050
31012
8743
22409
12688
21159
18637
25935
12633
19767
2970
9386
32317
24299
8606
25729
3928
14079
32626
18
26557
19914
30563
3720
22459
12528
9427
12495
25439
24537
9949
29095
29241
19554
28216
27639
11363
21458
8798
11108
10432
17423
25069
31523
20610
16658
25165
5899
7151
7832
12947
29423
3172
538
9637
3114
1946
24832
10143
31099
30760
12050
630
11540
22345
20783
21980
7405
992
10305
18019
17758
2745
18544
10212
14829
17426
12438
10018
14437
27226
5619
13995
29224
3640
6179
17151
32709
3023
29004
29172
13005
25921
30364
29017
14819
9841
31987
6362
19219
13838
30172
25379
18533
14285
22722
585
4785
25589
11361
4965
32436
30753
17530
13698
8292
9537
1995
1977
24705
7907
21054
21146
4205
12209
18273
24782
28733
30522
10518
19195
23312
13557
1676
15080
3487
17538
22381
27106
15126
12084
22361
24158
25635
30413
13716
11487
9292
32136
27899
16410
27013
12125
22589
27736
18946
20608
22087
21021
27722
5419
4864
21511
13709
26269
18487
9208
12855
31075
2777
11128
27845
6358
30824
21332
9943
19429
22696
28299
10375
14100
1948
19563
6650
24517
15280
13816
6964
13494
31800
23181
3633
32716
23577
28614
18225
9487
19654
2204
5971
21237
7535
26578
25957
2019
31349
20881
18683
4337
288
8271
23486
26094
15252
8437
13575
1700
6401
31296
17325
15708
13851
9063
31259
27301
2506
11775
165
15954
18978
26396
25116
450
7573
5050
26271
22372
27751
19547
4277
4985
26211
15345
28825
4636
4301
17917
16853
11904
28823
22521
1810
16250
9431
27124
6191
15679
1401
29308
22160
29806
6705
20928
31673
27217
32180
30710
13851
22112
296
19195
2093
21766
9177
3897
7615
14248
13101
22478
2956
5604
9946
16875
11534
1046
3414
32633
5270
4897
7312
29955
16795
32108
15069
28368
4434
9514
5173
12623
7552
18399
3999
26809
32141
2847
14570
15345
7641
18073
29342
1711
8531
12117
1074
32477
327
18490
22655
18753
24439
15315
117
16733
15982
851
19981
30867
5137
32470
7038
12429
27255
25321
4788
21724
762
8013
2302
14303
12174
8952
17159
5863
22098
8541
13575
10648
21349
15597
4922
16531
11515
15070
18066
14162
19888
9259
6569
15698
14620
30684
12793
14968
28327
21127
10575
21166
28318
12055
23421
19661
5511
9420
15439
24767
16818
18051
18881
12517
30481
1848
28271
29366
30025
18377
26701
2729
29705
29180
1944
8021
31131
17604
23053
26583
32697
13760
5720
14709
23201
3077
23503
6273
5740
6173
6752
20607
16027
11599
14024
22410
17395
16417
16134
243
29835
19996
17168
17196
14883
29391
9668
5348
4791
19991
31265
9588
30548
8093
16567
29818
9515
15263
6492
3267
31972
15604
15649
26223
27700
6218
21637
13391
5554
29875
32232
8338
10982
28000
6210
15521
11427
8363
9748
10311
1431
12379
23711
13333
13089
5924
13141
773
28770
30574
1933
28509
6039
18264
10362
14038
11686
32251
24414
12798
19446
9715
18427
6875
23684
31004
3402
9937
23604
27033
24176
30661
5989
15387
12270
10371
5319
5983
7448
30813
8817
11513
32200
23061
14638
24401
1107
27134
10776
2283
30652
3933
19049
18667
24104
19733
4493
30936
11154
1412
23932
12192
18624
13736
20806
30172
1654
27526
495
3926
20713
31692
25982
32200
14198
15029
14417
8423
7316
15405
19635
6048
8712
24374
30897
18082
9560
10378
5673
10268
24705
12417
18723
18632
748
10294
100
5672
22175
14821
25665
25104
17841
18584
10162
16228
21504
21251
28583
7203
24870
32172
17567
15524
18088
2127
17014
31776
9841
12928
31358
30321
32127
21394
15314
32537
20189
10680
13799
2438
31441
9322
10596
26261
5718
11786
6964
31572
22220
14536
15833
21772
26095
4803
1283
15999
12806
17776
5985
14958
3676
1088
4791
1886
14324
28285
22065
4252
4729
10357
18167
28799
12660
4059
17153
26605
450
3946
13869
28448
10052
21963
1422
17322
25304
29625
17671
6071
5256
9571
27417
18067
11778
19218
30458
12908
10568
21771
15591
12120
22441
9911
19642
8090
7408
13569
9919
9505
27355
25600
12996
3153
4303
26582
11631
21510
13257
11480
32725
30422
664
2799
13639
22935
31306
18493
879
801
20196
12036
6301
341
19542
15044
9307
8031
17325
8356
20039
20791
22667
14099
3874
30830
17108
175
8228
26151
22699
24166
29842
15972
29853
11483
29075
8323
3099
20747
22592
14600
2606
30768
5626
8348
16998
3814
28416
11350
4116
13196
14144
4922
30136
10221
3438
3327
20669
1567
19540
19990
30052
15532
9833
1255
18175
5616
8100
15454
8287
20162
22930
18342
8335
87
26023
6964
12227
24930
4562
14088
20619
8832
25427
1583
4428
27092
13265
22413
12785
12782
9383
21465
20958
4082
23680
5353
14885
9462
17187
16944
6141
16043
12176
22149
15216
27456
15435
29477
11859
1155
13816
25596
14203
30282
22568
14624
7726
17425
19571
6559
16856
4580
8135
13178
23039
13440
8703
27889
29305
3253
25527
15105
30685
12814
18015
16684
26679
12468
21135
7800
31744
24208
18586
3002
23373
2992
8038
12052
13126
4588
25979
18621
16346
1993
14425
7424
7601
6813
17935
16264
30818
21492
3337
9178
26855
20019
20010
5923
6222
7291
25883
1844
31408
27088
31458
15051
13927
4987
18102
24340
2940
17068
20753
3695
20319
18788
27912
13428
20699
18066
23512
29492
14408
21885
20161
28098
14339
19553
15127
7155
8475
20061
13462
2913
12365
13452
16886
12726
10035
4723
24511
13351
1464
22939
9567
18494
30671
24702
16505
4573
19301
20648
14977
8832
659
16406
15494
32194
22041
31202
17742
18211
15368
14882
1448
32008
18110
24845
22270
25859
28695
24927
42
3413
9442
28159
15498
1969
9362
10975
14679
16707
2358
25892
32050
7153
2988
5768
28160
11489
22545
14332
26872
17467
1659
10129
8442
8752
3051
9624
14115
32059
14205
11528
16798
15782
4066
11041
13501
4689
9488
23119
25160
17071
10808
17489
789
25105
27641
12186
32472
18471
30419
31736
26173
29379
478
12915
21300
13537
29116
19576
9100
22245
1996
30263
16836
3107
4512
20553
28702
24996
11442
29846
18932
2599
29266
17014
28495
11111
8163
13846
3766
4252
3911
20254
16708
26180
5016
19088
27902
25379
3609
13299
8547
649
20332
4530
8772
13267
6405
12479
5333
9012
21214
21371
773
32694
18796
18394
10507
25211
2003
10434
16705
15177
8790
20149
16950
26182
1297
13232
17150
20223
6890
20051
31181
17583
24773
10305
2245
25535
14583
13258
3339
14473
4861
9416
9248
32609
15215
20678
23407
9686
26671
23144
15906
28981
21734
11271
30010
28239
945
1435
11743
3708
30231
8670
14836
5600
29247
13998
7919
16109
10335
21683
1768
14121
19576
27203
18415
22834
30785
28034
30115
18431
26976
29134
12545
20328
28640
11354
10873
11753
8416
11288
2631
11171
8584
18653
13056
8867
7746
3520
4715
23655
16934
8899
29843
26782
17077
31157
3354
20784
21451
16982
10960
20350
6095
27069
18820
26347
24621
10487
30235
2203
20998
26353
14559
9339
17190
29079
31257
19329
25398
21054
5345
18229
1330
16703
3125
19056
7454
31973
5705
8035
17909
1930
29214
30428
25571
4348
15190
15557
14003
3878
12359
5613
28811
18924
7758
27404
9431
24150
26725
9473
9091
31985
23544
32349
5229
26482
18421
3621
26394
29085
2595
28628
27304
2405
1716
11424
8707
2645
15901
18942
10332
24622
29989
8552
14807
15570
9020
25950
13444
25952
6927
30635
9617
23201
8537
29929
14014
24739
26108
6471
4112
10659
4944
25226
458
10288
26555
4946
2713
19598
3458
31647
3599
12633
9438
10899
20306
31594
13395
28026
1046
28927
29501
16391
5064
3093
8876
4576
22284
3097
26737
1374
27498
19136
24697
2957
28484
22580
22618
379
14860
8816
26924
12975
25780
11245
25498
25847
13925
5502
16952
20839
18803
32632
5656
11934
31889
1559
8600
12363
1089
23837
5501
8176
12431
20156
9286
29414
15103
8630
24506
418
12484
10947
5316
17462
19762
3379
6528
14362
22646
28372
16790
21293
24197
8982
27847
10231
21074
4461
25541
7985
28996
23287
30536
27271
31463
863
5470
5276
4322
8449
18690
21071
21289
22607
22513
31037
3187
9843
29369
16262
751
16182
11027
10453
16690
544
9330
17562
27508
19168
13020
8602
29949
8431
23545
6826
18906
2673
28266
24759
16596
1628
9051
26122
27043
29147
32348
3786
2910
23797
24428
19139
26422
4714
31575
31845
4964
22237
11843
20752
608
9016
23685
28303
2644
24141
21945
6626
208
22969
28177
15168
16063
5646
16877
25436
8346
4657
22444
13800
22235
10752
5058
23895
6837
18488
13067
27624
6914
28566
16224
19936
13693
24381
12903
12566
20529
22104
15023
1461
26417
15104
22268
31806
8842
10336
15327
9420
2166
10263
14218
5020
8146
6877
2019
11980
5842
5226
22231
2403
16884
11924
20721
28562
1842
6071
2603
2106
2428
24665
9476
12205
10341
19470
28626
28601
10269
10650
27738
14563
5535
30294
30110
16624
15147
20693
30710
10922
14583
32454
28514
23264
5666
2588
8223
7855
24041
14701
15736
1792
7453
26520
29407
7506
21460
32427
828
21946
12128
6660
29317
25127
8317
5046
28047
19179
8654
302
25636
28791
17035
25366
2389
23142
18804
3193
11793
30654
1033
1320
10743
13426
5628
27485
18025
2091
23783
6303
24546
25159
15419
3557
12681
5922
25976
27390
32518
12949
28836
30000
4244
21437
22774
28960
13655
30206
12754
21489
16369
19271
10234
4016
12624
2967
8962
32496
1481
24000
6916
13233
22635
15723
30358
11655
20621
604
1273
15096
3498
27895
26771
2597
1391
23555
1439
11437
2065
4015
18724
4814
24292
7634
23587
16845
14634
31607
5909
18840
23336
16281
18837
15787
17280
811
10841
13616
15034
604
870
5738
292
25368
28292
12627
3804
17618
13808
28036
6699
32129
11602
3926
22548
10216
5870
22599
11053
26395
26910
1695
13486
831
2048
30803
31688
17297
18284
29993
7992
10666
18729
25629
17691
29185
2912
28675
15620
32177
15184
24431
2124
2428
8260
9170
15529
22032
12994
25573
29954
9610
13318
1355
17538
12857
22959
31090
24556
676
25015
20922
28974
16078
8872
24281
18744
27320
27661
24446
25614
10792
19239
564
29468
29097
2018
16009
25035
18643
28167
18800
2129
460
14003
10469
205
2575
9736
10959
21139
14444
12578
17194
26564
15440
16461
5477
291
4679
24949
11529
7203
8639
32478
10652
32581
26639
28181
25029
24736
21688
27430
16817
23233
15082
21519
26804
9142
31818
14453
18996
14950
20722
4502
21955
32292
20665
13951
27275
25731
8629
24702
6639
16747
28671
21467
32111
21868
4790
195
9164
5715
583
12421
22893
26107
1003
4865
20482
11110
11889
16476
26983
524
11325
761
10699
29555
24209
32165
5393
28416
17931
530
31606
29709
21615
11143
31093
8764
2983
4565
12008
9226
3592
10381
29039
10151
983
7792
32277
23045
31244
20775
28209
6190
7765
10549
29579
19164
31838
29225
8128
8259
8272
792
15080
6194
17048
19274
28021
5722
24809
5940
16734
28397
26756
8614
15998
8556
21943
17734
9783
13754
27811
25149
4698
28532
28483
19504
31563
19333
29866
21618
26976
31732
17804
17528
21899
22017
25088
23693
32057
26225
5252
10950
11641
8230
13890
20025
18785
22770
2194
31338
4013
2221
18367
20230
25514
32389
23310
22484
7507
150
17916
18664
9401
2491
16072
19226
23720
6563
3633
27830
8327
19239
7297
2677
22912
9434
20426
17580
28385
22498
8048
21700
5570
24839
231
22250
17385
16394
4542
23559
18922
14648
8925
22515
22674
21822
2315
16358
30086
4927
22195
27951
9000
292
25319
6184
16314
11828
16805
32617
24518
11236
4441
3900
10173
4336
16804
7505
26846
12970
14172
3251
1369
2194
29140
28155
24501
28200
5469
28612
22895
14078
32524
13150
9444
18705
17854
22983
28272
12633
19546
23766
8408
26271
18774
2234
18661
11919
26493
10659
23634
22798
25583
16831
26601
17870
19817
23400
26856
26655
18630
19356
21929
15624
32454
30893
6530
26518
5903
31033
2027
26484
25713
8029
2782
7612
9838
17446
4228
5133
1018
26440
31757
14814
9087
30483
7647
3089
1060
21666
30452
23243
31823
26710
19325
8580
360
23171
18636
9562
7393
17512
17008
19883
12915
28005
19106
27362
31658
26728
10720
24465
23715
9641
31191
24513
30229
19607
26502
14982
6286
29201
24737
25046
31999
32474
12339
9370
26235
23111
20104
20230
4412
11579
26698
9510
4839
20821
24810
27578
4112
16488
21569
29508
27393
6188
23416
22879
20407
1587
6437
29778
16686
12318
20662
7397
3039
27664
3347
19060
16774
23907
6783
13633
8744
18842
22463
29454
5717
14743
8831
16876
7851
15119
25329
30030
23707
22074
31415
14689
6256
3023
6915
8352
26764
28463
17917
12195
24053
12512
32613
23351
23057
11582
28793
11444
29102
21357
793
139
325
30866
14377
4895
22144
27459
15671
20438
4857
23356
1373
5743
11333
26963
26985
27286
11569
29614
4924
16821
7243
29235
14448
25358
11173
30528
26686
3591
5589
10396
28830
23236
19520
17582
7855
2299
23193
2029
24154
12548
9124
1688
32050
2864
23360
20135
5279
16732
24996
26113
24380
32454
25577
30959
32125
12831
26057
19665
28053
13793
6310
19216
14999
21218
9165
14419
9947
20778
16893
27638
21923
2817
22563
7096
14334
13901
26984
4019
16621
22555
3181
21138
9413
5756
17877
12798
10196
23698
27653
9049
16455
1258
30759
24751
3915
32268
26741
20969
30067
7505
6068
5700
18010
5109
11774
16898
24457
14957
3781
9312
9883
9723
26645
10695
12959
15487
18201
11846
9405
14992
21985
21568
29725
24523
9826
13154
12548
13675
11967
29656
832
8987
23239
10689
26567
17928
22206
1248
29083
15929
30560
10388
4592
26147
25379
16394
11153
10360
24765
8881
30080
26689
28390
7406
28892
12076
2399
12562
30216
5671
16179
25737
7434
7213
32317
27987
1329
24416
14314
21433
16379
27737
17216
23608
25397
6076
8223
19906
1636
5647
32711
26662
12132
17868
13979
7884
29263
24500
31525
27557
18593
359
5721
20066
25497
17970
26910
19428
32226
25128
27402
500
28786
29556
1645
9013
3763
32237
30098
28502
3552
17643
1345
31628
31666
30553
24712
24384
2109
25100
18876
6405
10004
7251
25786
16332
19380
25296
30322
21595
17696
5254
15783
18171
31944
1586
18672
1393
7343
8159
28163
9520
24781
30901
17970
32205
6067
25874
21558
18355
5741
10972
14124
4888
9132
20501
3805
11056
7717
14255
30018
14752
25140
162
12616
15925
12997
23357
1744
11990
10612
18617
18426
21431
29171
30996
2979
13264
21676
15133
11564
9614
21672
13003
31101
22472
25776
18898
11594
26356
30642
3704
10389
21147
28774
29861
31605
26378
13360
11578
12309
28491
25929
1956
30207
17235
2074
4529
4763
1661
6120
27042
15090
10807
20150
30337
15032
2299
9319
31413
3210
11650
18724
13523
18292
6708
7933
695
1462
9442
30419
15060
10440
15031
5237
12232
7835
8300
15881
4659
3106
700
23214
9418
273
27416
25695
30375
6373
27803
12570
6115
11556
7488
22338
31847
31974
12115
12611
255
28052
16165
17524
18097
18672
10500
3905
22604
7253
31594
649
20035
7488
22901
10821
25788
14096
24983
18795
14309
9738
27791
27922
6791
17312
14488
15062
15069
26611
21728
32382
2470
1174
24891
15068
6009
23701
30233
16885
23641
32182
18614
6242
7561
24318
24464
10230
26017
18551
27422
1441
17122
26673
5823
20116
16327
14471
26097
24742
18908
7075
29123
29175
31443
20549
6797
19411
30677
9151
478
11481
23318
1349
24758
5724
23468
24163
3573
2313
10145
21711
18708
29898
9287
22881
7443
24555
2251
10336
28594
2428
1805
7935
4324
2806
30383
2599
24193
15649
13933
21111
20539
25652
14252
10634
32723
26430
26709
7288
397
5830
28387
12191
8417
18094
27835
26531
21875
16222
15036
25523
1093
18974
21528
27918
24875
23746
25442
8134
1152
10381
9704
4292
2328
4176
6466
5389
18037
18898
10027
3652
31550
11892
17296
24687
31724
32533
12519
29950
14791
7988
24258
28425
13841
2900
5796
29913
13697
3749
27411
12970
18419
31712
7406
31407
30813
28019
27393
9815
14597
20702
32727
7375
24561
16733
29135
8904
18335
30151
2418
22394
26615
17846
16900
744
31614
2536
14425
6502
1228
23525
31723
6233
18496
30946
30249
8255
3570
19430
23569
28655
16361
25387
24064
9505
14479
21703
2505
26160
21857
22155
4869
22815
8683
3372
30123
3035
12020
22176
9953
12735
27126
5067
18449
23133
2257
13659
4158
1404
23999
4081
24473
14429
10123
15233
12623
30787
12798
507
24486
20017
23195
8491
28232
14326
19852
25566
20190
10855
3803
22086
21473
2284
9189
6559
17837
13886
28940
6931
19928
8814
8109
12763
11457
