26405
23209
27333
13478
31188
19851
1423
11577
19338
25439
27507
11434
17437
30256
6562
22905
21984
15767
32160
28198
2084
16175
29677
19779
2814
9032
6629
7117
14411
16864
30437
21948
9714
31695
16559
4313
11625
13377
16144
25040
3195
32361
4800
6022
840
21364
25481
16556
5005
25788
14763
12181
17701
24127
1664
28740
5072
11599
8284
25802
27188
8075
13751
31695
20001
28173
31630
13678
8729
2277
6918
27206
8208
14022
8787
2253
29040
23808
31960
15592
2144
942
13967
13753
7750
27185
3756
32184
31626
16349
7549
6406
27806
21745
4501
24062
2107
22477
18473
15372
10989
29279
17594
25794
19409
23519
19444
2856
3741
12988
9687
11604
14050
13014
19220
7227
24718
7149
442
13767
8629
23641
11537
1322
31121
21500
21702
15729
12487
17270
10057
16988
3819
15255
31604
13165
2375
8474
5485
11583
20184
6288
13005
13593
21914
28314
8706
707
19718
20571
26866
7320
6616
26669
16096
31197
16149
12947
23956
8017
22605
8048
28086
27141
2333
21366
4732
31854
1529
7648
22661
441
6696
30308
3076
15198
20240
5987
14880
3320
6324
2148
24987
31316
11131
11456
5810
19400
24371
10910
7749
19654
17237
15906
17464
22704
18571
19682
28953
10734
9071
19866
17155
7999
19606
22560
11714
27468
16845
29082
26167
25219
27810
26862
7422
23330
21031
22394
19535
21394
28658
6662
7458
21239
27240
22006
10135
14341
28732
24260
4756
27157
30514
4014
22192
8312
13865
28076
10320
13323
88
9637
19727
12043
26072
15074
24676
3883
15714
31171
19327
28132
31579
689
29811
781
31245
339
26778
13739
5944
25605
1589
12042
19145
10118
26964
9229
6889
2800
8182
18626
4409
16366
26992
8761
5468
27433
1299
10903
20663
2307
21513
31590
32628
2696
21120
29231
21197
16033
11275
843
18567
23435
28484
12022
7100
15496
9399
19621
13022
10197
19707
8346
12025
12507
2594
28597
56
2729
30804
1421
9131
24226
31158
24767
28231
31603
31120
31110
2351
28745
27312
22156
818
26688
1289
25600
7060
23070
1696
16617
10769
24641
31657
30394
18463
19670
20972
20262
8052
20044
15214
15413
456
14344
9294
1688
11740
17243
16365
13882
26043
23729
29009
26903
14911
20747
4812
3153
12248
28591
24792
11136
8329
29725
3142
19018
32563
19526
14232
31797
24598
3833
25515
11960
27285
13982
3993
22936
6201
29734
4061
2418
25849
11842
24760
30867
21689
211
30676
10768
29200
20642
22824
15124
10830
18258
29467
24180
10942
19347
1516
13961
9000
18840
6737
318
4506
24522
19294
19048
31592
17342
26537
6230
14194
29540
11692
18089
11685
1666
10090
870
12229
13409
26966
8778
20329
25031
14448
14942
21831
19236
23473
16843
15793
7952
7337
7150
24160
7413
15207
19887
6513
3081
22937
19471
16813
7808
8436
6401
5133
5375
10454
8827
27261
13907
24362
6092
3041
28515
30861
10544
15702
12131
11182
26018
30906
21579
15355
10993
27758
15240
6010
23574
10330
19185
3060
20933
7218
1532
22361
14658
19192
818
5984
21878
22467
21984
23662
22082
20414
16400
25529
14867
21875
16567
15533
28087
4426
21040
23951
7791
2892
27881
27488
29253
21037
8797
14596
6815
5002
25666
16803
29973
2415
19459
8784
11904
24860
30320
22248
7251
32521
18357
15933
16431
17447
11144
10612
10673
14441
9639
31404
10895
16003
18050
5857
4323
13554
22580
12047
23494
10300
22456
9370
7713
31353
3674
3309
960
9234
24427
6241
11432
29129
7737
24673
21163
25593
63
24781
27961
4895
32664
8347
18297
15770
16826
19908
15512
25263
22112
20574
3682
3792
25288
6405
2575
15646
3359
11904
28511
29228
15418
16034
19945
29702
32646
13933
19631
17266
13122
9598
4087
14965
13547
28837
12630
29721
15352
6099
32270
24942
10952
4921
28570
12239
27609
2990
4742
25702
12090
29265
20356
20723
7235
15216
19133
17864
19331
16553
19813
9496
7418
3663
28050
15218
16008
8208
26702
393
30374
20692
25066
11062
1876
487
150
10176
15698
15707
5423
30554
32659
22440
18008
31213
29423
21654
29132
6936
1560
4957
14323
32630
31183
1546
26035
5919
14680
30756
12424
14705
5931
10384
30935
11792
16876
15026
1663
18219
1437
17109
29618
28929
11539
29133
14851
23204
6054
9178
5567
7165
22317
22224
13185
32017
27178
19317
23553
17026
26177
22059
4653
9049
9967
8911
22395
19458
21624
28640
2685
4760
22305
1252
5046
16484
2720
26631
21676
5280
17873
5894
3390
25728
2730
18251
11064
31859
29297
29018
14373
9894
10796
11115
22884
31433
4954
5976
5758
23319
23776
26554
22967
17040
10310
16463
24291
18569
3875
30112
1147
32103
7382
28640
13040
1192
4215
13590
20031
4131
31502
24191
26054
8336
3586
32045
5718
12106
11732
12789
21129
9556
7436
31880
1366
17306
21364
1504
17122
24698
21893
27102
31641
7811
8223
17457
25982
125
31869
1145
4031
32425
20583
19884
21645
330
16041
25785
7466
25699
11205
29292
11332
26819
31461
7314
25217
13887
5907
14941
12635
21311
7340
10250
12334
13692
14098
32192
1935
20487
1698
11708
9952
17038
8934
19883
30753
3547
3339
3927
1545
29085
9877
11398
18518
22379
81
18975
2657
28422
5515
5775
8181
24542
18306
10091
23649
13272
11545
23127
32716
24399
2767
15654
3785
2649
1777
16707
18476
32587
28175
15951
11547
25215
7084
2059
20328
5972
23353
7033
23070
30327
21829
10046
2137
14689
23790
29515
32347
16161
12699
27580
14557
3676
2285
21248
1699
14482
29938
24379
16467
674
31388
18152
12935
30353
27762
195
28193
17031
23942
15078
29407
2330
16551
19762
26671
1743
2007
10992
22596
12510
22528
6072
8553
12598
9442
9106
4501
25537
18768
12892
24640
14569
28572
4716
31350
8539
24144
26230
21802
26379
32030
26287
14796
6008
9754
15666
16670
25393
5927
419
28739
5784
6063
6163
11288
4070
9880
30500
30408
22127
17523
6510
11163
14120
11766
7713
11535
2662
6828
23787
14634
1768
21483
28956
22542
17944
14343
8
6350
23950
32197
16044
4224
12758
19474
31381
20372
26227
31221
10750
16740
3875
2755
18233
10763
1637
14994
31568
13947
3385
12015
23531
21194
6183
8148
16500
15053
28034
3284
29306
30952
30958
21145
15699
18212
30752
13456
8454
1666
25829
12003
11368
16528
16486
9384
17028
26425
9130
15960
20288
18145
14684
3202
12094
24242
1231
17088
20225
4912
6719
7915
17745
28436
11354
20619
27872
26199
4862
29841
16685
20365
12101
31049
681
1908
20671
32394
26137
29389
32766
1584
21307
21098
21080
2251
30380
7561
10984
17049
11017
22112
3286
19634
32084
3321
25304
22147
20634
1088
24569
4989
25811
11611
23962
12558
17674
27961
23222
26833
24766
24686
106
770
21639
4414
20404
23860
9725
21495
23675
18758
30421
15749
14799
22675
29517
26688
31603
26473
32715
31496
28824
31933
27072
9876
31724
21020
8147
3335
11475
6117
13628
18372
32244
18870
13421
32644
23800
10020
1272
19110
24462
9391
26797
17862
18867
26868
21506
6800
18736
10789
9657
26838
2660
32695
444
17889
2627
31834
21324
17925
18847
9262
14938
17528
17831
4916
26677
23909
22957
26627
12134
20027
28204
18108
19160
12363
6409
2111
8253
16786
4889
27039
428
12243
9956
20436
12943
6634
31912
29616
13244
15196
26529
2581
6882
30258
6280
15460
31015
12040
22874
1336
5391
12129
13914
17749
31648
573
14425
9435
11460
32494
5173
5312
26350
30247
29600
1148
22016
13654
15138
8198
10605
21555
29025
10752
21914
153
11169
17966
1163
15510
9095
18477
31163
17086
23074
23138
27979
1220
27692
4400
8799
30795
31628
15982
15558
9721
21024
6424
6617
11981
8634
3396
12453
15283
1384
18520
15692
2902
10233
21883
15272
4662
13244
24137
30002
24826
28555
25547
9762
17671
11528
934
32216
22353
27687
7570
32379
28017
22509
27918
32736
8441
119
27475
22957
24836
30269
3462
30910
16913
10904
13105
25543
17
14722
22772
29499
26302
157
25464
16493
5167
10104
5797
4086
18857
32013
3349
15190
16057
20110
17352
24030
10879
7009
3609
18637
30541
19049
1520
697
21617
17543
19514
22064
6734
6240
11670
13216
13490
2913
32593
27252
1891
15361
18581
32128
251
14662
3037
5791
20470
13195
17580
23962
28170
10880
28031
13900
30135
15474
8704
10756
30238
31437
12668
43
14614
26591
13719
18983
12157
478
319
26238
30668
32557
31710
16191
13038
8155
15572
18334
6995
14445
31524
31966
4672
23005
9581
28276
5993
15074
13853
4457
24257
18034
6113
25344
30865
29573
11872
7833
16327
18973
22312
2773
657
14723
30440
8699
6443
9171
26337
6554
24310
17082
22167
3440
16841
18815
30156
20875
23435
26688
31406
12206
18946
5247
22608
5110
14566
15069
14679
27837
21050
15908
4854
16831
2268
26507
25628
18043
29018
11318
29931
27613
7431
27645
10861
13593
11086
3438
17026
21466
1351
6933
3101
20380
30600
17915
28592
15446
7742
29036
23525
17501
22396
11261
27279
2437
12242
14798
20960
8585
32034
5133
30172
12717
7087
443
11789
28065
375
11699
4985
32169
7107
24040
27345
4091
11004
12270
32491
6504
4288
32444
32626
2367
17461
21936
14301
29807
24733
5331
12957
31723
555
10847
7323
29267
25877
1406
31969
1232
31467
9813
5271
27456
27175
28481
31538
25491
11269
7008
19176
31860
15509
32340
29031
29484
4366
28995
30918
10436
18533
4386
23740
29290
18974
12852
16400
18711
18275
11469
5712
7278
21075
26460
5574
19686
32668
16808
1448
4395
17996
17754
15503
19138
4580
16316
25386
3564
15022
10432
20276
24782
22609
31556
2723
30158
8867
25236
23331
25920
21694
24881
24002
10818
18006
21713
2797
26340
12106
31654
13979
13197
18808
24291
24776
32154
17622
18045
27173
14663
16831
6702
270
27347
17802
21440
23228
19167
23905
26248
3260
2584
25424
16433
6815
30741
6557
18107
3060
4482
4184
30658
7795
14719
2354
3332
26747
8771
19859
18974
32703
10501
10982
22422
30780
10524
2360
20254
20334
2661
20481
23831
6083
3813
3393
6997
30800
9135
4815
2338
21698
14600
32238
17541
12696
26058
23842
26820
10384
23046
26690
13863
351
25837
32461
26367
17061
4593
24705
21991
20256
8487
21546
22858
25376
24304
12473
30757
1595
7896
31893
23566
17729
23998
5942
9334
18547
20278
8431
32555
6639
23083
5387
10784
12399
18633
18972
17009
4659
12185
19600
1186
9276
20462
18309
25128
31163
31105
28639
4138
14281
12120
9623
29576
24920
5100
16213
3613
8042
24714
13378
20801
22913
27642
6167
31122
12886
1119
7547
22517
15565
8286
4747
11223
32041
11138
3002
29369
2684
29151
12507
20715
25698
28406
24700
30615
20719
985
7542
11266
22246
22672
31426
21519
10284
27834
31118
11269
4220
7031
3472
2449
15451
5766
15259
20495
27727
7339
1648
31237
26700
28500
7638
23536
18287
19323
1005
1092
24559
27086
7359
23726
29520
18958
23576
28828
27353
19893
1432
31999
14409
26075
13062
11599
11974
22618
5351
10704
26646
24625
8527
23317
2577
11558
9464
1730
86
1712
27281
10646
32318
5651
27736
12968
23822
7117
17387
1008
10865
5169
19547
23562
31525
3922
10883
3383
22004
16418
12184
9637
19174
1755
18945
27888
2741
31390
30824
23272
4737
13914
29457
27541
16325
27888
32618
29816
24714
2197
8676
24340
5082
22903
8706
27821
3704
6051
5295
26448
6094
15398
24789
25619
21287
30066
29227
31390
10526
15108
3663
5610
25942
17476
20
16969
23660
26285
3357
7335
11818
7981
27051
18191
30718
19151
7859
1649
2986
21143
5684
28066
32316
20141
16839
14756
9025
25791
3960
17192
18486
26016
8404
10577
17471
28213
30787
6587
12316
3985
4248
22972
23128
16991
4839
29929
19395
10624
7830
13532
28707
26614
22455
17973
14119
3585
12181
11999
16796
24967
7053
31125
28387
1465
11808
15012
24227
17908
17990
20978
15035
2021
18692
3647
23931
10481
6464
5547
10259
19156
16853
14200
7499
21384
1507
2834
5237
9320
19304
76
6304
19605
5141
17645
18447
15001
30810
9067
18410
12618
22724
16118
8242
1009
14728
20664
5114
23980
31840
19036
18901
6161
27797
461
22667
25876
20829
19008
3088
20523
31336
7796
30390
23216
31414
16440
8865
14214
1451
28975
30587
27135
8805
10448
10346
19453
10573
27568
15935
16216
16364
10244
4593
3712
18177
15201
19273
16484
28368
1479
14302
25490
26044
11742
3652
5279
21784
31359
29057
17353
8251
25974
18624
32219
6610
19335
16202
15441
9083
23983
177
189
27535
14251
1358
16233
15678
16319
750
23870
5858
13232
21961
17636
31373
1810
30132
22315
11492
30410
19351
15018
22065
30155
31520
20134
14771
22307
29881
17717
30521
22843
25528
10402
2799
30298
19670
20500
32631
7788
28899
1899
1595
15874
18360
28267
27138
13977
10092
21276
4034
11295
27595
2928
31157
19379
12803
4647
175
28589
31905
27376
14255
17630
21436
4561
11700
21785
13680
31176
466
6897
27279
24243
32132
709
5010
28269
10564
31994
470
3386
3929
1416
12549
14693
8433
17592
29905
21031
29039
11564
12009
17867
15366
15135
8485
27408
26503
14574
12292
2511
31863
11479
10585
22237
16741
21505
25409
26419
29050
20157
18264
24140
16722
25100
7725
23503
9738
29281
12019
27758
4763
7080
1913
526
8038
2694
92
14120
20496
31459
20859
24943
27535
32678
19115
14259
6789
30655
1196
3845
16333
21611
7772
29468
16212
5299
23083
7671
10027
6710
12239
4804
28378
15145
9785
24577
16630
13724
2503
19681
758
26623
21179
30193
3906
29412
20460
7419
21901
10247
27067
12330
21861
27275
4425
19568
9992
25734
12263
16165
1658
13760
10958
19185
5332
32696
20241
13291
17375
29416
14799
22274
8161
16714
4269
20637
27575
6683
7811
30334
17188
4831
10326
10476
14185
8613
3719
16145
6678
3212
3657
4769
27167
29318
14168
28348
5938
20828
27113
26134
3912
11507
28892
21589
19067
15309
3129
3770
18711
15570
32730
2052
14323
23121
31333
27537
12034
15938
26750
29639
15909
15310
2106
32690
15427
12817
20694
11246
3228
3102
681
29384
20058
579
29527
6048
10857
143
27208
24978
13193
22162
8536
26965
3234
5220
15824
32354
18775
14569
21910
26457
15581
5458
21664
417
11022
2535
22190
1103
4025
4
18745
27210
28733
17762
27046
18348
27478
11416
29632
3691
31542
5858
5221
1592
7640
19232
29823
31655
22417
15906
28727
27281
17384
12322
20069
10167
10407
17298
3146
19879
16178
28953
4481
28900
10264
31960
24627
24385
15592
20721
5515
28302
13382
24906
20073
7798
19517
31886
17499
4520
28375
11893
14025
8757
1259
5958
29807
5433
27447
23706
6416
12734
15790
5986
21353
16093
27923
25387
18277
11558
21191
29345
24719
28483
14048
19794
10444
17879
31866
6837
30538
684
26706
7787
2996
1806
13713
18884
27048
370
27877
1669
2154
11868
12758
7913
10970
8319
31320
26341
29603
21541
25756
2736
2486
4561
7980
9859
24823
25635
5943
2974
31541
9469
24873
22155
13664
26084
3967
15014
29942
14249
27610
9949
18879
5448
18002
10165
22458
30224
20236
10893
7511
19204
11791
1575
27110
27522
19795
27748
6224
13602
2331
10575
25093
25313
14981
21341
24117
24447
20576
20724
323
5925
27197
22313
12407
3147
10697
17870
15859
13273
11866
1196
24808
23692
28359
17933
32265
9628
25981
21118
21568
18588
17103
16850
24992
15009
6542
17770
5276
26790
14810
26548
7542
4911
11831
25842
29690
3373
3812
317
25963
25122
8040
32713
16062
10117
27245
8042
26374
32104
20433
16471
32304
600
14587
5935
21488
16005
26475
4409
19195
18979
4501
19952
31863
13071
16880
20927
12207
26038
11338
22025
31244
7475
27998
23148
6977
7863
26792
23367
27077
17454
14456
20857
25478
6687
25670
24428
14044
5332
20805
20307
22459
8380
8506
18095
29998
4621
29583
21272
25344
14253
15523
13370
19388
5459
10085
1822
16089
2282
13601
13995
28462
24374
3994
21868
13740
7097
16728
17555
11339
30680
18499
19518
30021
23866
13937
2298
643
24433
21821
21125
29012
30940
32409
32729
20069
3787
8357
11365
21998
229
8064
25246
1065
18375
2397
20406
2568
26350
20698
25771
31271
13783
398
2180
16896
17508
8929
16344
17246
24194
15649
28047
8724
29449
13522
4332
6638
25060
28741
9420
28904
30065
31596
1064
22942
2858
7660
30689
23044
12166
6004
20925
2647
12570
30285
14508
16467
28420
15411
2641
31399
26249
17764
30141
8358
17405
9718
13182
27199
31459
29037
32472
1071
10582
8333
13394
17525
19112
2413
14709
774
32072
7629
4560
27331
24553
25513
17727
22184
18912
23567
31597
3910
25294
19501
28824
31859
23936
7342
10132
8000
23059
17223
32019
26667
13148
27276
35
15766
15239
19465
13304
18040
11261
28814
7916
19795
19596
19146
19140
20326
5570
24603
6709
3107
21145
29605
6055
10467
1370
26530
8504
15577
5051
18680
5636
22852
32330
14609
26788
25065
9999
10727
15092
18881
27501
8286
26393
2031
5450
28887
6595
22772
26480
10754
25008
8230
18738
8691
22642
32095
21842
22905
18545
27378
20514
10667
29747
30691
18666
28611
25307
29271
27274
11056
22000
5705
16224
16870
19552
5247
27756
24313
14021
1468
10162
8042
16614
7736
28128
321
21633
13645
15153
18651
14664
30067
19345
20614
30249
18542
9730
30283
22482
21446
30526
7179
16501
6520
32670
28110
9416
4331
6202
25175
23121
19493
4946
10748
6880
32063
31725
32692
24925
28694
30911
4210
963
19524
22096
27825
11885
13135
31835
14416
9361
3871
21108
3233
27146
9398
22510
16573
14938
16155
29436
3098
28911
1687
15126
14175
18085
22564
17055
20342
2189
12579
9156
3811
11245
845
21671
29013
25479
1260
1725
9595
6686
20811
5492
20761
30263
28011
18458
23387
19229
1271
27386
12649
6951
29562
968
14651
3901
28112
9535
26287
1945
24539
9736
9945
10699
21111
16094
5530
4096
28079
21488
12660
32131
27441
28038
412
15492
3327
9192
25169
2329
27752
636
27501
11650
13623
9774
9530
13233
8490
6932
32646
20490
18341
15698
16122
26983
5544
8508
21671
25183
511
18107
21474
1992
20920
7154
31314
18554
218
4897
32327
6742
9044
20425
5965
12423
21044
12049
29954
26376
31001
12136
6180
1894
6123
31596
16878
19144
19657
7178
28069
15660
14915
5607
2158
26099
7626
30207
23394
22944
10852
4493
23524
6365
31653
32042
22066
24767
13530
32568
9787
20554
8327
385
29361
1848
25620
17948
7774
8694
7107
25489
25531
14064
29413
19516
20159
14606
3150
25847
2293
25470
20230
28403
11217
4789
27457
18663
3396
11952
11153
19309
14990
2688
26203
17576
5460
23813
9096
22315
18162
14074
19068
16406
32274
6705
27724
18562
10878
5664
32299
26144
11058
3485
6182
20252
8886
2534
3090
1352
26026
16100
26818
7286
14242
9393
15741
16421
18997
19031
12718
15457
12881
17883
17630
3556
18385
25978
19168
15745
9042
1586
30795
2755
11842
13188
4910
10705
31033
29817
7166
6292
19597
27107
723
20252
10017
8677
15572
20288
8061
17589
19952
22405
23332
32417
6864
15682
4129
19280
5897
12801
17636
1611
9109
30759
16972
25787
12676
19160
27653
15477
31983
32021
29460
15411
29742
5159
5808
31012
8010
24897
26452
30120
7093
24161
16402
1364
57
21111
27178
12861
15663
201
7899
1907
19697
26518
23417
25803
18578
20985
15296
16354
13516
16657
20072
30302
6969
28767
6137
5495
17350
31087
14305
15031
8806
23227
25540
29181
19715
26060
11539
13512
3514
22690
17632
28338
25927
9814
12785
11067
4542
13054
11539
20680
28029
1745
6064
3308
14942
15500
16548
21989
11569
12052
27469
9578
19817
10844
19681
20644
32021
9097
29701
8570
15634
15444
20123
5393
383
5552
16859
25491
10866
13741
2213
13616
29929
1181
19477
10339
30724
9589
10841
3447
625
11638
8127
31561
27687
32524
1554
8527
12375
19446
7719
31449
25503
679
22451
18327
23170
10988
19295
27996
5141
30160
6943
10017
15610
1213
11455
9549
24210
11235
29375
820
3695
13277
14176
13789
12808
24210
7679
22536
10929
13146
20130
30575
32202
22115
32721
18253
19766
28498
21159
23581
13327
25389
13608
21668
23447
25976
16085
5169
23666
9374
15230
29220
16403
5523
22616
685
13941
8888
10063
23766
21515
16895
27805
452
27641
13903
27292
18745
23172
42
8152
30558
21447
16781
11113
24512
2728
6423
19328
14744
17419
14446
10815
2383
10822
14815
27854
17217
29908
31044
14507
3010
14413
29739
9025
14430
29333
30004
16317
30309
10068
3771
16157
15016
8359
10423
22153
24189
10262
9698
24551
3593
19397
25627
26794
27582
1006
7176
8938
3362
19598
25599
27834
13522
1887
23079
25014
28103
14855
14810
10971
27609
31887
24654
156
21889
11286
1141
4913
23267
13767
9761
19763
15884
3592
30828
9318
12408
10228
19287
27862
10711
268
14513
25125
7184
5417
6203
23331
10375
20150
32521
23455
15004
18203
20011
30845
11124
27516
5261
16905
21243
22948
18460
10379
10793
2364
6698
3868
25221
5441
27412
183
5864
14773
8482
15251
31108
22932
26286
1712
8996
8457
5001
1456
26549
6114
17818
32489
21510
14402
27848
18360
14540
23957
19995
19224
26345
8137
16925
24179
238
28348
12935
22712
1502
496
6937
8109
31029
28806
4554
8071
19496
1386
6689
24760
27695
9163
18403
12296
6849
20430
29934
3303
29278
12163
3685
20993
15571
6168
15629
19476
32442
31564
27895
13054
23616
18727
30816
14619
15147
6632
31189
9421
17947
13376
2459
10332
13583
17341
27213
27649
32556
21385
26823
32317
22970
24916
29507
7791
10352
7311
11202
5542
17137
9691
31150
4532
13206
25281
24253
13956
21358
14755
4888
22957
26499
18930
11453
7238
9055
29858
22049
22269
13519
18651
22554
3171
15591
10482
31485
21898
23110
15255
771
31954
10396
32080
19442
15104
22889
1574
18425
19088
18951
22429
26075
17741
15082
18154
8784
30
3111
22369
18600
22819
9011
6445
9905
11264
24045
24643
14299
24697
14047
26521
2970
18240
32449
13458
27404
14602
20287
20157
476
11240
6909
8128
3686
13013
32471
3983
23835
7051
14445
12514
4903
7836
26079
4581
3154
21949
29397
1329
20516
27749
22211
30459
25165
16023
2155
8843
29252
23035
19107
15344
11821
5428
13912
25075
15616
12654
9683
27721
9192
14902
25915
27149
6889
6031
19547
25709
5318
1602
9638
14755
32290
27253
1656
9255
30693
12415
31903
16930
4321
12283
13594
12582
17078
17691
32
4637
13810
5184
22117
2432
4477
11207
17304
4042
22837
30757
23088
9771
8149
15926
5224
17280
4123
4050
18056
3459
4394
28322
1639
12863
2605
4401
11310
30152
2365
32326
20574
18472
20869
29298
27413
30620
5283
17381
30861
21249
23378
14469
18149
20617
24902
578
20772
3250
26712
21923
19323
13689
18147
20133
17610
13770
13678
6086
358
13628
8075
1885
29466
16379
31742
10028
29291
11013
28706
23096
7456
2202
17033
5337
32258
16621
24803
23309
25057
8992
32033
30993
32215
623
1498
10803
19153
13228
32237
8674
14922
32491
30568
11015
10330
22910
13736
20888
12016
31780
15042
19049
15963
10621
17442
3398
7952
14529
31346
21824
16551
14514
22718
31556
31270
16079
3797
24306
8066
14027
25330
20907
4195
17981
22171
14316
9256
6297
4810
21723
5931
10079
24395
29728
23878
21138
10597
26102
32150
23916
23996
386
23422
9040
6518
8547
4335
6400
30365
20106
15847
28176
30660
3404
28984
25243
22254
181
3723
9524
15275
22560
21924
19743
7300
15108
28392
17602
20377
10001
8476
14422
3721
29820
5231
23778
29074
29847
18107
9066
9722
24228
5384
11363
25517
32491
32338
3947
26151
23562
908
19255
27796
18061
18660
29133
1334
1726
23625
25843
10248
7358
17706
14055
25761
18133
16769
848
10074
16903
21521
21621
22963
30952
2027
26797
25075
5297
3383
27670
17935
9362
4913
31370
30157
20298
882
32207
41
17142
625
15374
14328
22310
22857
10887
3019
5430
11453
22658
5398
6876
9593
1673
8850
2813
28058
15828
16863
197
10097
31749
3182
14582
16772
18198
15262
25984
19414
15759
18469
24403
12905
30460
6322
10865
256
18590
977
71
5161
16993
10510
21565
23419
30734
25949
1676
4381
27330
26297
14671
2696
9887
8972
31710
1677
26817
13903
16471
7321
24947
27634
20349
12600
26275
30590
11974
5080
10900
8313
11439
10704
19155
25994
1875
19104
19308
23261
24892
12666
21085
18377
30841
10242
14155
18352
21488
20051
15220
29223
23286
9282
32229
20055
2845
14310
32749
5539
16461
7512
19921
2444
17175
5047
8129
24785
4421
31599
1803
4058
5302
443
31631
28758
15465
9577
23923
3108
11223
30942
16152
3951
29830
17753
2892
9758
3547
29564
23489
18539
32560
23816
5053
15057
28710
27624
4884
17708
4924
10865
5460
25884
7841
10472
4415
32682
18247
23620
11390
22062
29241
23094
6035
17008
4142
5735
26128
32269
22366
1281
14086
31004
20372
18032
16833
1042
25733
16490
6834
20707
29280
18476
17581
3946
166
16903
25173
10507
7996
23068
7124
24471
6591
14948
3279
21359
29975
25075
20120
13549
27471
381
29350
9471
22947
281
323
2325
21723
4933
20613
22078
22488
31018
18303
6029
16493
23586
25016
13250
3696
24696
1757
13862
6416
21871
2738
7863
11880
9861
26958
32133
20821
29176
5000
23900
2437
26762
24493
16803
31185
23169
29300
15236
12493
5619
13363
23118
26525
31296
9810
31511
8970
25824
11520
15269
27349
23391
8486
5263
2890
5797
16025
24223
5401
21371
17044
18299
3938
3147
20069
31108
4111
39
25190
31487
11878
11021
1327
2163
990
4970
27402
28241
12082
4316
12712
9690
3509
28732
1042
14654
7909
6364
15073
13057
17986
5901
19634
7331
24417
12261
8917
20608
22588
25151
9797
8949
17868
30978
6365
9924
9946
4775
3784
4282
18706
16885
7226
32399
1113
11279
2909
9485
16480
18353
11919
10612
30841
8631
8906
10782
12714
19167
5731
14943
5888
21199
26616
21935
12326
29786
12708
3595
26166
22271
5236
31128
19151
2482
22559
9098
21864
6880
13041
1092
2788
29101
19977
17600
17254
19584
22980
20786
614
2241
18041
32488
5381
6113
30055
18805
27293
17819
30187
27406
23453
13178
8951
21556
21140
11676
13503
18068
2955
15541
6837
5931
23960
6486
12728
23469
17072
25712
10888
1832
4541
18708
13438
14820
7920
27516
16506
18575
13913
18767
28700
16022
9397
28449
1335
24534
17031
10041
25986
28020
13674
1432
1681
12809
23461
30007
22020
6403
5632
10895
29183
21832
25558
8030
17882
23324
1388
31657
24345
12612
6273
4093
3742
23915
25382
17659
10781
28614
16592
9236
465
29172
26028
23952
24173
15656
27698
28629
6998
31625
24829
21478
12559
22745
16602
21290
17396
9813
7455
27247
2860
30173
23102
24110
9177
28757
15513
25616
9361
27467
14232
1458
1298
474
13049
8357
11825
13518
14952
10170
17940
22024
19280
2428
3233
17189
13552
24573
23606
13146
16049
19926
8859
7330
2231
11369
26165
29724
23222
28521
11132
19886
21767
24989
20143
7919
14331
7904
9670
10564
13679
28525
32424
20297
160
26713
19870
22898
4161
30049
8199
28146
18123
12262
10062
16347
29973
10038
28698
14727
27428
32269
6596
9784
2884
348
8718
7931
4951
7240
6418
16082
4206
19830
20856
25105
12438
390
24812
29961
26357
30429
1231
5604
5653
3752
16173
3536
13439
12061
16368
25952
8076
6916
28243
6190
4216
25207
9881
11206
26552
20710
32766
11711
17037
31838
12014
23851
3802
23050
22389
818
4403
31738
25591
16121
4406
23587
13345
18633
8222
22695
14367
28781
11669
17751
19471
23259
24266
13942
26550
17175
23492
26816
30322
16981
1782
27307
27504
25438
21267
27373
26143
1332
11043
20542
31461
20729
8407
32351
29712
18189
21785
27739
7951
10103
20200
28685
31202
14726
13411
25314
21711
14007
6691
993
15447
23770
23758
15080
16232
27505
14569
8504
26068
4185
5358
29491
27394
1964
12703
20325
4324
29413
13465
26306
7976
11077
16684
558
25267
4982
4970
323
16715
11375
20862
13902
13715
29079
1856
17306
18237
16429
6
24050
21371
19943
29372
6241
14774
29401
13367
7484
16515
19097
25542
30818
18131
28833
17930
22211
5481
23540
16904
24351
25746
7685
13437
2064
27152
2260
3441
3915
855
90
27663
30243
20476
31527
11444
10063
20586
30282
7494
10732
23767
24689
19399
1478
2166
16465
9002
15571
17646
6728
19045
32256
23052
22849
31175
30000
1460
16089
14988
23682
22558
7872
17583
13011
8255
26977
28415
15237
31876
18885
25973
11134
25542
23220
6597
10099
14971
14110
8755
30566
18473
27066
31400
4973
8481
32749
23557
28086
22633
17389
7607
7624
3578
25126
21900
20747
11563
32221
10692
9355
28526
30995
2412
19449
30522
29612
16103
10739
5960
17872
4302
15748
6658
31122
25850
2287
7481
1999
6622
21928
22038
23641
2586
31140
20819
25941
28238
466
938
12770
4396
26090
16014
25596
2514
10597
23834
31135
28758
3532
15687
12591
16546
14902
22881
3351
24450
31757
5564
15025
30203
1296
5795
24678
5855
19102
12945
5910
25246
27185
21668
4793
7519
14121
25422
15943
27471
21963
32590
20182
10041
1929
11998
4610
1880
3203
18734
31634
1129
15951
13842
13913
14083
18421
22007
15449
7979
7998
9756
14895
2596
9007
29951
16811
2692
976
15125
4030
13965
22322
27581
27033
8377
32687
21111
21779
16023
18292
20561
12363
12758
21821
3491
27791
10143
24160
29692
28797
16937
14861
1116
25960
16519
14804
23972
29694
22724
27495
1866
13351
30769
10146
21585
21552
24062
4808
29305
15144
17416
29200
31155
10890
2546
31328
4055
8989
5751
31832
29849
4377
25342
4498
2490
907
25967
12072
11131
29434
19526
16759
27991
23371
16614
13603
3825
11490
9263
4444
15692
22794
31058
1887
29754
32151
29412
6975
5143
29642
22066
18917
32694
18036
10453
20565
22172
21342
23686
30772
8044
7145
27955
3463
30371
2290
9554
25022
5509
9720
31861
32753
17752
6017
17438
30313
4815
20665
5845
22882
21961
19549
15737
25359
24892
19671
32468
21727
28523
26539
3441
32255
7776
24593
1970
2848
4246
5347
15901
890
1526
1466
13303
5905
260
13141
3604
8759
19547
24378
25581
2642
29783
28319
9971
22495
2321
29834
5155
12727
15504
10040
25563
7569
12605
17596
11244
10697
3224
10984
10224
25696
8746
9840
23518
17219
19130
15693
17627
25040
15300
30816
3155
14230
29479
28760
29001
11356
2846
8661
23531
11621
2673
19661
20330
10227
1261
25392
11784
3338
8209
19143
883
17014
20490
30306
18769
9488
24802
6706
23068
60
8180
32628
1584
7862
14755
15183
32546
22671
8011
19712
3412
17010
2424
26420
17350
25132
27222
26805
9775
3179
25705
18505
30029
20422
6526
30680
5497
4350
26082
716
17278
15492
23505
27581
2987
12603
4913
3406
14119
18558
8577
594
9093
8037
19980
22836
14488
1348
22114
5781
28809
13173
22280
19254
9766
12888
11375
16665
7549
3991
24611
995
31402
18863
30277
18565
6893
5292
12091
30747
1024
23603
4518
25108
23975
9926
20628
22932
10632
15940
25080
16918
11581
16815
22871
20310
17064
1074
23235
31854
646
23907
14861
32319
32071
20165
6711
13586
30238
8849
8488
24959
21588
26550
5027
8335
16097
28446
28026
29469
5693
11827
18943
21634
16500
10914
12476
9329
31609
21342
6756
26655
10684
27369
16905
9895
19710
26319
5774
25774
9060
26739
24672
834
6859
13069
28513
1544
3676
17140
25893
1175
608
27161
28513
19231
21077
5588
1696
28238
1345
8676
1336
22132
15430
23729
10877
1509
28535
8403
24116
7839
27882
10200
18507
27436
19982
31298
4295
28362
22335
8400
23549
16586
30104
31487
22277
14134
20233
24271
26732
9398
6313
26058
22825
11700
10061
2883
2514
30911
28249
32732
2064
15917
24790
22091
6225
31493
26821
27997
1980
19228
26803
15162
23146
11901
31630
24044
10707
15886
26295
5403
18310
4977
29272
2330
30750
26665
7160
808
23153
12286
22349
31471
20234
12962
20817
7505
29658
26772
27032
12388
2090
8005
21984
30907
19668
10362
9194
1000
13491
6385
3464
31806
31064
23111
21240
27100
26622
5145
3952
1255
31424
12394
15354
32022
4618
32580
21634
23156
25166
15778
21293
23393
27128
910
30189
29658
931
23943
595
20987
26765
5413
31652
3010
14152
27904
32558
23062
21171
21453
15068
1288
11561
21194
12809
25944
21496
15197
17554
7995
20245
22519
11311
31323
10510
9279
25603
31520
13119
20589
11889
8494
23113
5107
11570
28463
7872
4963
16292
8146
1572
23949
7013
11283
6163
17383
21281
1726
15292
4659
16296
12590
2455
26971
32580
3419
25940
16800
32585
4372
29713
22515
17389
16008
17103
2723
25178
1547
12583
26937
24834
29975
29753
31649
29235
22161
17894
1162
15595
10318
5183
17166
10221
2518
17724
30614
23316
2152
25266
12280
27368
27710
17023
7907
25199
27409
32519
637
8006
25568
21477
24138
13295
2030
13018
3152
17517
5386
9481
27001
4366
1298
19559
8504
9097
22202
6509
23663
21064
21386
2320
22417
3591
30502
32498
9220
11678
23506
4058
6345
11291
20533
20578
13918
3348
31325
31727
483
23356
11268
2022
7037
30003
19474
30493
5112
7331
31075
400
17840
31624
19145
25686
13489
5071
20565
28115
14877
19747
14802
6702
32462
5380
18067
21509
2365
17689
25199
11616
25250
17351
5129
9444
5981
4866
8277
19274
5781
16739
1879
23823
13599
29051
15918
9324
22433
27496
19026
14216
2039
27813
8730
26349
31189
10791
30337
28728
17070
14501
18985
18709
18645
20279
31136
5739
11747
6178
6371
9172
14424
1010
18976
28496
133
21194
29120
7482
25769
18425
27557
26747
2138
15309
9648
25341
25382
32684
17287
6755
8827
18528
12181
29943
25284
4787
15698
23267
981
13884
16580
32677
7305
6776
16198
24509
20905
16925
7560
18088
5136
8362
28375
28946
2573
28227
18846
8008
10249
28092
17709
11244
15466
22772
1210
31468
29367
26468
29605
21684
4604
8951
5889
419
31344
32540
6223
14780
9813
26138
28044
15519
12832
12453
17007
9655
12250
15278
1772
20660
18886
4223
18172
25148
30788
21254
12192
18653
20213
27249
25891
19015
9504
6140
3744
28856
7508
28679
15045
27831
20559
26988
470
16133
7967
30479
2293
16081
28807
24503
19104
20523
23972
18460
18555
24251
4560
9025
2640
28851
25031
32003
3668
26114
24073
21234
3756
14283
25727
28513
16431
19477
30048
31417
28270
12740
20310
14099
6385
22728
5853
6661
30148
6804
3308
14523
32051
9937
6360
14922
25297
10324
10613
17474
8127
13902
12670
5506
29226
26051
17207
17233
30230
3902
3920
19626
15194
7362
19213
30678
31980
29699
16804
11841
23903
20694
5351
19078
19626
9191
28962
3276
31531
18858
14407
10581
32236
11668
26696
9556
2084
11658
16581
30207
24065
20890
27623
5606
25764
11241
11916
1155
29550
29932
25508
25618
19066
14299
18138
10659
21098
9059
21112
4973
2407
21148
13444
22885
16739
8762
7983
19471
5025
26119
30833
21908
11640
4753
11501
4374
23124
12063
10778
27712
28413
9194
17316
1825
31260
14474
2064
17978
24059
22191
18592
19157
14220
25873
22646
17817
13997
20138
18171
22364
19370
2594
6530
29752
19971
13707
18473
31969
112
6734
512
565
5667
11621
31854
26389
7501
24523
20944
21620
29411
21297
13154
13229
9122
18163
29283
8986
24145
20810
9332
6370
23366
14531
26434
10258
23851
496
1892
7152
12034
1373
3719
23948
17255
8645
31944
22423
22805
24198
12641
19576
18604
4691
18056
21149
24498
25129
25748
27407
27863
11396
20578
26186
24957
13522
14583
2891
11383
9000
2150
13546
12817
11316
15348
22890
1361
30067
1915
12367
18045
2467
18444
27247
19165
29052
2520
12364
29122
17563
9553
23201
19144
18111
14220
6459
29015
25911
31210
31754
16752
10395
15607
4728
18854
28347
2706
5369
7786
213
13135
19684
29324
23051
19225
11905
6399
12819
22812
22883
21469
8241
16098
29432
5290
27234
6843
3934
4573
21722
10595
7288
21916
1457
27359
834
10696
20698
3752
29537
1337
84
27403
3327
24139
27812
976
23765
1689
31106
25626
24201
29704
19155
20366
31035
6920
17879
3767
10843
15894
12964
23209
21181
22149
4563
11237
23023
31359
31353
28797
7114
25671
5209
28025
21575
32448
599
20344
32148
6963
20784
11931
21607
13389
15977
2462
30355
25191
27525
31816
20441
25867
20859
13574
18688
26035
2151
28115
27943
22483
14208
27738
31067
6682
16714
19807
2661
15605
13
8027
23781
4694
9861
4198
21413
27315
6363
13146
14375
9041
20948
8246
27008
27074
10313
29632
28009
22701
2263
29295
6036
20941
30679
21127
15164
14652
28560
29062
6912
30194
28332
30911
2801
23432
19177
13637
30954
24898
7185
9994
20256
19021
21292
2888
25849
9029
20980
26144
29218
14587
5769
20354
14300
27764
20326
1868
21654
2101
27540
5302
30145
31421
31517
29933
23520
6740
29636
7422
25822
22019
11763
21238
4261
30692
11765
8775
13292
23708
3429
28526
19792
17445
6375
28371
12455
8145
30230
753
31889
395
26045
17846
3663
4192
30281
16685
26585
9791
14974
7002
15402
31485
22634
14694
5599
156
1175
7676
19456
21709
15749
1778
14622
27571
23383
3628
26782
22506
18381
20925
11860
21448
29298
26448
23636
28643
21783
7879
2820
2771
7295
22561
10102
30265
18780
28833
15349
27904
23930
2860
9950
16098
26939
14324
13234
21806
3395
16211
19048
29897
17524
5113
10504
24947
2589
12362
23413
17996
12398
25346
25994
1943
31536
20251
21353
25021
21171
8944
9232
31125
8967
19106
16942
16866
15214
8635
32564
23070
16914
26641
17582
19062
4084
32238
28628
16661
2341
11117
2908
13477
17720
30503
23443
4115
7159
20495
28844
19347
27221
3739
13144
5861
9124
4389
8087
30934
776
30608
8653
2057
28972
16942
18968
8439
29235
22497
18913
15669
12274
14209
28593
20470
29788
22654
5446
19408
10301
32455
13287
13763
10796
1514
4852
26999
4538
26492
17601
29381
13040
187
26020
8313
30201
23410
20813
13398
22299
32285
16982
21595
8940
1870
4123
8517
17090
6223
32460
5717
11627
21257
21953
5715
20510
28452
12301
18899
946
10864
15189
12983
25102
6276
22755
6389
4065
5541
21750
13467
20115
24809
10332
14608
27259
8603
30787
9628
22866
23522
18509
32554
7399
6302
4834
22349
15893
17555
15306
17538
29682
2761
4347
12213
19274
11826
19887
6918
25164
9870
21434
17868
3202
1164
3867
20954
29447
24882
14289
19970
1268
23678
26096
18904
19483
28494
11251
22200
31224
5245
11092
6667
16612
3407
22362
21701
19852
17679
23091
1074
29858
6134
20546
32755
26834
335
19898
14660
3320
29913
25196
32640
13968
26477
4061
28134
29805
19168
26012
26269
11695
299
14290
16118
11503
2761
9243
242
27580
29793
22676
26116
12875
18341
20790
28439
24426
890
32610
15827
27830
24409
4028
4892
782
24053
16957
5852
13127
29470
2180
19715
10017
16613
24173
23500
24186
12289
4325
1857
19650
26481
26365
1537
27311
26467
24893
4929
4146
19285
826
25105
10921
30586
23402
21984
9046
13663
15672
9283
2576
974
24916
17394
22584
7667
24653
19731
24559
32189
15201
11964
15238
23943
26516
23987
20790
31992
3839
24696
16146
11559
31851
23685
17209
26627
25886
2260
29776
30451
1269
10658
24112
27833
16563
31091
22235
30364
17049
9046
8117
18630
17719
12906
9969
10731
129
6817
32073
25131
27941
16068
21490
4410
21020
6071
5839
12222
20607
24831
30437
16376
24989
28289
30991
29095
31562
3980
23794
15657
20090
8986
28724
14820
21518
16723
8681
13284
7149
7763
27214
17605
4695
2605
23226
29652
12150
12848
27089
8561
17718
1897
20475
16824
24407
28264
2069
10848
27073
7239
18534
30690
4375
17641
2004
19934
4494
32384
25431
30395
26624
32338
30639
9871
6460
4796
850
25918
929
32375
25769
25573
28395
6426
18555
16761
20044
22752
7338
683
26815
10668
6941
16655
23449
13642
253
21886
11104
248
17956
441
22241
1061
26834
23886
8317
7288
8610
2496
452
788
5053
29154
32069
10011
19790
6276
17059
4464
11318
14929
22764
13762
31488
18168
17191
21702
23063
30090
21292
21443
18742
30755
7865
11604
25889
4813
19137
24426
11667
6561
8455
31376
26487
6704
9196
13939
28506
13345
5253
12193
4129
25883
7921
12945
12791
19429
8426
14308
30090
9931
16025
30186
3959
4420
14767
11112
30722
17619
16049
1944
17163
24875
7315
21362
13374
32662
6793
16426
25481
5527
24602
32506
1491
27342
9078
1569
11755
9757
4617
10028
6590
13833
10064
23156
24526
6243
26092
25576
4319
17703
9973
13580
8691
16548
29584
12354
12921
6365
7364
12617
706
21040
1417
32515
11956
1845
21282
2683
194
16361
30637
7974
28956
17420
19193
26729
9506
27847
9623
28764
799
14738
12852
31694
11828
11349
26918
26505
32402
12493
27204
27350
18924
4914
10491
25412
4141
18967
7838
3494
24678
6033
30462
20571
2570
17819
27451
31442
28253
441
16089
7756
1578
7132
4886
25572
28596
11398
1147
973
6384
26158
18098
16860
23025
5606
12951
4934
5028
5947
31377
20906
9917
16221
31011
8018
22257
896
19902
24758
28262
24193
15322
28481
13672
14797
69
26968
4701
23935
4282
17305
26107
11208
31157
32608
30648
11156
20102
10896
1666
9834
24484
3216
20913
23956
11077
9363
11834
6785
15403
23837
31781
7783
27329
6339
4161
13612
13414
31794
26134
28551
7433
6514
11803
18531
20214
24684
3113
14724
27887
30890
6704
876
19071
26719
809
11392
32395
11431
19019
31591
1066
9999
4738
28851
23991
1112
31261
963
28196
120
24262
9959
31888
11234
7608
22214
5660
5639
9260
14589
16891
285
25620
3593
15305
799
268
31335
10270
14357
18830
27385
30562
27029
20581
6316
27363
20362
14948
28504
28708
20020
5207
23528
18041
21872
17722
17850
8912
17722
28841
14153
17874
31600
23960
31241
14379
28376
13636
10642
8485
31589
11881
513
27516
17334
30902
28059
11374
19424
31870
5556
273
12653
17072
31440
21993
9381
6409
22535
19642
1804
18056
21934
13467
21291
25635
20275
18508
12691
11704
12361
9929
24352
24390
11589
14879
18555
29277
23240
127
32482
20435
26783
27537
27180
18873
999
18954
23559
29069
9333
28545
26757
7857
18805
3711
10199
14620
26960
30933
17752
7248
6356
14898
32717
9868
11663
16628
32490
18498
24443
2367
8729
10187
11745
32332
11384
11610
2935
1540
29216
2863
5579
27342
27309
5645
23525
6053
19707
493
30760
23149
6189
22260
378
8327
11764
12963
6053
24995
25102
10574
3836
11477
8972
23503
32577
3052
8281
5499
14790
12543
4472
1621
27347
8776
653
28034
27208
22581
18975
18429
32643
445
3100
22412
7300
25329
28189
5619
21583
467
24812
26727
4242
5482
9028
10053
19080
27414
25047
19972
19229
13858
6293
26473
13907
32152
6444
2553
26084
7257
23243
30900
22313
1900
30508
15360
12346
20119
30929
18148
8279
2860
24206
31862
8071
12582
30791
10647
20862
30324
251
18141
4036
17557
6657
5841
24340
26725
2962
29787
21507
29751
28296
25978
10978
2083
9061
17976
5860
29858
14999
8158
3204
27480
12795
100
2849
12848
11167
26155
10731
3246
460
5103
27651
20353
23620
24823
8158
21080
10952
22926
19947
13303
10461
17335
31349
9354
20176
23581
16074
10809
21496
24393
32157
5116
9787
13079
13993
3761
31443
17515
15767
4204
23634
27936
22562
3598
23012
30273
1913
12057
15317
2684
228
29634
24915
11475
6571
328
11124
1941
10804
2181
6523
10125
11371
31427
31319
30585
6502
208
22380
4030
19018
26709
31894
11865
24680
31587
16747
27417
30892
30287
30657
31755
11832
4032
9073
7734
12364
18182
24410
30345
28521
27821
5032
32530
9654
6482
24918
21617
16034
1718
26353
30603
25035
32529
17055
22403
9503
22185
30049
14310
10816
9122
2965
18213
11053
10264
11967
31049
14880
8811
1160
31458
14514
30682
32519
20544
19013
27988
576
29926
17827
25226
746
3900
27107
17225
630
3204
23181
8967
3148
14607
9982
14012
6232
10417
24845
8435
30405
882
1774
17440
10504
2694
17495
3892
19489
27008
20194
30831
30749
10178
25011
6773
14560
20024
7258
10149
1057
5446
18682
10150
20662
12030
19883
13122
13074
407
19742
8824
8972
26138
14976
24780
20194
16223
25760
23522
8061
32056
15443
16459
20982
24556
23064
30879
19034
4071
1784
8908
938
23983
19632
28589
16678
15898
20754
8415
25803
22207
169
6352
3867
11946
19612
12568
27676
22356
32724
19213
20899
8658
28513
20113
4818
13388
2586
2863
11488
5041
2948
12135
12568
30121
22006
19013
4133
28363
14330
2873
10892
20753
8437
13346
19066
20104
2315
29100
27328
13388
4157
3548
28444
20916
6356
12521
12730
24522
24835
9294
2554
31998
24520
19485
12404
4379
26899
19094
9274
11641
23850
504
30044
15733
26444
26775
6322
6942
3988
25391
10453
23601
9249
6520
14447
27464
15732
30970
6581
16718
25113
23075
16177
21302
3466
31639
6597
2028
7760
18375
6125
19084
28523
6341
10820
3283
8436
28247
29002
19923
21505
19018
30820
30954
24009
9992
8740
12532
13833
15469
10699
23488
9382
1751
24076
449
29331
17532
30995
22022
8693
23809
14790
31340
29061
26440
8779
21523
12086
16777
32714
1038
7705
28580
8052
22623
29565
13237
21700
18722
12122
5353
13572
22024
21488
18577
11284
22535
16555
12661
20071
6992
13386
26987
3150
21890
14912
2344
10873
19485
1882
8789
9146
16185
2467
8166
22541
27768
12165
167
11478
15929
10800
8215
617
31502
12096
378
8911
2417
32153
20778
3528
7090
10646
4142
17932
22580
29796
7693
982
20953
12968
5348
28835
25787
1640
11191
20535
19229
28712
4869
15074
32417
31571
32671
19713
14779
2525
22458
28615
11621
807
13890
7998
16148
27171
14449
20872
25323
7864
18849
25451
26159
20072
24926
11789
15868
22576
26560
10747
11830
10159
13303
17264
23745
19339
22824
17365
9461
19217
13688
29828
16204
32539
30566
24273
4446
29239
3421
19787
14864
3077
13193
29247
11784
3041
5099
22398
30820
5826
11432
31584
29611
23650
28839
16137
3843
6048
22106
2539
29605
28194
18652
18060
7823
29502
12093
7306
17016
21019
32282
3036
1545
25363
1904
19802
29258
12380
31921
7296
9563
11752
22296
20079
7524
10377
6714
23092
12238
12377
9439
13901
180
601
1039
12137
3732
13656
31856
7280
9803
11799
15823
5059
21312
7850
29948
1477
8159
5409
12251
24730
14921
23912
18360
8495
20809
14956
17883
30074
15755
14975
30300
21507
19208
11006
7481
11427
14021
28465
422
5771
13501
15986
17316
8073
4635
3474
12245
8327
18349
10104
1423
15189
4246
14603
25391
26024
22851
21587
19632
9570
6816
11994
124
25107
30091
8025
3713
28608
8841
7824
25992
14052
2487
20342
19138
7605
5892
21138
28580
5800
7838
26793
6645
30775
26026
10393
4646
482
9016
19589
19425
12916
3446
23090
31972
21383
18211
10929
5648
24138
16711
5439
21181
7554
25890
16745
21073
12495
6754
25716
28689
21809
32153
28155
19767
5834
23277
26586
16708
20454
16658
3403
9367
6456
16501
23887
10559
3942
10938
11344
13838
4553
26217
30980
30702
24174
10980
2196
7544
12128
14493
3582
28867
15657
24965
24760
17274
19094
30152
1686
24882
7611
26807
5357
31738
2615
16901
11513
18227
28857
12087
6012
13474
22467
18774
17320
1987
430
25319
11583
13152
9199
29213
28153
13667
9112
27468
32294
25833
31522
8097
26772
26263
11625
29713
30131
15153
27128
1167
4599
7272
18055
1922
29566
7156
12738
1398
17139
14563
844
14609
19378
24369
19716
11081
30508
1432
20871
24533
6029
23977
17398
9697
17821
18972
13561
24838
21988
3941
20739
24185
10514
29320
21464
2691
23454
14893
21837
6705
6316
17911
21327
32076
5172
12306
7463
11403
28769
11531
1020
10248
4663
7653
29850
14833
10617
2153
24178
20864
28618
27069
3041
2605
25362
5944
20405
13090
32547
8565
11245
27375
15005
28070
21952
9087
19214
31019
15073
8778
29790
31588
27650
20685
26475
22979
4247
28983
29680
8741
18396
2918
4523
32610
6937
9745
1215
23586
25892
8263
8535
10227
21288
16152
29324
29337
25254
17298
18569
20901
185
7407
29164
17482
11934
2828
9328
2411
20339
17693
22729
7160
831
30880
7632
18811
13107
13455
9952
5870
13104
5338
6528
26576
7305
16916
24130
7032
17929
6508
30955
5288
32056
4320
11219
24421
25818
11181
27279
26886
7353
4874
24526
32396
5796
10005
2689
1329
15544
7182
13887
8516
19678
30659
21223
16179
3477
843
28551
13034
16370
1271
23676
24923
29412
22150
14555
10334
7101
11160
28432
30908
6126
7270
25797
22150
31762
18607
25094
13228
21551
9974
29602
22730
14648
21482
19668
20549
24534
30246
27682
1943
1127
2586
1926
6887
22600
10825
972
32477
21583
10166
31547
31924
5276
1688
6007
13457
8594
13141
17062
6675
18976
942
29650
7979
29509
22583
6798
302
211
29195
28125
27688
15219
20669
8783
26740
22505
11410
19309
18057
921
24813
27735
32023
6730
23306
31660
11603
26923
24815
24234
16782
8979
17568
8087
23053
27149
22419
25439
31765
4628
12899
25214
14149
283
9416
26912
13609
20561
25031
8839
26379
4770
15398
13230
17932
25729
1827
26924
22900
10469
28518
31834
30535
6033
24627
13240
29465
153
18660
25229
12066
26914
22167
3022
17301
25961
30244
11329
12334
21511
12882
28642
19466
24179
16970
22150
26556
25288
23627
3006
21917
10952
8352
30206
19555
5153
12495
16639
22518
3568
18196
26465
19583
3972
25101
32661
28609
27748
22711
20474
19628
10643
27289
28230
25903
14354
8255
28200
13903
14503
4074
25388
17014
11485
23174
14814
5645
14668
29916
11314
31308
23834
4361
21795
19025
17090
15407
10139
7792
3604
1130
19603
16843
19326
15110
11387
9762
25737
9967
10204
18924
15782
15208
17212
17574
24875
9984
19010
28011
23449
20162
11802
20421
11552
2477
8987
25283
29797
12388
16807
13899
13954
21798
11859
2738
26702
14335
3400
1674
7392
19264
17642
32443
32078
23598
21431
1238
28090
13303
15729
12197
912
17642
21375
20999
12553
14310
23697
5114
18932
28179
24451
8698
17845
19153
5508
26250
25230
23022
18295
528
3613
9756
6809
29925
14118
21410
4196
12205
27795
21329
15796
32228
28089
16826
32041
32442
4061
18078
8396
8225
7415
2214
26357
20516
4021
2388
13932
22650
20675
32058
26062
6235
22858
29802
4658
4242
24247
26413
18701
30164
27581
31480
2387
15696
2717
5019
24543
22407
25765
1212
8981
3422
31478
30596
4550
13169
23691
22680
22867
10155
32119
25163
18198
19732
4974
5906
10493
31209
7047
16440
8568
3058
27968
17618
29334
5904
32451
27894
1131
25110
15976
25896
10932
9689
9594
5653
28094
17035
26686
9348
23171
24388
26417
11657
7702
10210
17810
4859
28738
7443
18720
27689
4462
10928
26405
28361
24516
30797
8883
25649
18323
10254
8238
32458
4849
30652
4618
9153
23716
30743
25302
31999
10819
20078
16506
26460
29080
13422
27837
4367
3401
10808
30474
23657
25783
3766
17267
23236
19239
4654
758
29622
23072
14103
255
3210
19219
21804
27183
17392
5186
21184
28764
5619
19674
2129
28633
31788
7266
607
31223
24117
14681
5502
26827
26209
15131
30891
24626
3754
17157
23004
24595
31211
16601
8411
19428
27984
22116
21587
2928
32266
7774
21803
10455
18247
23185
25620
4054
15457
19774
9566
21064
27477
16828
5904
5613
17272
2146
11575
3947
13413
27047
2174
11922
14650
21640
31487
24548
9220
19498
20313
1877
15735
22721
1539
6223
3299
32688
31968
28409
23651
1778
13587
20153
19800
1976
11028
10744
4373
5203
29955
5925
6620
30037
6973
5884
22538
16883
24366
4104
22414
22446
25702
9062
20895
30003
28654
16077
1711
31871
12764
4043
29850
8262
19749
15441
15652
150
4531
1138
20642
31416
7351
12648
12535
12375
21313
30168
24770
2531
27406
9047
21206
14392
30112
22828
28139
31099
8596
4183
30867
9541
9777
10451
367
17412
3389
23577
6050
13726
20244
14565
26502
11095
29947
3132
3998
30964
13745
23470
16844
288
16455
21721
1220
16656
10546
22062
10689
16227
11679
29944
19063
25164
16646
9369
25416
28914
6402
25367
23994
17431
11104
3800
7977
27128
21109
18858
28601
16757
2997
3335
19855
20594
1154
21398
65
22909
26946
31732
138
29873
10932
18613
2115
12250
11652
8614
24206
31194
6173
31317
13397
23883
12990
468
9459
20069
3536
32697
12080
4130
25207
617
14963
29857
24935
17047
31795
31944
25593
24583
20911
6958
13181
23448
25055
7736
23250
29313
7082
1410
13877
16091
25689
18048
13655
16736
2636
17509
946
14450
20459
32579
2844
26719
8928
15988
1181
14563
21380
14906
2942
19438
24726
2210
26274
29096
11059
20910
31770
7602
9986
3762
8947
16815
23216
22783
18258
12548
17564
3007
5316
29147
30675
15648
6863
8046
1342
21173
8141
16770
1306
13593
5626
15665
21673
26325
26315
17133
23591
643
2177
24002
28928
25652
4607
2011
10304
528
16600
26696
11595
14396
9645
7679
28878
3073
27318
15392
17397
10794
26782
23421
13279
9389
32148
25945
14671
13198
23199
31600
4260
32001
15153
8504
19979
10447
15104
2663
499
17146
15889
12981
449
12708
7957
8931
10437
16941
6137
1788
9581
4508
6329
31195
9913
21568
117
10733
32239
16535
27846
15160
2192
8558
4946
2716
30346
21322
22942
13913
16559
12551
7972
4050
25446
13247
28070
23185
12705
18925
961
31882
21519
10706
28101
932
18578
8984
8388
9333
30195
13238
19433
5709
10197
25619
21515
28791
1767
11886
11650
27835
24926
30077
2106
13095
22435
20052
518
4880
16712
8585
21302
19795
24129
26518
10603
21472
10321
1150
9386
8826
22722
1716
10928
5304
30297
19768
1157
23888
32649
22787
31316
660
1255
19877
24954
1085
18398
25901
20701
3688
12708
23369
28543
24030
13932
5038
4435
14744
30942
32698
5711
9603
16836
1880
16322
12928
8198
31013
28648
4015
17624
17873
1979
16621
28722
2759
22285
7835
384
12304
21204
674
156
7540
1477
18099
13049
19171
28452
30676
4385
12308
17370
25368
12385
22380
17864
24493
29890
6177
9563
31260
7996
15263
8544
25805
3111
4651
22810
20938
13810
15046
1170
6596
20503
8788
1839
21595
3662
32253
4230
17818
27650
17620
16243
17601
2049
27830
31593
72
26743
28277
30726
17184
15133
21814
5867
7996
26030
23832
7114
8528
31387
25879
26304
29145
26111
14383
10470
1885
26325
29124
18211
19956
10345
321
24388
26631
4108
4352
9038
27736
4876
21610
32530
17730
10467
351
15363
5443
11695
30936
5957
17591
18658
25290
32262
7398
11323
16718
25617
5185
16117
16128
26784
12265
2366
15524
15730
7793
29674
25104
1054
28645
12393
13894
5543
3851
23798
736
26704
24552
14610
1713
1970
10118
32305
15273
21259
8437
12467
13305
30169
25488
32021
21112
20136
32385
30057
25157
14376
28040
17155
20910
26754
19192
8310
5201
23276
25346
12223
28801
30588
3125
191
15340
27961
26950
23535
19322
29304
30733
9551
6776
24422
4561
27551
27893
22241
16581
30674
29036
29068
3794
28864
9636
7970
12695
26395
725
12810
14255
23972
13580
18732
6962
8606
25040
3076
23934
1923
16902
27892
4151
24567
4882
26079
28556
14586
9023
25331
29116
16225
32097
20422
28633
21639
30649
31397
19405
11328
10776
16937
14234
1806
3911
16650
486
23704
21927
27704
2998
2647
8981
22312
19322
23187
20496
4716
330
30606
24094
22663
111
7935
11627
31999
12837
10689
13748
20916
13727
15309
18019
30319
16716
12390
4604
18110
10585
5779
2231
23040
12151
20946
18031
18876
32734
13067
6074
12855
32657
7619
23130
8517
20452
3474
15572
26463
11068
4055
8542
32502
32535
1450
10238
32263
26444
16914
9201
17904
28307
22648
74
25986
14407
12124
22491
24919
30571
11079
17496
22117
22252
1537
10426
10964
14117
9731
31458
16653
25768
2607
20607
24852
11324
7615
13105
19479
28706
2172
32751
11847
8861
20272
21926
25318
18865
22621
22306
16033
28714
10543
17458
21537
10208
28336
11783
26333
314
10043
19166
50
7153
51
11487
23221
13590
15348
24644
6088
22103
13322
13501
29547
2686
19362
13843
27221
15162
26173
6156
1604
7202
13996
6544
17553
18167
31288
8969
19207
27945
29729
9232
24309
17053
15690
29765
21122
1454
15410
15230
23617
18546
22822
9509
3333
24382
17077
25307
22519
6252
22117
16993
24805
8539
420
23225
1245
15544
12033
5256
20731
11772
5020
4543
23423
32310
28891
14458
13090
32267
7775
25897
22699
10491
28727
2029
30397
19942
19795
12613
19443
8398
2619
20969
31535
6622
23553
12790
13870
17835
30579
25420
30304
27323
12438
13108
14327
10308
11856
24391
27454
29237
1637
4491
4141
3706
21925
26590
12346
30588
10339
2712
10865
18408
18216
5740
1479
5042
15273
23951
15788
21081
8695
17436
15583
15980
6646
15288
31366
20045
27920
8818
28030
10805
15402
2284
18928
17272
18903
9152
15653
28939
13516
27677
7067
13635
13973
13233
13656
4319
14982
12236
17534
1865
24819
16322
10784
14361
17060
29329
27988
12763
2179
4035
12425
25106
11160
10134
4379
18045
28983
28251
9509
17304
30584
26396
2967
17510
26088
8577
17032
1902
5758
3828
14285
15619
19153
13060
18378
23241
16775
13063
7816
18549
16401
2308
12040
18900
25750
24016
13527
18959
21548
20086
29667
27693
6478
8412
10893
1241
18059
11172
27135
24934
12667
30033
18624
16
23031
20139
9093
7557
20873
27748
24651
15268
14114
17403
26530
1412
6923
12257
18508
13496
24350
7899
14598
23505
26422
21159
27814
14885
11748
29154
27750
31951
4452
28969
27776
4343
27855
6015
20219
27476
20881
8686
18628
26862
29982
19057
23808
11561
9953
13842
8865
8447
25205
3664
2103
30605
21016
18883
2569
23505
21853
26627
3685
11186
24609
9413
23604
25664
17855
26183
24529
9022
17544
27375
12828
25054
25965
31279
5578
19659
1023
7339
24319
23916
4762
8094
31006
6248
28380
26489
32480
5477
23132
21966
6307
13334
27545
18029
5381
8820
2865
26573
28594
6219
20820
29357
14970
27641
22391
1274
7335
25714
21069
9204
23693
27784
2035
10637
10082
2922
30315
8465
2896
18026
15947
22284
22473
20483
9654
8297
22555
10266
18316
7383
7236
4484
17118
30833
17415
201
32421
28829
63
26663
21939
8244
15988
1242
16105
22244
12972
4507
17835
32723
13187
615
26257
23429
7294
11649
9311
4352
10909
1466
26936
23086
1839
18928
2062
20354
29930
19925
29277
5854
21307
16369
30233
31157
27611
4331
6117
9837
16035
24580
23941
8455
16289
4324
7318
9985
15211
28313
8572
2683
21939
32733
17053
18586
22044
28823
13261
24362
14156
13477
11784
9607
11331
18393
16231
11453
4075
12097
22349
27374
29424
8108
25313
13812
15313
28009
3522
20808
3384
10578
31478
4898
26247
3850
2595
25826
12979
10370
32001
8879
14677
19138
4367
7774
9726
20454
24965
18837
6603
12902
9610
19248
31546
28059
7848
995
30780
18303
19325
17953
28300
26549
12979
17725
11838
24521
23090
32720
19099
2232
16019
10586
27948
22963
24280
22316
24341
7200
12379
29829
15525
8418
3845
16891
1834
23258
32192
25628
2314
685
19247
17750
16399
10184
28316
20244
16899
21154
12594
15914
20349
7233
30572
5747
2298
24320
16077
31160
31279
25743
9170
26068
28574
13627
1061
7702
19048
27760
4371
17383
18018
13948
26176
25261
26218
23445
30873
29423
31484
31774
29067
6329
30464
25126
19058
8514
1766
3122
15445
972
7669
21820
22480
27084
28128
24059
22865
587
31899
7013
3464
9356
19564
11891
23064
1519
19013
26916
16019
1813
30289
9412
24997
23621
31437
19822
32399
5390
9497
18128
18135
18222
29967
3630
3134
24755
13971
15785
18163
25952
22891
21698
19462
6994
31570
27162
18463
27364
22599
10875
21104
30159
5419
18716
11240
10646
6283
17697
32426
20769
26043
10338
12733
27047
11812
9069
9477
16082
3294
10958
26994
4638
8322
31118
18807
20867
30521
7417
13758
8531
281
28068
27162
15717
31922
6575
24253
30067
4579
9288
22955
18625
3827
32368
13422
25855
31708
7426
10763
3185
30698
12273
16694
10061
5509
24273
9922
1125
10315
11929
3163
3333
14691
29863
24439
28703
5645
31492
27786
2213
11389
14826
17017
823
10985
19075
27218
1790
5345
30452
18234
26072
17119
2970
12967
6069
31
19859
10447
1345
15024
14977
6496
26051
31180
30090
12401
13380
3685
1444
11192
32757
12800
18703
4094
7115
1990
16930
21201
29036
13272
8523
19577
31566
31972
12370
1581
10781
11254
733
14470
14686
7824
4153
3635
14163
16124
6743
32495
17438
22241
1557
22192
19496
28693
2239
15649
16836
14258
20182
20819
6672
5996
16
11695
4380
31009
17567
26672
31055
26802
12214
25295
6662
2066
13130
62
24957
2460
278
4312
28147
9386
31969
3033
12809
14435
9219
26826
14444
4308
3622
11584
19123
579
27466
710
32651
20159
8972
26904
29713
2556
31015
22674
13439
28510
23355
26855
6155
24148
15309
20502
5132
28903
7823
19866
19039
24723
14818
21985
22281
11605
20890
4608
8477
15109
12033
1957
13025
22758
23070
32077
23852
26492
30775
28343
10770
4253
29588
9624
25283
17867
20614
19088
11441
30913
21416
605
497
16972
23909
27471
2276
27484
7866
3835
3862
3163
2877
7220
11110
14013
11359
32055
19304
23769
14830
7718
12295
27639
7134
30648
7535
19626
14664
12846
16938
15712
14515
29833
6536
15159
5523
13306
19781
27922
12047
6042
23142
17645
13319
17499
32100
19309
4182
9534
10636
18875
16212
967
4006
17811
10143
1199
30677
920
25628
23768
29374
1003
7736
21126
9708
11515
23924
24267
14195
6303
28704
835
7380
14178
20838
10242
20769
15901
12427
5579
13922
4556
32114
24706
9782
9626
7778
21988
30142
32574
13064
17526
28854
21898
2240
11963
4069
32065
9232
16042
28344
6186
885
3423
17450
14946
32611
4881
25318
31222
27527
21316
1200
7345
23887
6464
25857
22579
15276
22721
28401
22595
31767
1776
602
32615
12498
32658
5179
5553
19568
19072
11866
23003
16023
21847
4654
10391
19973
30064
763
11808
21457
17939
31551
22037
15347
14055
20813
28039
28423
24237
3896
11089
2382
26158
498
4775
758
8050
17333
25586
11675
7475
17826
4059
11021
24209
7337
24742
16724
25352
5544
19906
