14699
16729
3115
1556
17068
8607
19330
10969
8771
13927
6849
7056
7933
5339
15808
17094
5891
2320
23690
17257
4188
29825
14339
27354
12979
28861
4558
2371
3675
2652
19309
9259
21648
10295
170
14151
25856
29401
8502
30611
21642
20528
19857
19618
20805
18312
31529
29746
1988
25019
9158
1028
28056
22945
1061
15851
5399
12494
11747
27170
28252
31869
28830
11234
6543
32455
24150
1076
11879
24601
28441
30469
7404
7396
2015
1656
2946
31638
26803
30848
22051
7882
17939
6829
4844
1979
4506
30790
16347
7423
13788
13977
32215
2418
18834
2959
31984
1904
32247
643
32233
27719
19569
852
3315
2027
10100
20409
22972
11500
12963
27349
20648
29862
17977
7948
22878
5048
16808
5652
24199
21175
29056
14159
722
32547
3217
16472
10044
26777
3156
19420
9870
15947
25735
15019
27175
24750
24088
13070
15355
31602
6468
10844
31196
31671
31488
11464
3577
13950
2456
22397
20644
21341
31894
14573
14168
20344
997
2917
29946
11436
2614
32229
28511
8461
30371
32560
11791
23187
12690
16159
9800
11024
28893
23098
2118
12389
3888
25481
29122
19702
29362
16552
10681
1115
18151
3098
18798
4185
3541
29151
30386
16912
19557
14921
4963
885
22029
30475
1587
3331
31660
1683
170
9134
8629
24986
26223
29465
400
26361
14787
22536
6717
6590
12622
12056
5179
1407
23326
31662
7336
15598
28909
31533
31657
9902
16802
30828
27148
3173
21531
29543
27180
8211
10026
28980
10261
27554
13021
2105
9449
24254
3843
31901
12675
28390
25323
252
31833
32195
623
28511
13991
31161
23601
3691
5322
27837
7461
14040
11753
28006
11600
27941
32475
9798
27087
17290
5189
26490
16410
6191
8195
30336
3722
923
32202
4169
28185
2927
27403
20879
18794
27988
30234
31081
25865
5682
26767
14877
15603
6563
12525
3125
23385
15783
3969
14293
3233
28313
2701
2123
5294
12129
28070
24040
18785
23020
22619
4622
13919
17369
8215
24971
11797
7029
2377
20773
27642
4330
7105
16502
11284
8115
5725
7931
23486
3155
17894
30567
18344
27207
17205
17725
27423
15929
23706
18589
17551
4214
11902
19550
21318
930
12102
4702
8826
17323
12923
23062
1422
24827
10024
13682
27025
27634
5508
8159
24584
25747
8145
2981
18157
21117
2692
22903
12791
6429
4006
28232
31004
23587
378
23393
4181
2098
96
19633
3233
21468
18425
12644
31308
19661
22412
21175
26737
17734
31145
19722
19902
13774
28428
7990
10871
26404
16579
17442
3005
30839
32148
2705
21521
5593
26265
7998
27924
29426
20269
32043
18064
24049
13324
14390
18108
32456
19893
21997
4028
5785
8723
10403
15976
21355
22877
24772
1614
3106
23099
18533
20218
30894
28970
23839
13941
14978
1825
15390
7435
18760
11125
5237
7761
6099
29946
5044
7015
1365
32363
189
14971
28370
523
30931
32654
29908
22669
756
25211
18785
24369
28009
1589
6698
2353
10651
30032
27397
8283
6696
1987
29853
30975
1846
21996
23400
7435
11528
23764
21210
12917
6351
14261
217
8409
18370
4793
13680
14948
15472
15109
19143
27632
32341
28662
16723
14448
14252
22954
27722
911
25989
18627
16986
28564
19991
9063
9882
21129
12631
9099
15809
1692
26570
19058
9110
6597
25495
11632
5287
8361
18400
32756
24638
12479
2642
32454
13969
17841
21243
8332
10041
5637
3676
12179
25573
6908
26048
12492
6992
20410
4556
15381
112
27560
15190
10682
20977
7191
24187
14652
30177
294
25579
5457
32173
29157
25736
22827
9804
19386
19248
31485
10426
20740
18646
16316
28328
23295
20184
7203
32626
25320
908
9977
14673
9825
25884
150
10962
27414
3733
21412
8326
9633
21306
21283
15099
1963
9246
22959
8428
14676
29682
3590
8629
16853
3355
12485
23561
25444
3592
30578
15591
28249
32706
6335
27338
20366
15044
28173
28961
24075
3598
20016
16382
11235
23669
1394
21522
24153
9277
3802
6873
20807
9449
29358
26386
2497
5970
28214
2418
15349
11255
18627
24985
26709
17300
31216
31557
21497
5622
1320
3014
24638
15117
11880
25522
1460
19011
27718
10457
30263
1036
15155
27771
10843
14782
13821
29113
24078
26532
6040
14410
16504
13645
2589
8047
23334
20522
26387
13609
29800
21593
19694
1449
28919
14267
11733
32520
30939
27468
15272
15672
25484
9908
21826
21051
12120
4633
22779
24210
2052
16952
113
3577
8374
15028
10633
19537
25875
27309
12464
18142
17828
22421
16487
3506
9086
27199
14846
26985
7970
4665
7071
14615
20130
13148
1935
27775
7941
4513
20657
28294
25837
12087
12364
5095
24695
20690
2317
25127
14435
7237
23376
17100
12405
1363
20123
30410
7962
31938
29803
24126
26191
5554
10292
26718
29631
5421
12451
16304
3115
8191
1574
1659
26127
31432
25262
14204
22403
4175
32436
32473
7007
12825
8058
8027
29090
18235
23187
14295
7957
23916
12965
31981
4139
20574
29038
15093
9004
31567
25349
13367
23954
10459
22114
12122
4276
13588
1825
18976
12705
5588
21635
25680
26703
15698
27062
14067
6645
2804
15190
27586
29365
15972
32307
18656
12926
8422
31573
17605
16689
22761
25917
5754
19970
7131
4718
5644
32290
12866
16684
315
28315
521
18564
30834
3451
4887
23180
18428
3636
16935
15340
20852
32067
5587
5277
10621
14096
27121
15857
15796
17941
25891
12756
5859
27715
27818
32593
2936
23457
2683
26712
30261
25143
31125
3262
17704
3370
19601
18053
29918
1832
25211
7006
19412
13830
7648
26476
27182
23464
4648
9547
427
15906
6950
30545
18905
6940
4846
22035
1157
27259
6631
2091
9846
13374
9505
18233
30811
32165
18152
13864
17409
4505
26009
3251
25033
10312
21684
7207
14938
12816
1075
4458
4243
18846
14874
6204
10179
4439
2640
17341
6685
32758
173
24623
29542
24695
12628
4606
25585
2357
9027
26109
8141
3663
18728
14067
15933
29519
31862
3158
11624
8206
11961
22102
3666
7378
17703
11038
3339
22970
21111
26966
2343
1372
8950
25580
8813
13996
20183
31508
32212
28192
18122
18061
22187
12817
3793
13606
12311
19045
6991
17794
15042
24427
1122
15384
17106
6
883
31357
14872
21262
28428
23526
12938
30707
10473
15081
23796
23203
12881
1155
24554
32430
23207
31839
6913
1448
15420
5717
10815
29904
31591
2354
15823
32238
31704
32439
6649
20354
41
1252
21330
12314
26550
9334
6960
26884
32431
16558
12385
17445
5227
9300
18461
8489
19455
24572
824
26077
23312
23944
17308
19928
10981
19694
30199
23905
4032
20027
9137
31629
2671
31960
24865
30632
18462
16396
27648
32214
21615
1219
3614
16122
12749
17550
6227
20439
19453
32234
2489
886
30965
453
14104
17607
31730
14910
1698
13194
16069
20141
5089
2160
13677
18659
20461
1150
8171
8115
29154
28595
7762
19121
19345
27370
19230
17209
22134
6402
20422
5811
3307
25403
10133
28182
25498
23779
1205
11947
30520
2611
2957
6164
17009
3700
22605
908
28702
1381
710
10352
7614
3041
5248
2559
8740
15293
9478
29278
11373
7920
4229
7902
20277
24054
31893
386
19467
11638
8023
15292
13089
16162
31936
13944
11080
14814
3636
31579
30236
32037
2135
13133
1148
13225
13088
28213
12094
31034
2095
6147
26656
6121
2912
16116
30465
8301
4512
3857
5969
25030
27135
9978
2502
1056
7431
10721
28240
19193
13900
13017
31312
17030
19525
3409
24325
23635
14938
22235
29766
16171
16702
28211
31607
20023
383
21372
3766
11113
1116
24012
4181
14620
18134
27115
11917
24308
31498
26200
20336
5644
29629
24717
31008
80
28217
30596
2623
3879
11864
22394
22182
32086
8414
8947
31834
8225
30731
27902
1211
21426
30321
10426
9727
1727
23556
12825
14559
10600
10608
21476
13968
862
11695
28416
21237
13642
4570
9967
1811
26989
22335
14233
8133
30595
31669
22605
9393
32750
14380
20483
11130
16912
3464
7908
27448
12793
5040
24844
9253
4418
16097
20110
12184
3896
3913
31928
19512
13374
24273
17561
31337
7276
16698
29377
32011
17788
10859
9288
21092
29671
20233
29970
14682
29515
29513
25424
5862
13840
7170
3146
20421
6219
22023
9821
27249
18914
1971
23615
3407
9202
197
28043
11562
28013
15470
14457
32736
21256
2473
4332
1883
5716
3531
2227
18627
14378
21851
3336
1010
8781
26403
32093
32553
5195
3463
8025
15105
22436
18966
5149
8868
32558
10079
13003
3132
13752
23814
27721
7596
24558
31255
7234
27007
5501
2457
27502
22557
13687
25959
10004
12613
6648
11067
12749
22967
12042
2060
29066
6449
28870
19866
24280
31901
5308
1607
6499
10377
25237
31528
9657
12247
32759
24668
14417
17078
13225
7068
12748
18897
25592
22804
12410
16838
21593
25201
23328
27353
26191
27708
18681
8426
24975
19814
11002
28580
1891
21796
6746
14072
30028
13053
12370
29641
6891
9504
19234
233
18209
24828
9300
25669
4214
27147
7236
31836
7351
19182
24288
8694
3043
25791
17837
4626
2633
18595
6923
13344
19946
20382
8889
4208
804
25772
2971
2795
27794
13581
11963
13825
14894
15072
16271
20962
23480
22003
20858
19441
21084
26330
22164
21109
17807
8254
31662
20626
24378
632
1425
26233
13082
13662
4999
12763
13670
13405
27421
31395
1203
201
12582
6116
2838
20080
13315
8464
14984
24181
11042
16236
26766
31836
4037
13248
3353
20833
29445
25683
26794
526
29974
1814
21947
18956
16844
15392
18779
2618
13918
11354
18200
31996
5227
124
19489
1238
26170
17464
30124
18745
30790
2484
26262
5532
3066
24894
12361
11983
10169
31036
17123
4748
10273
31329
10389
21840
30353
29735
4168
4712
2280
28025
27527
8783
3728
28079
9113
2871
28348
4544
10733
24550
31725
435
26556
195
187
23127
20713
29489
2514
24372
7724
17179
4411
2241
29295
8912
28381
17112
28536
15634
12867
28518
32201
28009
18847
359
19396
21182
6671
17426
18451
28708
27936
8784
6983
20473
22417
627
25791
23854
32089
2597
16076
26339
22250
24222
19986
567
23480
13595
24626
15966
13813
18315
23974
24308
25503
395
4844
4240
26813
31124
5350
19357
30438
2675
17537
22885
11778
8442
13717
12143
23125
4598
32012
5387
21433
3169
10823
18219
25130
31704
28605
3700
19336
28495
16101
31637
28313
22531
23383
15832
3918
13488
10542
18422
14407
32004
15024
14128
21912
24916
24881
12443
27854
12943
17716
10428
5677
1648
18900
18772
6972
27639
16226
27005
24196
17433
10576
19446
28820
4791
6989
6076
30280
23501
29106
16090
17483
24812
26909
18305
21467
21226
22875
11099
29900
19416
6028
16669
24784
9524
17281
25692
5109
32352
1129
20385
3695
1875
30893
23743
25496
25487
23832
8036
14901
14674
12091
3567
8699
16657
20240
11393
25170
26914
25565
28247
9816
25017
2139
16727
10793
9493
536
30696
19806
20475
2074
1287
11987
24164
23749
16024
13742
8307
16127
6649
11164
31657
30353
5853
19550
19548
32720
19544
28293
31589
6782
19510
10617
7194
16363
20625
7360
9852
17503
26531
15485
8625
10172
4568
18231
21172
22880
1575
18652
17227
29513
4259
20230
13625
12412
16205
12924
21941
8871
20781
6652
17692
27397
7073
6712
18147
31362
23028
5918
11727
7456
6962
19036
22632
21657
16955
4900
20907
17990
19479
29484
27135
16447
20617
23802
23658
6596
28903
14174
21509
29403
10536
14912
26029
5947
14143
2203
20988
2153
3240
11210
9079
29473
32320
21507
32009
5111
9817
545
11441
20286
11534
32422
22135
41
27348
16896
19364
17200
6482
12811
25138
16309
1651
22744
24706
13544
32185
30893
20813
19944
23508
8524
21469
299
115
10872
15485
32543
4698
14262
6446
29713
18868
10577
28315
8527
13483
7840
16719
4489
10807
28043
16166
27773
24371
13132
7425
11732
20918
25203
31934
17222
32416
29229
28520
22021
5491
4805
26538
17241
7781
2923
12426
2183
18099
9525
15444
9720
18231
18275
24531
15767
6461
10471
19911
28795
28051
15141
26260
16326
6623
12791
12344
29901
28725
19700
2687
21625
13545
17906
29562
8685
9890
2249
28717
13416
19632
6234
28040
9325
32672
17616
11673
21538
24589
5926
5375
22263
12217
5610
27810
31879
16604
18240
27553
707
28603
5161
7564
13133
23165
28933
30932
28706
19258
28503
14719
29564
2134
7369
21536
18167
32525
21360
5383
13810
31822
24400
16309
16184
26573
7459
17043
18912
13652
30294
21219
8561
89
24149
1270
32074
1494
13576
13471
5953
28757
12957
20969
5515
10826
16521
26117
19420
10918
25545
25734
6094
28585
7278
7377
23687
7160
24152
24526
24982
27119
1858
11748
6431
26936
30207
293
4408
15005
9986
1989
5266
15898
31268
25297
15964
26423
1442
15645
1380
11157
6757
20095
640
16326
23943
7994
30252
5729
6930
8125
20852
21846
13835
26766
17941
13696
22959
13953
8671
121
20476
30509
31069
8370
8563
31136
26040
30659
25117
5970
23001
28415
20428
26968
21198
30284
9635
24026
26479
25906
18648
16839
31553
29233
12985
4807
6298
13400
15341
11634
13830
25363
11517
11199
27370
18501
14355
1983
22375
6294
16385
22155
17281
9743
4228
12155
14721
8420
27594
5016
8087
23184
4403
26964
5316
16167
8533
24697
5367
30952
834
21088
10359
29202
12045
29283
8832
10490
394
25236
13105
2649
32086
176
20646
17898
7447
32590
15201
20789
6917
8028
8686
3237
20906
7628
10182
16097
6629
10635
21365
23129
18997
30131
10232
16671
15156
15361
28009
31481
30050
17289
27870
4532
27684
16296
9102
1979
27149
6971
12597
7400
4699
1038
1466
21913
7109
19096
4623
30727
10356
27109
90
29651
24399
19411
14162
26594
10875
7553
11499
14955
16162
18437
19509
30542
21108
24925
29313
26792
8172
10664
18375
7588
9429
26775
30276
21396
13580
16158
1383
30016
19719
16751
23534
9341
17686
27944
11597
514
18921
20427
22095
10104
15955
29040
27903
2000
27213
22454
1993
10713
6974
13567
32733
28946
6522
6109
13012
26813
5896
11975
1942
17716
31656
29713
14971
3968
12820
22043
13488
12072
23175
12232
29405
17991
1660
9521
16132
5089
25016
14491
16813
20599
27786
11175
11840
14553
11090
201
3762
15164
28480
12539
29283
31372
7262
27059
1095
7172
4305
26386
19525
4859
4444
15966
8156
24321
24357
11442
1548
28714
23228
15860
4724
9642
22617
24584
31672
6818
2405
13891
28965
13626
7996
16675
29592
11248
2866
11837
13723
30000
32724
25718
18130
21796
6000
8310
3734
32205
17367
13658
23007
30035
27489
17833
103
13977
22322
2186
25868
16405
22204
28468
21878
1247
15493
16037
3323
29703
6186
29079
24255
2604
20901
30384
19232
8522
2507
7929
1105
29396
25624
20625
9796
3
7599
20899
9678
21613
5533
16277
15110
22233
10846
1666
19182
7250
4258
27883
5205
29050
1873
1961
9211
3617
3276
10790
21495
10006
31094
9933
23126
21053
9075
29631
11013
28898
28591
1992
12529
5197
29730
913
8812
4247
3923
31511
29907
12732
6427
29531
13165
18160
4268
26716
15767
30775
27601
28482
12318
6704
27512
18652
32237
29745
6509
30796
31720
11417
21352
12801
25623
20322
1866
14054
5127
8950
1188
28633
2669
16196
1913
23903
26637
6930
24645
12182
30682
917
23869
6763
607
12863
22745
14860
28765
29912
4496
7073
182
7120
12002
15927
5513
8916
6044
8188
23711
18335
32088
11186
22278
787
16707
6750
1019
6280
5667
7488
13070
12132
920
25608
16768
10987
11937
21319
18160
13401
2915
32548
30006
11054
23590
15952
12176
28618
8609
26940
7420
15417
24695
6537
14820
32592
24577
32192
11520
28153
17998
5443
25465
16075
13672
26755
14410
17374
19929
4468
10988
22237
14958
10302
26930
19292
10555
26678
12402
23404
21983
8460
18917
17005
2314
18501
9808
31268
12604
16108
23780
19982
30927
8069
4451
14579
32055
10307
1413
16573
2953
5499
22938
17547
1594
87
16496
28930
22569
5583
10871
20195
6368
14805
11299
8163
17943
27344
9106
32183
13946
31052
24943
28526
10669
26608
22806
26883
6540
1968
7161
26931
12471
9284
9282
10636
2638
21720
12986
5319
7929
17669
17385
30551
812
2560
24703
7746
23209
22545
19698
22576
9542
11335
23657
3265
18672
15979
27353
24100
31984
20274
17005
2278
31341
9910
28716
30215
5682
22311
19414
13139
10162
6078
14094
17903
24905
19443
22462
2867
32197
2800
20920
7095
26405
15173
17305
25777
15009
5853
2803
27518
19946
11057
5035
28542
6578
10683
13983
24101
11631
7342
27532
19791
4188
21476
21040
28628
13249
7704
22187
14429
23157
8789
29995
7798
6561
28078
24776
14820
22214
2352
4525
10296
26370
11285
32377
28836
13199
24122
1253
23054
1932
7892
17830
26467
27392
25438
30613
28206
12060
726
30221
31593
4032
24872
3732
31378
3649
28395
20926
21250
26986
20811
27471
28539
22208
17990
17824
25600
24842
6428
31812
9705
4113
15104
25066
2614
15781
21524
7557
32292
15328
24724
8875
11774
12463
11857
2363
3638
19085
20066
2115
31412
12946
20246
6177
24686
24493
21037
32744
9529
12078
21319
20997
16862
26247
12956
7202
17009
595
22510
20042
8414
30359
444
7502
11717
17480
5305
25704
31624
2062
32636
18975
32674
26184
1657
11370
24122
30800
3120
6168
5111
7936
10660
20335
29207
24181
11023
9236
8379
10002
17620
10283
7045
12232
5301
31422
23653
17813
17222
13155
10416
13387
22945
12569
13427
11411
8028
20596
4102
19249
5304
19706
5092
9610
23835
20940
16057
32611
11713
32137
14781
3563
5294
23919
30529
27644
11239
9155
8071
9118
3297
7539
16343
28877
6202
11003
28623
8572
26023
16517
24827
14041
28718
12628
3238
11219
21141
19042
29679
1241
10266
72
9759
3301
25956
13407
313
25530
15802
21797
24787
16746
26739
24034
12069
4890
23213
31115
3168
21769
18754
19686
65
19919
1784
11247
27109
3811
4856
15995
8671
24160
27522
22555
648
28169
30942
1859
19094
906
9366
8107
3568
30209
28898
17398
10433
9404
9316
12946
26827
19268
24085
23007
24831
22171
9600
30611
6986
8131
19246
18269
7345
12159
11617
1224
28576
28510
13573
17507
10367
27636
7907
26655
6279
3179
25880
13048
8916
25403
23749
16343
26555
31797
23561
24503
14941
19398
31788
8967
5244
9082
19485
4688
31886
20415
1823
23064
4624
17132
9151
28166
13341
29057
20233
26439
30271
17328
10235
8751
22405
16413
20282
24356
28630
21475
7940
27320
1924
23511
8038
4373
19748
21264
2735
24734
7582
19111
30244
32723
4736
3771
29429
6773
19096
7352
15216
10731
8385
20185
16501
7397
17661
24812
11050
8767
27588
12886
9967
6952
1948
26966
1941
30851
16618
23438
8138
1933
8200
24511
23512
29121
7575
27860
29840
29689
3351
10786
20096
4309
5557
21742
22893
16992
11619
7983
1021
28401
18990
27542
6067
9552
15820
2764
4384
25626
28533
24059
18520
28775
26613
655
32164
32681
25598
27454
7798
14552
24770
2629
22178
20684
22209
28917
16842
17898
5856
2159
20762
32514
32188
18348
14646
20856
28989
2752
31857
12962
23662
28511
25920
6258
7564
23200
1262
19797
6749
3073
2705
15194
28354
25003
1596
29335
27024
12792
27766
28361
19356
24115
28139
24634
32021
671
30562
31720
11543
26554
28143
5859
3964
6338
31594
4343
11510
17273
32543
21131
31067
17702
30407
25033
9279
2268
29624
21247
22472
6910
28760
6213
22974
5635
6615
29793
17122
19575
25118
5351
16513
21570
28162
6053
5192
22317
13246
32573
18010
19618
23968
23316
15776
179
17666
9835
12896
3167
6524
8908
12050
8976
2136
12712
4975
22887
30790
28990
19914
18748
11601
8382
16035
14049
26898
4015
31354
7079
23332
7310
24033
14756
30168
1720
10197
7347
31529
6026
3662
11451
22002
26310
277
13621
4958
15928
3798
1512
4256
24730
8310
4343
12517
14262
32422
10782
12167
11722
21945
19257
25220
13872
11186
518
302
18750
31906
27435
17188
22380
28977
24187
27520
30644
25466
12405
5202
21823
9756
11533
20046
8253
16781
12208
26817
1557
7090
31874
30154
29886
15789
16106
24262
11628
11255
20816
7436
27248
1198
12837
27355
7257
22576
18980
144
608
28648
26584
12828
8707
30568
5215
182
25071
15288
9581
29901
19491
29934
12436
21569
15187
19967
17346
2258
30602
7893
1803
19161
1556
3234
11176
25654
12443
1139
19520
8073
1936
17416
8807
14245
25549
25827
13669
23361
11128
7583
26168
6385
24106
11651
31964
18261
11344
9815
6857
15760
7634
2166
14014
28668
3059
25893
1469
17693
29305
31523
30038
14035
23565
386
6953
5075
28132
5300
15783
30039
22175
31209
23064
15637
9328
11417
19426
12142
18047
27228
30984
32233
15756
12546
10225
21983
16341
25312
25195
18296
21562
1384
2543
6358
10399
19965
295
22927
10130
28933
3757
19041
4397
26431
23830
27937
6974
7510
15407
20725
23718
16823
1926
28355
2047
9376
22060
10729
14722
24186
22458
18735
23591
12393
658
31737
27149
21281
30567
16322
3101
10235
15872
14789
23787
72
16184
22781
21212
28389
8266
21584
5518
22544
25419
22792
17012
13177
28920
32130
25793
13468
28594
19498
9352
19791
3015
31399
28961
16023
5363
8530
10958
11200
5415
1773
3998
25517
17544
21650
28562
21612
32443
17897
27647
23821
7520
10654
17971
29109
23516
17938
347
17902
10332
30289
23461
28993
1559
4933
25249
16903
25811
32041
9965
12924
4522
22847
21265
13333
9486
22470
10664
17684
4619
5671
11969
1113
15052
29039
132
14203
11873
23809
8985
30487
29631
4493
17349
30056
1544
10300
14166
4888
26125
30253
14274
13910
25874
15397
9483
6185
3281
32386
19813
31748
18625
6513
155
1434
13463
25953
29359
8435
13325
32696
12737
12480
14307
3012
13105
30444
21540
32756
15368
27507
2987
21320
10388
30071
29925
7942
22355
14993
7129
2223
15123
30821
17765
2097
22614
7289
30666
24158
12795
3655
27755
20381
26907
24464
20177
30431
5170
22260
27891
17621
4479
2240
15540
32609
22701
29191
23214
21834
4018
18932
26158
23091
26360
32094
24191
32462
186
2205
25964
22861
26546
9116
2816
21017
22769
29744
1680
2247
25870
15016
252
1352
11394
11430
21553
2399
15187
29229
25586
5720
18416
30970
29657
31480
22876
4632
7832
32176
6287
3503
21125
30485
20762
18717
30550
28821
25865
25415
8488
7010
14349
2865
29895
13235
21979
7373
8489
9260
22479
17
4667
32154
19925
32332
16609
5860
11913
442
17463
26943
4765
29526
2078
31904
16251
10991
19700
30839
17708
9598
21666
11418
13177
30135
24796
9855
10832
8926
26276
9903
18793
27100
6928
2679
17192
5266
15694
32225
5830
23405
16869
2531
13740
1339
17213
21205
6175
14653
23394
6952
1314
14205
19205
24150
4504
27489
4548
6165
6826
3201
23467
3024
16232
16822
26618
8279
7603
31347
19752
9174
22106
29273
15913
3076
7299
4869
13549
1692
21581
10285
9769
28177
1203
6635
8793
30334
8372
8536
2054
9947
27568
11101
11076
29303
32022
24006
5760
1698
10044
29336
18552
8362
17806
23973
5003
10
13803
28765
563
18653
332
28647
25808
27289
30631
20849
27815
24313
17171
4292
30762
21819
13868
21787
29818
7564
22969
22581
30762
26817
32140
17321
31558
12359
20650
30842
20627
23133
17580
29931
17433
28288
16485
19604
735
28199
26053
26294
12278
9649
28413
30412
19128
2460
26340
25442
19026
29687
16538
3882
4736
22042
4715
14413
9624
12948
30710
25087
14282
29541
24462
31830
1958
28782
18144
15964
8158
14885
10966
26211
26190
31885
11964
21656
7225
3686
16034
13275
13270
160
12545
9422
7947
16918
11169
7980
31608
11129
20409
32093
16311
1930
29017
26183
19938
27533
24069
2406
3926
29690
30370
24863
32183
14709
8343
28497
15669
4608
21036
10286
11277
29296
15925
32585
2898
1053
25333
19183
9453
17118
61
29115
4835
14133
14548
5733
3030
8390
25371
13787
22735
9486
19697
27539
22586
22097
30421
20511
12850
9940
2634
9730
8703
7245
3968
18626
30941
22424
9776
4670
15871
17579
17864
10818
4052
1740
18632
29785
10889
29954
18284
4066
14287
15049
1419
7782
19422
28937
30655
17449
13242
17225
9158
5887
30901
29984
24616
28513
15669
23533
14106
20416
22199
8392
28835
22041
18708
24249
2045
27594
1795
28967
4158
10148
7136
1683
19512
5697
8876
19334
32157
23704
11860
16839
12135
26830
1846
6098
32630
9552
25057
5254
11131
25118
29468
27422
25878
26730
1323
2914
12603
27745
29261
16926
22234
20809
10377
15828
8383
29644
6826
19374
30391
28307
17033
24758
4596
3351
6282
17225
20658
24756
9321
26825
27931
11264
2871
23443
7016
6234
16031
15665
21322
27078
12654
14544
18568
9464
13651
31220
22249
23470
26082
31594
25940
4931
17631
17023
1078
31105
27578
23151
19236
23480
30294
9248
14786
5132
2830
19984
8163
24851
9210
2188
20721
23456
32110
18980
9872
32473
19908
14427
5758
30352
10844
2211
24509
10192
15840
28040
4853
10165
13261
25643
31252
5249
32047
30194
9015
1261
21164
17022
4813
445
6083
26077
24825
15767
854
3841
17977
32533
12646
23153
23366
28953
543
17727
4155
19809
27156
19514
7928
5467
6091
2916
31945
19770
4732
29095
3907
27977
13846
23747
10351
32127
12419
12683
3627
3924
25645
17489
4300
2516
21441
9631
29960
31730
31539
10024
13588
26910
14850
11517
23817
17434
12989
7940
1676
3081
17350
3751
14254
16329
32086
25801
10513
7042
14529
11262
14157
21631
13563
19195
913
18237
23643
17227
1934
19394
6048
18500
8336
9264
21042
16954
21998
14746
5034
4594
24229
6934
21139
10329
10816
29460
25714
18038
28923
26350
12037
31134
3879
5312
32457
10215
12240
9081
9918
16607
2718
6450
19822
26237
14585
27583
2860
8791
26224
32644
15770
31510
24668
2186
13422
32295
18624
467
7029
4532
28788
12010
17880
8915
7299
23485
16030
1021
15057
20143
17010
4033
18945
8426
1702
25529
30869
28914
29049
18366
16215
9088
10133
5464
31480
9869
4828
13176
18680
27309
18020
31338
11205
1694
25536
5125
14887
14625
25986
11301
24027
15624
29437
1371
25983
9105
8528
17890
28078
10482
17824
4309
25963
14133
15524
16288
12739
2886
19303
20405
13486
12363
32073
22656
15159
17715
9031
7580
5852
16530
22653
4423
26168
9900
12265
23315
20703
26063
28530
14047
14986
19687
31785
16390
12660
20556
23502
31958
7171
4318
28566
15940
27051
22868
19499
10205
19216
1489
21237
29696
13674
2488
28824
18507
13614
1986
9406
11859
21483
12366
14102
1176
5489
23032
15773
31672
20537
2156
22556
29666
25857
21885
17649
20110
6583
28785
13075
2155
7064
10143
30033
12185
27801
12349
31450
2585
16390
8307
12546
130
2665
20403
12867
8437
18605
4429
26242
20050
17027
32062
30868
28588
19461
15177
17665
13307
19097
1098
9736
15889
281
19910
16611
19664
26417
21446
14412
13209
4104
29926
26687
14087
25634
5289
3842
8670
12933
30735
1891
9790
23834
20586
30785
24349
9303
26733
7501
1524
22043
10118
3346
12471
25561
24430
8243
11275
9209
6142
24052
17844
17019
19780
4604
6988
9438
21462
28506
16699
17728
22374
25797
21987
18630
10135
1576
21787
21822
18191
12126
16351
27139
28877
17465
27717
16417
1981
12746
4531
30138
9354
5340
25936
2217
13748
10690
23224
25700
26082
26963
23796
1831
15481
30514
5033
591
11373
17747
2191
23044
1368
4282
16677
2074
31433
7046
8356
9785
13790
18479
9777
828
9493
31244
23382
10200
32351
24344
1715
3710
10102
1781
30449
4738
30833
27441
31224
23164
3222
19657
21602
16879
5487
2795
19759
1576
25632
22272
8634
14953
7415
27114
30187
18247
18757
7818
5295
31057
15212
5510
5285
25330
31034
17993
13595
5529
8309
8523
1848
30230
31159
10130
14202
12360
11644
7033
2916
3573
20346
11952
26480
13561
13361
20868
29003
4259
17602
1888
8769
27228
17668
25748
24054
30089
16341
6486
24920
21171
3502
11782
7633
19941
10619
21687
21697
23638
18345
29674
1835
7496
25472
20124
3503
25136
14003
28036
27832
535
20277
11670
14582
31808
14159
6091
8207
11787
25584
26148
27025
8217
23876
23021
1068
11953
21895
18239
29470
4451
8732
31176
12270
1515
19161
22222
21597
8792
9126
24690
8346
4717
9286
32306
12725
17479
29300
11954
31830
18496
21042
1724
24495
26644
28766
8581
25775
14658
15238
26162
32120
11957
16125
18074
22804
28068
13358
23374
8035
27063
15921
215
10584
3179
924
23102
2405
27575
6812
23762
30772
21488
31556
18725
31128
10474
27684
13656
19907
25184
7454
3224
697
10133
25717
10217
14853
20028
21031
25634
30378
16533
3453
22841
1884
3802
12512
5825
24816
12249
6126
2481
32018
13538
21453
28519
4406
29923
14783
31213
12753
29394
16375
2426
13768
843
7340
7996
28200
30075
23403
27988
1561
17212
23729
10275
7949
3201
29625
31940
32061
25077
5779
20697
22614
8927
21622
12171
9327
29257
1623
1996
26431
1889
28090
8159
28045
23839
13769
25115
29927
1320
2723
26348
7575
8691
15094
24602
14547
19498
6096
18766
18228
26451
1714
466
15210
10671
31207
13208
21805
23394
17171
11134
10358
4309
29711
1744
9456
25689
16884
23054
12713
29453
7798
13552
12558
8449
31604
10152
278
26779
27852
11623
19389
14650
7284
8226
15284
10522
17607
6550
26967
32376
9500
25994
5087
21494
9373
26964
31449
23616
5975
9374
27607
2288
22925
12138
22629
6319
13650
22868
2110
20637
18007
19991
15296
25844
20481
25427
21150
21736
14782
29582
19157
15825
9626
27256
11233
27019
21773
26227
12848
7197
20503
4946
20183
25754
655
8801
20356
30021
17337
934
17075
18168
31766
17511
27685
3015
23936
14061
23950
13536
24950
18311
1935
4021
436
8913
22243
15966
24326
4405
12765
3896
19039
11187
27154
30675
25637
19934
30291
14091
17872
26919
2270
25204
27059
7518
21972
25340
17689
14966
7662
9419
18580
3977
20844
32366
14994
11035
24399
4917
8241
28835
1224
13529
10325
10056
12528
2146
19703
26088
20665
29256
7872
94
5925
3545
28374
23045
5558
13274
19190
16760
14629
21617
32707
14748
32343
10307
5469
21473
29580
31961
31286
32708
23002
8264
20513
29593
31450
12305
4012
4743
1697
20294
30128
29652
3569
2030
28454
28514
27825
23467
30524
21370
14491
18330
7081
10185
2101
16251
6973
8616
9730
25618
21180
11681
1017
30924
27628
12846
822
23718
749
28611
25584
2635
13769
8719
29099
25468
21068
18048
16302
19381
5654
11269
2488
22030
13550
12311
3311
2655
6489
19706
27929
1447
4971
23872
31246
31151
27102
14480
26989
20458
353
3493
22671
29600
3634
7577
10937
1867
1007
15460
6038
2370
14250
15008
32228
11156
26683
7311
20077
25399
8410
16990
9017
29282
10733
26027
22274
29239
31774
4166
12520
8101
27057
28724
30822
28557
29204
11514
1413
11811
29624
8728
8527
11672
12320
8915
19079
18422
22072
11063
12951
14411
1767
8797
1738
3849
2023
4586
22971
17837
6357
30424
16654
13727
7812
3961
31581
30297
6295
19128
12917
26316
5455
15523
11715
26111
6049
15398
2313
32506
9100
3609
17237
3042
25769
16766
14900
5221
8964
8451
25891
27481
31274
24015
25926
20383
1667
22394
15709
5198
31970
9565
17907
5133
24667
17677
12760
29633
19029
4642
14034
30825
30943
27453
11920
29765
5960
10313
17375
3902
29929
17920
33
28290
7750
27313
19706
32623
3158
10305
15948
27058
24094
8049
14438
27824
20613
26718
18040
11301
26723
25678
13642
12298
731
23721
17966
7101
16363
4934
3636
24668
31553
10216
21916
28273
18256
30473
2961
10965
7844
21974
8724
10958
16242
20346
26166
31611
25972
18335
10378
30834
22003
9778
18906
30119
29222
28775
25
16528
17338
29438
26521
15494
14258
25028
13438
7791
31601
4188
6259
2970
12309
10303
12443
8170
26631
2
4042
7991
8912
30680
14582
22001
15151
32599
7656
27910
31592
10367
30263
13574
19422
27640
631
11398
12260
667
4014
17858
1233
30772
20231
12166
14162
23430
21963
9550
25349
12176
22924
2732
4163
527
31908
21994
1085
19268
16094
3568
22346
31479
26226
24425
17791
22204
30007
3362
28033
3445
32276
16306
29079
9240
28343
30816
12035
8115
8586
11073
32659
4269
19427
17569
14707
25422
7292
7588
24901
6529
7714
9261
17011
20953
12977
14847
25028
16339
14911
3875
32302
31067
15000
31625
5100
15761
6891
7154
5584
6348
18370
13836
20697
2527
21303
10207
11784
3228
25957
26217
18032
11671
4382
20357
32141
2861
24796
21266
5590
26564
12281
14160
29589
12627
9250
31885
503
8742
23305
9218
28255
24283
8282
24056
11776
13745
16369
25391
427
25346
18506
32127
27621
32525
20792
960
19773
30969
6874
19688
6877
17175
6347
24179
25438
5224
15770
23048
5601
25439
6778
28249
16219
32231
10042
20299
12848
25256
18039
31063
19460
16262
23056
17455
19917
14699
31706
2213
31277
24903
11925
24009
28160
31317
6943
12626
26417
30111
11752
16192
28113
18116
10406
11455
4970
30201
31818
19021
15504
4942
32562
16671
10426
28467
21408
12225
11344
15418
4715
31230
20741
32286
3572
20479
20583
27141
16732
12471
7348
7170
16372
27518
27632
17886
14581
25851
31028
15128
25458
9032
28745
32298
26250
25937
14198
13070
4578
18813
2965
6913
31315
18321
8812
32135
20191
465
18235
8879
31210
12648
9618
17048
25254
12809
13925
3636
25296
28887
866
13644
17562
17026
13442
3524
23784
25779
7135
16417
5566
11947
13253
7496
31993
13607
17163
392
11070
25990
7076
26843
5937
23597
10097
6249
10471
31275
14169
334
8605
32281
18588
16541
11178
9284
13412
24741
9906
4623
32158
16243
1053
4242
12551
16024
18375
23175
2954
8236
249
359
23241
13586
20377
11728
19450
16510
18845
16170
7412
13493
21701
3722
25481
11540
18570
22742
24343
18772
27730
5163
2138
19980
9701
13435
21380
11895
27684
9083
22672
25464
20985
28604
21971
13275
15754
30487
16596
20958
8114
4175
22877
29168
16305
30706
29394
16056
28450
1152
26562
20057
14894
26063
27580
31989
26624
29614
12132
20592
24440
20425
2757
18806
17444
24269
8681
17855
24428
23756
14247
22417
10764
4322
8893
13959
2504
25625
6431
11666
5978
24458
17806
10813
176
21957
23403
20789
23380
15219
7374
15368
31532
29498
1747
17453
8547
4321
6196
32581
6055
22453
26141
20640
2965
30763
29499
13315
15985
20678
32023
9640
23835
13883
13218
19335
5182
1748
3856
17364
13515
3346
14314
15561
31910
30102
13663
14757
22431
23617
21980
10485
11427
13467
1500
12306
2867
4465
2304
20459
19734
4035
18786
18180
75
26845
12583
21695
11586
28611
16979
16859
19788
32210
24801
21050
1359
4773
788
999
30910
11062
15368
16215
18632
5189
21644
23791
5072
15358
26164
9159
2334
18134
11433
9646
25812
27574
324
7278
26659
23387
13531
11345
8638
14077
15323
12259
6799
23086
24727
28922
15018
31750
28640
29428
31359
27517
5078
12864
13395
27416
20733
32032
10737
28616
22932
18860
4764
18191
11042
11547
17737
26724
10833
22590
21259
30169
12543
15693
9679
12283
17043
17126
30537
24825
23181
10323
13358
777
2402
32524
8100
9736
21382
23932
19191
22624
1738
12040
13709
5935
31208
17742
10524
2470
27228
3754
9754
2991
27766
5631
29813
19410
8622
12212
11397
89
10551
30716
19519
30642
32471
1627
11435
2070
15349
31334
27544
8808
28404
17866
7566
3168
31935
22415
23556
1512
16549
3230
979
24006
24168
2433
14315
14716
31376
24939
31812
5228
19717
11896
32024
14912
16861
32565
22096
16521
7283
15715
28476
17318
20665
29176
16006
27368
1743
2663
2665
30708
31956
801
31006
25960
15100
7004
1431
22721
19938
30227
11376
27516
31520
19534
25891
3963
9246
5283
15227
4779
19239
17405
7499
1508
28354
2972
12383
2832
12095
14429
17587
20112
29328
5948
14051
12251
31322
791
22243
23912
8268
32693
9968
26575
11440
1542
1734
4139
31551
26028
7956
21954
25146
24507
8493
1768
4022
24253
12032
22816
20792
28666
32586
19589
31105
25078
4618
24168
22699
11322
2358
20283
31349
1111
31148
32685
7900
17449
18539
10519
8427
1369
26627
29975
16339
5669
2634
14458
32318
11108
6737
21856
3041
29636
4758
2202
27984
28759
891
9815
22039
13902
24055
2560
26886
32260
22156
15712
21196
9022
29817
6920
29384
31409
8496
28658
1563
8388
19466
24676
2306
9624
30266
5143
16995
14917
15104
28057
11685
17255
10271
20720
14021
29914
31376
15744
31910
23233
4984
16175
3497
29645
14680
31430
21118
16572
31107
22938
6970
27935
15830
6253
681
30049
27299
15759
7141
28165
6382
14920
7719
20527
16604
15227
734
28518
26728
28035
18942
31896
10840
14177
22683
14942
10607
12569
9654
18050
17381
22873
10583
7359
6932
20060
16860
14023
17268
3598
912
28043
12489
369
9855
32694
12955
22335
1673
24954
5351
29137
27062
14736
14612
27711
201
12154
15144
31433
22040
28428
30524
10869
7834
1322
814
17402
8514
31187
28821
21981
10379
19295
27386
10714
12885
12036
1605
10629
20975
15007
20853
30257
30837
23473
404
14353
5980
16296
18666
26781
20811
4449
11890
7223
11564
12266
31114
3855
32644
17036
1518
31044
32255
19977
5095
28236
12624
12066
26816
19349
14647
7772
21370
31340
5859
8452
27073
2335
29051
2929
4382
24414
2296
30857
10349
4583
19253
23175
26002
6499
16201
2299
15208
28810
15124
28689
23546
23950
5912
17687
10998
27319
21642
25658
13406
21066
27049
15248
31617
25008
10319
26460
13866
6100
29382
25485
18455
717
13020
30343
4780
8381
18234
14630
27881
18425
23281
24576
22426
23146
23382
10731
16845
18483
16
6080
29065
9619
6511
20830
25789
22541
6400
23537
15991
7879
2142
1396
5206
31281
25162
10612
12354
14054
510
13079
6746
8151
7359
94
32558
7078
31154
2727
17967
14672
23536
30838
27748
28687
21212
31860
30558
5759
25781
9656
5229
21759
18279
1350
14356
5978
7079
19669
20923
16807
24126
19158
26532
11373
933
26545
12064
11275
29139
2130
29955
10071
19539
31204
27221
390
18073
19164
10570
23372
28822
13626
1652
28483
12682
32267
568
3473
25882
28211
28287
31430
20130
18537
7341
13827
22220
24707
10199
27233
18274
14324
12081
3984
31072
17299
5317
32191
10574
16030
5227
30908
26060
12030
18165
30301
19567
32460
26026
9246
2251
20245
25078
28683
18897
26586
9567
6369
8540
26971
3515
2416
518
8854
31136
835
20288
12554
31005
23683
13218
19904
30375
21785
12671
27532
27734
18195
8637
2705
31058
13897
5347
25859
27528
832
19060
22833
4513
17742
12924
13506
26932
4095
11624
17726
32058
10168
32282
20945
2243
27034
8765
25164
12776
27305
1238
30573
28929
4654
16156
6240
30744
13146
23434
22917
11933
27179
20274
16500
5466
16276
7508
10559
9898
22744
22831
4343
1766
13879
31255
26993
6433
17612
13768
23113
19477
18358
21754
4904
13148
23670
13878
4931
16612
7832
29415
2596
12957
11926
23220
13741
2164
8185
14605
24922
5765
4801
6404
27334
1932
31751
31583
28529
25501
25057
13035
1984
28438
3718
23315
13125
30161
32434
7344
23105
22174
3916
13603
2151
25328
11847
29602
17635
26326
4806
8399
11163
27949
16515
1167
11189
5141
23153
32281
3929
1441
2208
25165
12472
26835
30049
5192
77
24263
9644
3125
16482
24622
12478
16485
6615
3838
6918
9379
28191
20584
22594
13249
2699
17163
14566
14199
8395
25959
18109
17006
10418
148
21714
4247
3897
11059
18065
16833
22215
30886
21034
8811
3247
10364
16950
30422
14330
27183
31389
31839
9576
2322
17591
5388
13489
5253
9905
20837
2832
22635
18995
19589
20226
14814
13887
3696
20812
19489
24669
26791
18235
12757
22773
250
31279
7792
5884
32414
4187
3052
9938
3455
21190
30908
16491
11223
5269
16900
2222
30208
8077
28169
538
25735
18900
31463
28847
12417
6391
1410
13580
21026
5681
23742
25301
19851
14315
21747
5719
16868
1151
28571
19823
28331
21057
11086
18343
9035
18624
4081
12707
19697
1865
19242
8124
5787
5293
28950
7146
20338
31812
13631
19175
2905
15410
12232
27793
12742
26857
747
15249
28368
10736
29862
28730
14986
29666
20656
27315
27280
9145
9906
18521
479
24396
14516
26719
13034
24343
11733
9143
18410
1339
23872
15414
25973
26053
17755
18163
23378
9267
834
5616
30604
18997
24179
25852
4037
31664
15563
19927
13517
11272
4785
18328
17523
14495
9105
13644
19867
3225
9868
18400
31377
12771
9069
14145
30109
29555
7135
5825
31704
29905
21726
18621
4669
25302
21612
21884
4355
8627
26501
10587
31019
7222
17492
32295
18517
6217
7335
29643
16087
13500
13473
7211
19472
29764
20910
32335
5370
31171
5564
21700
18687
22985
6825
2879
14606
9563
25079
16260
25837
4596
27847
18822
29393
25290
4101
3792
17708
30546
22752
9507
8902
8966
5501
2145
9487
12902
21996
26537
24756
16701
31067
19908
31856
17957
7049
10432
10789
30541
30334
29914
13867
27770
3194
3746
8423
8780
11819
28761
30368
17091
12578
24222
22927
22273
27272
18506
29237
18002
16909
23960
14834
18025
28962
8841
21458
8429
17000
134
26538
29236
25960
6983
13156
17742
10884
27893
18071
12613
15149
28043
7259
23459
8791
18818
1883
1077
14634
27565
9259
32271
19451
24162
17884
14800
2938
18394
4302
17703
7725
1498
14278
25494
26141
11411
3904
9334
20175
27848
27399
6716
14197
9518
31234
5882
19814
8984
5201
4649
27340
22099
12185
7077
19868
31823
28059
32761
15052
1664
30988
477
25024
16388
9376
19709
5125
30342
105
1532
9537
10850
22879
7097
1898
2570
22336
15825
30519
15528
11418
7269
19668
16389
3365
21789
17626
23977
24151
12652
21886
31556
22067
6678
25609
19020
31842
25584
28296
6888
16772
23015
32196
22029
8392
10308
29556
25318
32698
3375
2226
31610
16477
29297
4268
13449
14714
21630
21404
15542
2359
6834
5626
5868
30187
17627
8175
21498
20785
4600
22798
3968
4412
1088
19519
13327
5226
26214
10235
19084
17179
13852
3775
22741
963
6102
19386
5031
13630
14288
16329
26560
9060
15442
6822
7744
10718
11571
13405
8277
31032
29852
6911
7703
12854
23822
10393
7345
19308
12454
13671
12226
29961
23968
14918
25091
28404
17435
30568
4393
1306
4379
29515
16653
9734
19156
26092
10762
18354
29222
25656
1702
3740
23908
24515
25717
27421
12377
20156
31803
8438
5517
4129
21841
27948
7364
24623
14410
15895
25288
28957
13525
12725
26216
31753
16101
20036
11969
24115
10000
10511
9916
5737
29237
28552
20952
14018
21602
1687
15914
7823
21237
13362
22434
4239
20993
1838
143
31074
4339
29012
4965
31296
23157
18360
12734
3051
27538
7494
1184
19938
22043
11166
20990
21976
25162
15906
2945
4964
13222
21324
14984
7162
13606
26694
28013
29466
4249
8884
2570
8903
13637
19668
10619
14395
12751
22474
24870
30937
25947
22581
7417
25443
19443
12550
28403
20845
27181
24722
30694
19730
7176
9190
19835
28389
19224
25690
374
22570
20451
9065
11835
7495
650
22719
11409
13429
16044
30356
22183
15547
24199
2105
31829
12573
29024
7920
27811
23569
12581
257
14479
7986
31570
20234
4875
25400
20753
5015
29254
17448
8869
28914
22060
19912
27144
24893
22576
23638
22739
15549
26697
30073
7519
31353
23354
11640
810
24324
11799
27818
29308
3479
8965
10542
4938
12130
6977
26843
5978
9508
21092
8058
28584
30458
24293
15667
28937
30324
7135
326
11278
18158
24596
25852
31787
16414
9779
13020
4632
24297
2646
7713
32120
14459
16591
28268
31161
9110
27172
5047
571
3114
26712
13962
29108
9511
6508
6257
12499
27791
6950
22701
14371
13775
31761
28970
26931
11855
32197
32689
756
4168
19560
12127
13666
30678
20341
22102
6246
3662
30652
7090
2555
32721
11947
14783
14225
28449
19147
12393
22190
23476
11661
31731
20699
11783
28231
9196
26302
24117
13946
13919
3716
26824
13142
843
4482
1487
16512
11346
11547
22065
12306
23733
15076
31552
21476
15744
9222
19601
11274
31234
9188
8204
24221
26752
7678
22591
23743
11051
2837
11511
22745
23886
16785
25106
29223
8396
7455
24719
14711
8138
18846
26087
29485
22185
13628
15776
14987
14903
28124
14623
27183
3622
28092
22974
28125
32701
6996
24862
24959
22733
129
15295
8554
24295
31970
31181
12259
13004
30594
19005
5090
17445
21432
11289
5398
11636
11596
18968
31016
3147
8155
13426
9796
10684
7549
27890
20182
1808
6308
31053
2705
8891
1352
28594
182
2448
30017
12706
1939
2098
21492
18690
23882
4299
1329
7023
24019
10496
27484
26577
23108
29732
6347
16947
30032
11691
12400
466
10510
10210
14776
21875
23036
8926
27570
29178
6980
4018
13172
3897
2110
5094
31163
9990
22325
24868
27601
10896
2414
13619
19380
8691
23654
5674
2932
27145
24668
7901
14301
1155
22543
28572
30294
11833
17865
5917
6665
12223
18844
1974
5188
7225
13548
27855
17439
29296
30510
29848
26976
21541
18414
25079
16027
18341
12823
31429
32414
14237
25711
9785
22796
9520
27489
20388
6727
16455
14335
24927
2707
23080
6215
27650
18553
26187
1189
19927
8810
32104
26298
28303
13221
5845
15708
25395
18523
27663
16862
3677
19728
14999
29329
4263
19780
22527
9866
7524
17747
19524
3750
1934
19354
26206
18380
6912
21723
32534
25202
5605
6114
24088
867
22129
21609
30025
447
4303
314
26202
9795
8538
9619
1694
28618
20239
25038
21784
276
4674
27457
5849
7111
13201
32612
3465
19635
22295
4657
31811
11610
18402
15313
28326
24240
6054
10612
30248
8479
26290
5505
20910
11726
26660
2799
13146
13603
30297
30706
6308
9863
19368
21467
26797
9577
13136
23609
19663
20357
18094
11589
30585
14438
2740
14717
19770
15913
406
25742
9243
7045
1222
17783
3378
23304
31523
21484
23668
4003
16238
1272
25291
30313
19197
6887
3689
26004
30899
11363
25947
11465
29743
9949
3681
19101
10564
20527
23549
6999
18345
2943
3530
25847
12018
25958
15375
25720
22207
11089
8596
16467
1844
4648
14260
1092
30121
12334
22708
2640
6562
20009
23635
29959
19969
21442
25250
7943
4730
21294
16662
9153
328
30734
17884
25984
19742
23956
17772
13479
23393
4072
9825
31801
20116
15562
24456
6047
5396
22392
7223
13734
20485
13266
31456
27848
9868
23740
6629
25772
22846
10692
26286
14576
10713
22533
25338
31013
27442
10826
21618
27163
19823
21623
4740
27743
14966
13861
26222
11267
22182
10381
12697
32157
31172
25511
20009
3218
13368
16019
24018
16021
13433
20279
31469
28778
8390
11562
32715
28656
14615
23504
22601
22366
21843
8135
4516
11725
5059
17282
7311
28919
19399
3892
30083
27710
6343
30704
10071
240
4461
18958
23568
17353
32529
21200
28666
5049
10613
19782
15096
3560
2739
5742
1048
760
32627
27808
21354
20874
18273
15913
5651
18947
27103
19255
18589
32656
21238
7925
7057
10855
15507
9206
17992
32592
14320
22487
31742
8292
27472
25120
14120
2837
22511
4716
20231
10095
15417
2506
2942
23710
26170
4962
11041
20143
2646
28764
3982
10651
29242
6909
1024
7553
6162
17683
21025
28723
508
5524
6432
18420
29117
27010
6916
4992
15540
7185
29760
13133
24588
6668
29063
18449
9525
17525
30689
19076
27284
26220
13055
20583
25721
16977
32203
8901
27218
31277
14660
2425
9247
22350
1417
28656
11302
13618
4403
18224
30952
5031
29416
18713
9043
5167
16686
235
23865
26281
23676
15625
11265
26926
8087
19965
15261
32570
27164
14011
23996
25612
14680
12842
2368
31823
17248
12768
28146
27385
18526
14893
28788
28020
3626
16220
8824
17148
14874
26677
2864
9032
32026
22983
21509
2156
17919
28772
11660
20478
28184
2540
182
30583
5126
17743
16455
30685
6350
23373
28297
1183
29485
29824
11073
12737
19756
8349
24034
17720
8179
21239
20481
14232
16866
2116
19465
10220
6878
31140
5168
18149
29417
223
17833
32056
3830
4590
31771
20801
4091
28094
18771
20460
18503
29232
21814
31957
31510
11108
14841
3502
14947
2615
28820
29922
22269
25610
24947
32631
5853
8134
28015
2617
9655
13340
766
4629
29647
23314
5030
9155
30478
7867
32184
28328
597
9029
15930
32506
10001
21050
32549
25381
21776
19199
21969
16493
11411
15521
17837
6869
13988
3280
23347
21568
30633
28716
29467
9943
4154
22464
463
7850
24624
22476
28448
22170
24574
27592
23095
31862
9285
15269
22990
24676
16290
18006
3232
4995
30411
5519
3613
22990
31450
24269
9059
29508
7656
13718
13418
70
13790
13058
25982
1344
8584
13946
25843
20875
9195
9152
16660
19858
2521
16943
23132
29748
19906
8517
17897
31594
11725
9822
13357
28714
26663
10178
12263
18827
4507
14562
18769
14121
14948
3039
411
11979
21823
3148
2713
32067
5316
5941
11961
24214
13045
29792
30007
24925
22296
29906
22164
6507
3522
23189
5444
26032
1845
28089
3751
19805
4075
25241
6202
14409
30579
30048
15631
1684
22908
24267
28538
19338
32048
1584
782
12234
16067
5311
711
16039
14155
19976
14217
8910
5842
20925
29385
5673
25769
10937
29066
2308
6656
20290
27532
17519
19124
30347
8896
3043
20584
26493
1790
552
11223
9399
16890
21877
4200
6612
16245
30426
19972
11756
1456
24795
3364
24413
29222
12638
4398
19659
11898
6855
29953
20325
29103
28769
5582
2666
24983
20992
8235
5100
10382
15076
29538
6869
4968
30689
20239
11815
19367
18621
32490
2440
497
12506
30945
2813
7362
15124
8554
13814
16223
13549
10775
26507
15627
9448
15978
8197
19580
50
29420
1440
3984
25479
10873
1167
17213
21332
26078
12353
11206
18201
12710
18915
4405
1042
9776
4134
24581
2838
11781
15426
16927
7615
1641
20539
17416
7883
11824
6754
23128
20930
14035
4640
23406
15833
11203
29167
16738
14359
1021
12969
18491
22710
20959
19461
15458
24524
9530
24158
3415
19755
21416
10679
30883
12165
6944
30205
24846
28372
21191
20619
9745
5624
7689
17140
3982
24482
21993
26364
8639
2674
7317
31719
28013
14428
20286
24823
12386
23888
18982
6448
23072
282
13051
15454
18643
22663
15715
31065
21125
31177
7640
3464
28305
12316
7862
21924
4954
12970
2962
23486
7228
17068
26318
1668
19395
29907
7530
19904
15899
10726
11549
6177
24520
31404
28837
9790
15511
6924
1627
11992
15061
30835
1290
4191
5822
6006
29441
15288
12856
29881
13159
15422
3266
27919
24015
263
30631
28898
13324
19304
23159
1750
10823
26299
7095
25001
13647
3423
472
3422
21295
7937
8294
30618
518
3098
9602
22350
6419
6841
7058
14230
14352
26755
29495
10721
16577
19960
27008
25427
3788
1784
7773
18791
25035
17541
28502
12761
11680
3018
27260
22979
17672
1628
28064
22534
4724
10177
17860
3819
21268
19503
25295
24842
2100
13461
29573
11627
4811
992
32181
22252
11601
8567
18100
23266
14290
9479
8203
15107
2625
12166
27757
16004
16654
21874
28908
20094
14330
32346
18028
29078
10027
23968
32599
10973
5755
26749
21906
16373
6934
27973
29872
10870
4932
12269
13414
14479
21635
12234
22335
8433
32729
31387
8593
3560
28776
12490
23728
25547
30787
7919
6753
18071
24448
4246
19602
8919
22927
16450
1352
15815
25802
2226
29400
4280
18508
15202
27738
29622
9223
16469
8795
23401
18193
25362
18386
11833
16447
28909
18261
29877
23797
3207
22669
26934
2620
23192
2536
10943
19477
27628
4749
5928
16142
2220
149
4220
22546
16607
6008
12703
22149
26160
29381
13876
7313
21234
16663
6589
25018
8801
11076
12804
29625
15915
15319
18619
31111
25903
23233
30815
27832
3972
12619
20578
15626
21437
2639
1160
21054
12651
680
11154
24614
25828
7655
20762
16640
10307
4935
24254
18946
1456
26340
8320
20022
7906
8999
26733
17288
3553
18053
5501
15902
17169
14697
443
13799
1132
24686
7077
19063
29199
7890
11990
30994
13304
23848
8162
30982
13582
26700
8066
12862
3937
15516
6385
533
3508
4453
24469
17000
26169
14492
24546
18159
4763
9935
22396
17613
26945
14170
22683
22629
23506
222
7348
7536
32500
19951
27222
3404
16218
3597
4690
6039
26621
21206
18462
10493
23977
11641
22907
5198
13244
110
2390
4564
32299
6501
4588
18659
1221
10108
4658
6065
15292
25012
27252
3432
9569
29094
19516
19066
303
30322
373
15157
27659
13305
11984
24727
21962
16972
5479
7011
28660
20835
6049
11636
31175
21779
1365
25938
3455
11578
29490
10243
21205
7741
8542
19748
15046
11700
13661
312
10389
14179
19253
8767
11283
20077
8655
19083
12574
16068
26273
32207
18536
17124
25738
11385
28026
16833
6653
321
28152
10493
31330
11522
22054
14175
24249
9417
1707
19329
27009
1580
22421
2760
25048
5598
27806
29849
18915
3200
7853
13770
13424
9657
7840
20567
7642
9608
13641
27479
19501
18393
17590
24366
31371
20055
28342
20995
21455
8322
1176
30837
111
12801
9270
20105
19367
9017
9779
23783
9172
20510
16768
24135
31262
16713
2085
22822
17753
13132
8510
445
11309
10306
25667
30771
6773
14250
14733
14098
17894
4213
25622
17912
26097
24925
6273
1167
8938
7033
1370
8638
105
17166
12446
4897
18161
17065
20094
8375
12495
29802
30048
22747
24133
21923
21287
118
21736
6306
18356
21362
3655
2250
2220
10610
22989
29929
12924
21184
5609
5061
27291
16774
1131
5880
30479
21314
15922
24574
28467
20084
2564
2957
27063
26777
6845
18212
19432
26717
30892
9447
7730
14349
6714
25002
2531
31819
28620
20812
25649
773
26347
25926
27263
7848
10403
387
5084
16784
5928
4979
7117
28100
20160
8027
10828
19680
11740
14319
15632
1106
10376
5154
13839
6601
27398
14141
13122
31723
4022
24366
5032
839
27706
11555
19853
32650
14806
15448
31244
9461
7453
6957
14803
28174
20682
23164
22310
17814
30700
10025
18727
3260
23366
8699
31828
20880
5621
27050
1105
18874
30035
2873
6888
25964
4124
19589
4174
3733
22735
1311
4263
26712
12119
31063
25293
8892
13803
27545
1101
13989
27955
22525
18099
7683
23468
3609
21000
23625
17485
7450
12440
27425
12395
17939
18425
24413
20698
26772
25416
23089
31317
7551
12982
6816
16671
29719
25667
17205
30699
1370
14794
10227
5626
20881
16446
14478
18563
7205
3123
23260
13143
14772
8096
18822
9413
1124
23779
19203
16571
27255
11013
21703
26415
19232
12096
28343
22973
5525
16318
27361
25746
24166
29604
17770
3720
24333
29775
16583
5266
5062
29661
4656
13403
27553
27888
12882
2602
16085
4014
9797
1545
32599
13
21693
15398
22443
18765
15236
5241
11259
10950
6440
7591
12646
8675
24305
1831
3994
21871
32533
1699
16549
17935
27439
11425
8968
26640
22254
27746
29197
2659
4874
23306
6235
12006
5245
27138
4296
14310
31727
8347
18798
3809
12658
6388
15617
10384
26735
17437
13920
2596
8160
14716
29289
13265
29376
5488
5138
5257
19648
11061
7861
27402
22332
3592
27308
14362
12909
13707
18462
9745
20192
16746
17432
2457
31527
8255
17376
24498
31182
7603
27270
27897
13201
7142
31931
25129
22987
31762
14054
10722
3378
31339
18805
17321
23746
329
28529
20529
12535
14216
21334
13016
30527
20015
13857
27765
8623
20817
3242
4945
20213
49
1844
3187
11918
28841
14147
27169
30009
461
18350
5027
30123
25035
31476
6730
12676
11030
25555
24497
30338
23747
3095
28995
23540
12851
32177
15613
13426
7666
25096
885
18380
27615
11156
11036
26944
20109
32168
22720
15856
23530
18063
29013
18323
15646
16347
26868
1898
5558
18682
804
19829
26114
20490
26713
2024
27835
15598
13498
9945
19433
4770
25639
26683
29956
15051
16251
8207
8282
12179
12046
20697
21424
30643
5759
10321
15404
10449
7600
13404
24435
25613
2833
25658
26638
215
4898
10753
4370
23043
16691
20554
29952
28959
23918
22570
17386
23556
29720
29540
9431
12459
25108
28380
18025
25410
2729
8527
25277
19071
6789
12866
14995
15925
31745
19768
19375
1061
24742
5416
18047
32534
1008
27694
1789
21544
2899
25473
5335
31333
10108
26533
28365
26777
23257
31970
9563
21859
2395
8180
2201
15757
13691
7940
27999
9369
3707
32471
19884
17308
13294
16454
18505
6736
21114
6638
17321
5732
32221
31272
14356
17686
27694
25916
25861
17156
30309
977
30160
24127
542
30120
22919
7842
14490
15498
21023
10338
12039
21375
32463
11493
25601
17985
26041
24024
13912
23792
16588
5756
14612
12295
4585
12096
2230
14479
16964
12181
1473
12435
20750
20990
6265
22483
21841
3686
25067
28860
22299
7863
32301
2456
17374
12712
15335
26115
535
16343
27922
7326
26670
14103
13568
15623
6813
28683
30621
4616
5461
8692
19956
21518
25693
18631
9205
24541
20413
12675
25461
17795
32410
8385
20598
17290
21922
18316
31401
626
5291
31348
26673
9311
30614
24286
23978
32014
24186
670
26474
1549
16639
4552
2054
25388
28935
7874
12312
2863
28820
12446
25408
26821
24294
2983
11881
1982
16611
26682
21326
8824
10428
3032
19772
9114
206
30840
4889
28677
32198
9762
15013
3336
31753
31417
24832
30419
19539
29721
31853
15151
13213
14434
31573
11372
8773
146
21647
16538
26217
4442
27870
28924
23955
13866
30139
11705
27036
29327
10581
14805
11466
23998
2007
864
20796
23665
31209
19437
24456
11505
31865
13638
26786
31092
14779
1630
1792
25770
13166
15495
31483
17555
25186
15589
26233
32659
28471
14883
27593
16328
26727
8804
13262
28827
6535
10621
8032
14997
26569
17249
10223
29045
22470
8924
13161
10367
8314
4229
24414
24854
28560
11758
1891
1933
17120
31005
2740
12859
31543
9280
5405
22221
3158
5532
28442
27104
28221
9159
6461
7376
13225
25111
14032
11722
27099
4442
3004
32297
9627
2247
4521
25343
24957
11061
26727
25585
4451
15499
9612
23625
3907
11128
18271
12870
17706
9060
20213
6326
14465
31398
17818
3783
23184
20727
12659
4635
16960
29222
15713
14106
13093
20750
6183
7052
5563
11974
20176
26471
17648
16919
9803
20453
21731
29491
14425
20698
14060
32675
22441
4165
24284
6786
32576
8229
19846
23785
20767
4750
9342
6826
26656
5115
10016
28481
290
32742
19668
5895
16229
9110
18577
26793
4151
9017
10656
729
29137
13618
31139
579
8572
10164
31701
21443
29944
25744
29075
30421
25373
26443
2076
17485
32707
22900
21397
3400
28384
18740
31568
9826
4848
11815
31565
13097
31386
12394
7937
17874
20880
26102
6487
10027
22711
31276
24053
23249
10632
29616
8128
13219
18614
3195
6306
3190
19472
20524
32395
30987
6058
29855
18869
830
30263
8385
12333
18559
4282
5539
31375
2950
2398
28109
5648
3651
15777
26324
1986
18452
29624
26927
9492
19515
30511
16966
13720
29839
26833
17612
25098
9329
17863
17231
5261
14338
27140
6413
11831
29588
4576
13578
13776
1886
7938
23391
25559
31603
9348
4309
12230
6133
32338
25778
17048
7557
30675
3283
29319
25087
17868
2043
11290
9572
22401
14955
27743
13080
17181
14515
12405
9038
20819
13511
32334
20672
27718
16725
27315
22179
30118
24406
16521
10970
18460
2532
11602
10346
26601
13387
5879
7726
9930
28258
32452
13772
16158
8988
5556
18151
10826
9562
26095
27286
13917
32515
13713
25365
7920
13911
1709
11195
11601
32128
22674
17708
9184
106
3660
4560
30904
17621
7790
22148
9106
20649
28687
13199
743
2697
2323
10711
7253
2218
29100
85
15428
16870
28959
7622
14537
21772
1996
10915
23499
23163
19049
3924
14436
29679
654
8865
28553
3738
14454
7273
10222
2935
2564
8342
15652
16859
29444
30288
27140
4173
27316
16241
29265
28567
31362
17465
3993
15389
12824
10052
9564
10606
7318
5560
113
5145
6942
18371
9636
9666
18582
25925
29604
32628
19113
8905
7197
24121
13327
10938
14369
28136
23567
9940
31692
15935
20290
32216
19752
3633
15769
6532
16974
24961
2465
18626
19150
5264
23814
4640
2129
25204
26199
2688
6781
4425
9224
1040
25113
14540
24765
10621
32626
22310
17606
22884
4093
10245
8421
22026
28477
29169
22104
7500
32487
15838
19
31961
14917
11517
16718
13982
6360
24792
23871
18818
1089
10654
31785
12884
25954
28347
16789
14593
3264
1452
6111
7691
31275
27410
21749
15414
18338
4613
7260
29317
15217
15786
8820
27236
17820
6408
13564
3623
27776
279
11480
17331
27832
13594
11538
16251
4158
24879
21280
943
210
14117
15461
24495
6560
2445
1274
966
31773
7444
9133
32021
27698
9232
18250
11725
14236
6232
6426
5538
11411
26457
2218
32380
25513
9318
1229
24943
24822
13648
17892
6125
20594
11575
3421
11578
24994
18847
32378
25633
1655
17862
29780
17638
6515
30774
31007
18299
12045
28310
17071
28150
5719
31685
22587
25411
19678
27690
17762
29206
27089
21573
32363
26660
17510
11658
22993
14739
22906
13680
17151
30895
13432
17093
2648
30174
24443
1348
30330
7126
7863
25449
31428
23565
31509
27268
14102
16241
24605
1293
9431
28506
20761
27447
5437
19133
31095
455
25800
23458
7280
6951
2064
16600
10215
20150
21953
24551
28308
23139
12772
29510
19809
17018
32352
18638
16404
9149
29888
17519
10543
27575
19766
31522
20756
27469
22240
31262
24685
30614
25931
3663
22987
3309
14134
8196
22157
10308
15000
30440
2820
19131
20964
31283
21973
23409
32395
16673
24222
23449
5314
1956
2012
8401
23687
23381
14348
2480
17374
5297
15888
24734
1633
28802
21717
24809
28151
23963
2611
4629
4324
21192
3348
28019
12546
16645
9945
501
8269
30190
25593
2624
20133
631
12267
10499
25808
31197
26695
16263
4287
7389
11048
4744
26386
17699
25812
12612
32222
9477
24735
21201
9389
12145
24844
7603
24006
15396
822
3502
31919
15389
29038
27609
3569
4690
10534
3316
27675
25761
22542
18939
9737
30985
5244
26363
6758
29466
29969
23589
27760
1450
19354
13601
13819
27850
1844
31397
6841
17401
436
23109
8376
3223
15429
141
29228
30876
20307
22861
27759
19849
4520
10804
8262
29599
15061
15264
10086
1359
1236
949
29495
29427
4331
1965
30935
3771
5075
26478
24162
5354
3354
18274
3441
1090
3526
3203
20192
23228
21051
7861
21461
2685
13151
9561
20477
15110
13051
29215
2329
10923
10085
3611
32698
17478
19036
7452
5448
15660
12083
2873
21321
20320
25650
14508
14304
25607
17209
6116
11156
16924
13734
29141
1107
5477
28537
17555
14775
24998
26038
28703
11912
13844
1035
9600
13185
13580
26035
19478
10071
17413
5530
20780
22519
30660
6594
5580
2319
4303
19941
28375
17361
7203
20828
27477
21492
3113
3135
21769
5627
24039
4046
8008
31417
7795
22031
14348
25621
25774
9401
28485
16139
4910
5969
26735
