759
14737
3318
3933
11218
24359
4091
11830
19918
6880
8200
15269
22272
11277
8827
23968
4952
13677
23399
764
17701
928
27193
32130
9947
6110
31131
582
14868
19177
9880
1076
2006
7232
25345
7404
13844
406
22288
30672
5751
19074
1612
29530
4702
27768
15276
27828
6179
19192
255
27010
28064
20485
9611
5122
3057
26841
6133
15704
26748
15063
5985
23075
20271
9409
32729
11604
12809
24619
13811
5440
4572
22320
30126
12020
25681
611
2206
17352
6956
25352
10057
13623
12497
28037
2512
23277
24071
30739
27602
1826
23805
441
1933
9511
23947
25979
19526
9790
3769
19919
21483
12463
24965
31824
23544
17688
26849
14774
17815
19973
31484
518
24843
19904
30658
16646
2126
7787
22694
13044
19705
30795
28063
15735
15717
12903
27504
21718
1296
29010
12077
16744
27714
14405
23291
22860
31472
4208
12311
601
17120
14994
18970
4184
5390
7880
8059
21361
9807
28322
27477
27364
26420
11644
25706
12282
4913
4876
25961
19770
15102
31799
27244
21983
20030
24105
1989
29066
26719
28580
15866
28725
25793
31896
20238
23144
32282
6133
30978
20911
32025
8125
14748
21835
14921
18269
32615
16168
30521
7229
27643
3343
21210
14486
2942
18973
23848
6276
9579
11380
3596
17756
2706
15152
9089
19263
1121
4253
10999
11503
18785
3239
14836
18914
6915
2961
6657
27285
28829
29930
27588
26403
21424
14013
1386
7190
20844
265
4168
8573
9590
21872
10689
30783
488
16179
2922
8622
6298
18270
32364
21855
18848
31040
7722
18746
6931
2846
11812
16333
24085
32553
1819
20709
9487
20652
24439
8288
28477
394
29413
30525
11629
7144
19780
29429
1027
31783
15554
16142
28225
30485
12098
3309
9925
12388
32514
15852
31059
13659
29306
29612
25045
12235
29575
31405
7328
17733
16840
17179
3065
30346
9288
23531
5848
4931
24158
9255
25836
5618
27602
9862
7134
31785
18497
21312
474
28410
17859
3104
10572
20398
14026
14043
2535
31929
28494
18848
10988
25326
24871
1520
17065
12016
22458
21936
28480
13033
5847
32381
27817
21630
24802
7999
27642
5890
10289
11265
28646
5609
28598
23552
21124
896
7902
15873
22610
32732
19640
26344
29818
23568
18010
28295
8788
7588
21633
11956
30763
22082
1143
30878
22340
9137
30778
13409
23836
27656
474
7895
31218
10779
3619
6577
20613
24122
8828
16839
17183
30491
29199
16301
20946
18196
20010
1671
11778
22925
30181
29982
10020
15542
2310
3379
21700
4981
8737
13587
8653
931
23556
14187
7429
21623
18002
30046
13015
20802
3437
32469
13397
17501
22937
1302
20349
7776
10591
23449
23739
7573
11056
31510
9648
2477
23115
15075
2354
22449
25313
13437
8340
19003
4470
1381
18983
25061
20874
25389
15616
12802
32633
13778
2556
28044
4512
11340
11778
16478
23745
32612
6536
18595
30632
22214
20825
17551
527
1111
3221
18509
21184
2504
29689
4152
20729
7276
26208
17229
32020
6982
26250
14816
27751
11111
5661
7311
15466
28279
25065
28533
16663
1937
17264
23968
29335
25172
15270
22724
24090
28726
27381
24880
7687
20508
27268
2562
7509
5160
19129
3479
10808
6610
23293
1606
7169
10299
7871
8014
4159
18621
5051
21004
811
3527
11644
882
18243
15336
10783
5556
8244
2345
9307
16964
1277
26272
1726
20481
19794
2114
17465
31148
20030
7929
31199
6299
10765
30967
24042
26545
22377
31817
8191
29325
9155
12207
7859
1282
13557
17835
5709
11975
20005
24024
11469
12144
23532
28797
32558
24221
2999
6242
5097
25714
29294
12002
22202
22087
1620
28226
422
2976
28719
3649
5949
16223
30632
3824
21021
20792
3828
9668
11703
15206
16820
234
27734
4252
2842
21722
15965
5695
22350
26671
28367
20178
13328
4534
14613
2226
29854
23749
11260
17667
19672
18382
15870
2794
10146
20787
30402
31484
15498
18012
20966
14071
10411
2312
16123
29104
3792
16096
25297
15181
733
8018
32245
23988
17515
21404
7289
23876
3251
7463
29427
29122
29613
13847
3272
2966
12409
8224
12203
14647
14589
21915
6240
228
1232
4313
29894
661
30550
7607
16148
30257
13613
26994
24163
23041
26824
17597
12397
25957
14938
3089
24724
5061
32502
10821
12326
23499
25332
10590
5087
26319
5014
17832
19119
23699
11244
14086
20926
5937
26868
9350
22958
21329
26886
30264
8480
12447
31343
31041
22649
5757
15709
2603
29414
20724
7419
14719
2205
31217
25564
7830
11878
686
28573
19628
26202
29038
18374
7734
3563
10093
7154
19061
27941
17175
27952
31052
19252
29304
26280
18767
11301
18932
10626
31772
7153
29496
4099
15598
10935
18544
11257
13679
32329
12218
1114
25806
7402
19163
22056
27922
21846
20274
23703
19118
26627
6634
25714
10837
21927
21619
11963
20751
30458
15666
26258
19085
16829
26743
11863
20921
24315
3504
2067
10130
30351
13533
7444
19511
21478
22596
10456
20033
18438
20070
2861
9302
27855
4145
17813
17660
11649
12151
26607
28842
14463
4511
12372
25125
15955
17051
25152
22794
8689
29722
6386
12966
32320
31998
6421
1294
9430
27920
26015
28780
31235
2290
7162
6808
21010
16982
23394
2280
13259
110
15246
19528
9277
19619
5778
13197
24506
14218
10756
30726
9250
2580
21341
6228
28773
5893
27555
21884
23875
16551
1605
1595
29526
1727
5959
13466
8787
12480
17566
14785
15757
26687
26334
19472
8634
22439
32018
13164
26618
8494
6123
6103
18965
16903
30
7748
7172
13785
7175
18345
32436
28273
22674
18005
12294
29620
6491
15748
7194
16343
29716
7985
5069
11218
15144
7211
19584
17
7069
23147
3356
32109
21055
26021
11346
29276
15355
3613
17448
12388
17801
10684
16049
30166
32334
27491
8219
8120
21120
17535
12784
14339
12427
1246
29589
13327
7603
11457
29719
30539
32251
9522
31014
28209
4934
21143
5986
21881
30653
13704
8150
397
6000
3550
1730
14910
27968
13324
10142
32437
1788
7347
2651
17836
5322
14960
3564
3550
1993
12793
7173
21179
1012
5224
18979
14689
10570
5078
3020
2504
30764
26156
23064
18492
21766
18998
29808
785
28465
25337
7830
10386
3864
23879
32741
31034
3994
5008
2011
27175
1712
9211
31700
3019
24912
11445
4632
18661
30353
8841
15896
4527
22031
30130
4597
18265
21905
30957
22850
31671
8681
16082
20747
22839
22300
24931
8470
18197
25539
26598
31336
7634
15281
16112
32523
32738
7638
30403
22287
10917
29027
15321
5839
21400
32303
15809
23158
26061
1114
30762
15041
13208
30512
4670
32518
28812
24400
18481
12405
1957
10253
4889
29342
8647
23572
768
17715
28775
5455
32567
4879
4232
9226
24814
12920
6634
12629
7170
15009
11902
24745
27158
21107
7708
13518
11237
23693
29304
15355
29910
9354
30547
18240
29906
29058
4846
12577
13394
8659
708
30596
22204
13345
20600
11469
22255
24987
4877
1095
29212
11648
20565
32198
13529
3554
4780
29834
24176
4523
1766
5479
3709
10205
13957
35
28856
27678
12847
6176
23311
7283
16480
18490
4600
7244
25693
15859
9989
10433
20841
24526
9656
8731
7738
760
666
3734
19630
9261
135
14949
31163
10202
76
6391
18852
25983
28276
19321
25715
600
17246
28828
5795
24380
18835
8600
27165
7621
7767
16497
19302
177
8318
31608
3862
11144
16769
10774
27532
1407
27857
26309
15072
17309
31083
2655
6425
24092
22957
27803
12960
29970
32104
3540
22261
26705
6710
3597
9121
9867
19982
5427
23404
30650
20501
4257
15823
18110
9143
27114
29356
11848
503
6866
24125
19704
27907
17053
29003
9410
8716
8333
18848
2454
23892
6054
14014
25408
9353
8116
30417
18061
2897
18319
16355
10671
9766
11422
26959
14306
8036
2970
18808
2128
8864
20116
7098
15410
4668
15418
673
18489
15160
11350
31321
27948
31563
26007
20326
9170
3379
2196
28053
18
28489
11278
6963
20313
6232
3701
29820
30268
28335
174
15190
20831
13685
28180
20288
7573
25661
9661
24965
11080
7386
18686
14773
24860
13173
817
7765
20943
31965
28341
13782
26980
22301
19255
29636
30080
8276
26928
26176
3348
4033
28335
30640
6972
9502
22873
30901
4455
8751
25006
1630
1209
17050
9102
8347
15021
9721
12283
1268
26879
8238
27680
8570
11465
25590
24978
13310
31980
15298
25559
27010
7089
17602
12069
4589
19376
24642
25707
15363
19441
20281
1686
19859
24402
11295
23821
27634
25384
14080
24445
18601
14633
10191
3804
9835
2186
31484
24488
10826
6756
27720
6512
19754
21852
5081
20374
373
7299
22921
22355
24848
5499
12932
24315
30606
6620
23826
2691
31908
22485
3761
14656
4829
26135
18535
22769
24207
20206
17750
27136
2318
22193
14225
6405
1055
349
18222
4492
8624
7037
1949
28184
21446
19021
22328
26984
10422
26398
23834
13560
22424
10748
6453
6347
28921
26511
15007
16488
2000
26175
12333
22819
26291
3739
10051
26013
9547
31484
27882
27278
12806
10853
25891
22722
9227
23214
3196
22626
26995
19938
14304
22901
9654
32485
1715
3494
21603
2394
15135
12104
1045
18627
27816
14743
15778
29418
18695
30273
27541
12673
22325
1061
21983
32517
28870
15194
1481
19176
25976
4723
9773
10478
32012
26881
13286
4056
19284
23386
4741
27456
2702
921
22853
1220
28656
19430
27714
2150
11908
13816
13797
10291
7222
15319
5283
8995
11564
11751
20711
13121
14677
12834
12108
9995
16453
18597
29456
10780
8000
31086
25798
264
28052
3940
12618
15496
29484
1175
13562
10199
28003
970
1827
30299
5654
9007
22970
29832
8445
15473
333
16386
9019
1527
14648
19201
6451
20840
30748
12026
32414
4970
26765
4732
11482
6320
23051
9816
29573
3123
15924
32260
8011
12991
1591
18241
25340
32690
29836
9468
22242
26369
14051
12658
593
4219
23642
27544
9087
20562
31730
5050
10646
2263
8004
15202
5384
22917
17776
3195
12835
16193
4695
2998
25061
2528
32266
23085
25873
19178
6273
14919
23938
8605
13713
23515
31168
2101
5400
13208
32465
1643
23419
24996
9298
27964
28242
27523
30406
32747
2401
19771
13357
11849
8139
9653
22233
17460
23938
615
17021
12894
23810
3632
18311
21584
25919
10115
28847
22446
17371
8648
20176
10428
6045
13823
14071
2081
7967
26279
9914
11755
24518
23262
17100
7636
14583
29897
9166
4291
14216
10038
25959
6038
15733
20096
11158
23327
20949
4275
4679
7532
11532
2289
15141
24652
21825
16917
28080
21774
24339
17557
32143
31116
9863
15277
27431
1641
5189
30138
29292
4758
17157
17380
31735
4123
6468
31999
9306
1556
11067
10163
19888
11257
30993
4059
28536
18979
23888
19244
6307
908
16278
28951
22507
27863
24461
2544
32359
5264
19484
31055
28764
24756
23263
26551
30807
25972
13269
28533
20600
6454
17753
4299
22033
2525
13396
12622
7024
30538
7344
10893
19448
30498
13840
11251
5751
1490
12478
29679
4531
10449
24292
9297
20294
1573
32256
13816
4268
5417
13458
20394
21147
19597
6167
1091
8850
29086
20283
15378
29365
27848
9291
19840
24536
18265
7145
2290
7642
13959
25603
15345
32308
22453
12038
28553
17617
498
20302
26094
16161
20675
9954
7014
20841
19490
16222
20066
28253
20934
7728
21230
11504
9125
10503
13644
28779
16312
11913
28636
22204
25854
26437
14400
24849
27075
744
10172
2726
18210
5555
17123
16859
32201
31276
9328
30602
14332
31508
20338
14487
19677
22938
27820
1481
2282
974
30523
24024
24519
3928
7289
11719
27454
19562
21282
7027
23428
1267
28085
24173
15549
15382
11293
6917
13763
474
4241
29607
9251
12067
31673
17515
14697
7649
21522
15591
32158
12679
15507
19528
23310
17343
7825
5025
5967
18779
2784
21122
23934
17295
13883
461
15820
20830
5349
4293
17977
30035
22929
30824
6304
25457
23424
6399
8692
27500
10217
5619
22217
21274
17053
9186
6422
13604
23019
31986
11065
14337
29121
28517
21563
12581
18965
14958
6486
2165
1155
11587
12468
28671
19768
15476
4474
17384
2830
379
17669
9893
23288
22676
23923
11630
23201
4303
13670
12528
1616
25187
23812
5699
11791
8005
22595
9243
17932
20985
4707
14402
5695
16041
10940
28998
3405
31348
32441
8303
15021
3336
5413
6131
13321
20595
20133
10605
27111
822
32646
26764
12168
16539
22201
1544
31248
21321
13852
22235
6888
5654
24572
23469
31073
22300
7639
23696
3994
28943
17510
27885
11939
3790
14554
27582
19938
19767
23399
21502
27062
12096
31487
29022
13659
6211
13920
19770
9230
16538
28240
26571
3441
22636
11559
4510
28976
19654
10127
31045
7653
25326
14984
16716
16185
7668
2735
12911
5964
8841
10431
24073
26456
3348
24408
17616
19345
28163
3583
21952
3663
24671
13671
22869
13934
28324
6382
7421
21749
14799
6507
29389
22007
5816
11559
22899
22711
5538
6441
24684
21263
10257
20407
7287
1043
22748
6169
16457
31217
19074
25504
11650
12060
28609
29671
4576
681
12901
13913
25778
4089
31839
30963
22672
10648
22294
23627
5450
31589
5378
9938
19998
6131
14710
23894
2094
30000
4797
17611
9521
7236
14953
12618
1640
4284
28648
18010
23507
13032
344
3183
29606
8577
13980
32688
7671
24207
29360
31741
30905
15242
32569
10801
14317
20672
13921
21156
15895
1014
32481
14581
6383
25170
20063
25862
13914
20857
9723
32071
26008
23540
15653
5688
30911
7384
20145
6953
6760
3750
15405
13380
11176
16752
31602
19918
15938
15421
633
9386
32538
3503
9584
31775
9453
20451
6925
24795
14144
9113
6947
7479
16790
26261
19315
17084
18150
10565
28356
27878
2380
10147
2614
8489
31231
18781
29907
28722
25987
27955
1383
15471
12320
929
21137
18897
13970
15551
14619
31441
9986
19813
7303
24241
26165
3986
5610
29956
21764
527
1278
19056
2572
27471
14194
21171
21414
9114
6788
9188
5658
19051
10962
30459
23055
27414
5741
4500
8006
21677
17712
31984
18312
10533
15184
11837
11741
26549
2611
1047
15871
30335
17286
15694
8206
28530
8842
19690
19589
13423
24494
12140
7277
3754
25187
9559
10705
23892
17708
30447
5233
6007
24564
9537
32442
9505
19621
11363
22262
21444
6646
15101
16577
27101
8325
776
12988
7636
11813
2006
7301
29731
31609
3411
10470
18619
8130
3210
28748
1955
30453
20843
12155
22755
11793
9675
22145
17312
27055
11692
1000
3208
15066
22719
16432
21361
22050
3367
3453
13372
16620
28544
8076
28416
26892
27680
20459
23397
23190
26012
8810
11085
2032
11406
28109
16570
22572
9366
31939
6892
28565
15007
15132
7881
26248
4196
17206
16002
25222
306
24504
17524
17798
25583
21891
17740
26512
11867
2534
32111
3719
23958
22801
7577
6215
18403
12493
19139
2800
15275
17258
21835
32640
4037
26360
27471
6824
2292
29882
19033
2008
14513
15575
13378
10909
14635
25171
11088
31276
27277
13118
14754
15167
5503
20779
18382
3103
5871
15844
18120
30466
30993
8284
12550
32408
7588
21989
9953
22753
23928
9123
10815
19521
16685
7233
15727
25302
14141
3554
26964
26633
27453
3163
28358
25699
8799
27551
10037
2979
16700
15994
22671
20749
24272
11651
100
5636
2246
14924
23113
9947
7414
17115
9594
31209
23597
22878
28099
25819
6700
17434
23456
15438
12019
14757
20387
4510
3391
11605
19734
760
8785
16376
30690
20919
25329
10437
10671
13037
10675
10899
25165
3647
19065
26953
5970
7927
32569
13206
9989
11092
4608
5346
29307
17956
26679
17284
25344
20117
21286
16181
24249
8777
18870
13252
28807
13736
28539
29708
10029
1658
3313
8484
28598
7349
23814
20949
28433
3475
21465
20049
7935
13544
17090
13345
12847
6323
32146
5728
934
10995
25884
28199
5477
23996
31476
28488
25158
15753
25206
5439
1832
1492
29450
31845
1867
25572
16295
23399
12285
23527
14230
12535
24439
1088
17529
31169
13058
2850
2443
673
24670
14942
10281
11027
15971
28025
11666
11243
16617
11778
3563
13894
27622
27170
20614
32448
470
31093
20835
2279
29024
25624
15351
18160
17974
8196
9005
25001
8509
14490
23211
15535
31726
5246
30038
2785
15100
19881
3352
1812
21558
20410
14305
9481
2992
12429
19947
20124
3101
30479
25923
317
24192
17489
9861
24484
1284
4827
24294
3009
15655
66
29560
23794
11550
21757
6570
18041
117
15988
30990
557
14327
28506
6752
21359
12493
6717
18371
30304
9962
31323
16973
3922
13990
24248
28870
11900
8616
27501
27565
15345
23306
1347
2684
24531
7864
7040
22062
15043
6169
17409
1277
669
23538
23945
25456
22370
14727
11353
20117
25718
9987
9473
9099
8716
19737
22901
18500
19166
30188
15459
12681
23073
25388
11972
2623
9656
20354
2994
24552
26792
7983
9849
30829
20940
1008
28400
13594
27338
6180
12298
9962
27461
13616
7336
14341
19540
2339
7857
3719
12339
12182
7269
3203
29241
20951
10222
4424
29450
4678
19768
24546
29966
18174
29187
20196
7458
18360
31799
9573
27533
21229
12919
18761
16693
20027
2808
8898
17683
26122
23700
22805
15844
20591
9754
19618
13345
14161
24553
29215
28722
3530
3005
29476
10463
21711
30408
14316
30215
4884
25093
15962
23444
1066
1225
25146
174
17130
7579
31434
26415
29463
1349
29048
14167
11839
30763
13806
29634
14306
2524
13132
10646
15575
30439
10932
28929
8682
18672
5900
20963
9674
258
32255
24775
23075
15399
21061
10264
14343
1590
19237
12690
21394
20205
21816
17398
29390
13631
111
10498
3028
7407
3927
4000
28212
16990
2972
24158
7063
16546
973
2590
5027
15831
22110
17678
5919
12730
11763
6619
9816
31348
4828
18210
16067
13235
13787
28456
7139
1023
22574
28618
32621
21580
29897
30391
17579
9675
3812
9692
17182
31238
18869
23584
17511
300
11647
30290
4456
681
15819
7263
23206
13306
17653
28361
32753
29120
30955
10324
31560
3859
23858
2051
29431
12056
1578
5954
14082
23766
8594
8293
11718
21829
26702
26961
29662
14248
23912
1657
13124
4125
32342
23053
30136
28787
18555
4973
30310
2875
14320
17124
14019
1314
9091
21907
23224
28798
6656
3499
4098
10022
9392
19168
1241
30343
4896
14106
12751
20980
13347
11117
31484
32574
8218
24907
27736
29061
30835
17400
5480
17997
16496
30271
18461
6356
13098
24676
16121
8100
15061
23129
28275
18532
27973
17972
1437
17907
12721
12001
25092
17592
29624
16148
31447
14643
1953
9346
1868
31960
9191
13137
25664
11550
5109
24013
32030
211
2094
21596
15361
1970
10032
25012
17693
2103
17498
22347
347
28594
24460
7695
15427
2203
21037
16216
22815
27429
19827
31259
25437
23573
3550
14432
32310
3541
26630
30966
30605
30660
4759
357
538
14289
20890
27684
23239
12872
26358
26380
23898
25579
27702
13837
19541
6725
31116
20000
20506
1595
15894
7292
29011
23780
28001
19981
4753
31387
9772
11042
11571
15442
13934
23398
21898
809
24730
9745
19003
5695
1569
607
4836
22215
23352
3138
29186
31327
2013
12627
11794
16286
23060
10767
30198
20716
28023
4928
25755
18839
27629
15289
26585
4387
19386
31302
3738
225
11960
8163
575
1987
18147
23084
12095
16494
25627
6677
24849
11665
3878
21211
21837
4213
22005
9531
2574
3542
11560
19169
19354
5362
2772
22051
17733
15583
7811
6639
6546
3105
19068
19970
17820
24188
16965
17243
21428
23815
29287
15600
8524
15490
5489
16543
15380
13801
6719
29799
6754
27977
16252
23512
13015
15059
2150
2504
14144
2607
28369
6728
30394
17427
30319
2263
11034
30227
1358
14037
13707
11451
9634
13882
3705
13275
5317
11399
27822
12578
17276
25085
26555
19694
11132
20749
6554
23907
7725
18961
913
18363
28845
32569
14937
3036
10520
3272
7552
11824
4359
20864
7692
29617
20822
11098
22625
9283
31531
27771
1381
18247
8755
7268
1761
3693
27695
22889
4907
25289
14768
28260
17410
18474
19486
28842
3257
2727
3327
31294
23448
27258
23158
21573
27263
14866
32010
9658
716
8803
10921
31331
14463
385
15085
13828
24732
5997
28830
18386
18129
29998
31863
12842
26201
25124
7469
14979
10784
11162
173
21922
30760
4762
19109
9229
3115
19461
25671
4801
25986
18147
31050
29735
19525
11511
17969
9541
12724
20886
7119
4913
28629
698
15371
13516
11359
28755
29665
19628
25303
7645
5801
1882
23033
4663
16028
18878
2137
14771
30356
17367
11338
11882
12563
7088
6911
23250
12423
17551
2800
10898
17612
22127
23935
15764
499
31152
11228
20828
21570
15118
6950
21657
5499
23504
15315
22778
1890
29249
30801
22339
22393
28260
22253
31136
4110
22244
4853
24633
6775
21066
20761
5126
13981
20594
29463
7141
2999
26688
20120
26602
13912
15759
19284
1782
30636
874
11389
23179
27134
28287
2395
15582
24190
11216
14644
19758
18498
12204
13934
22101
22666
28894
15607
925
12360
25636
10213
22484
19168
19427
21082
6819
1580
12312
32683
12315
27587
4754
3777
3729
8059
13151
31935
18092
5932
31108
31460
20924
32695
21489
7092
6733
29511
9907
23378
29437
25815
6252
1841
28554
25845
21504
18667
21551
9157
4754
22641
3889
21576
431
6501
28853
21726
22984
10180
5332
16650
14566
6088
13297
20598
5529
27917
19786
10039
24113
3314
24526
31569
6193
12354
9519
13182
5121
6164
823
25387
2275
2543
10079
18372
11560
22322
158
11057
7844
29619
2943
20385
12127
24487
9334
18566
27277
26818
21620
25824
26049
1695
19385
3775
12893
22113
32490
17411
845
31131
6755
3175
23285
23661
16334
4286
21863
9968
16884
14204
25306
24020
21204
27255
1624
30280
22514
27119
27830
24858
22770
20684
28617
20768
15461
11816
22999
16598
18147
22541
32076
31560
4186
23424
29870
11315
25509
11710
7891
15207
15457
709
11090
30575
22268
27926
19255
21364
1806
10938
23035
15455
18413
17283
4787
18750
15228
23700
9607
19177
2883
25891
16742
32485
24517
126
26104
27016
25101
20812
4564
7006
31627
2582
8436
26060
18462
26374
28517
17139
28274
29934
5187
29911
21132
18827
18661
8129
22179
4364
20565
25570
7730
5326
29443
14904
1867
8042
25274
6326
20014
25073
6866
8607
3866
15990
4264
25139
6755
7117
18507
25741
20165
9875
8568
6348
28152
9070
28873
22897
8068
13974
14633
3848
5591
17557
6539
14091
2453
20555
17116
20995
32559
31284
2613
31984
2743
1262
27478
14827
1523
757
3920
11274
27824
4530
11137
19076
21336
17844
19653
20245
11207
11325
25323
25508
19547
1536
8294
21284
27978
7977
581
16824
4153
26782
5222
12314
1546
13956
17894
20029
1781
18438
25051
24881
4314
31825
70
16456
32725
22755
835
11639
5396
17670
29827
3326
24549
7831
22268
16459
15635
3084
16607
10268
24691
12214
20939
4581
7354
8258
22848
5233
23953
19078
16726
8139
2028
8315
4527
17503
13463
14725
7850
30045
30993
18427
14553
19038
12958
2019
28854
1098
1944
2813
17041
22905
4870
1540
16077
19736
28272
816
588
5583
3569
7679
4904
22432
8845
11317
30116
13587
30405
30753
3426
31632
31081
28707
7894
28428
27310
28523
1274
30952
24448
1027
28483
15893
3865
22032
15316
24701
7891
5205
16883
28574
24634
2552
8377
19576
13670
16777
26125
1194
3976
22848
8659
26840
15298
27782
14688
25167
29244
14007
3889
19436
23412
21287
21213
21050
32725
15971
3401
7898
21900
31929
15643
21288
24727
2554
6001
5659
6430
30334
16594
14701
3079
21865
4709
14844
27077
24621
16224
8049
30576
29520
28356
32543
5659
18544
7496
9774
21602
4484
23442
12024
15938
22884
15533
1459
24366
19852
2232
8273
10846
21788
2011
28068
15723
6436
31104
16326
12569
25119
3007
13752
27763
28349
26393
26697
11806
10214
8810
24121
16359
22011
13081
2975
2206
15199
11666
24712
28711
14390
27126
10977
18894
23404
24848
20375
14555
1273
21900
7932
17254
32100
7523
18541
1901
9862
8090
12594
17956
10641
23084
12965
14732
18001
1093
918
26695
10161
8368
20719
27563
24960
5267
18836
23573
31605
5722
8589
22400
11633
2289
20583
22102
12549
5942
3799
17029
19508
9134
22433
1238
31098
24694
28600
31867
20749
9085
14759
5350
5986
19185
22575
28130
5363
17911
25650
18908
6976
5535
14800
13953
23315
23063
8399
9103
28681
16415
21568
23524
17742
25276
11615
5340
14248
30001
30140
2009
6327
18731
9368
18979
30587
1340
2962
22259
21014
8074
13955
32714
5331
28873
678
14087
2664
29542
12540
26809
8568
773
30702
21938
11100
12334
22581
9437
30755
31811
14583
7889
29655
4534
3890
18341
10498
19576
5214
19206
19569
9909
20558
28296
13880
23998
31320
32314
27639
25415
30133
26493
8283
28370
27946
30230
19431
17259
20968
26497
17140
32150
16818
18568
27894
32134
6205
20757
258
16783
12252
12869
27533
17630
5469
2749
16759
13928
13101
30017
25672
7200
14275
25987
15289
13933
15164
18232
10358
14299
26691
4977
5154
9489
11316
20521
17051
28931
12929
11802
18560
10600
12116
14550
19185
18287
15734
19730
27798
30893
21359
18757
3043
29786
5103
11378
13978
12478
32108
5953
30353
3302
15629
25429
23477
17051
10439
17626
26447
13461
9414
10845
15494
27883
30734
20193
14885
24526
21602
12847
24991
18039
5476
27501
12113
9822
31487
2546
18438
22701
25346
30809
8128
9716
17933
5588
32182
18974
31665
31171
409
29860
2515
5510
3611
6400
849
10383
15538
9061
14825
15035
16025
26029
18262
4322
20249
20627
12731
20397
6918
19746
12101
16551
16780
19053
19724
28055
21036
21377
32059
1550
27649
16792
20593
17212
25160
24207
24167
15879
2591
2970
8658
27487
5517
16439
19339
13003
8131
30048
20717
21320
20129
20741
14718
2644
11644
9657
28626
12614
9503
6828
6573
17632
13583
4057
15208
2855
21012
4736
10902
19314
3572
30167
5095
19650
27778
25597
6220
3665
2519
31535
17755
28270
30176
19262
27894
13191
26905
18240
8231
11144
13975
32646
20815
21860
8012
14287
24960
18672
27271
11707
7463
20728
26554
9091
27630
27533
15744
742
14304
9372
10718
11367
20430
32453
6089
18101
18674
24169
11753
8811
9171
11013
15005
1529
14440
6847
8511
30178
11648
23615
11433
19753
32610
4800
27384
14853
22960
22631
30352
29404
18577
15059
20576
14191
1294
26101
12135
29267
24765
28962
26998
3744
5277
614
22840
21997
30530
15388
25969
27259
24114
10427
3459
12720
11918
6387
7990
17095
24821
10233
31160
11719
31909
23071
483
11953
19939
2471
11199
8446
23454
5593
15688
18248
24655
2131
11889
15176
18979
9377
19048
6656
1628
5645
30236
16441
7156
12216
16381
11056
22916
29418
7426
20877
6757
20391
30449
2196
26389
21379
28635
18847
29916
15031
32485
27596
18607
6003
19023
9715
340
886
25262
27867
3271
4061
17276
429
19677
26424
15571
17576
28455
21987
10870
8215
31769
11412
7185
8064
24939
12592
21186
1823
31680
4579
14295
32658
25478
3695
12506
10710
285
19396
29899
12146
11323
1490
18092
8946
23183
5019
14659
17559
8612
29068
24603
32589
4105
17933
4556
12765
8623
5207
8060
6244
21394
4485
9638
27140
6811
20462
23066
32473
16837
13491
31557
4655
29568
27540
17587
29938
29267
19720
3282
17509
17604
27276
28665
30999
22652
13627
11432
25108
24743
29343
5394
24664
29594
29639
14808
30345
11192
17049
12824
229
20374
14698
9382
10617
17757
14540
30361
27795
21872
28583
17162
16763
79
27020
24
15198
27580
22341
29999
13963
11036
17841
26251
26082
26399
14031
6647
21640
10403
20760
6363
12256
19158
6418
21365
28087
22683
26914
2407
8895
22832
7073
7026
7487
20493
6963
10881
6152
29711
19796
10217
6571
25045
2868
15087
21481
19819
7365
8075
5995
30501
27154
25195
12212
26574
22226
7739
15187
14338
31805
7716
21597
26329
13598
2450
7450
966
12330
32059
1279
12222
31888
13661
23004
14748
17617
11590
31063
22980
11218
22554
13977
20742
48
22225
18503
28358
14803
20351
21172
16986
30150
18904
25173
31668
25669
13555
27253
16193
23832
31310
7209
28944
3616
16915
10631
15159
30768
19609
18707
21363
11806
1326
3450
17422
2585
12820
25987
15366
19772
26057
22594
10859
23908
5515
20879
10505
5439
31004
4790
31303
23206
6083
7024
7759
28461
9875
7954
17263
12024
7151
23045
5567
12752
7246
23414
12805
629
9276
5966
16341
24630
5026
21605
30461
16064
32326
19186
5152
30772
26005
1863
160
25980
16289
25787
12737
20702
28518
13543
780
30417
4689
26389
4082
2320
18179
17397
20658
26606
20818
4498
32381
1513
16272
13189
727
10625
29968
7016
30272
331
15847
7566
29204
15937
20464
32241
14768
10332
23827
18796
32470
24933
6854
20267
17747
18952
25299
20063
10718
15658
20828
11318
4164
5500
1053
17930
31938
12624
24306
13273
7346
26796
31129
3829
17003
10653
6840
4348
22626
11982
25634
7947
3989
1113
5206
5423
19753
20189
329
26140
6993
2257
12389
25378
8563
10776
12241
16476
26502
28117
5363
10539
26815
10880
17459
30946
14700
28730
26114
27587
17440
24925
11547
23595
25104
31064
21001
24585
21181
13754
26602
23188
22227
21900
28274
22078
29265
8932
17715
15075
6635
31415
25627
13383
20397
1775
32062
23743
29408
24253
27605
46
18225
305
5255
2867
30480
24072
6888
31393
5463
24773
4160
24368
25132
12803
32653
18802
22312
8969
31435
12808
16057
30623
3442
12821
23236
544
14401
8179
24207
17873
23098
25637
16351
4977
10990
6797
9053
21521
10746
21471
26686
30246
10194
2902
5923
12509
19389
9382
14398
4526
15137
1585
21687
2100
17921
9085
10062
25660
15556
3046
16449
31260
21304
20880
8304
24902
13526
23712
4031
284
11848
32428
12988
24582
4136
23151
9090
26818
12043
29634
4573
6652
9406
31688
11950
21535
14031
11624
26257
14698
1615
19968
12222
21574
27863
9815
28461
30679
10953
2004
14590
3793
19160
12782
28695
19597
24267
11236
2319
29788
31101
26286
29771
11035
2601
15155
29542
1799
31972
6332
24022
20947
17515
30633
6349
12536
12575
25699
18014
10317
14670
13969
28641
10967
5812
18575
12184
11746
23874
17179
7571
29264
28446
20818
976
30770
29162
20700
7591
20629
10569
21091
26213
16798
23199
32329
15160
28890
7705
12698
21579
1999
16622
26431
22833
1751
7396
16757
5255
14894
2325
18302
2773
1353
18419
11158
30902
30825
5770
11561
31801
25713
16645
27459
28038
24820
24692
15176
10949
30867
9676
22501
23355
28550
22063
31814
28086
22648
23662
16266
22060
27544
5069
17524
20127
21485
12294
4451
8003
26345
26256
9348
12771
31298
15648
6214
29825
19453
8561
27662
20285
12492
11841
17709
12664
31897
16796
15375
31288
22883
18524
2484
16334
73
25329
10596
15031
2276
18270
17055
22465
17114
1156
28500
13678
19888
2723
12883
4253
25312
7454
12803
25703
1580
4478
2904
16712
4145
32698
20736
8063
18239
18358
2781
12471
31336
4105
18872
29926
21207
8707
9012
5750
20324
18159
10752
20899
7781
2709
13905
27428
18886
1795
4752
31245
26972
7565
24655
2292
20342
16659
18818
21074
25525
13698
20972
7213
8222
26781
23767
30452
25710
18430
15112
25515
5037
14423
21746
9543
12294
4606
17706
16732
26838
18089
30491
29685
20227
5238
7675
6851
9103
27182
6142
23419
29805
24778
4553
2425
31635
28214
32297
3753
29776
13654
13829
23463
23264
5959
21649
8997
19006
27111
9157
25742
27705
30615
11534
2536
12234
11327
16963
7423
14757
5011
4826
22464
17166
3221
8540
5091
23278
22107
11542
24013
15654
23059
25618
11956
13347
22084
28997
4612
14514
20311
15114
14849
17430
26965
26063
18350
2137
3826
28430
18926
735
2507
29824
14314
7489
28652
31629
27314
20568
2709
19718
23079
32151
6718
14614
8472
29342
7128
22390
3243
19213
29526
6113
15103
9366
8044
14024
3343
22871
23190
27206
28634
13414
19805
23382
16577
21677
13782
16196
20784
12792
10347
9569
19840
30796
19933
19707
2844
11643
17034
6028
483
21749
31468
27442
29902
1505
20835
6495
3539
10092
8500
7634
28937
18273
4817
18886
2828
16123
32091
12137
7843
6647
357
24975
21920
29676
16635
23464
22792
16351
22754
9711
13428
11794
32546
2533
2231
9246
27330
27390
20929
31553
26835
6042
17348
30969
17072
9782
917
13778
22915
13028
15956
26236
6923
4344
25679
15136
13213
17669
2852
18676
8553
23304
15142
12814
3327
27874
11266
32630
2834
27916
13475
24958
11131
2438
29266
19030
31104
15120
27426
5851
20823
21661
12171
14768
12006
9989
16213
7312
22989
3322
13751
11234
4774
29501
193
16526
9611
12561
10231
23568
1497
17649
26175
27339
22324
18814
6909
159
1996
14011
22140
17341
24542
17276
1424
31162
10877
31516
121
27363
23442
23407
267
4049
22306
3831
17420
15677
15823
5979
23006
16917
25250
31764
27229
11214
19975
20842
28683
9469
29209
11167
11883
8737
29728
21098
26538
20675
12120
18599
5508
31938
21749
31820
10598
24552
19811
12959
6096
4032
16082
1190
13054
32172
23794
32735
6343
15666
26107
16178
14277
1175
28913
4132
12214
7087
28966
30797
4386
11507
4864
12044
16447
11476
22012
24441
32529
19279
2035
18075
25301
9154
1437
476
14496
7934
25683
8633
7492
15261
26905
21694
19571
12438
28891
16050
27431
7694
11767
20495
20800
16497
24316
12725
5743
22978
25265
6366
26196
17711
19802
5973
24547
26857
25398
15331
1036
31282
7244
5898
30619
18360
5480
30710
7261
32289
4704
30129
17796
6887
30107
6294
2892
358
20692
14344
479
26163
29468
24676
22390
1200
6174
21811
7618
21213
7335
933
17034
10097
23654
31035
31637
1578
7408
12995
10698
1633
10758
22409
30614
2017
1819
13516
13966
10745
23057
3439
16470
14544
29508
4593
24257
1273
5833
5279
32569
22855
27384
19976
13666
739
12327
17842
20730
8091
9657
13067
2820
9853
16472
27298
3621
24229
5502
11159
24142
14419
8250
24913
25499
15425
17201
11630
7291
1331
11235
19968
15122
30671
31535
13302
12763
11439
22297
24024
29586
16565
18892
19128
27217
32670
4571
6501
27129
7386
18380
10209
8659
28315
31959
18197
20855
24365
14059
22212
17645
2181
28146
23998
23571
11804
28246
29270
8510
2302
17604
1813
13092
6685
5936
28592
1530
30444
3865
12856
16345
17449
14606
30865
13414
21242
32113
13861
17330
5180
5755
21977
8287
22040
10112
1089
16645
32727
22900
27151
211
16375
8367
27346
13178
24702
4077
15325
12358
13710
23705
26500
6286
23098
30795
4239
23887
12184
25487
2536
18452
21015
7656
5783
2841
30995
22292
26096
7343
29863
17810
8203
25058
15811
18018
5749
27738
19582
10764
27941
20351
10413
21219
20402
20705
26804
2187
1731
30678
4764
9401
454
16485
4966
32058
10469
30050
16543
12087
2869
30171
6197
12215
15665
27059
12937
17765
31592
10637
6853
20372
25970
24043
368
32384
25896
6551
32064
24790
5653
29507
20015
27255
16679
25196
22224
22649
16554
25476
16356
5743
24695
10063
31273
2283
3689
20878
4722
24897
28433
2779
3068
24205
10923
27092
13568
8183
1616
30587
10629
27701
7533
21213
30840
4690
20339
14322
7934
18350
13776
28101
19977
10055
13855
24532
11818
13878
1179
26298
5542
4477
10970
1035
25803
10495
26296
5504
31876
11216
30097
17236
812
2479
8115
11757
27552
11729
6162
7871
29336
22241
1086
16494
1591
12356
16531
8754
19424
4257
13487
2688
14412
417
19498
23783
28121
29939
26497
5944
21797
19092
22866
10729
9180
3149
17359
12219
17870
637
27245
18587
23621
1560
19420
7110
18325
13296
6204
17713
28404
25907
22414
12840
14988
4405
21608
12597
29647
31856
7917
14659
11
22730
15357
11267
10558
15126
21673
6031
26923
2524
31210
15182
27309
18781
20626
21527
13644
26834
14722
29593
14094
29941
18974
26362
8335
21442
10494
28862
18260
28031
8934
23019
605
26362
3065
7786
13561
20754
16681
14513
31711
29048
24050
20639
12409
2231
31304
20903
13955
14706
1230
11313
18389
29933
3400
17981
12925
4304
4947
24394
15633
27175
11604
27510
9540
14764
7086
10726
27830
32073
7224
31336
26641
6873
4590
13911
17489
8239
21734
4288
30307
17497
16006
16834
18674
3621
17909
315
31870
17381
16591
5281
11694
2160
7197
29741
30183
18793
8580
19263
31261
25284
7356
22526
23529
7045
30020
28222
16604
24523
4180
8616
25620
23566
3860
23316
26124
23973
15627
23866
20152
7307
17114
31882
30162
21090
28970
3672
17775
17080
14307
21308
2773
6282
7582
24761
18832
15622
19294
19996
17603
2965
122
10407
12989
1817
734
29423
20172
29811
24436
13187
15702
32329
3804
22222
30245
17926
21091
26687
10499
1570
23859
26279
20615
10659
7623
14306
26414
31972
15266
32697
29357
23445
7489
24071
22918
3
2638
22555
14042
22425
15894
29022
8318
167
32317
14133
4945
21859
2480
17449
31180
10286
29660
32326
218
5400
16414
5312
12010
3237
20858
221
28995
31698
655
3598
5016
13651
31178
11615
21981
31
3547
6162
5209
28462
20069
1415
13819
26241
1274
30816
21745
29028
16966
26338
21879
19952
19338
17053
24301
20947
31821
9039
27437
3156
28750
6406
24603
18833
2492
27013
26494
23307
10153
15593
30990
18789
8381
32140
19149
21353
22055
28458
7067
24140
29401
16706
3077
15155
10997
8383
31071
26101
3970
3288
3858
8483
19044
29493
566
4934
22155
22355
11108
18791
2154
2345
29381
17109
31403
12044
17007
27170
13089
9936
29426
8047
5118
560
26157
14313
27974
8815
17511
5780
17027
14144
3995
16968
6331
9444
274
7417
24735
5522
25911
8251
20741
14875
27048
17156
17816
32206
4489
27828
30158
12697
17437
6484
6171
29298
10647
4891
17765
20213
18989
25911
12471
28751
9071
27594
1849
19034
10199
9522
3168
5897
23713
10381
18018
8455
2524
25980
20205
8603
12482
4392
7192
13775
15429
25731
21914
11985
8170
4049
2617
16793
22746
1894
22918
22988
1335
3505
26056
5089
1452
7801
8758
8834
23880
8039
20841
9013
17292
31173
18448
9787
7362
389
18406
28088
19601
19845
1761
10261
5839
25873
13996
10659
662
26282
8280
27009
29594
3077
10319
17855
28089
12119
20105
21187
14036
13776
32514
14828
19166
869
18027
27510
22066
23507
16159
10142
10794
21729
19034
8966
24557
15845
27045
19034
7560
8329
19605
26932
12609
16079
26293
14397
30503
12883
8641
5782
15598
4305
21
29302
6138
14822
17252
9492
25018
12827
27565
17863
20023
12063
8811
14443
20717
14676
26125
31496
17369
1677
2469
30382
1235
29207
23780
22435
32030
13814
4166
12481
18238
18800
10634
28185
26377
2256
7269
23260
18433
2660
23415
15996
30177
17608
30078
21774
17270
27238
4810
9971
21424
7742
26353
951
14585
26083
27331
9273
7877
31942
29312
14348
12651
27831
29769
25118
14387
4009
4821
26775
5552
24246
16485
7172
8784
12899
3578
14773
5425
22564
31429
19811
28470
8483
22495
22039
7259
20029
5178
12870
16197
32077
1240
5953
23326
31662
32058
6093
20383
8699
19484
32269
23406
7449
28767
31913
6315
18552
6727
31529
10181
32149
19686
418
31891
31940
13272
1941
416
21292
305
10772
1478
25107
26548
3366
10238
27484
1350
27757
13686
18253
20898
7942
11748
10134
25933
4785
25115
2959
11469
562
24795
18882
23574
27383
9710
21161
13893
1530
16240
4281
32144
18409
23919
2463
8061
11397
32692
9417
29011
20808
13791
15144
4302
9034
9658
21556
15639
9317
19399
13361
15347
2967
10779
8113
7995
17577
22895
30811
32396
4878
12405
5866
31039
23566
30056
1657
5276
23588
19943
1277
19018
19364
24835
27923
23306
13984
24471
27900
14758
3085
26328
12005
8739
10274
28972
22124
12606
24065
18752
30561
4119
17561
13140
27081
2087
19147
16602
7977
4983
22219
576
23809
15636
29898
2826
150
26046
22738
31779
12276
16608
14321
2165
7220
7621
15513
10167
14587
20744
6727
27526
3395
21068
1123
10936
350
25134
3175
30445
20023
19576
11076
4198
29148
6807
31234
19483
19769
19024
23974
8199
20262
23726
10840
18887
20645
20799
453
17251
1636
24960
28867
31340
11146
4245
4147
32071
18864
25405
11564
4808
16940
21510
15446
28675
31894
22461
7315
94
24197
1577
27877
29675
28826
15097
31116
2037
21696
17146
1134
15833
29105
27021
27836
29719
30653
31321
31187
5545
8903
2877
19808
21396
23952
8840
16584
7356
10808
3437
12743
18428
29697
31409
599
9334
11863
11687
20435
25640
25869
23902
9564
5313
8682
5145
11644
6834
19300
8959
9993
25223
24747
32276
8524
15480
14057
5224
17251
5691
7112
30863
8932
1821
310
27984
28099
25169
5733
10913
27510
17288
29205
28372
6486
18882
12821
12299
26185
29795
13319
497
20894
22153
19301
940
28984
5277
6337
27149
8943
24616
26193
31242
27955
26088
11690
1903
21234
25124
10956
19408
7868
20284
8287
10690
26918
25220
12604
12363
24172
19282
29487
29334
1882
26710
7931
2027
6508
26410
415
18399
4660
554
4824
5832
8700
20614
21735
22132
10669
23702
24980
20251
20463
29805
18547
9361
29074
26800
8806
11200
28973
11689
32355
13398
10756
4759
2936
6843
2607
840
9228
13894
6137
2026
7783
30640
26247
30495
1653
19401
15802
3663
9414
5737
31061
25666
30426
22954
25443
27118
31900
23892
3539
28045
32556
27289
28518
21491
13537
28675
18379
31775
26255
8618
3848
272
31237
27050
29723
19930
1498
15572
12001
14328
21098
10148
10552
5092
27675
10099
17248
30693
10981
9198
14248
8488
21265
7367
24902
12051
13120
24491
27270
10454
25520
23155
9767
323
2747
23966
6145
3295
19104
25343
28908
7737
15494
11443
478
15482
7358
20566
27219
10302
3145
630
1522
8866
2970
13896
23917
10910
4764
26010
7849
9366
27127
5385
24607
8235
10640
26740
13186
12375
78
23473
19361
2489
10532
29566
14736
23341
12620
31418
1282
5280
29648
8149
9210
4131
28239
1669
5539
20797
21246
8634
9339
20102
31725
27093
5047
31089
9100
17172
15332
30826
1645
10321
23242
18209
21067
28141
6805
12581
1612
12551
5175
23220
10371
18161
20744
19410
29881
16612
4015
12696
26733
22514
20550
18895
20505
21821
27577
11453
14775
19047
14959
26943
28804
11849
3629
10008
26116
12776
823
17289
11334
24996
27832
7202
25961
26291
24675
31703
19551
31950
9563
24150
15089
28714
2640
32152
20739
14250
26347
23990
8474
32595
19565
19199
1563
14080
10643
32327
1622
31063
26044
23425
26562
24315
14157
32401
22922
4611
14677
2651
22217
13740
1133
28192
9874
30282
20195
5386
7476
21893
22551
13317
700
1729
8996
10705
17083
28638
17603
9557
18761
8738
18541
1591
12617
24435
28864
11177
10223
32714
22308
9606
10624
19172
11950
31645
31577
6715
11845
32589
1843
22324
26115
23378
31653
10650
989
21982
21994
27211
19335
30955
14565
11825
17810
5328
13666
32116
27096
20755
26527
2798
18713
16255
3595
32736
31206
9590
32077
12259
19646
28552
5512
18721
2936
836
7390
21700
18400
25421
9011
7087
32165
22961
21299
17260
2931
7287
21654
14182
18268
8311
9122
12889
12924
3695
498
31750
4061
3666
25719
12075
25240
23779
700
7090
5949
24451
27502
6441
23669
10823
16923
23922
28390
11342
2618
11196
23639
30290
9068
28594
533
20348
23297
6385
19093
3197
14014
19136
28250
23770
23773
13307
15385
647
15702
9041
11292
10168
24669
11184
17124
18164
32300
27900
1810
22891
17410
21767
3720
16265
27244
27838
26315
6091
195
1440
23723
30674
4598
23413
26407
15286
1673
32316
14731
24476
26590
6245
16603
6027
26804
25920
4212
6523
22253
27574
497
19887
23188
20791
3148
22853
9758
22771
5701
14092
31728
25421
18440
21141
11554
396
8202
22925
30083
29140
20276
14153
22749
5974
8259
28323
25978
17091
28271
17925
32742
24326
28490
31171
7159
22066
21484
26798
1803
17081
1357
28390
10129
16608
32754
25327
21963
29807
4812
26887
12753
5805
1373
4279
6874
8331
26908
28841
11191
25888
6683
13497
24736
12373
13031
21070
18995
15842
30639
22251
29114
7289
31913
1281
21165
20800
2994
13064
3448
20357
3381
8397
14205
6318
30797
14094
27741
6254
3630
25924
1139
4415
25793
4544
5282
11532
1166
20473
6993
1581
7647
20773
32435
15513
6434
17158
16460
27479
1680
4359
2481
4662
12556
15239
30351
18366
22606
14709
16366
18278
22080
6173
11447
12296
13224
19777
27508
1681
28680
28524
14680
20733
194
18563
31359
23939
19328
30365
10102
2572
8147
3860
13310
8170
29723
30685
21261
6087
27046
27412
15382
23003
23580
22747
21898
20067
26
7013
26783
21070
21789
12622
16976
25657
28322
29230
26021
7581
22667
29037
13108
19527
6853
857
10728
16393
8232
6261
9473
8368
1182
25364
15196
24629
3720
31527
9205
7480
22365
29780
17322
2473
26516
6728
18498
10697
18885
18253
29869
32593
22795
2335
653
29936
20140
2043
15606
7675
21244
25594
14450
7777
5502
31901
19529
20189
12365
22185
12543
29039
23226
5173
26653
2572
12087
13057
20789
12181
2164
1289
4128
26886
14791
5978
10378
27376
9937
31525
29361
18729
32351
9490
19817
28865
7310
22230
12644
32313
22579
18184
2480
17392
16249
31536
30081
5342
1996
2082
22321
10116
13558
11402
21637
9507
15240
31175
11314
14637
8828
32509
1183
13561
26648
10853
6125
7098
11798
21736
24885
10930
28929
11245
12048
12707
20194
28015
16221
20359
8476
10834
18494
26496
28053
759
4708
25106
29462
4622
2189
3728
21749
31147
24650
14548
10737
18076
16390
18227
29277
7675
1604
29873
14721
26879
5672
31600
26173
29463
19769
17263
32495
11834
1637
26993
25751
4472
20038
12858
18745
17878
11427
15873
25987
5464
10042
4131
12720
20575
25020
16149
9644
7477
32538
24732
17529
26087
10239
1600
30417
22611
23197
24062
30989
11393
26541
19261
24645
9527
16561
3075
31417
32455
31613
15977
3951
16428
12021
23116
16670
8789
3352
29510
6219
449
24126
22236
30898
3660
16797
23289
1511
11593
22290
28828
15165
16848
13855
20173
15079
20313
22064
18901
6237
10890
19490
10926
8706
11342
261
6841
28163
6951
17953
30639
11906
16069
27192
9178
4340
20951
13323
9861
11463
17953
26143
12465
17736
3791
12225
23049
25285
25865
12104
10776
1774
15047
27034
16826
129
20455
23282
14544
8743
7549
1248
1080
24729
2922
7569
30717
7174
9264
17488
14794
6329
15108
24397
14245
27383
14373
1693
30425
23078
32621
8323
20276
32565
9509
4846
26227
8759
25886
11842
32763
6993
4093
13659
29898
15063
25303
9936
26540
31922
31998
11124
2482
2821
26650
20003
736
21520
26235
24763
21286
14164
31661
12904
16274
3575
25421
31525
8131
4715
27164
8319
8097
27467
23890
14236
18763
23941
1077
26749
27473
27070
22505
5760
12068
22770
28042
29225
29642
31835
18040
22561
16598
9365
31474
8575
26008
5119
29415
18759
6289
28772
8456
2864
11049
30683
29730
24491
9637
31979
29355
31008
24403
28147
13467
9851
26375
27593
12157
16103
20427
13218
2245
31449
13779
24626
25188
24145
4015
17940
21914
6237
8132
28523
4107
31710
6653
31434
18198
30094
20926
24913
30050
9026
1050
26649
5817
28781
4677
16595
22042
23526
16460
7595
25097
19179
19459
15475
23338
3429
28735
11517
4366
30573
10310
22216
333
13328
18308
479
19669
13647
14720
26367
6017
25962
32270
2808
1518
32095
13765
26965
19850
9389
21171
12863
2797
15965
16720
8095
21101
1859
7601
9603
12012
27010
18686
451
757
10574
29478
28388
8
20214
27857
32316
10289
29217
21911
23895
3551
19031
31343
2714
17908
10436
30826
15654
16409
16185
30625
1024
31060
22644
4715
24686
15580
26017
15572
24484
26412
1313
16459
30623
24406
26249
8091
11090
15002
12270
30493
14848
15927
18528
11563
24041
13185
11188
1751
24104
16948
11143
29917
30684
17672
16767
11479
25222
19589
22228
25264
29618
17433
9487
13915
9690
28008
5138
10693
1671
9699
14681
13064
20409
10908
23679
16097
12425
20056
9476
14180
2317
21990
21837
25326
7548
28336
14060
12124
1170
29584
7202
15738
21814
29669
6818
16574
22363
12517
25496
1847
15396
1333
23786
15808
8523
27319
24510
17529
25539
4771
16444
10104
1436
17369
661
4027
11048
29557
24900
16481
29532
19364
2196
29722
12152
5303
11106
11997
15851
13430
21796
22489
3184
14263
7466
12205
1406
6703
7972
30427
27871
16519
23781
22650
28574
22706
28006
27948
27431
5247
7438
27216
12202
29290
25392
20857
16832
2232
20694
13342
24401
1731
23741
24467
19381
24722
12448
1335
10009
22700
23481
13040
21797
23598
3718
12244
14044
25884
17353
4393
15299
22261
31442
7056
3653
2442
26368
17533
24406
30223
14470
26602
5463
14963
25195
1613
25145
26349
469
7879
1254
18904
19078
31134
14812
11712
7335
30445
7963
15805
10180
13722
3906
1023
16153
9865
14325
13995
17164
24591
28545
18150
17402
17834
3523
26158
16950
22511
19526
30193
12111
16579
29099
5464
5266
28622
19534
16740
720
23341
16422
15165
12130
14439
27629
10439
25193
16803
10625
9077
6746
23320
28043
10594
2235
11460
19038
9374
19495
1121
6690
31941
2968
5013
5169
26327
22246
24169
20929
26435
28810
28156
1476
14917
25768
7033
27660
5746
4429
1862
13235
32146
1013
4222
26810
4013
20560
24738
8432
5225
17477
24459
28693
11923
7480
9123
26432
28155
8840
12885
9086
13189
18780
9410
12220
7037
17824
1206
15847
25131
11338
30170
31569
30375
2786
32555
1111
12271
6209
2218
15169
22583
25241
24917
1641
640
7861
24919
14752
24172
31874
31868
11981
32337
9423
22759
20951
17292
17489
15879
9157
25880
18410
28615
31012
17503
11818
18949
30633
1103
4631
12358
5912
5809
21289
9640
10596
13238
32409
8472
11800
28627
24028
29124
29941
25551
20074
18387
21469
6939
18115
13652
29680
15457
11444
15221
31220
8287
24790
14326
3578
19190
9049
18141
1598
31358
13823
27754
14672
16733
24427
6989
15217
24024
13212
27415
2880
17449
17845
4847
29078
3793
9983
31878
6318
18735
22320
845
7817
18514
2542
13285
9872
1548
25999
8150
11900
12871
7971
6533
10867
28316
6068
27744
11379
26658
24268
25948
6900
17284
15928
16289
15049
3927
13068
18819
4168
12458
30695
21941
23466
32222
1144
19641
13493
31672
9793
29339
2456
28852
5787
13535
1302
17052
12795
5304
8166
21082
13427
379
24922
18955
8060
14162
4928
4436
11506
30261
27910
23545
29536
9494
31265
1707
8062
13660
16302
13858
26360
23187
25946
27756
6257
27234
25984
2181
27848
30909
2194
25639
32154
1115
12218
995
1288
18283
12993
3441
19130
131
21807
30789
25123
18393
5812
11362
7687
17589
25286
883
23867
22310
25484
24600
5293
2549
31739
20350
15012
24791
11583
26930
30536
22246
27484
24887
15972
8530
9493
86
13931
2644
781
30389
4281
30820
8748
15531
14108
30124
19780
30163
29331
19388
31220
2655
28501
1919
3277
27311
16917
31086
10420
12579
21125
1539
3463
5677
20249
23153
18948
27306
3597
22930
17638
3186
32681
21793
24912
2349
5572
26409
17007
25449
17543
32701
29276
11754
115
31466
28735
28993
23973
21226
27066
4001
13401
17050
9093
6893
28334
27695
21845
20757
25513
22564
32003
12963
25467
24694
27882
26513
22791
23572
6545
26206
9375
7825
27274
4449
5134
8221
4761
15964
7132
25011
13081
23636
13773
24980
20124
11168
2219
13299
20178
15425
15685
5106
8620
9841
9400
205
12736
12670
5101
15189
15856
23769
6243
14241
21574
32618
27183
22272
29731
28967
16193
32305
7065
29413
25576
23511
17429
18542
15513
29479
4673
14547
5356
16100
15656
26884
24551
141
28828
17565
19839
4053
11988
26883
22876
15955
30042
18096
14045
9083
10533
27851
15964
25805
3585
13052
16307
20044
19768
13694
24062
20274
20331
22390
22691
12002
28097
16259
26000
3614
15940
662
196
2170
32647
28932
21777
2576
26508
14809
8736
11638
23014
22640
17333
13805
18715
64
15924
31195
18252
31481
29797
20860
2584
11472
27252
24020
26045
13078
14908
15336
896
20752
7364
30765
22352
7939
11530
22081
6310
12174
18432
16601
17071
7996
11733
30203
24493
16986
18549
17261
9115
25862
15187
26477
6671
20873
8294
27042
27493
4327
5745
83
32026
6580
1160
21975
29046
24872
14032
16972
19054
630
14470
19852
13256
28762
3907
3421
14464
25841
15230
13288
26475
974
8786
25197
11034
25162
17537
5172
22785
27163
26298
13767
15320
18985
3863
15454
7490
27037
31722
20891
4781
4410
30649
26487
4473
16112
11911
18557
3676
22446
26709
30774
11269
11129
19689
30692
15615
32699
5326
17266
7385
5085
19356
6828
9348
21527
1914
27308
15868
11911
14816
27540
23338
16001
32162
18051
21514
16935
1578
22465
28681
3641
5124
24893
7857
29742
4769
16698
9095
20099
17236
325
14644
10067
6561
20842
28644
11560
11447
17319
19180
27153
25147
23457
25007
28916
13895
18070
1986
29990
17587
20371
16462
57
30611
25575
182
14869
32512
15319
1658
30538
30236
31635
17500
421
22864
24681
10945
20226
12760
20025
20313
6752
6786
20777
14338
4923
434
26521
19690
5910
19626
10330
13812
10583
16392
6426
10078
7511
20880
18723
24992
9914
18220
1094
26775
17404
18225
12817
13794
14157
15844
13641
27277
415
15421
24468
17388
5117
13291
19829
22474
11038
13463
15997
23492
2362
3693
15808
31727
540
32217
11911
1217
3449
17550
4420
25646
21376
21453
5323
17937
26546
27620
18366
20430
9716
21749
32329
16181
26082
5368
16400
28842
30823
18179
21094
4227
9098
30665
12992
31666
4235
11106
5481
5028
24623
28746
15479
2409
22872
9131
15101
25620
26072
19167
30850
18021
20871
9776
2226
14245
32660
24803
11092
29650
2584
630
2172
1788
32753
1317
32002
14319
13517
13747
2866
1554
22405
16486
17349
16015
17069
3924
15121
27828
15209
24029
24188
10650
4737
9593
15926
3844
23480
18356
7976
20873
12122
6518
26919
17910
10773
13192
17774
21998
7945
11348
331
10195
12322
7916
2328
32234
16550
9038
3949
4281
30218
7143
13460
26804
15114
31829
16957
31513
30969
28017
20339
3609
31573
29325
24783
10296
12702
29690
22764
3830
17256
21198
19738
6319
10928
27107
4695
21952
18540
8227
5755
21739
10085
28675
22962
1789
24905
2126
7215
1453
23036
27172
5151
16840
17712
10306
16348
23691
10805
11140
10340
12368
23058
8359
10249
19566
3028
29524
2410
26714
4902
31322
4769
4626
25890
14652
20670
7099
24423
23275
14197
3208
1388
18900
26899
6367
10260
2333
15030
26039
11138
13100
18622
6981
24366
16746
12159
2775
7224
326
15416
27648
7677
23164
10825
29941
18665
19095
16544
21047
21388
14772
25461
16754
1519
3210
28215
21413
808
6055
27078
6788
20780
22524
29410
17691
4837
5276
25828
28595
10372
19905
7339
11001
10777
7440
26586
32349
28768
27422
29761
27065
8158
7730
21400
10803
27181
9805
26483
18020
31125
2663
18802
9658
15068
23292
952
14106
31070
11719
11679
27338
352
1742
16554
911
15521
21150
14780
786
32050
21976
23175
13704
27272
13804
8006
8338
17616
32549
15535
22882
29314
19430
14883
1568
3129
28979
31785
3724
23234
21618
21274
16356
31602
20083
25118
26632
7869
16303
29270
11228
5381
14797
1627
7406
7600
25195
16872
21081
11389
29466
31187
2281
6424
31402
66
3711
27884
17321
283
31927
17208
1062
700
1737
28517
15034
24301
24237
23959
23754
18450
30083
24962
14854
11942
6961
26495
14645
6884
16718
15326
21045
20167
25919
23678
26941
17461
26015
2204
28518
23415
18149
745
27754
19949
11072
14815
21931
14592
454
19028
22135
21847
12494
4176
28042
11854
16282
14876
980
28068
17210
4507
24701
3955
4780
28637
7719
4710
1608
3826
1395
30758
18012
11772
28870
10773
27923
15240
7501
5695
32667
31263
3390
6286
646
21271
24417
1085
11633
19375
16336
24974
484
20572
22011
13248
18810
19037
21486
23355
16194
13205
2775
26639
26724
7322
10434
28828
24584
22794
936
16530
6771
17950
5544
29725
25459
24449
3732
21337
7166
5730
7855
524
31510
7880
24245
22420
21999
10021
31004
29470
13140
11823
30874
24601
11847
27371
24551
24299
27624
31498
28356
9698
10392
19321
14396
11885
8285
28468
28202
25228
22152
22619
1531
16005
150
10119
6837
15065
6229
1374
12344
4726
22856
14949
15301
14638
11595
30998
5564
5736
19578
3635
14506
22549
5200
27481
29058
29158
23052
16344
25899
7356
15449
5058
3899
27233
14381
6466
7683
16757
1266
10287
20427
21931
31716
6113
13662
28725
3770
27460
32202
7292
4488
810
12129
3349
23524
19174
29187
19696
1352
4886
20128
4307
16567
3776
2040
15623
7075
9889
28837
29522
9231
5825
25180
15653
14833
2635
14960
9749
4058
10652
32663
23183
7896
20122
5361
7880
4508
21319
7750
12788
27352
11926
31120
29112
27371
21373
29113
20961
30912
1611
3749
31830
4595
7228
9843
11595
1590
22858
5120
8120
500
24647
13997
7690
11316
26921
8035
2840
23487
12709
3796
30552
10117
23551
10499
5715
22077
12320
518
10326
29004
29417
26634
11371
32488
18375
3737
28295
10109
20615
32536
17925
19023
32620
29332
6227
17762
20351
30910
29676
29847
22311
4147
22406
11287
26873
5121
31116
12788
14033
8807
9166
31502
11042
24797
30584
12084
27786
16724
11584
14476
16298
11455
9700
25141
15156
14034
24276
18986
581
16138
7979
10858
30966
8941
28900
15702
10030
26003
14923
16730
15802
28773
2993
24527
29087
20773
30052
31520
8622
6447
31199
10284
31322
16894
28733
22252
3015
15089
27380
28246
1571
1103
30399
24449
4153
31626
17884
29705
27715
15552
7032
23477
24320
15751
2920
15703
3335
1258
25113
20212
16987
9391
18634
14629
22591
22492
31224
18877
11596
27257
6682
14764
25536
20118
2191
2596
23065
656
15573
15610
4579
11409
1019
27726
30926
3926
12889
1390
18435
15413
7550
11000
28088
9822
29290
575
13570
31585
15358
28656
8171
25840
11696
2038
10181
6118
1667
13466
22462
21641
8247
22767
30132
15372
32444
29293
11594
8025
29677
32220
28987
11021
11131
9076
1774
5315
13095
28226
28747
11669
21301
4813
10190
32224
19229
2298
25305
20040
18051
32045
20047
16892
7785
23729
31070
26171
15012
346
25244
23320
10124
16488
23382
31098
13304
24751
13604
6758
11114
15349
28097
25473
134
3996
19738
15568
31689
16513
10661
21443
17015
5667
18164
20338
18901
12552
650
6694
2713
16476
17133
25627
2207
15068
23805
17284
733
7922
25475
5584
24473
32289
5389
1580
10457
22436
23546
23881
11548
1618
5329
32351
6215
17861
3799
13682
6370
4795
31456
15060
25988
27324
15461
4075
13964
12030
20695
6452
2066
11909
16691
6536
14366
7054
20951
29342
21783
28718
25748
20178
12414
1591
16644
6180
2524
26203
14109
24708
26104
4756
20487
8013
26190
20419
299
26639
13501
12951
5517
32401
22400
29616
16731
27670
351
20228
5062
31200
12838
29314
15120
13555
15191
16374
20198
24347
32028
26157
5361
28976
28543
5465
29608
4761
19421
21174
1896
10767
27288
12142
3526
27555
10509
26299
6948
2051
27590
10059
20098
24825
4336
3048
30615
26420
26383
1880
25376
1355
31728
18306
16761
15359
22495
21459
23402
21441
31003
27360
2371
18292
9095
25421
8235
19571
22690
5101
18869
7126
3001
1834
31156
24817
26204
32168
30289
28958
12558
1061
9818
12477
13376
8356
6621
18808
9601
23242
246
5580
29935
9096
1253
26052
3825
24570
14179
264
26152
7055
3127
2583
22946
9579
4356
9937
19281
7433
22373
4664
31420
12837
17723
31607
30709
7129
16198
22052
17099
2822
25075
32706
27200
7157
15477
24202
16446
2878
16919
23915
30085
12777
26065
26959
12776
3284
5145
21408
31929
21332
32507
15882
2434
24863
28780
29571
15605
30570
5852
21129
32294
6478
10
11435
10232
1904
13852
16203
11989
7905
13039
10658
20131
8003
7596
1029
21747
7214
1692
31846
23419
7634
5437
7197
1734
13533
23701
6889
7466
1439
18886
25393
2555
3691
24803
11152
8446
11585
15362
18833
13856
10411
146
8631
23912
16357
16111
22721
26411
1600
28724
10795
27775
3528
1617
2040
32753
9509
16989
26543
22139
11455
17709
24740
31920
18214
3621
32632
27706
26800
23630
29411
5510
2660
9641
30129
12734
1046
6339
6667
28920
20948
23690
23032
22701
18561
607
4388
26220
32192
24172
17375
19151
26388
14904
22376
20655
29765
5496
8044
17556
10501
26921
25802
28783
31187
8411
18841
32652
28704
15952
11884
24258
22960
23365
31956
27885
1860
32144
31527
3998
24182
29035
3456
16
17124
7696
2055
25694
6800
2182
30323
2292
29063
30906
31949
20035
193
29905
13686
7866
7241
1725
12395
241
19613
14
30664
6695
5976
12299
15755
13550
15118
16386
5787
8229
25208
10716
26377
31271
4817
31988
25493
15426
22911
25898
19572
6763
31990
10291
17744
2863
13530
3379
28305
3053
11619
25229
9179
30019
23046
5625
983
29638
23378
4824
9527
30966
31768
23237
7412
14449
2510
3181
14810
1382
3125
19616
6471
9293
8250
17832
31024
25813
31258
12505
27492
6174
21194
7785
19989
14121
17558
28546
11668
19853
23304
13974
29532
31851
23051
29171
1618
10659
80
21655
16459
12104
18673
4421
23759
8018
28757
23512
17693
28563
16467
5336
23918
8685
26522
21323
14206
15553
24656
16589
20041
10154
10745
31715
12050
16492
23195
29837
13226
15399
19231
30490
12783
10449
25339
22848
17555
8930
18190
32108
4383
4945
28619
8279
12087
2496
27290
9434
5407
1780
19067
20995
11646
19335
3053
14184
31330
32481
28686
11195
27013
16996
4867
6559
15823
1255
16794
3770
12827
10854
21038
16652
14654
23543
1228
32383
32581
5120
11923
15039
4095
15016
13409
12107
18108
26251
6316
16845
27475
5554
8365
9383
8298
29378
21700
26062
1777
31347
24600
24539
15088
5444
4990
16735
3459
31086
3996
7799
8226
26902
23118
16545
17702
8390
25416
10446
18825
2590
15357
30649
3054
1735
1728
12406
1249
26537
24873
2382
9311
25694
19899
16074
10393
9958
24771
7438
20981
16284
13443
13160
6230
5480
26768
26153
17821
9783
12409
21172
6512
11176
13737
14804
23098
30728
20623
25683
30578
8065
23804
13768
8481
16782
11724
25008
30878
1714
25544
30400
16028
9834
11211
13434
8807
2400
10276
24319
5739
23521
2364
1316
19958
9361
6521
27847
18495
13150
16481
6500
3238
31922
16643
8419
31805
13549
14226
17076
23688
16402
6740
29982
32641
18880
16826
23764
11487
6501
15313
25290
12440
30382
28377
23622
12965
12866
20274
31034
15365
9903
11392
27857
3332
17828
23047
1096
10429
1378
13911
8191
14814
17005
22062
17104
13483
27015
22170
11167
